0 9.0474136701534714143e-17 -9.0474136701534714143e-17
0.010000000000000000208 6.1105846262170575062e-16 -6.1105846262170575062e-16
0.020000000000000000416 3.8639941547891737097e-15 -3.8639941547891737097e-15
0.02999999999999999889 2.2878366109590078051e-14 -2.2878366109590078051e-14
0.040000000000000000833 1.2685041997292049763e-13 -1.2685041997292049763e-13
0.050000000000000002776 6.5869638757546957316e-13 -6.5869638757546957316e-13
0.05999999999999999778 3.2037488980513520322e-12 -3.2037488980513520322e-12
0.070000000000000006661 1.4597242111510862146e-11 -1.4597242111510862146e-11
0.080000000000000001665 6.2314414400399881798e-11 -6.2314414400399881798e-11
0.089999999999999996669 2.4927901516867422213e-10 -2.4927901516867422213e-10
0.10000000000000000555 9.3464288365372149089e-10 -9.3464288365372149089e-10
0.11000000000000000056 3.2852042971843767811e-09 -3.2852042971843767811e-09
0.11999999999999999556 1.0827845651087868911e-08 -1.0827845651087868911e-08
0.13000000000000000444 3.3473838786951855226e-08 -3.3473838786951855226e-08
0.14000000000000001332 9.709359842029570363e-08 -9.709359842029570363e-08
0.14999999999999999445 2.6433532067479272854e-07 0.00031964290268777958677
0.16000000000000000333 6.7574217242366738323e-07 0.00039720886490980910613
0.17000000000000001221 1.6228487865509082106e-06 0.0003522745199816791563
0.17999999999999999334 3.6634477749140309473e-06 0.00035823159539516554947
0.19000000000000000222 7.7785911014517321571e-06 0.00036611299277523255387
0.2000000000000000111 1.554688316442844333e-05 0.00037434004951595489146
0.20999999999999999223 2.9275732402000378978e-05 0.00035661236307745825588
0.22000000000000000111 5.1994168802291301703e-05 0.0002939055255640893316
0.23000000000000000999 8.7202323758808129818e-05 0.00028668926011787615113
0.23999999999999999112 0.00013831590740853011694 0.00026356753687462747011
0.25 0.00020784977456578219513 0.00019803250691830009186
0.26000000000000000888 0.00029652553110469457697 0.0002113271717625451367
0.27000000000000001776 0.00040259808968280534104 0.00014524304340134282752
0.28000000000000002665 0.00052169941124534846468 0.00027406980291911720114
0.28999999999999998002 0.00064735822858254807657 0.00020839363090728027159
0.2999999999999999889 0.00077211292480278441094 0.00035356060582053257073
0.30999999999999999778 0.00088889970946982876671 0.0004347164226703312739
0.32000000000000000666 0.00099228849247160063295 0.00053526854064253441556
0.33000000000000001554 0.0010792107348744108247 0.00043634969932545924175
0.34000000000000002442 0.0011490359504568875299 0.00029654478907105343705
0.35000000000000003331 0.001203095522335036931 0.00039644063860340503919
0.35999999999999998668 0.0012439124144603790068 0.00028564405180613408088
0.36999999999999999556 0.0012744216038760175242 0.00021914529847834253624
0.38000000000000000444 0.0012973819897372626444 6.622257261980541744e-05
0.39000000000000001332 0.0013150534612425470327 0.00017251514165467999457
0.4000000000000000222 0.0013291073957751708273 0.00012247164320990317279
0.41000000000000003109 0.0013406868597040139286 0.00011289161243343702641
0.41999999999999998446 0.001350530769331808505 -3.0913503496404542634e-05
0.42999999999999999334 0.0013591020042643332973 5.0489171351454642522e-05
0.44000000000000000222 0.001366690344382892261 -9.1060258653829270065e-05
0.4500000000000000111 0.0013734840852419731051 -6.586330190551208108e-05
0.46000000000000001998 0.0013796163189317685403 -0.00011998158200640456593
0.47000000000000002887 0.0013851959641818245312 -6.7578131498797523735e-05
0.47999999999999998224 0.0013903337948397091316 -0.00018668283693495306245
0.48999999999999999112 0.0013951727987886641986 -4.9563018387673192511e-05
0.5 0.0013999311227816456198 -5.2321909228276574505e-05
0.51000000000000000888 0.0014049640205877928379 -5.9354240186801831766e-05
0.52000000000000001776 0.0014108474443557746277 4.0731594629299372468e-05
0.53000000000000002665 0.001418479855245682918 -3.2881644627783023285e-05
0.54000000000000003553 0.001429192828854995408 0.00010636182045332866902
0.55000000000000004441 0.0014448622683686880488 2.6710985724839961947e-05
0.56000000000000005329 0.0014680346229476136377 0.00015549450298871529338
0.57000000000000006217 0.0015021493895357041892 0.00034931371878780983868
0.57999999999999996003 0.0015520826914391674077 0.00035936294579438769238
0.58999999999999996891 0.0016254919581519442461 0.00046390206548999968553
0.5999999999999999778 0.0017358172734393611733 0.00068947942432622802075
0.60999999999999998668 0.0019081989745995350284 0.00059907390033692598658
0.61999999999999999556 0.0021896895923536130804 0.00059550274453350812015
0.63000000000000000444 0.0026643366604417722393 0.0004267669696986519691
0.64000000000000001332 0.0034711533785969283725 2.7831820660802631534e-05
0.6500000000000000222 0.004818219833311111408 -0.0005574553760257072027
0.66000000000000003109 0.0069801799837634391846 -0.0015137653682515449585
0.67000000000000003997 0.010262697021813245099 -0.0024669575685273116908
0.68000000000000004885 0.014921532687148164262 -0.0039207224961128935709
0.69000000000000005773 0.021040330869509085709 -0.005088956323815684718
0.70000000000000006661 0.028398192385495134998 -0.0057487607843284063702
0.70999999999999996447 0.036384015642490157016 -0.0055129689354560459935
0.71999999999999997335 0.044020440213838378518 -0.0068552193869741359644
0.72999999999999998224 0.050131290068409911642 -0.0070137929520826189367
0.73999999999999999112 0.053626212690356007962 -0.0080594266097571767848
0.75 0.05381186090976180364 -0.010534411003889465608
0.76000000000000000888 0.050608827542772114039 -0.013385622572412311793
0.77000000000000001776 0.044582079667883939278 -0.014758728016453809273
0.78000000000000002665 0.036770393919624583257 -0.015348605659283892644
0.79000000000000003553 0.028386432487612620057 -0.014350502561872849686
0.80000000000000004441 0.020507086312274876855 -0.012031544243793431542
0.81000000000000005329 0.01386143137204579219 -0.009232773543029345123
0.82000000000000006217 0.0087653771711565017094 -0.006488037595344281136
0.83000000000000007105 0.0051850289661137249908 -0.0042433020631482687435
0.83999999999999996891 0.0028689193491408465989 -0.0024690353089062361605
0.8499999999999999778 0.0014847289164917930934 -0.0013407706608431801173
0.85999999999999998668 0.00071865046662430433991 -0.00068066148411168871882
0.86999999999999999556 0.00032532226385344946516 -0.00029932980203855512422
0.88000000000000000444 0.00013772795891698415196 -0.00013372911853282794161
0.89000000000000001332 5.452952179220934729e-05 -5.452952179220934729e-05
0.9000000000000000222 2.018986062679527894e-05 -2.018986062679527894e-05
0.91000000000000003109 6.9906772248243411556e-06 -4.9912570327462359816e-06
0.92000000000000003997 2.2635124292354053791e-06 -2.2635124292354053791e-06
0.93000000000000004885 6.8535971918203566916e-07 3.313480664974174573e-06
0.94000000000000005773 1.940534916498044274e-07 -1.940534916498044274e-07
0.95000000000000006661 5.1379197910154808259e-08 3.9474611862460557912e-06
0.95999999999999996447 1.2720742762512116034e-08 -1.2720742762512116034e-08
0.96999999999999997335 2.9450568581846481631e-09 1.9964751352199206454e-06
0.97999999999999998224 6.3757035352538991046e-10 1.9987826217245797104e-06
0.98999999999999999112 1.2906641367559326788e-10 -1.2906641367559326788e-10
1 2.4431314082868759099e-11 1.9993957607640221783e-06
1.0100000000000000089 4.3244100304807288624e-12 1.9994158676680747203e-06
1.0200000000000000178 7.1573386411089418532e-13 -7.1573386411089418532e-13
1.0300000000000000266 1.1076927477299933177e-13 -1.1076927477299933177e-13
1.0400000000000000355 1.6029820104762173229e-14 -1.6029820104762173229e-14
1.0500000000000000444 2.1690934105838009378e-15 -2.1690934105838009378e-15
1.0600000000000000533 2.7445233722680748531e-16 -2.7445233722680748531e-16
1.0700000000000000622 3.2470845155819777454e-17 -3.2470845155819777454e-17
1.0800000000000000711 3.5921729272390347355e-18 -3.5921729272390347355e-18
1.0900000000000000799 3.7158395187907140193e-19 -3.7158395187907140193e-19
1.1000000000000000888 3.5941143989533336297e-20 -3.5941143989533336297e-20
1.1100000000000000977 3.2505833485019927176e-21 -3.2505833485019927176e-21
1.1200000000000001066 2.7489349859858130816e-22 1.9994201920781047505e-06
1.1300000000000001155 2.1737056145524143655e-23 1.999420192078105174e-06
1.1400000000000001243 1.6071983370776791016e-24 -1.6071983370776791016e-24
1.1500000000000001332 1.1111434924802836407e-25 -1.1111434924802836407e-25
1.1599999999999999201 7.1829397240141523794e-27 1.999420192078105174e-06
1.1699999999999999289 4.3417539913233497166e-28 -4.3417539913233497166e-28
1.1799999999999999378 2.4539101879337554084e-29 1.999420192078105174e-06
1.1899999999999999467 1.2968273248967812561e-30 -1.2968273248967812561e-30
1.1999999999999999556 6.4081885740653892271e-32 -6.4081885740653892271e-32
1.2099999999999999645 2.9608587138812775146e-33 -2.9608587138812775146e-33
1.2199999999999999734 1.2791721867259793586e-34 1.999420192078105174e-06
1.2299999999999999822 5.1673624827948768576e-36 1.999420192078105174e-06
1.2399999999999999911 1.9518081935283229807e-37 -1.9518081935283229807e-37
1.25 6.8933978799051236257e-39 -6.8933978799051236257e-39
1.2600000000000000089 2.2764456388588465058e-40 3.998840384156210348e-06
1.2700000000000000178 7.0292451989689228921e-42 -7.0292451989689228921e-42
1.2800000000000000266 2.0294919401934325996e-43 1.999420192078105174e-06
1.2900000000000000355 5.4788948878629402238e-45 -5.4788948878629402238e-45
1.3000000000000000444 1.3830102189107543634e-46 1.999420192078105174e-06
1.3100000000000000533 3.2642573211937035221e-48 -3.2642573211937035221e-48
1.3200000000000000622 7.2039346928423966068e-50 1.999420192078105174e-06
1.3300000000000000711 1.4865562422178942018e-51 -1.4865562422178942018e-51
1.3400000000000000799 2.8682628287843239255e-53 1.999420192078105174e-06
1.3500000000000000888 5.1746669075380564168e-55 -5.1746669075380564168e-55
1.3600000000000000977 8.7291418441155746674e-57 1.999420192078105174e-06
1.3700000000000001066 1.3768487880305374391e-58 1.999420192078105174e-06
1.3800000000000001155 2.0306091718598319523e-60 1.999420192078105174e-06
1.3900000000000001243 2.8002171022500775587e-62 1.999420192078105174e-06
1.4000000000000001332 3.6106234312314920145e-64 1.999420192078105174e-06
1.4099999999999999201 4.3530904946275981234e-66 1.999420192078105174e-06
1.4199999999999999289 4.9072488543708950662e-68 3.998840384156210348e-06
1.4299999999999999378 5.1725326624743929898e-70 -5.1725326624743929898e-70
1.4399999999999999467 5.0979205687058542106e-72 9.9971011877642013133e-06
1.4499999999999999556 4.6979397781577582261e-74 9.9971011877642013133e-06
1.4599999999999999645 4.0480538776053978005e-76 5.9982603488606400788e-06
1.4699999999999999734 3.2614406835099339184e-78 7.997680768312420696e-06
1.4799999999999999822 2.4569535928199689023e-80 9.9971011877642013133e-06
1.4899999999999999911 1.7306474352627367201e-82 9.9971011877642013133e-06
1.5 1.1398411924218072653e-84 5.9982603488606400788e-06
1.5100000000000000089 7.0194664997766202147e-87 1.9994202375528399238e-05
1.5200000000000000178 4.0419207891394399532e-89 7.997680768312420696e-06
1.5300000000000000266 2.1761826810777716661e-91 3.998840384156210348e-06
1.5400000000000000355 1.0955360855038777299e-93 5.9982603488606400788e-06
1.5500000000000000444 5.1568172475108325279e-96 1.999420192078105174e-06
1.5600000000000000533 2.2696581125689671788e-98 3.998840384156210348e-06
1.5700000000000000622 9.3403409157355683918e-101 -9.3403409157355683918e-101
1.5800000000000000711 3.5940865718902894048e-103 -3.5940865718902894048e-103
1.5900000000000000799 1.2931169366433411952e-105 -1.2931169366433411952e-105
1.6000000000000000888 4.3502124572971167858e-108 -4.3502124572971167858e-108
1.6100000000000000977 1.3683792528289764408e-110 -1.3683792528289764408e-110
1.6200000000000001066 4.0246283763123713386e-113 -4.0246283763123713386e-113
1.6300000000000001155 1.1067979023501319977e-115 -1.1067979023501319977e-115
1.6400000000000001243 2.8459945058930584078e-118 -2.8459945058930584078e-118
1.6500000000000001332 6.8426279300070847414e-121 -6.8426279300070847414e-121
1.6600000000000001421 1.5382781986328440204e-123 -1.5382781986328440204e-123
1.6699999999999999289 3.233477841855952113e-126 -3.233477841855952113e-126
1.6799999999999999378 6.3551805565640423906e-129 -6.3551805565640423906e-129
1.6899999999999999467 1.1679085980009356815e-131 -1.1679085980009356815e-131
1.6999999999999999556 2.0068399280449642697e-134 -2.0068399280449642697e-134
1.7099999999999999645 3.2243300126994000797e-137 -3.2243300126994000797e-137
1.7199999999999999734 4.8438320268557054134e-140 -4.8438320268557054134e-140
1.7299999999999999822 6.8039554438184179953e-143 -6.8039554438184179953e-143
1.7399999999999999911 8.9362767195933620972e-146 -8.9362767195933620972e-146
1.75 1.0974240706439906702e-148 -1.0974240706439906702e-148
1.7600000000000000089 1.2601291134433597064e-151 -1.2601291134433597064e-151
1.7700000000000000178 1.3529391563553464479e-154 -1.3529391563553464479e-154
1.7800000000000000266 1.3582012044542806204e-157 -1.3582012044542806204e-157
1.7900000000000000355 1.2748895135959973439e-160 -1.2748895135959973439e-160
1.8000000000000000444 1.1189316238489183368e-163 -1.1189316238489183368e-163
1.8100000000000000533 9.1824184368550603218e-167 -9.1824184368550603218e-167
1.8200000000000000622 7.045845456042134984e-170 -7.045845456042134984e-170
1.8300000000000000711 5.0551217648632558672e-173 -5.0551217648632558672e-173
1.8400000000000000799 3.391193536226408094e-176 -3.391193536226408094e-176
1.8500000000000000888 2.1271393924808272421e-179 -2.1271393924808272421e-179
1.8600000000000000977 1.2475607959054013966e-182 -1.2475607959054013966e-182
1.8700000000000001066 6.8414767532967489684e-186 -6.8414767532967489684e-186
1.8800000000000001155 3.5080060699236483703e-189 -3.5080060699236483703e-189
1.8900000000000001243 1.6818727586859678774e-192 -1.6818727586859678774e-192
1.9000000000000001332 7.5395987325896228398e-196 -7.5395987325896228398e-196
1.9100000000000001421 3.1602802898361834219e-199 -3.1602802898361834219e-199
1.9199999999999999289 1.2385833096116666817e-202 -1.2385833096116666817e-202
1.9299999999999999378 4.5388629943252355549e-206 -4.5388629943252355549e-206
1.9399999999999999467 1.5552174924199975958e-209 -1.5552174924199975958e-209
1.9499999999999999556 4.9826155454800162117e-213 -4.9826155454800162117e-213
1.9599999999999999645 1.4926080945862902764e-216 -1.4926080945862902764e-216
1.9699999999999999734 4.1807707539399504562e-220 -4.1807707539399504562e-220
1.9799999999999999822 1.0949367815049320027e-223 -1.0949367815049320027e-223
1.9899999999999999911 2.6812903539059569251e-227 -2.6812903539059569251e-227
2 6.139326612987832917e-231 -6.139326612987832917e-231
2.0100000000000002309 1.3143762570595902465e-234 -1.3143762570595902465e-234
2.0200000000000000178 2.6311204434736171668e-238 -2.6311204434736171668e-238
2.0300000000000002487 4.9247455047908784934e-242 -4.9247455047908784934e-242
2.0400000000000000355 8.6188412019438798214e-246 -8.6188412019438798214e-246
2.0499999999999998224 1.4103794545032614093e-249 -1.4103794545032614093e-249
2.0600000000000000533 2.157968285166723827e-253 -2.157968285166723827e-253
2.0699999999999998401 3.0872807032265165659e-257 -3.0872807032265165659e-257
2.0800000000000000711 4.1298011391334438892e-261 -4.1298011391334438892e-261
2.0899999999999998579 5.1654017688202617978e-265 -5.1654017688202617978e-265
2.1000000000000000888 6.04089108358181194e-269 -6.04089108358181194e-269
2.1099999999999998757 6.6057148338708422293e-273 -6.6057148338708422293e-273
2.1200000000000001066 6.7539919833741371133e-277 -6.7539919833741371133e-277
2.1299999999999998934 6.4568864666975503066e-281 -6.4568864666975503066e-281
2.1400000000000001243 5.7717516557734820714e-285 -5.7717516557734820714e-285
2.1499999999999999112 4.8240742765376367787e-289 -4.8240742765376367787e-289
2.1600000000000001421 3.7700072638639002357e-293 -3.7700072638639002357e-293
2.1699999999999999289 2.754813652548182544e-297 -2.754813652548182544e-297
2.1800000000000001599 1.8821927353303857093e-301 -1.8821927353303857093e-301
2.1899999999999999467 1.2024243812019416873e-305 -1.2024243812019416873e-305
2.2000000000000001776 7.1824606880959154375e-310 -7.1824606880959154375e-310
2.2099999999999999645 4.0115345142290132901e-314 -4.0115345142290132901e-314
2.2200000000000001954 2.0949272701831367717e-318 -2.0949272701831367717e-318
2.2299999999999999822 1.0375378562666177428e-322 -1.0375378562666177428e-322
2.2400000000000002132 0 0
2.25 0 0
2.2600000000000002309 0 0
2.2700000000000000178 0 0
2.2800000000000002487 0 0
2.2900000000000000355 0 0
2.3000000000000002665 0 0
2.3100000000000000533 0 0
2.3199999999999998401 0 0
2.3300000000000000711 0 0
2.3399999999999998579 0 0
2.3500000000000000888 0 0
2.3599999999999998757 0 0
2.3700000000000001066 0 0
2.3799999999999998934 0 0
2.3900000000000001243 0 0
2.3999999999999999112 0 0
2.4100000000000001421 0 0
2.4199999999999999289 0 0
2.4300000000000001599 0 0
2.4399999999999999467 0 0
2.4500000000000001776 0 0
2.4599999999999999645 0 0
2.4700000000000001954 0 0
2.4799999999999999822 0 0
2.4900000000000002132 0 0
2.5 0 0
2.5100000000000002309 0 0
2.5200000000000000178 0 0
2.5300000000000002487 0 0
2.5400000000000000355 0 0
2.5500000000000002665 0 0
2.5600000000000000533 0 0
2.5699999999999998401 0 0
2.5800000000000000711 0 0
2.5899999999999998579 0 0
2.6000000000000000888 0 0
2.6099999999999998757 0 0
2.6200000000000001066 0 0
2.6299999999999998934 0 0
2.6400000000000001243 0 0
2.6499999999999999112 0 0
2.6600000000000001421 0 0
2.6699999999999999289 0 0
2.6800000000000001599 0 0
2.6899999999999999467 0 0
2.7000000000000001776 0 0
2.7099999999999999645 0 0
2.7200000000000001954 0 0
2.7299999999999999822 0 0
2.7400000000000002132 0 0
2.75 0 0
2.7600000000000002309 0 0
2.7700000000000000178 0 0
2.7800000000000002487 0 0
2.7900000000000000355 0 0
2.8000000000000002665 0 0
2.8100000000000000533 0 0
2.8199999999999998401 0 0
2.8300000000000000711 0 0
2.8399999999999998579 0 0
2.8500000000000000888 0 0
2.8599999999999998757 0 0
2.8700000000000001066 0 0
2.8799999999999998934 0 0
2.8900000000000001243 0 0
2.8999999999999999112 0 0
2.9100000000000001421 0 0
2.9199999999999999289 0 0
2.9300000000000001599 0 0
2.9399999999999999467 0 0
2.9500000000000001776 0 0
2.9599999999999999645 0 0
2.9700000000000001954 0 0
2.9799999999999999822 0 0
2.9900000000000002132 0 0
3 0 0
3.0100000000000002309 0 0
3.0200000000000000178 0 0
3.0300000000000002487 0 0
3.0400000000000000355 0 0
3.0500000000000002665 0 0
3.0600000000000000533 0 0
3.0700000000000002842 0 0
3.0800000000000000711 0 0
3.0899999999999998579 0 0
3.1000000000000000888 0 0
3.1099999999999998757 0 0
3.1200000000000001066 0 0
3.1299999999999998934 0 0
3.1400000000000001243 0 0
3.1499999999999999112 0 0
3.1600000000000001421 0 0
3.1699999999999999289 0 0
3.1800000000000001599 0 0
3.1899999999999999467 0 0
3.2000000000000001776 0 0
3.2099999999999999645 0 0
3.2200000000000001954 0 0
3.2299999999999999822 0 0
3.2400000000000002132 0 0
3.25 0 0
3.2600000000000002309 0 0
3.2700000000000000178 0 0
3.2800000000000002487 0 0
3.2900000000000000355 0 0
3.3000000000000002665 0 0
3.3100000000000000533 0 0
3.3200000000000002842 0 0
3.3300000000000000711 0 0
3.3399999999999998579 0 0
3.3500000000000000888 0 0
3.3599999999999998757 0 0
3.3700000000000001066 0 0
3.3799999999999998934 0 0
3.3900000000000001243 0 0
3.3999999999999999112 0 0
3.4100000000000001421 0 0
3.4199999999999999289 0 0
3.4300000000000001599 0 0
3.4399999999999999467 0 0
3.4500000000000001776 0 0
3.4599999999999999645 0 0
3.4700000000000001954 0 0
3.4799999999999999822 0 0
3.4900000000000002132 0 0
3.5 0 0
3.5100000000000002309 0 0
3.5200000000000000178 0 0
3.5300000000000002487 0 0
3.5400000000000000355 0 0
3.5500000000000002665 0 0
3.5600000000000000533 0 0
3.5700000000000002842 0 0
3.5800000000000000711 0 0
3.5899999999999998579 0 0
3.6000000000000000888 0 0
3.6099999999999998757 0 0
3.6200000000000001066 0 0
3.6299999999999998934 0 0
3.6400000000000001243 0 0
3.6499999999999999112 0 0
3.6600000000000001421 0 0
3.6699999999999999289 0 0
3.6800000000000001599 0 0
3.6899999999999999467 0 0
3.7000000000000001776 0 0
3.7099999999999999645 0 0
3.7200000000000001954 0 0
3.7299999999999999822 0 0
3.7400000000000002132 0 0
3.75 0 0
3.7600000000000002309 0 0
3.7700000000000000178 0 0
3.7800000000000002487 0 0
3.7900000000000000355 0 0
3.8000000000000002665 0 0
3.8100000000000000533 0 0
3.8200000000000002842 0 0
3.8300000000000000711 0 0
3.8399999999999998579 0 0
3.8500000000000000888 0 0
3.8599999999999998757 0 0
3.8700000000000001066 0 0
3.8799999999999998934 0 0
3.8900000000000001243 0 0
3.8999999999999999112 0 0
3.9100000000000001421 0 0
3.9199999999999999289 0 0
3.9300000000000001599 0 0
3.9399999999999999467 0 0
3.9500000000000001776 0 0
3.9599999999999999645 0 0
3.9700000000000001954 0 0
3.9799999999999999822 0 0
3.9900000000000002132 0 0
4 0 0
4.0099999999999997868 0 0
4.0200000000000004619 0 0
4.0300000000000002487 0 0
4.0400000000000000355 0 0
4.0499999999999998224 0 0
4.0600000000000004974 0 0
4.0700000000000002842 0 0
4.0800000000000000711 0 0
4.0899999999999998579 0 0
4.0999999999999996447 0 0
4.1100000000000003197 0 0
4.1200000000000001066 0 0
4.1299999999999998934 0 0
4.1399999999999996803 0 0
4.1500000000000003553 0 0
4.1600000000000001421 0 0
4.1699999999999999289 0 0
4.1799999999999997158 0 0
4.1900000000000003908 0 0
4.2000000000000001776 0 0
4.2099999999999999645 0 0
4.2199999999999997513 0 0
4.2300000000000004263 0 0
4.2400000000000002132 0 0
4.25 0 0
4.2599999999999997868 0 0
4.2700000000000004619 0 0
4.2800000000000002487 0 0
4.2900000000000000355 0 0
4.2999999999999998224 0 0
4.3100000000000004974 0 0
4.3200000000000002842 0 0
4.3300000000000000711 0 0
4.3399999999999998579 0 0
4.3500000000000005329 0 0
4.3600000000000003197 0 0
4.3700000000000001066 0 0
4.3799999999999998934 0 0
4.3899999999999996803 0 0
4.4000000000000003553 0 0
4.4100000000000001421 0 0
4.4199999999999999289 0 0
4.4299999999999997158 0 0
4.4400000000000003908 0 0
4.4500000000000001776 0 0
4.4599999999999999645 0 0
4.4699999999999997513 0 0
4.4800000000000004263 0 0
4.4900000000000002132 0 0
4.5 0 0
4.5099999999999997868 0 0
4.5200000000000004619 0 0
4.5300000000000002487 0 0
4.5400000000000000355 0 0
4.5499999999999998224 0 0
4.5600000000000004974 0 0
4.5700000000000002842 0 0
4.5800000000000000711 0 0
4.5899999999999998579 0 0
4.6000000000000005329 0 0
4.6100000000000003197 0 0
4.6200000000000001066 0 0
4.6299999999999998934 0 0
4.6399999999999996803 0 0
4.6500000000000003553 0 0
4.6600000000000001421 0 0
4.6699999999999999289 0 0
4.6799999999999997158 0 0
4.6900000000000003908 0 0
4.7000000000000001776 0 0
4.7099999999999999645 0 0
4.7199999999999997513 0 0
4.7300000000000004263 0 0
4.7400000000000002132 0 0
4.75 0 0
4.7599999999999997868 0 0
4.7700000000000004619 0 0
4.7800000000000002487 0 0
4.7900000000000000355 0 0
4.7999999999999998224 0 0
4.8100000000000004974 0 0
4.8200000000000002842 0 0
4.8300000000000000711 0 0
4.8399999999999998579 0 0
4.8500000000000005329 0 0
4.8600000000000003197 0 0
4.8700000000000001066 0 0
4.8799999999999998934 0 0
4.8899999999999996803 0 0
4.9000000000000003553 0 0
4.9100000000000001421 0 0
4.9199999999999999289 0 0
4.9299999999999997158 0 0
4.9400000000000003908 0 0
4.9500000000000001776 0 0
4.9599999999999999645 0 0
4.9699999999999997513 0 0
4.9800000000000004263 0 0
4.9900000000000002132 0 0
5 0 0
5.0099999999999997868 0 0
5.0200000000000004619 0 0
5.0300000000000002487 0 0
5.0400000000000000355 0 0
5.0499999999999998224 0 0
5.0600000000000004974 0 0
5.0700000000000002842 0 0
5.0800000000000000711 0 0
5.0899999999999998579 0 0
5.1000000000000005329 0 0
5.1100000000000003197 0 0
5.1200000000000001066 0 0
5.1299999999999998934 0 0
5.1399999999999996803 0 0
5.1500000000000003553 0 0
5.1600000000000001421 0 0
5.1699999999999999289 0 0
5.1799999999999997158 0 0
5.1900000000000003908 0 0
5.2000000000000001776 0 0
5.2099999999999999645 0 0
5.2199999999999997513 0 0
5.2300000000000004263 0 0
5.2400000000000002132 0 0
5.25 0 0
5.2599999999999997868 0 0
5.2700000000000004619 0 0
5.2800000000000002487 0 0
5.2900000000000000355 0 0
5.2999999999999998224 0 0
5.3100000000000004974 0 0
5.3200000000000002842 0 0
5.3300000000000000711 0 0
5.3399999999999998579 0 0
5.3500000000000005329 0 0
5.3600000000000003197 0 0
5.3700000000000001066 0 0
5.3799999999999998934 0 0
5.3899999999999996803 0 0
5.4000000000000003553 0 0
5.4100000000000001421 0 0
5.4199999999999999289 0 0
5.4299999999999997158 0 0
5.4400000000000003908 0 0
5.4500000000000001776 0 0
5.4599999999999999645 0 0
5.4699999999999997513 0 0
5.4800000000000004263 0 0
5.4900000000000002132 0 0
5.5 0 0
5.5099999999999997868 0 0
5.5200000000000004619 0 0
5.5300000000000002487 0 0
5.5400000000000000355 0 0
5.5499999999999998224 0 0
5.5600000000000004974 0 0
5.5700000000000002842 0 0
5.5800000000000000711 0 0
5.5899999999999998579 0 0
5.6000000000000005329 0 0
5.6100000000000003197 0 0
5.6200000000000001066 0 0
5.6299999999999998934 0 0
5.6399999999999996803 0 0
5.6500000000000003553 0 0
5.6600000000000001421 0 0
5.6699999999999999289 0 0
5.6799999999999997158 0 0
5.6900000000000003908 0 0
5.7000000000000001776 0 0
5.7099999999999999645 0 0
5.7199999999999997513 0 0
5.7300000000000004263 0 0
5.7400000000000002132 0 0
5.75 0 0
5.7599999999999997868 0 0
5.7700000000000004619 0 0
5.7800000000000002487 0 0
5.7900000000000000355 0 0
5.7999999999999998224 0 0
5.8100000000000004974 0 0
5.8200000000000002842 0 0
5.8300000000000000711 0 0
5.8399999999999998579 0 0
5.8500000000000005329 0 0
5.8600000000000003197 0 0
5.8700000000000001066 0 0
5.8799999999999998934 0 0
5.8899999999999996803 0 0
5.9000000000000003553 0 0
5.9100000000000001421 0 0
5.9199999999999999289 0 0
5.9299999999999997158 0 0
5.9400000000000003908 0 0
5.9500000000000001776 0 0
5.9599999999999999645 0 0
5.9699999999999997513 0 0
5.9800000000000004263 0 0
5.9900000000000002132 0 0
6 0 0
6.0099999999999997868 0 0
6.0200000000000004619 0 0
6.0300000000000002487 0 0
6.0400000000000000355 0 0
6.0499999999999998224 0 0
6.0600000000000004974 0 0
6.0700000000000002842 0 0
6.0800000000000000711 0 0
6.0899999999999998579 0 0
6.1000000000000005329 0 0
6.1100000000000003197 0 0
6.1200000000000001066 0 0
6.1299999999999998934 0 0
6.1400000000000005684 0 0
6.1500000000000003553 0 0
6.1600000000000001421 0 0
6.1699999999999999289 0 0
6.1799999999999997158 0 0
6.1900000000000003908 0 0
6.2000000000000001776 0 0
6.2099999999999999645 0 0
6.2199999999999997513 0 0
6.2300000000000004263 0 0
6.2400000000000002132 0 0
6.25 0 0
6.2599999999999997868 0 0
6.2700000000000004619 0 0
6.2800000000000002487 0 0
6.2900000000000000355 0 0
6.2999999999999998224 0 0
6.3100000000000004974 0 0
6.3200000000000002842 0 0
6.3300000000000000711 0 0
6.3399999999999998579 0 0
6.3500000000000005329 0 0
6.3600000000000003197 0 0
6.3700000000000001066 0 0
6.3799999999999998934 0 0
6.3900000000000005684 0 0
6.4000000000000003553 0 0
6.4100000000000001421 0 0
6.4199999999999999289 0 0
6.4299999999999997158 0 0
6.4400000000000003908 0 0
6.4500000000000001776 0 0
6.4599999999999999645 0 0
6.4699999999999997513 0 0
6.4800000000000004263 0 0
6.4900000000000002132 0 0
6.5 0 0
6.5099999999999997868 0 0
6.5200000000000004619 0 0
6.5300000000000002487 0 0
6.5400000000000000355 0 0
6.5499999999999998224 0 0
6.5600000000000004974 0 0
6.5700000000000002842 0 0
6.5800000000000000711 0 0
6.5899999999999998579 0 0
6.6000000000000005329 0 0
6.6100000000000003197 0 0
6.6200000000000001066 0 0
6.6299999999999998934 0 0
6.6400000000000005684 0 0
6.6500000000000003553 0 0
6.6600000000000001421 0 0
6.6699999999999999289 0 0
6.6799999999999997158 0 0
6.6900000000000003908 0 0
6.7000000000000001776 0 0
6.7099999999999999645 0 0
6.7199999999999997513 0 0
6.7300000000000004263 0 0
6.7400000000000002132 0 0
6.75 0 0
6.7599999999999997868 0 0
6.7700000000000004619 0 0
6.7800000000000002487 0 0
6.7900000000000000355 0 0
6.7999999999999998224 0 0
6.8100000000000004974 0 0
6.8200000000000002842 0 0
6.8300000000000000711 0 0
6.8399999999999998579 0 0
6.8500000000000005329 0 0
6.8600000000000003197 0 0
6.8700000000000001066 0 0
6.8799999999999998934 0 0
6.8900000000000005684 0 0
6.9000000000000003553 0 0
6.9100000000000001421 0 0
6.9199999999999999289 0 0
6.9299999999999997158 0 0
6.9400000000000003908 0 0
6.9500000000000001776 0 0
6.9599999999999999645 0 0
6.9699999999999997513 0 0
6.9800000000000004263 0 0
6.9900000000000002132 0 0
7 0 0
7.0099999999999997868 0 0
7.0200000000000004619 0 0
7.0300000000000002487 0 0
7.0400000000000000355 0 0
7.0499999999999998224 0 0
7.0600000000000004974 0 0
7.0700000000000002842 0 0
7.0800000000000000711 0 0
7.0899999999999998579 0 0
7.1000000000000005329 0 0
7.1100000000000003197 0 0
7.1200000000000001066 0 0
7.1299999999999998934 0 0
7.1400000000000005684 0 0
7.1500000000000003553 0 0
7.1600000000000001421 0 0
7.1699999999999999289 0 0
7.1799999999999997158 0 0
7.1900000000000003908 0 0
7.2000000000000001776 0 0
7.2099999999999999645 0 0
7.2199999999999997513 0 0
7.2300000000000004263 0 0
7.2400000000000002132 0 0
7.25 0 0
7.2599999999999997868 0 0
7.2700000000000004619 0 0
7.2800000000000002487 0 0
7.2900000000000000355 0 0
7.2999999999999998224 0 0
7.3100000000000004974 0 0
7.3200000000000002842 0 0
7.3300000000000000711 0 0
7.3399999999999998579 0 0
7.3500000000000005329 0 0
7.3600000000000003197 0 0
7.3700000000000001066 0 0
7.3799999999999998934 0 0
7.3900000000000005684 0 0
7.4000000000000003553 0 0
7.4100000000000001421 0 0
7.4199999999999999289 0 0
7.4299999999999997158 0 0
7.4400000000000003908 0 0
7.4500000000000001776 0 0
7.4599999999999999645 0 0
7.4699999999999997513 0 0
7.4800000000000004263 0 0
7.4900000000000002132 0 0
7.5 0 0
7.5099999999999997868 0 0
7.5200000000000004619 0 0
7.5300000000000002487 0 0
7.5400000000000000355 0 0
7.5499999999999998224 0 0
7.5600000000000004974 0 0
7.5700000000000002842 0 0
7.5800000000000000711 0 0
7.5899999999999998579 0 0
7.6000000000000005329 0 0
7.6100000000000003197 0 0
7.6200000000000001066 0 0
7.6299999999999998934 0 0
7.6400000000000005684 0 0
7.6500000000000003553 0 0
7.6600000000000001421 0 0
7.6699999999999999289 0 0
7.6799999999999997158 0 0
7.6900000000000003908 0 0
7.7000000000000001776 0 0
7.7099999999999999645 0 0
7.7199999999999997513 0 0
7.7300000000000004263 0 0
7.7400000000000002132 0 0
7.75 0 0
7.7599999999999997868 0 0
7.7700000000000004619 0 0
7.7800000000000002487 0 0
7.7900000000000000355 0 0
7.7999999999999998224 0 0
7.8100000000000004974 0 0
7.8200000000000002842 0 0
7.8300000000000000711 0 0
7.8399999999999998579 0 0
7.8500000000000005329 0 0
7.8600000000000003197 0 0
7.8700000000000001066 0 0
7.8799999999999998934 0 0
7.8900000000000005684 0 0
7.9000000000000003553 0 0
7.9100000000000001421 0 0
7.9199999999999999289 0 0
7.930000000000000604 0 0
7.9400000000000003908 0 0
7.9500000000000001776 0 0
7.9599999999999999645 0 0
7.9699999999999997513 0 0
7.9800000000000004263 0 0
7.9900000000000002132 0 0
8 0 0
8.0099999999999997868 0 0
8.0199999999999995737 0 0
8.0299999999999993605 0 0
8.0400000000000009237 0 0
8.0500000000000007105 0 0
8.0600000000000004974 0 0
8.0700000000000002842 0 0
8.0800000000000000711 0 0
8.0899999999999998579 0 0
8.0999999999999996447 0 0
8.1099999999999994316 0 0
8.1200000000000009948 0 0
8.1300000000000007816 0 0
8.1400000000000005684 0 0
8.1500000000000003553 0 0
8.1600000000000001421 0 0
8.1699999999999999289 0 0
8.1799999999999997158 0 0
8.1899999999999995026 0 0
8.1999999999999992895 0 0
8.2100000000000008527 0 0
8.2200000000000006395 0 0
8.2300000000000004263 0 0
8.2400000000000002132 0 0
8.25 0 0
8.2599999999999997868 0 0
8.2699999999999995737 0 0
8.2799999999999993605 0 0
8.2900000000000009237 0 0
8.3000000000000007105 0 0
8.3100000000000004974 0 0
8.3200000000000002842 0 0
8.3300000000000000711 0 0
8.3399999999999998579 0 0
8.3499999999999996447 0 0
8.3599999999999994316 0 0
8.3700000000000009948 0 0
8.3800000000000007816 0 0
8.3900000000000005684 0 0
8.4000000000000003553 0 0
8.4100000000000001421 0 0
8.4199999999999999289 0 0
8.4299999999999997158 0 0
8.4399999999999995026 0 0
8.4499999999999992895 0 0
8.4600000000000008527 0 0
8.4700000000000006395 0 0
8.4800000000000004263 0 0
8.4900000000000002132 0 0
8.5 0 0
8.5099999999999997868 0 0
8.5199999999999995737 0 0
8.5299999999999993605 0 0
8.5400000000000009237 0 0
8.5500000000000007105 0 0
8.5600000000000004974 0 0
8.5700000000000002842 0 0
8.5800000000000000711 0 0
8.5899999999999998579 0 0
8.5999999999999996447 0 0
8.6099999999999994316 0 0
8.6200000000000009948 0 0
8.6300000000000007816 0 0
8.6400000000000005684 0 0
8.6500000000000003553 0 0
8.6600000000000001421 0 0
8.6699999999999999289 0 0
8.6799999999999997158 0 0
8.6899999999999995026 0 0
8.7000000000000010658 0 0
8.7100000000000008527 0 0
8.7200000000000006395 0 0
8.7300000000000004263 0 0
8.7400000000000002132 0 0
8.75 0 0
8.7599999999999997868 0 0
8.7699999999999995737 0 0
8.7799999999999993605 0 0
8.7900000000000009237 0 0
8.8000000000000007105 0 0
8.8100000000000004974 0 0
8.8200000000000002842 0 0
8.8300000000000000711 0 0
8.8399999999999998579 0 0
8.8499999999999996447 0 0
8.8599999999999994316 0 0
8.8700000000000009948 0 0
8.8800000000000007816 0 0
8.8900000000000005684 0 0
8.9000000000000003553 0 0
8.9100000000000001421 0 0
8.9199999999999999289 0 0
8.9299999999999997158 0 0
8.9399999999999995026 0 0
8.9500000000000010658 0 0
8.9600000000000008527 0 0
8.9700000000000006395 0 0
8.9800000000000004263 0 0
8.9900000000000002132 0 0
9 0 0
9.0099999999999997868 0 0
9.0199999999999995737 0 0
9.0299999999999993605 0 0
9.0400000000000009237 0 0
9.0500000000000007105 0 0
9.0600000000000004974 0 0
9.0700000000000002842 0 0
9.0800000000000000711 0 0
9.0899999999999998579 0 0
9.0999999999999996447 0 0
9.1099999999999994316 0 0
9.1200000000000009948 0 0
9.1300000000000007816 0 0
9.1400000000000005684 0 0
9.1500000000000003553 0 0
9.1600000000000001421 0 0
9.1699999999999999289 0 0
9.1799999999999997158 0 0
9.1899999999999995026 0 0
9.2000000000000010658 0 0
9.2100000000000008527 0 0
9.2200000000000006395 0 0
9.2300000000000004263 0 0
9.2400000000000002132 0 0
9.25 0 0
9.2599999999999997868 0 0
9.2699999999999995737 0 0
9.2799999999999993605 0 0
9.2900000000000009237 0 0
9.3000000000000007105 0 0
9.3100000000000004974 0 0
9.3200000000000002842 0 0
9.3300000000000000711 0 0
9.3399999999999998579 0 0
9.3499999999999996447 0 0
9.3599999999999994316 0 0
9.3700000000000009948 0 0
9.3800000000000007816 0 0
9.3900000000000005684 0 0
9.4000000000000003553 0 0
9.4100000000000001421 0 0
9.4199999999999999289 0 0
9.4299999999999997158 0 0
9.4399999999999995026 0 0
9.4500000000000010658 0 0
9.4600000000000008527 0 0
9.4700000000000006395 0 0
9.4800000000000004263 0 0
9.4900000000000002132 0 0
9.5 0 0
9.5099999999999997868 0 0
9.5199999999999995737 0 0
9.5299999999999993605 0 0
9.5400000000000009237 0 0
9.5500000000000007105 0 0
9.5600000000000004974 0 0
9.5700000000000002842 0 0
9.5800000000000000711 0 0
9.5899999999999998579 0 0
9.5999999999999996447 0 0
9.6099999999999994316 0 0
9.6200000000000009948 0 0
9.6300000000000007816 0 0
9.6400000000000005684 0 0
9.6500000000000003553 0 0
9.6600000000000001421 0 0
9.6699999999999999289 0 0
9.6799999999999997158 0 0
9.6899999999999995026 0 0
9.7000000000000010658 0 0
9.7100000000000008527 0 0
9.7200000000000006395 0 0
9.7300000000000004263 0 0
9.7400000000000002132 0 0
9.75 0 0
9.7599999999999997868 0 0
9.7699999999999995737 0 0
9.7799999999999993605 0 0
9.7900000000000009237 0 0
9.8000000000000007105 0 0
9.8100000000000004974 0 0
9.8200000000000002842 0 0
9.8300000000000000711 0 0
9.8399999999999998579 0 0
9.8499999999999996447 0 0
9.8599999999999994316 0 0
9.8700000000000009948 0 0
9.8800000000000007816 0 0
9.8900000000000005684 0 0
9.9000000000000003553 0 0
9.9100000000000001421 0 0
9.9199999999999999289 0 0
9.9299999999999997158 0 0
9.9399999999999995026 0 0
9.9500000000000010658 0 0
9.9600000000000008527 0 0
9.9700000000000006395 0 0
9.9800000000000004263 0 0
9.9900000000000002132 0 0
10 0 0
10.009999999999999787 0 0
10.019999999999999574 0 0
10.029999999999999361 0 0
10.040000000000000924 0 0
10.050000000000000711 0 0
10.060000000000000497 0 0
10.070000000000000284 0 0
10.080000000000000071 0 0
10.089999999999999858 0 0
10.099999999999999645 0 0
10.109999999999999432 0 0
10.120000000000000995 0 0
10.130000000000000782 0 0
10.140000000000000568 0 0
10.150000000000000355 0 0
10.160000000000000142 0 0
10.169999999999999929 0 0
10.179999999999999716 0 0
10.189999999999999503 0 0
10.200000000000001066 0 0
10.210000000000000853 0 0
10.220000000000000639 0 0
10.230000000000000426 0 0
