0 0 0
0.010000000000000000208 0 0
0.020000000000000000416 0 0
0.02999999999999999889 0 0
0.040000000000000000833 0 0
0.050000000000000002776 0 0
0.05999999999999999778 0 0
0.070000000000000006661 0 0
0.080000000000000001665 0 0
0.089999999999999996669 0 0
0.10000000000000000555 0 0
0.11000000000000000056 0 0
0.11999999999999999556 0 0
0.13000000000000000444 0 0
0.14000000000000001332 0 0
0.14999999999999999445 0 8.3873521361965686083e-05
0.16000000000000000333 0 5.3918691264698281884e-05
0.17000000000000001221 0 5.7912668125936761498e-05
0.17999999999999999334 0 3.7942783819744356651e-05
0.19000000000000000222 0 3.7942783819744356651e-05
0.2000000000000000111 0 3.3948806958505877037e-05
0.20999999999999999223 0 4.1936760680982843041e-05
0.22000000000000000111 0 5.7912668125936761498e-05
0.23000000000000000999 0 4.1936760680982843041e-05
0.23999999999999999112 0 3.3948806958505877037e-05
0.25 3.2608332625522271916e-322 2.9954828278278000653e-05
0.26000000000000000888 6.3265105949971619982e-320 3.7942783819744356651e-05
0.27000000000000001776 1.202416455465466857e-317 3.3948806958505877037e-05
0.28000000000000002665 2.2423831582096660014e-315 2.5960851417039521039e-05
0.28999999999999998002 4.1032004616027813135e-313 2.5960851417039521039e-05
0.2999999999999999889 7.3670514939274260448e-311 3.3948806958505877037e-05
0.30999999999999999778 1.2978447200954825169e-308 3.1951814889907836914e-05
0.32000000000000000666 2.2434160490975260178e-306 2.1966874555801041424e-05
0.33000000000000001554 3.8050026960082985773e-304 5.1921702834079042077e-05
0.34000000000000002442 6.3322517665225962621e-302 3.5945795389125116844e-05
0.35000000000000003331 1.033997377875973562e-299 3.5945795389125116844e-05
0.35999999999999998668 1.656680497107297495e-297 3.7942783819744356651e-05
0.36999999999999999556 2.6044506966362733079e-295 4.7927725972840562463e-05
0.38000000000000000444 4.0174601712468470638e-293 3.1951814889907836914e-05
0.39000000000000001332 6.0805809973655092336e-291 2.9954828278278000653e-05
0.4000000000000000222 9.0301847267938080059e-289 3.9939772250363603234e-05
0.41000000000000003109 1.3158495910932824844e-286 2.1966874555801041424e-05
0.41999999999999998446 1.8813687400494728505e-284 2.5960851417039521039e-05
0.42999999999999999334 2.6393662328945121312e-282 5.3918691264698281884e-05
0.44000000000000000222 3.6331509917065155517e-280 3.3948806958505877037e-05
0.4500000000000000111 4.9071043903902504379e-278 2.5960851417039521039e-05
0.46000000000000001998 6.5031714700611926444e-276 2.7957839847658760846e-05
0.47000000000000002887 8.4563543320320215841e-274 2.7957839847658760846e-05
0.47999999999999998224 1.0789447290016968773e-271 4.1936760680982843041e-05
0.48999999999999999112 1.3507447300770416296e-269 3.9939772250363603234e-05
0.5 1.6592255418358821639e-267 2.7957839847658760846e-05
0.51000000000000000888 1.999841727628234074e-265 3.3948806958505877037e-05
0.52000000000000001776 2.3650693823469934986e-263 1.9969886125181801617e-05
0.53000000000000002665 2.7444176543806040783e-261 3.1951814889907836914e-05
0.54000000000000003553 3.1247449983581629148e-259 3.9939772250363603234e-05
0.55000000000000004441 3.4908968580799927617e-257 3.9939772250363603234e-05
0.56000000000000005329 3.8266391616202937854e-255 2.9954828278278000653e-05
0.57000000000000006217 4.1158170766142003131e-253 2.5960851417039521039e-05
0.57999999999999996003 4.3436285232114248299e-251 2.9954828278278000653e-05
0.58999999999999996891 4.4978746345784623553e-249 3.7942783819744356651e-05
0.5999999999999999778 4.5700407792336377756e-247 3.9939772250363603234e-05
0.60999999999999998668 4.5560749808733134722e-245 2.1966874555801041424e-05
0.61999999999999999556 4.4567647330273063035e-243 2.5960851417039521039e-05
0.63000000000000000444 4.2776634550196473078e-241 1.9969886125181801617e-05
0.64000000000000001332 4.0285761448355425051e-239 3.5945795389125116844e-05
0.6500000000000000222 3.7226705071448236992e-237 3.9939772250363603234e-05
0.66000000000000003109 3.3753256448063631953e-235 3.5945795389125116844e-05
0.67000000000000003997 3.0028581556081626459e-233 3.5945795389125116844e-05
0.68000000000000004885 2.6212715616333609447e-231 2.5960851417039521039e-05
0.69000000000000005773 2.2451598756849766311e-229 2.1966874555801041424e-05
0.70000000000000006661 1.8868639500648033768e-227 2.3963862986420281231e-05
0.70999999999999996447 1.5559368286018434237e-225 1.9969886125181801617e-05
0.71999999999999997335 1.2589294488689814677e-223 3.1951814889907836914e-05
0.72999999999999998224 9.9946797595594028288e-222 2.5960851417039521039e-05
0.73999999999999999112 7.7856420478559918813e-220 2.9954828278278000653e-05
0.75 5.9508368091835740825e-218 1.5975907444953918457e-05
0.76000000000000000888 4.4629262200294817619e-216 3.3948806958505877037e-05
0.77000000000000001776 3.2841231366399602309e-214 3.7942783819744356651e-05
0.78000000000000002665 2.3712493027328968593e-212 2.9954828278278000653e-05
0.79000000000000003553 1.6799372444595498221e-210 2.9954828278278000653e-05
0.80000000000000004441 1.1677959360502784368e-208 1.7972897694562558422e-05
0.81000000000000005329 7.965240974605599435e-207 2.1966874555801041424e-05
0.82000000000000006217 5.3307576321700360636e-205 2.3963862986420281231e-05
0.83000000000000007105 3.5005558753736070167e-203 2.7957839847658760846e-05
0.83999999999999996891 2.2555016524686363244e-201 2.9954828278278000653e-05
0.8499999999999999778 1.425960001566545217e-199 1.9969886125181801617e-05
0.85999999999999998668 8.8456468399609668528e-198 3.5945795389125116844e-05
0.86999999999999999556 5.3840602047809741603e-196 3.1951814889907836914e-05
0.88000000000000000444 3.2154982488315707012e-194 2.1966874555801041424e-05
0.89000000000000001332 1.8842768213750565117e-192 1.3978919923829380423e-05
0.9000000000000000222 1.0834258488047164541e-190 4.3933749111602082849e-05
0.91000000000000003109 6.1123995999914333107e-189 2.9954828278278000653e-05
0.92000000000000003997 3.3836259180098645978e-187 1.5975907444953918457e-05
0.93000000000000004885 1.8378539913944974081e-185 2.7957839847658760846e-05
0.94000000000000005773 9.7948485974932132428e-184 2.1966874555801041424e-05
0.95000000000000006661 5.1220345952606201755e-182 3.1951814889907836914e-05
0.95999999999999996447 2.6281209376736545581e-180 3.1951814889907836914e-05
0.96999999999999997335 1.3231413547666765227e-178 3.7942783819744356651e-05
0.97999999999999998224 6.536197995891213779e-177 3.1951814889907836914e-05
0.98999999999999999112 3.1681243102667326359e-175 2.3963862986420281231e-05
1 1.506736424355705497e-173 3.1951814889907836914e-05
1.0100000000000000089 7.0312156635410446111e-172 2.7957839847658760846e-05
1.0200000000000000178 3.2194494418181877254e-170 2.5960851417039521039e-05
1.0300000000000000266 1.4464081436092902238e-168 3.7942783819744356651e-05
1.0400000000000000355 6.3761447227309658805e-167 3.1951814889907836914e-05
1.0500000000000000444 2.7579318614127993675e-165 4.5930737542221322656e-05
1.0600000000000000533 1.1704879766034149109e-163 2.9954828278278000653e-05
1.0700000000000000622 4.8742571828758812841e-162 4.7927725972840562463e-05
1.0800000000000000711 1.9916268950452385761e-160 2.1966874555801041424e-05
1.0900000000000000799 7.9848283220740573947e-159 3.7942783819744356651e-05
1.1000000000000000888 3.1410962350994146055e-157 2.1966874555801041424e-05
1.1100000000000000977 1.2124252156747000093e-155 1.5975907444953918457e-05
1.1200000000000001066 4.591839890806443585e-154 3.1951814889907836914e-05
1.1300000000000001155 1.7063832196211311356e-152 2.3963862986420281231e-05
1.1400000000000001243 6.2219206101651393147e-151 2.7957839847658760846e-05
1.1500000000000001332 2.2260269484439807201e-149 3.5945795389125116844e-05
1.1599999999999999201 7.8143782389209846475e-148 3.3948806958505877037e-05
1.1699999999999999289 2.6916370522510484204e-146 2.3963862986420281231e-05
1.1799999999999999378 9.0969671440621141968e-145 2.7957839847658760846e-05
1.1899999999999999467 3.0167186824627799347e-143 3.1951814889907836914e-05
1.1999999999999999556 9.8159210845934467564e-142 2.7957839847658760846e-05
1.2099999999999999645 3.1339016434771998217e-140 2.3963862986420281231e-05
1.2199999999999999734 9.8174279958477932076e-139 1.9969886125181801617e-05
1.2299999999999999822 3.0176449890689842523e-137 2.1966874555801041424e-05
1.2399999999999999911 9.1011574059709708768e-136 4.5930737542221322656e-05
1.25 2.6932902816279099229e-134 2.9954828278278000653e-05
1.2600000000000000089 7.8203782823575335755e-133 2.5960851417039521039e-05
1.2700000000000000178 2.2280781340839640656e-131 2.1966874555801041424e-05
1.2800000000000000266 6.2286098866002444891e-130 4.1936760680982843041e-05
1.2900000000000000355 1.7084800173450874469e-128 2.7957839847658760846e-05
1.3000000000000000444 4.5981881195097555297e-127 2.3963862986420281231e-05
1.3100000000000000533 1.2142877814556275193e-125 3.9939772250363603234e-05
1.3200000000000000622 3.1464046386299074504e-124 3.1951814889907836914e-05
1.3300000000000000711 7.9995504359958759823e-123 2.3963862986420281231e-05
1.3400000000000000799 1.9956052911733827938e-121 2.3963862986420281231e-05
1.3500000000000000888 4.8847435850481064045e-120 1.9969886125181801617e-05
1.3600000000000000977 1.1731862229346948067e-118 2.9954828278278000653e-05
1.3700000000000001066 2.7647138997511305092e-117 1.9969886125181801617e-05
1.3800000000000001155 6.3928055729585776229e-116 2.9954828278278000653e-05
1.3900000000000001243 1.4504102329982313758e-114 2.7957839847658760846e-05
1.4000000000000001332 3.22885299490150931e-113 3.7942783819744356651e-05
1.4099999999999999201 7.0528354069204729875e-112 5.7912668125936761498e-05
1.4199999999999999289 1.5116013930810354005e-110 1.9969886125181801617e-05
1.4299999999999999378 3.1788415196893949005e-109 2.3963862986420281231e-05
1.4399999999999999467 6.5593156206639564302e-108 2.9954828278278000653e-05
1.4499999999999999556 1.3280249652050707632e-106 2.5960851417039521039e-05
1.4599999999999999645 2.6382260754018017975e-105 1.7972897694562558422e-05
1.4699999999999999734 5.1425181861226716639e-104 4.1936760680982843041e-05
1.4799999999999999822 9.8355289853176352468e-103 3.1951814889907836914e-05
1.4899999999999999911 1.8457703596197539784e-101 2.1966874555801041424e-05
1.5 3.3987222225443887074e-100 2.1966874555801041424e-05
1.5100000000000000089 6.1406130800858929896e-99 3.1951814889907836914e-05
1.5200000000000000178 1.0885937941470026131e-97 3.7942783819744356651e-05
1.5300000000000000266 1.8935554772779052349e-96 2.3963862986420281231e-05
1.5400000000000000355 3.231828240507404757e-95 2.7957839847658760846e-05
1.5500000000000000444 5.4122340375520753341e-94 1.3978919923829380423e-05
1.5600000000000000533 8.8932996056228786997e-93 2.9954828278278000653e-05
1.5700000000000000622 1.4338619406707279136e-91 2.9954828278278000653e-05
1.5800000000000000711 2.268348662763569888e-90 4.1936760680982843041e-05
1.5900000000000000799 3.5210349898882116243e-89 3.1951814889907836914e-05
1.6000000000000000888 5.3627670277899216706e-88 2.7957839847658760846e-05
1.6100000000000000977 8.0142996939750975291e-87 3.3948806958505877037e-05
1.6200000000000001066 1.1751688893102619206e-85 3.1951814889907836914e-05
1.6300000000000001155 1.6908031614285118704e-84 3.3948806958505877037e-05
1.6400000000000001243 2.3869530419428693284e-83 3.1951814889907836914e-05
1.6500000000000001332 3.3063799447680853422e-82 4.3933749111602082849e-05
1.6600000000000001421 4.4938616648529046357e-81 1.9969886125181801617e-05
1.6699999999999999289 5.9930058175658391666e-80 3.3948806958505877037e-05
1.6799999999999999378 7.8420166097404152071e-79 3.9939772250363603234e-05
1.6899999999999999467 1.0068595066317518172e-77 3.7942783819744356651e-05
1.6999999999999999556 1.2684345142854199172e-76 4.992471440345980227e-05
1.7099999999999999645 1.5679250009454709812e-75 4.5930737542221322656e-05
1.7199999999999999734 1.9016937452273082004e-74 3.5945795389125116844e-05
1.7299999999999999822 2.2631530746428373465e-73 4.3933749111602082849e-05
1.7399999999999999911 2.6426846362242199491e-72 5.9909656556556001306e-05
1.75 3.0278531533151176217e-71 4.992471440345980227e-05
1.7600000000000000089 3.4039434466091506027e-70 2.5960851417039521039e-05
1.7700000000000000178 3.7548096218253142814e-69 3.5945795389125116844e-05
1.7800000000000000266 4.0639800442407314568e-68 3.9939772250363603234e-05
1.7900000000000000355 4.3159188471395556214e-67 4.3933749111602082849e-05
1.8000000000000000444 4.4973121476820081738e-66 4.5930737542221322656e-05
1.8100000000000000533 4.598231720105958468e-65 3.3948806958505877037e-05
1.8200000000000000622 4.6130348434105959819e-64 3.9939772250363603234e-05
1.8300000000000000711 4.540886907353467777e-63 2.7957839847658760846e-05
1.8400000000000000799 4.3858395573105425408e-62 3.7942783819744356651e-05
1.8500000000000000888 4.1564546481768183355e-61 3.3948806958505877037e-05
1.8600000000000000977 3.8650241375278993409e-60 4.3933749111602082849e-05
1.8700000000000001066 3.5264899836098454661e-59 2.3963862986420281231e-05
1.8800000000000001155 3.1572120669988018566e-58 3.7942783819744356651e-05
1.8900000000000001243 2.7737718135605490564e-57 2.3963862986420281231e-05
1.9000000000000001332 2.392059278445961151e-56 2.7957839847658760846e-05
1.9100000000000001421 2.0270316973891410735e-55 3.7942783819744356651e-05
1.9199999999999999289 1.6938716707811116645e-54 3.7942783819744356651e-05
1.9299999999999999378 1.4120232435080571355e-53 2.9954828278278000653e-05
1.9399999999999999467 1.215059577904050335e-52 2.7957839847658760846e-05
1.9499999999999999556 1.1719056848565410542e-51 3.1951814889907836914e-05
1.9599999999999999645 1.4288178712462436478e-50 5.5915679695317521691e-05
1.9699999999999999734 2.2863006898271257138e-49 3.5945795389125116844e-05
1.9799999999999999822 4.3290497295628857198e-48 4.3933749111602082849e-05
1.9899999999999999911 8.626124116543934441e-47 3.9939772250363603234e-05
2 1.7006656588372094279e-45 3.9939772250363603234e-05
2.0100000000000002309 3.238654439432164688e-44 3.5945795389125116844e-05
2.0200000000000000178 5.9070285769889120138e-43 4.1936760680982843041e-05
2.0300000000000002487 1.0288617912280317911e-41 4.7927725972840562463e-05
2.0400000000000000355 1.7095573378369083041e-40 1.9969886125181801617e-05
2.0499999999999998224 2.708894584376760314e-39 3.5945795389125116844e-05
2.0600000000000000533 4.0928639916224039849e-38 2.3963862986420281231e-05
2.0699999999999998401 5.8961865804283693597e-37 3.3948806958505877037e-05
2.0800000000000000711 8.0987795379257119664e-36 3.3948806958505877037e-05
2.0899999999999998579 1.0606535614776669534e-34 3.1951814889907836914e-05
2.1000000000000000888 1.3244530932406286155e-33 2.5960851417039521039e-05
2.1099999999999998757 1.5769327153766741643e-32 3.1951814889907836914e-05
2.1200000000000001066 1.7902283058516635444e-31 3.9939772250363603234e-05
2.1299999999999998934 1.9378846344455817091e-30 2.9954828278278000653e-05
2.1400000000000001243 2.0002193372876843262e-29 3.3948806958505877037e-05
2.1499999999999999112 1.9686289622255996557e-28 3.1951814889907836914e-05
2.1600000000000001421 1.8475381130890295876e-27 2.7957839847658760846e-05
2.1699999999999999289 1.6533827194688144101e-26 3.1951814889907836914e-05
2.1800000000000001599 1.4109494433635092759e-25 4.1936760680982843041e-05
2.1899999999999999467 1.1481951045166961493e-24 2.9954828278278000653e-05
2.2000000000000001776 8.9103497497998124078e-24 4.3933749111602082849e-05
2.2099999999999999645 6.5941353161215575717e-23 2.1966874555801041424e-05
2.2200000000000001954 4.6538764857479479853e-22 2.5960851417039521039e-05
2.2299999999999999822 3.1323932850785073861e-21 3.5945795389125116844e-05
2.2400000000000002132 2.0107285289037819743e-20 1.7972897694562538093e-05
2.25 1.2310010790174731112e-19 2.5960851417039399066e-05
2.2600000000000002309 7.1879373400365579634e-19 2.3963862986419562947e-05
2.2700000000000000178 4.0031788782827064881e-18 2.9954828278273995881e-05
2.2800000000000002487 2.1265503952015285362e-17 3.9939772250342339319e-05
2.2900000000000000355 1.0775381138048923408e-16 2.795783984755100809e-05
2.3000000000000002665 5.2082704364751293104e-16 3.3948806957985046642e-05
2.3100000000000000533 2.4014716440722716212e-15 3.1951814887506362983e-05
2.3199999999999998401 1.0563436359362402575e-14 2.9954828267714564676e-05
2.3300000000000000711 4.4330170432131680239e-14 2.7957839803328590208e-05
2.3399999999999998579 1.7749439932401991485e-13 2.9954828100783601808e-05
2.3500000000000000888 6.7809090210311610412e-13 3.3948806280414972484e-05
2.3599999999999998757 2.4719444201176260055e-12 3.5945792917180694414e-05
2.3700000000000001066 8.599424936847683418e-12 3.7942775220319419321e-05
2.3799999999999998934 2.8550631074473784796e-11 2.795781129702768698e-05
2.3900000000000001243 9.0472580283080775424e-11 3.3948716485925596402e-05
2.3999999999999999112 2.7366343294963186038e-10 3.1951541226474884823e-05
2.4100000000000001421 7.9024807249923814754e-10 3.7941993571671857994e-05
2.4199999999999999289 2.1787671434838245842e-09 3.3946628191362396103e-05
2.4300000000000001599 5.7361298039231530985e-09 3.7937047689940436108e-05
2.4399999999999999467 1.4422986470946477262e-08 3.9925349263892656755e-05
2.4500000000000001776 3.4641373609570233794e-08 3.1917173516298266581e-05
2.4599999999999999645 7.9492094236610082462e-08 2.3884370892183671731e-05
2.4700000000000001954 1.7431635446071744367e-07 2.9780511923817284188e-05
2.4799999999999999822 3.6538202312882395696e-07 1.9604504102052978454e-05
2.4900000000000002132 7.3227769431695045392e-07 3.1219537195590887837e-05
2.5 1.403675321867773132e-06 3.8536096928495826926e-05
2.5100000000000002309 2.5744440101588449925e-06 3.9362316670823996778e-05
2.5200000000000000178 4.5197528769631824063e-06 1.3453144817599376016e-05
2.5300000000000002487 7.5993813362085086885e-06 3.0343402483535849656e-05
2.5400000000000000355 1.2244093804991186287e-05 2.5698690014753170364e-05
2.5500000000000002665 1.8917055045348601477e-05 1.5031751913157275559e-05
2.5600000000000000533 2.80479429742210678e-05 -2.0870915571815467618e-06
2.5699999999999998401 3.9945557086686593476e-05 -7.9937421967787565622e-06
2.5800000000000000711 5.4704426592195978839e-05 -2.6746586744537217994e-05
2.5899999999999998579 7.2128646867850962246e-05 -4.6167795450811441207e-05
2.6000000000000000888 9.1697903883185421267e-05 -6.9731029327384379843e-05
2.6099999999999998757 0.0001125938261478059792 -6.6663088605584656541e-05
2.6200000000000001066 0.0001337900726057235487 -8.3865358202263746426e-05
2.6299999999999998934 0.00015419122872004756872 -0.0001202424217615416849
2.6400000000000001243 0.00017279022132607799308 -0.00014882635833965771185
2.6499999999999999112 0.00018880762258257198657 -0.00015685580769266414965
2.6600000000000001421 0.000201781565277173023 -0.00016184179302680941977
2.6699999999999999289 0.00021159199910673610586 -0.00015967029627265706378
2.6800000000000001599 0.00021842188245877467486 -0.0001704941564859341124
2.6899999999999999467 0.00022267377605422831316 -0.00018473099223448394973
2.7000000000000001776 0.00022486827511342924631 -0.00018492850286306564307
2.7099999999999999645 0.00022554957977621709867 -0.00019160077281771121485
2.7200000000000001954 0.00022521559206130657487 -0.00017728786608846601241
2.7299999999999999822 0.0002242794374574775759 -0.00019232762256756973898
2.7400000000000002132 0.00022306021302791220035 -0.00019709936161087267931
2.75 0.0002217953673745260638 -0.00018984355248461822689
2.7600000000000002309 0.00022066572249412365336 -0.00018272293867437928994
2.7700000000000000178 0.00021982562251082564658 -0.00019186778266316688573
2.7800000000000002487 0.00021943340104709386108 -0.00019746652649129281965
2.7900000000000000355 0.00021967991280075910027 -0.00017774315211977625723
2.8000000000000002665 0.00022081449838500611998 -0.00019085967010672811933
2.8100000000000000533 0.00022316825769122129578 -0.00017723752014899997313
2.8199999999999998401 0.00022717409157052133816 -0.00019122829618139621454
2.8300000000000000711 0.00023338199065465393858 -0.00017746631095933641689
2.8399999999999998579 0.00024246687819409314872 -0.00019453915222125258626
2.8500000000000000888 0.00025522529103988856984 -0.0001833337002616383226
2.8599999999999998757 0.00027255661411092332522 -0.00022462888813808276275
2.8700000000000001066 0.0002954247439876692919 -0.00021354821105632284563
2.8799999999999998934 0.00032479717499006344238 -0.0002409236536280977563
2.8900000000000001243 0.00036156070968338250952 -0.00030364804155744574803
2.8999999999999999112 0.00040641626499353015025 -0.0003005758708947528805
2.9100000000000001421 0.00045975931458405960807 -0.00029201227186012818169
2.9199999999999999289 0.00052155685233162157356 -0.00034382486745459400236
2.9300000000000001599 0.00059123561482002980755 -0.00041550061837362147615
2.9399999999999999467 0.00066759875827199037773 -0.00040399625632642026645
2.9500000000000001776 0.00074878837895610273184 -0.00050715276429925959523
2.9599999999999999645 0.00083230858204692869436 -0.00046685967013977740714
2.9700000000000001954 0.00091511809185599430304 -0.00053569026093450828295
2.9799999999999999822 0.00099379310643062622466 -0.00063633214824595184245
2.9900000000000002132 0.0010647512945042506959 -0.00059346199577427964471
3 0.0011245180513891779844 -0.00059931009413631791509
3.0100000000000002309 0.00117000811730840165 -0.00058888442579054195263
3.0200000000000000178 0.0011987910177704427187 -0.00061766732625258302138
3.0300000000000002487 0.0012093086170773194483 -0.00062219396026760203158
3.0400000000000000355 0.0012010177258588278747 -0.00070177061820401792289
3.0500000000000002665 0.0011744396332288389341 -0.00067119854871279050271
3.0600000000000000533 0.0011311102913893593142 -0.00065582701579814978339
3.0700000000000002842 0.0010734377444076028361 -0.00061612736469196646358
3.0800000000000000711 0.001004485147371423498 -0.00058511754783755268172
3.0899999999999998579 0.00092770647421339775488 -0.00061417926150234664843
3.1000000000000000888 0.00084666646026890831495 -0.00055111214343343036676
3.1099999999999998757 0.00076477599197522546769 -0.00050516749599472429277
3.1200000000000001066 0.00068506943833327338823 -0.0004713916617050995005
3.1299999999999998934 0.0006100424511473397397 -0.00043031347783969292869
3.1400000000000001243 0.00054155913367541497205 -0.00041774585097702210401
3.1499999999999999112 0.00048082788631940748432 -0.00033704470476290698984
3.1600000000000001421 0.00042843715296454781176 -0.00031660579357391282259
3.1699999999999999289 0.00038443671191990073368 -0.00031254512114165048644
3.1800000000000001599 0.00034844749722367867294 -0.0002505950568473783082
3.1899999999999999467 0.00031978305456646134589 -0.00024190049849635337923
3.2000000000000001776 0.00029756805567085340596 -0.00022567646489260315872
3.2099999999999999645 0.00028084299938054154387 -0.00019297550115733737817
3.2200000000000001954 0.0002686484577524828575 -0.00019276289011299413065
3.2299999999999999822 0.00026008624113609403287 -0.00020017658457953803157
3.2400000000000002132 0.00025435813772951496037 -0.00018046955852064547332
3.25 0.00025078516447218598441 -0.00019486948477686846272
3.2600000000000002309 0.00024881151222269322961 -0.00017292594458320450276
3.2700000000000000178 0.00024799771484934894942 -0.0001860910735001525154
3.2800000000000002487 0.00024800725194525124117 -0.00018010963802823947355
3.2900000000000000355 0.00024859006881781042179 -0.00020265933127558909913
3.3000000000000002665 0.00024956560092133611532 -0.00019764389808725707325
3.3100000000000000533 0.00025080700338638386472 -0.00020287927741354330226
3.3200000000000002842 0.00025222752456071495649 -0.000194314856434778195
3.3300000000000000711 0.00025376937977126363347 -0.00020783864222904231082
3.3399999999999998579 0.00025539508538249242097 -0.00019348844403329598695
3.3500000000000000888 0.00025708098123261515118 -0.00019717132467605914987
3.3599999999999998757 0.00025881256468135931765 -0.00021687580400037647461
3.3700000000000001066 0.00026058124197278747375 -0.00018868965119453722651
3.3799999999999998934 0.00026238213712129833432 -0.00020846344585660005243
3.3900000000000001243 0.00026421265782527059846 -0.00019831203233887807064
3.3999999999999999112 0.00026607158343433686114 -0.0001921830042254673741
3.4100000000000001421 0.00026795850076912625104 -0.00020804884421257024973
3.4199999999999999289 0.00026987346439584156133 -0.00021994874999238175906
3.4300000000000001599 0.00027181679740167222692 -0.00021789810613697394503
3.4399999999999999467 0.00027378897760957848296 -0.00021188233626038204893
3.4500000000000001776 0.00027579057432644467915 -0.00021987489463112715746
3.4599999999999999645 0.00027782221419103155348 -0.00023388846507942947063
3.4700000000000001954 0.00027988456335353774796 -0.00023794780267255490492
3.4799999999999999822 0.00028197831859819096371 -0.00021807468881837528988
3.4900000000000002132 0.00028410420325139154997 -0.00022818852355607402828
3.5 0.00028626296559889805819 -0.00024632319334853445495
3.5100000000000002309 0.00028845537859834642809 -0.00022255475311195390027
3.5200000000000000178 0.00029068224025701860491 -0.00022677861047720293108
3.5300000000000002487 0.00029294437435654029338 -0.00023103773300734385936
3.5400000000000000355 0.00029524263136835010145 -0.00023932695167303257976
3.5500000000000002665 0.00029757788948601401934 -0.00025164715194379269668
3.5600000000000000533 0.00029995105574115167287 -0.00023804441439195523885
3.5700000000000002842 0.00030236306718944090579 -0.00024245341063288490448
3.5800000000000000711 0.00030481489216254179994 -0.00024091126238272612611
3.5899999999999998579 0.00030730753158621703855 -0.00024939486346028027705
3.6000000000000000888 0.00030984202036703900737 -0.00024593839058722333354
3.6099999999999998757 0.00031241942885117481889 -0.00026249471444771501662
3.6200000000000001066 0.00031504086435936917363 -0.00025712819623343241213
3.6299999999999998934 0.00031770747280269957856 -0.00026578576996862053649
3.6400000000000001243 0.00032042044038407320071 -0.00026250777225813643921
3.6499999999999999112 0.00032318099539081838719 -0.00025528338147380661956
3.6600000000000001421 0.00032599041008411381659 -0.00026008978459772128878
3.6699999999999999289 0.00032885000269143279446 -0.00026095238877442102684
3.6800000000000001599 0.0003317611395086319929 -0.00026785750972881631907
3.6899999999999999467 0.00033472523711880215053 -0.00024086677360374026541
3.7000000000000001776 0.00033774376473554338588 -0.00026984615081853161826
3.7099999999999999645 0.00034081824667890267544 -0.00027891160532970624142
3.7200000000000001954 0.00034395026499284351695 -0.00029402555058938371468
3.7299999999999999822 0.00034714146221380436964 -0.00027924384829679260202
3.7400000000000002132 0.00035039354430064953254 -0.00025653508078558764742
3.75 0.00035370828373712471984 -0.0002818166929588744726
3.7600000000000002309 0.0003570875228188244389 -0.00028120195517933571205
3.7700000000000000178 0.00036053317713763692771 -0.0002946325516512443999
3.7800000000000002487 0.00036404723927769096952 -0.00026819178733200984459
3.7900000000000000355 0.00036763178273797647621 -0.00029374320352910698916
3.8000000000000002665 0.00037128896609809177104 -0.00029140942159736456457
3.8100000000000000533 0.00037502103744491447831 -0.0003091204119585219505
3.8200000000000002842 0.00037883033907955152237 -0.00028696886399510887706
3.8300000000000000711 0.00038271931252553779024 -0.00028686386057985666532
3.8399999999999998579 0.00038669050386111285256 -0.00030481397092976640628
3.8500000000000000888 0.00039074656940038304722 -0.00029289412902408268249
3.8599999999999998757 0.0003948902817503899005 -0.00029304386451285111036
3.8700000000000001066 0.0003991245362735261243 -0.00031125703805032195861
3.8799999999999998934 0.00040345235798742534695 -0.00029162099859679035778
3.8900000000000001243 0.00040787690893738981403 -0.0003100244685610894493
3.8999999999999999112 0.00041240149607969171352 -0.00030456411355029509554
3.9100000000000001421 0.00041702957971769075715 -0.00031518316248015196702
3.9199999999999999289 0.00042176478253670685687 -0.00029795149983831393462
3.9300000000000001599 0.00042661089928801521282 -0.00029880363972838391937
3.9399999999999999467 0.00043157190717725725645 -0.00025783389916146816486
3.9500000000000001776 0.00043665197701802776478 -0.0002948657838921464559
3.9599999999999999645 0.00044185548521748468486 -0.00033002412582684969569
3.9700000000000001954 0.00044718702666762317382 -0.00027544600708245326783
3.9799999999999999822 0.00045265142862341821179 -0.00029688631648320227847
3.9900000000000002132 0.00045825376565752294318 -0.00029450069979483005063
4 0.00046399937579066734272 -0.00028626739091363977152
4.0099999999999997868 0.00046989387790754812623 -0.00025222212441813570468
4.0200000000000004619 0.00047594319057991116631 -0.00031818109000907599318
4.0300000000000002487 0.00048215355243194716857 -0.00030641855598553889139
4.0400000000000000355 0.00048853154419824002148 -0.00028483870972316233279
4.0499999999999998224 0.00049508411264152969462 -0.00028939428973583276612
4.0600000000000004974 0.00050181859651683268647 -0.00026817093558246640067
4.0700000000000002842 0.00050874275479026464814 -0.00032701679305199854312
4.0800000000000000711 0.00051586479734564544795 -0.00030218702071747156022
4.0899999999999998579 0.00052319341844006366209 -0.00026358492245956248717
4.0999999999999996447 0.00053073783320159667685 -0.00022719556264364176943
4.1100000000000003197 0.00053850781749885975706 -0.00026691736183081263235
4.1200000000000001066 0.00054651375155381732521 -0.0002749232958857702005
4.1299999999999998934 0.00055476666771707525572 -0.00027119428146531274638
4.1399999999999996803 0.00056327830287976375992 -0.00028569688191985896999
4.1500000000000003553 0.00057206115605929136816 -0.00026652189707071727515
4.1600000000000001421 0.00058112855176909253025 -0.0002416404894599913063
4.1699999999999999289 0.0005904947098667556564 -0.00024900965912703513843
4.1799999999999997158 0.00060017482267254443004 -0.00028265363310025484397
4.1900000000000003908 0.00061018514026386862139 -0.00027269406638538663725
4.2000000000000001776 0.0006205430649835251642 -0.00026507909522947007601
4.2099999999999999645 0.00063126725635418996351 -0.00026581834444703867628
4.2199999999999997513 0.00064237774777287884754 -0.00025496196312891586822
4.2300000000000004263 0.00065389607657227375153 -0.0002904441530957416499
4.2400000000000002132 0.00066584542928728137397 -0.00028242362150455687427
4.25 0.00067825080426285383126 -0.00030281695020260634499
4.2599999999999997868 0.000691139194092653961 -0.00030372340944869098169
4.2700000000000004619 0.00070453979079975609379 -0.00029116315655774299698
4.2800000000000002487 0.00071848421717506181627 -0.00029512264077995252042
4.2900000000000000355 0.00073300678829547926199 -0.00024973555898179277193
4.2999999999999998224 0.00074814480797558548329 -0.00025688565404325249073
4.3100000000000004974 0.00076393890579358892778 -0.00034057732939847963193
4.3200000000000002842 0.00078043342141280566595 -0.00035108087972583865068
4.3300000000000000711 0.00079767684424249469047 -0.00031640260335942738601
4.3399999999999998579 0.00081572231810944694028 -0.00030848725673216002927
4.3500000000000005329 0.00083462822262607351976 -0.00037532085447981790739
4.3600000000000003197 0.00085445884544850699005 -0.0003352418534875046402
4.3700000000000001066 0.00087528516276061689352 -0.00035407118236899530386
4.3799999999999998934 0.00089718574928429172671 -0.00042389946212370143569
4.3899999999999996803 0.00092024784415533755072 -0.00034112114106809709319
4.4000000000000003553 0.00094456860546019989332 -0.00029155333044004756293
4.4100000000000001421 0.00097025659457233577165 -0.00032922325013589888009
4.4199999999999999289 0.00099743354231392774949 -0.00039833695492049489388
4.4299999999999997158 0.0010262364633259490367 -0.00046508265611428173739
4.4400000000000003908 0.0010568202041971129761 -0.00037784407957891052825
4.4500000000000001776 0.0010893605368736661212 -0.00039640549324112899464
4.4599999999999999645 0.0011240579447631883925 -0.00047303965817365530196
4.4699999999999997513 0.0011611423000159085909 -0.00038830771915860187206
4.4800000000000004263 0.001200878706623685838 -0.00049394474397681403278
4.4900000000000002132 0.0012435749062942287949 -0.00044278248740825271873
4.5 0.0012895908619375557984 -0.00044286770914733720669
4.5099999999999997868 0.0013393515685799428031 -0.00040476092484247765992
4.5200000000000004619 0.0013933650928561825202 -0.00045478047225747889742
4.5300000000000002487 0.0014522500219685990138 -0.00040582808432411692119
4.5400000000000000355 0.0015167815086915001962 -0.00039647088269878527113
4.5499999999999998224 0.001587976244845206884 -0.00028993364852737896556
4.5600000000000004974 0.0016672602082782432293 -0.00026337722513759625163
4.5700000000000002842 0.0017568091843531107032 -0.00019915809205478160991
4.5800000000000000711 0.0018602348795296365109 0.00013475656265898449011
4.5899999999999998579 0.0019839220213886321273 0.00026868116118051402902
4.6000000000000005329 0.0021395031045039884267 0.00056441946338510549236
4.6100000000000003197 0.0023481469390972541274 0.00070325161571958795179
4.6200000000000001066 0.0026474209485668484879 0.0011268874181341584015
4.6299999999999998934 0.0031012524773369239822 0.0019051977510561538681
4.6399999999999996803 0.003812670505776720193 0.0024458917014452646703
4.6500000000000003553 0.0049373030482304973779 0.0027930393995272235694
4.6600000000000001421 0.0066930573396565351887 0.0030502494461653794841
4.6699999999999999289 0.0093586149653367093487 0.0030846201786824210128
4.6799999999999997158 0.013251692421593118734 0.0025125347153764510805
4.6900000000000003908 0.018679378612478259036 0.0011746808303995104339
4.7000000000000001776 0.025858969792168208512 -0.0017133815133977582656
4.7099999999999999645 0.034818766922122511287 -0.0057466070208611816361
4.7199999999999997513 0.045301745123894537892 -0.011496721245081747975
4.7300000000000004263 0.056705432009011798311 -0.017826063554793887544
4.7400000000000002132 0.06809210115254471507 -0.024737478132849433088
4.75 0.07828996400047101567 -0.0315624296169356236
4.7599999999999997868 0.086079517894989160398 -0.036925642335420748308
4.7700000000000004619 0.090427722458196108102 -0.040610845808339540719
4.7800000000000002487 0.090709074657641483586 -0.040948114615164836472
4.7900000000000000355 0.086848720303378076912 -0.039106714865765550282
4.7999999999999998224 0.079342819824392382677 -0.034903835579330515226
4.8100000000000004974 0.06914915178436156773 -0.02870614115613814854
4.8200000000000002842 0.057481667577380948786 -0.022216847716922581701
4.8300000000000000711 0.045570200090256134107 -0.015275884200778404309
4.8399999999999998579 0.034450855892157801474 -0.0095763661377194012059
4.8500000000000005329 0.024834433629756978712 -0.0043553170409260273666
4.8600000000000003197 0.017069396797048125985 -0.0016087119015326858257
4.8700000000000001066 0.011185912383474005266 0.00031274746569286485109
4.8799999999999998934 0.0069887186017843763372 0.0013347291770366151789
4.8899999999999996803 0.004162777494740014031 0.001892091892558808372
4.9000000000000003553 0.00236383579889963601 0.0019017319545643483931
4.9100000000000001421 0.0012796485173777090178 0.0013943192240520971715
4.9199999999999999289 0.00066038268553280678446 0.0011369070184398311942
4.9299999999999997158 0.00032488206796019695631 0.00083137434978366488159
4.9400000000000003908 0.00015236153799628277764 0.00054458748249749282851
4.9500000000000001776 6.8114528032406731518e-05 0.00036123801365456028375
4.9599999999999999645 2.902784910714962464e-05 0.00021260776554969356279
4.9699999999999997513 1.1792261724043714749e-05 0.00011202102097434917362
4.9800000000000004263 4.5664994441413506575e-06 8.3300998779062810804e-05
4.9900000000000002132 1.6856640930799996072e-06 3.8254108157283601933e-05
5 5.9314051928785991802e-07 2.7364699328370902198e-05
5.0099999999999997868 1.9894863279773378222e-07 1.1782982860412406542e-05
5.0200000000000004619 6.3609099468530900563e-08 3.9303677617699486475e-06
5.0300000000000002487 1.9386114524568234429e-08 1.9776023160946714536e-06
5.0400000000000000355 5.6318882780034125118e-09 3.988344972960476574e-06
5.0499999999999998224 1.5595800160601776111e-09 3.9924172812224194125e-06
5.0600000000000004974 4.1167115946850154294e-10 -4.1167115946850154294e-10
5.0700000000000002842 1.0358127836296532154e-10 -1.0358127836296532154e-10
5.0800000000000000711 2.4842719100698241487e-11 -2.4842719100698241487e-11
5.0899999999999998579 5.6794085957197865653e-12 -5.6794085957197865653e-12
5.1000000000000005329 1.2376344477454721788e-12 1.9969871929847920782e-06
5.1100000000000003197 2.5707875516573841843e-13 1.9969881735404848219e-06
5.1200000000000001066 5.0900706745272094822e-14 -5.0900706745272094822e-14
5.1299999999999998934 9.6064874017111411692e-15 1.9969884210127524317e-06
5.1399999999999996803 1.7281761626859097757e-15 -1.7281761626859097757e-15
5.1500000000000003553 2.9634216118076893066e-16 -2.9634216118076893066e-16
5.1600000000000001421 4.8437354044269886544e-17 -4.8437354044269886544e-17
5.1699999999999999289 7.5465498195870650384e-18 -7.5465498195870650384e-18
5.1799999999999997158 1.1207199553409451852e-18 3.9939768612373589897e-06
5.1900000000000003908 1.5864485450314676494e-19 -1.5864485450314676494e-19
5.2000000000000001776 2.1405960684539188993e-20 -2.1405960684539188993e-20
5.2099999999999999645 2.7531061155215853772e-21 -2.7531061155215853772e-21
5.2199999999999997513 3.3751287544352133454e-22 1.9969884306192393836e-06
5.2300000000000004263 3.9439971932902379223e-23 3.9939768612384796143e-06
5.2400000000000002132 4.3930021882413583981e-24 -4.3930021882413583981e-24
5.25 4.664064434658488088e-25 -4.664064434658488088e-25
5.2599999999999997868 4.7200403273198029467e-26 -4.7200403273198029467e-26
5.2700000000000004619 4.5530737321630413129e-27 -4.5530737321630413129e-27
5.2800000000000002487 4.1864049849411071073e-28 -4.1864049849411071073e-28
5.2900000000000000355 3.6690629559744817944e-29 -3.6690629559744817944e-29
5.2999999999999998224 3.0651113589344731269e-30 1.9969884306192398071e-06
5.3100000000000004974 2.4406996067667210815e-31 -2.4406996067667210815e-31
5.3200000000000002842 1.852504218578440462e-32 -1.852504218578440462e-32
5.3300000000000000711 1.3402342477599649287e-33 -1.3402342477599649287e-33
5.3399999999999998579 9.242270778276465337e-35 1.9969884306192398071e-06
5.3500000000000005329 6.075093739704139731e-36 -6.075093739704139731e-36
5.3600000000000003197 3.806303838130426608e-37 -3.806303838130426608e-37
5.3700000000000001066 2.2731597568551923442e-38 -2.2731597568551923442e-38
5.3799999999999998934 1.2939943225584018557e-39 -1.2939943225584018557e-39
5.3899999999999996803 7.0211873961980742526e-41 -7.0211873961980742526e-41
5.4000000000000003553 3.6313191633420978372e-42 -3.6313191633420978372e-42
5.4100000000000001421 1.7901681618236394026e-43 -1.7901681618236394026e-43
5.4199999999999999289 8.4119886697107077369e-45 -8.4119886697107077369e-45
5.4299999999999997158 3.7677221569864365912e-46 -3.7677221569864365912e-46
5.4400000000000003908 1.6085490221131231635e-47 -1.6085490221131231635e-47
5.4500000000000001776 6.545832390272401467e-49 1.9969884306192398071e-06
5.4599999999999999645 2.5390457052922530797e-50 -2.5390457052922530797e-50
5.4699999999999997513 9.3875254798566588384e-52 -9.3875254798566588384e-52
5.4800000000000004263 3.3083132843706145847e-53 -3.3083132843706145847e-53
5.4900000000000002132 1.1113143951318485738e-54 -1.1113143951318485738e-54
5.5 3.5582952954037196182e-56 -3.5582952954037196182e-56
5.5099999999999997868 1.0859796716611307912e-57 -1.0859796716611307912e-57
5.5200000000000004619 3.1591918360949640493e-59 -3.1591918360949640493e-59
5.5300000000000002487 8.7600145475601280129e-61 -8.7600145475601280129e-61
5.5400000000000000355 2.3153045135179994171e-62 1.9969884306192398071e-06
5.5499999999999998224 5.8329171746037335377e-64 -5.8329171746037335377e-64
5.5600000000000004974 1.4006764980196017372e-65 -1.4006764980196017372e-65
5.5700000000000002842 3.2060047190258759615e-67 -3.2060047190258759615e-67
5.5800000000000000711 6.9946292766252967991e-69 -6.9946292766252967991e-69
5.5899999999999998579 1.4545860585875617992e-70 -1.4545860585875617992e-70
5.6000000000000005329 2.8832895932471244702e-72 -2.8832895932471244702e-72
5.6100000000000003197 5.4476749086702777706e-74 -5.4476749086702777706e-74
5.6200000000000001066 9.8108837323154207747e-76 -9.8108837323154207747e-76
5.6299999999999998934 1.6841433559168837132e-77 -1.6841433559168837132e-77
5.6399999999999996803 2.7556491402840334015e-79 1.9969884306192398071e-06
5.6500000000000003553 4.2977651452447457135e-81 -4.2977651452447457135e-81
5.6600000000000001421 6.3890353501803958418e-83 1.9969884306192398071e-06
5.6699999999999999289 9.0531916799920569879e-85 -9.0531916799920569879e-85
5.6799999999999997158 1.2227619461084935443e-86 -1.2227619461084935443e-86
5.6900000000000003908 1.5741852914364878781e-88 -1.5741852914364878781e-88
5.7000000000000001776 1.93171693247331091e-90 -1.93171693247331091e-90
5.7099999999999999645 2.2594606840586584031e-92 -2.2594606840586584031e-92
5.7199999999999997513 2.5190670231407133729e-94 -2.5190670231407133729e-94
5.7300000000000004263 2.6769992864975500964e-96 1.9969884306192398071e-06
5.7400000000000002132 2.7116295333135278541e-98 -2.7116295333135278541e-98
5.75 2.6180985576884810696e-100 -2.6180985576884810696e-100
5.7599999999999997868 2.4094345514817430822e-102 -2.4094345514817430822e-102
5.7700000000000004619 2.1135754393212550824e-104 -2.1135754393212550824e-104
5.7800000000000002487 1.7672330401593837906e-106 -1.7672330401593837906e-106
5.7900000000000000355 1.4084560940851087967e-108 -1.4084560940851087967e-108
5.7999999999999998224 1.0699566918258054491e-110 -1.0699566918258054491e-110
5.8100000000000004974 7.7475155202715337214e-113 -7.7475155202715337214e-113
5.8200000000000002842 5.3472692808267979405e-115 -5.3472692808267979405e-115
5.8300000000000000711 3.5178310311377190016e-117 -3.5178310311377190016e-117
5.8399999999999998579 2.2059272856638765085e-119 -2.2059272856638765085e-119
5.8500000000000005329 1.318501667515431151e-121 -1.318501667515431151e-121
5.8600000000000003197 7.5117897792524775728e-124 -7.5117897792524775728e-124
5.8700000000000001066 4.0792413122736202784e-126 -4.0792413122736202784e-126
5.8799999999999998934 2.1114878054103366707e-128 -2.1114878054103366707e-128
5.8899999999999996803 1.0417678386826096888e-130 -1.0417678386826096888e-130
5.9000000000000003553 4.8992148120175151944e-133 -4.8992148120175151944e-133
5.9100000000000001421 2.1961154472933495518e-135 -2.1961154472933495518e-135
5.9199999999999999289 9.3833298006907882627e-138 -9.3833298006907882627e-138
5.9299999999999997158 3.8214827736128564675e-140 -3.8214827736128564675e-140
5.9400000000000003908 1.4834739502467628289e-142 -1.4834739502467628289e-142
5.9500000000000001776 5.4890984267774951701e-145 -5.4890984267774951701e-145
5.9599999999999999645 1.9359546091993278165e-147 3.9939768612384796143e-06
5.9699999999999997513 6.5082220880001402773e-150 -6.5082220880001402773e-150
5.9800000000000004263 2.0854634554915591636e-152 -2.0854634554915591636e-152
5.9900000000000002132 6.3696535733726231756e-155 -6.3696535733726231756e-155
6 1.8543940973408414302e-157 -1.8543940973408414302e-157
6.0099999999999997868 5.1458987705413073031e-160 -5.1458987705413073031e-160
6.0200000000000004619 1.3611105658436792504e-162 -1.3611105658436792504e-162
6.0300000000000002487 3.4316147192986845533e-165 -3.4316147192986845533e-165
6.0400000000000000355 8.2466312356001647717e-168 -8.2466312356001647717e-168
6.0499999999999998224 1.88898082576610151e-170 -1.88898082576610151e-170
6.0600000000000004974 4.1243112559841287032e-173 -4.1243112559841287032e-173
6.0700000000000002842 8.5831798574003892908e-176 -8.5831798574003892908e-176
6.0800000000000000711 1.7026205694231943408e-178 1.9969884306192398071e-06
6.0899999999999998579 3.2192922872226379723e-181 -3.2192922872226379723e-181
6.1000000000000005329 5.8019743004022098731e-184 -5.8019743004022098731e-184
6.1100000000000003197 9.9669903762128484455e-187 -9.9669903762128484455e-187
6.1200000000000001066 1.6320186293164421846e-189 -1.6320186293164421846e-189
6.1299999999999998934 2.5471763176987363036e-192 -2.5471763176987363036e-192
6.1400000000000005684 3.789358694880426452e-195 -3.789358694880426452e-195
6.1500000000000003553 5.3733512008782717262e-198 -5.3733512008782717262e-198
6.1600000000000001421 7.2626903413340120188e-201 -7.2626903413340120188e-201
6.1699999999999999289 9.3566979201358872389e-204 -9.3566979201358872389e-204
6.1799999999999997158 1.149001140025453662e-206 -1.149001140025453662e-206
6.1900000000000003908 1.3449033355013128056e-209 -1.3449033355013128056e-209
6.2000000000000001776 1.5004945835246886486e-212 1.9969884306192398071e-06
6.2099999999999999645 1.595697387888637331e-215 -1.595697387888637331e-215
6.2199999999999997513 1.6174816690066415163e-218 -1.6174816690066415163e-218
6.2300000000000004263 1.5627910773753406442e-221 -1.5627910773753406442e-221
6.2400000000000002132 1.4392465318890495148e-224 -1.4392465318890495148e-224
6.25 1.2634037585559355334e-227 -1.2634037585559355334e-227
6.2599999999999997868 1.0571140211448395246e-230 -1.0571140211448395246e-230
6.2700000000000004619 8.4309048705039982902e-234 -8.4309048705039982902e-234
6.2800000000000002487 6.4091321106736790266e-237 -6.4091321106736790266e-237
6.2900000000000000355 4.6440504528539666875e-240 -4.6440504528539666875e-240
6.2999999999999998224 3.2075046716783071846e-243 -3.2075046716783071846e-243
6.3100000000000004974 2.1115935216584580531e-246 -2.1115935216584580531e-246
6.3200000000000002842 1.3250308553262986045e-249 -1.3250308553262986045e-249
6.3300000000000000711 7.9252742936054110137e-253 1.9969884306192398071e-06
6.3399999999999998579 4.5183018910866337803e-256 -4.5183018910866337803e-256
6.3500000000000005329 2.4553240239339497417e-259 -2.4553240239339497417e-259
6.3600000000000003197 1.271788809955129472e-262 -1.271788809955129472e-262
6.3700000000000001066 6.2790479115450283188e-266 -6.2790479115450283188e-266
6.3799999999999998934 2.9549164019821861307e-269 -2.9549164019821861307e-269
6.3900000000000005684 1.3254678499809910414e-272 -1.3254678499809910414e-272
6.4000000000000003553 5.6671641030404417382e-276 -5.6671641030404417382e-276
6.4100000000000001421 2.3095903893737250866e-279 -2.3095903893737250866e-279
6.4199999999999999289 8.9717407800386884253e-283 -8.9717407800386884253e-283
6.4299999999999997158 3.321934327176603531e-286 -3.321934327176603531e-286
6.4400000000000003908 1.1724057338141181165e-289 -1.1724057338141181165e-289
6.4500000000000001776 3.9440043474250084726e-293 -3.9440043474250084726e-293
6.4599999999999999645 1.2646472100349141011e-296 -1.2646472100349141011e-296
6.4699999999999997513 3.8652175586409610268e-300 -3.8652175586409610268e-300
6.4800000000000004263 1.1260327964283074364e-303 -1.1260327964283074364e-303
6.4900000000000002132 3.1268041004641539164e-307 -3.1268041004641539164e-307
6.5 8.276044883168289285e-311 -8.276044883168289285e-311
6.5099999999999997868 2.087937660745083635e-314 -2.087937660745083635e-314
6.5200000000000004619 5.0209322445487511803e-318 -5.0209322445487511803e-318
6.5300000000000002487 1.1511729548101044479e-321 -1.1511729548101044479e-321
6.5400000000000000355 0 0
6.5499999999999998224 0 0
6.5600000000000004974 0 0
6.5700000000000002842 0 0
6.5800000000000000711 0 0
6.5899999999999998579 0 0
6.6000000000000005329 0 0
6.6100000000000003197 0 0
6.6200000000000001066 0 0
6.6299999999999998934 0 0
6.6400000000000005684 0 0
6.6500000000000003553 0 0
6.6600000000000001421 0 0
6.6699999999999999289 0 0
6.6799999999999997158 0 0
6.6900000000000003908 0 0
6.7000000000000001776 0 0
6.7099999999999999645 0 0
6.7199999999999997513 0 0
6.7300000000000004263 0 0
6.7400000000000002132 0 0
6.75 0 0
6.7599999999999997868 0 0
6.7700000000000004619 0 0
6.7800000000000002487 0 0
6.7900000000000000355 0 0
6.7999999999999998224 0 0
6.8100000000000004974 0 0
6.8200000000000002842 0 0
6.8300000000000000711 0 0
6.8399999999999998579 0 0
6.8500000000000005329 0 0
6.8600000000000003197 0 0
6.8700000000000001066 0 0
6.8799999999999998934 0 1.9969884306192398071e-06
6.8900000000000005684 0 0
6.9000000000000003553 0 0
6.9100000000000001421 0 0
6.9199999999999999289 0 1.9969884306192398071e-06
6.9299999999999997158 0 0
6.9400000000000003908 0 0
6.9500000000000001776 0 0
6.9599999999999999645 0 0
6.9699999999999997513 0 0
6.9800000000000004263 0 0
6.9900000000000002132 0 1.9969884306192398071e-06
7 0 0
7.0099999999999997868 0 0
7.0200000000000004619 0 0
7.0300000000000002487 0 0
7.0400000000000000355 0 0
7.0499999999999998224 0 0
7.0600000000000004974 0 0
7.0700000000000002842 0 0
7.0800000000000000711 0 1.9969884306192398071e-06
7.0899999999999998579 0 0
7.1000000000000005329 0 0
7.1100000000000003197 0 0
7.1200000000000001066 0 0
7.1299999999999998934 0 0
7.1400000000000005684 0 0
7.1500000000000003553 0 0
7.1600000000000001421 0 0
7.1699999999999999289 0 0
7.1799999999999997158 0 0
7.1900000000000003908 0 0
7.2000000000000001776 0 1.9969884306192398071e-06
7.2099999999999999645 0 0
7.2199999999999997513 0 0
7.2300000000000004263 0 0
7.2400000000000002132 0 0
7.25 0 0
7.2599999999999997868 0 0
7.2700000000000004619 0 0
7.2800000000000002487 0 0
7.2900000000000000355 0 0
7.2999999999999998224 0 0
7.3100000000000004974 0 0
7.3200000000000002842 0 0
7.3300000000000000711 0 0
7.3399999999999998579 0 0
7.3500000000000005329 0 0
7.3600000000000003197 0 0
7.3700000000000001066 0 0
7.3799999999999998934 0 0
7.3900000000000005684 0 0
7.4000000000000003553 0 0
7.4100000000000001421 0 0
7.4199999999999999289 0 1.9969884306192398071e-06
7.4299999999999997158 0 0
7.4400000000000003908 0 0
7.4500000000000001776 0 0
7.4599999999999999645 0 0
7.4699999999999997513 0 0
7.4800000000000004263 0 0
7.4900000000000002132 0 0
7.5 0 0
7.5099999999999997868 0 0
7.5200000000000004619 0 0
7.5300000000000002487 0 0
7.5400000000000000355 0 0
7.5499999999999998224 0 0
7.5600000000000004974 0 0
7.5700000000000002842 0 0
7.5800000000000000711 0 0
7.5899999999999998579 0 0
7.6000000000000005329 0 0
7.6100000000000003197 0 0
7.6200000000000001066 0 0
7.6299999999999998934 0 0
7.6400000000000005684 0 0
7.6500000000000003553 0 1.9969884306192398071e-06
7.6600000000000001421 0 0
7.6699999999999999289 0 0
7.6799999999999997158 0 1.9969884306192398071e-06
7.6900000000000003908 0 1.9969884306192398071e-06
7.7000000000000001776 0 1.9969884306192398071e-06
7.7099999999999999645 0 0
7.7199999999999997513 0 1.9969884306192398071e-06
7.7300000000000004263 0 3.9939768612384796143e-06
7.7400000000000002132 0 0
7.75 0 0
7.7599999999999997868 0 3.9939768612384796143e-06
7.7700000000000004619 0 0
7.7800000000000002487 0 1.9969884306192398071e-06
7.7900000000000000355 0 1.9969884306192398071e-06
7.7999999999999998224 0 1.9969884306192398071e-06
7.8100000000000004974 0 0
7.8200000000000002842 0 0
7.8300000000000000711 0 0
7.8399999999999998579 0 0
7.8500000000000005329 0 0
7.8600000000000003197 0 0
7.8700000000000001066 0 0
7.8799999999999998934 0 0
7.8900000000000005684 0 0
7.9000000000000003553 0 1.9969884306192398071e-06
7.9100000000000001421 0 0
7.9199999999999999289 0 0
7.930000000000000604 0 0
7.9400000000000003908 0 0
7.9500000000000001776 0 1.9969884306192398071e-06
7.9599999999999999645 0 0
7.9699999999999997513 0 0
7.9800000000000004263 0 0
7.9900000000000002132 0 0
8 0 0
8.0099999999999997868 0 0
8.0199999999999995737 0 0
8.0299999999999993605 0 0
8.0400000000000009237 0 0
8.0500000000000007105 0 0
8.0600000000000004974 0 0
8.0700000000000002842 0 0
8.0800000000000000711 0 0
8.0899999999999998579 0 0
8.0999999999999996447 0 0
8.1099999999999994316 0 0
8.1200000000000009948 0 0
8.1300000000000007816 0 0
8.1400000000000005684 0 1.9969884306192398071e-06
8.1500000000000003553 0 0
8.1600000000000001421 0 0
8.1699999999999999289 0 0
8.1799999999999997158 0 0
8.1899999999999995026 0 0
8.1999999999999992895 0 0
8.2100000000000008527 0 0
8.2200000000000006395 0 0
8.2300000000000004263 0 0
8.2400000000000002132 0 0
8.25 0 0
8.2599999999999997868 0 0
8.2699999999999995737 0 0
8.2799999999999993605 0 1.9969884306192398071e-06
8.2900000000000009237 0 0
8.3000000000000007105 0 0
8.3100000000000004974 0 0
8.3200000000000002842 0 0
8.3300000000000000711 0 0
8.3399999999999998579 0 0
8.3499999999999996447 0 0
8.3599999999999994316 0 0
8.3700000000000009948 0 0
8.3800000000000007816 0 0
8.3900000000000005684 0 0
8.4000000000000003553 0 0
8.4100000000000001421 0 0
8.4199999999999999289 0 0
8.4299999999999997158 0 0
8.4399999999999995026 0 0
8.4499999999999992895 0 0
8.4600000000000008527 0 0
8.4700000000000006395 0 0
8.4800000000000004263 0 0
8.4900000000000002132 0 0
8.5 0 0
8.5099999999999997868 0 0
8.5199999999999995737 0 0
8.5299999999999993605 0 0
8.5400000000000009237 0 0
8.5500000000000007105 0 0
8.5600000000000004974 0 0
8.5700000000000002842 0 0
8.5800000000000000711 0 0
8.5899999999999998579 0 0
8.5999999999999996447 0 0
8.6099999999999994316 0 0
8.6200000000000009948 0 0
8.6300000000000007816 0 0
8.6400000000000005684 0 0
8.6500000000000003553 0 0
8.6600000000000001421 0 0
8.6699999999999999289 0 0
8.6799999999999997158 0 0
8.6899999999999995026 0 0
8.7000000000000010658 0 0
8.7100000000000008527 0 0
8.7200000000000006395 0 0
8.7300000000000004263 0 0
8.7400000000000002132 0 0
8.75 0 1.9969884306192398071e-06
8.7599999999999997868 0 0
8.7699999999999995737 0 0
8.7799999999999993605 0 0
8.7900000000000009237 0 0
8.8000000000000007105 0 0
8.8100000000000004974 0 0
8.8200000000000002842 0 0
8.8300000000000000711 0 0
8.8399999999999998579 0 0
8.8499999999999996447 0 0
8.8599999999999994316 0 0
8.8700000000000009948 0 1.9969884306192398071e-06
8.8800000000000007816 0 0
8.8900000000000005684 0 0
8.9000000000000003553 0 0
8.9100000000000001421 0 1.9969884306192398071e-06
8.9199999999999999289 0 0
8.9299999999999997158 0 1.9969884306192398071e-06
8.9399999999999995026 0 0
8.9500000000000010658 0 1.9969884306192398071e-06
8.9600000000000008527 0 0
8.9700000000000006395 0 1.9969884306192398071e-06
8.9800000000000004263 0 0
8.9900000000000002132 0 0
9 0 0
9.0099999999999997868 0 1.9969884306192398071e-06
9.0199999999999995737 0 0
9.0299999999999993605 0 1.9969884306192398071e-06
9.0400000000000009237 0 0
9.0500000000000007105 0 1.9969884306192398071e-06
9.0600000000000004974 0 1.9969884306192398071e-06
9.0700000000000002842 0 0
9.0800000000000000711 0 0
9.0899999999999998579 0 0
9.0999999999999996447 0 0
9.1099999999999994316 0 0
9.1200000000000009948 0 1.9969884306192398071e-06
9.1300000000000007816 0 0
9.1400000000000005684 0 0
9.1500000000000003553 0 3.9939768612384796143e-06
9.1600000000000001421 0 0
9.1699999999999999289 0 0
9.1799999999999997158 0 0
9.1899999999999995026 0 0
9.2000000000000010658 0 0
9.2100000000000008527 0 1.9969884306192398071e-06
9.2200000000000006395 0 0
9.2300000000000004263 0 0
9.2400000000000002132 0 0
9.25 0 0
9.2599999999999997868 0 0
9.2699999999999995737 0 0
9.2799999999999993605 0 1.9969884306192398071e-06
9.2900000000000009237 0 0
9.3000000000000007105 0 1.9969884306192398071e-06
9.3100000000000004974 0 0
9.3200000000000002842 0 1.9969884306192398071e-06
9.3300000000000000711 0 0
9.3399999999999998579 0 0
9.3499999999999996447 0 1.9969884306192398071e-06
9.3599999999999994316 0 1.9969884306192398071e-06
9.3700000000000009948 0 5.9909657466050703079e-06
9.3800000000000007816 0 3.9939768612384796143e-06
9.3900000000000005684 0 1.9969884306192398071e-06
9.4000000000000003553 0 5.9909657466050703079e-06
9.4100000000000001421 0 1.9969884306192398071e-06
9.4199999999999999289 0 5.9909657466050703079e-06
9.4299999999999997158 0 3.9939768612384796143e-06
9.4399999999999995026 0 9.9849430625909008086e-06
9.4500000000000010658 0 5.9909657466050703079e-06
9.4600000000000008527 0 5.9909657466050703079e-06
9.4700000000000006395 0 1.3978919923829380423e-05
9.4800000000000004263 0 1.3978919923829380423e-05
9.4900000000000002132 0 1.3978919923829380423e-05
9.5 0 5.9909657466050703079e-06
9.5099999999999997868 0 1.1981931493210140616e-05
9.5199999999999995737 0 1.7972897694562558422e-05
9.5299999999999993605 0 1.5975907444953918457e-05
9.5400000000000009237 0 1.3978919923829380423e-05
9.5500000000000007105 0 9.9849430625909008086e-06
9.5600000000000004974 0 1.7972897694562558422e-05
9.5700000000000002842 0 2.1966874555801041424e-05
9.5800000000000000711 0 1.9969886125181801617e-05
9.5899999999999998579 0 1.9969884306192398071e-06
9.5999999999999996447 0 5.9909657466050703079e-06
9.6099999999999994316 0 1.1981931493210140616e-05
9.6200000000000009948 0 3.9939768612384796143e-06
9.6300000000000007816 0 9.9849430625909008086e-06
9.6400000000000005684 0 1.1981931493210140616e-05
9.6500000000000003553 0 1.3978919923829380423e-05
9.6600000000000001421 0 7.9879537224769592285e-06
9.6699999999999999289 0 1.9969884306192398071e-06
9.6799999999999997158 0 3.9939768612384796143e-06
9.6899999999999995026 0 7.9879537224769592285e-06
9.7000000000000010658 0 0
9.7100000000000008527 0 3.9939768612384796143e-06
9.7200000000000006395 0 0
9.7300000000000004263 0 1.9969884306192398071e-06
9.7400000000000002132 0 0
9.75 0 1.9969884306192398071e-06
9.7599999999999997868 0 0
9.7699999999999995737 0 0
9.7799999999999993605 0 0
9.7900000000000009237 0 0
9.8000000000000007105 0 0
9.8100000000000004974 0 0
9.8200000000000002842 0 0
9.8300000000000000711 0 0
9.8399999999999998579 0 0
9.8499999999999996447 0 0
9.8599999999999994316 0 0
9.8700000000000009948 0 0
9.8800000000000007816 0 0
9.8900000000000005684 0 0
9.9000000000000003553 0 0
9.9100000000000001421 0 0
9.9199999999999999289 0 0
9.9299999999999997158 0 0
9.9399999999999995026 0 0
9.9500000000000010658 0 0
9.9600000000000008527 0 0
9.9700000000000006395 0 0
9.9800000000000004263 0 0
9.9900000000000002132 0 0
10 0 0
10.009999999999999787 0 0
10.019999999999999574 0 0
10.029999999999999361 0 0
10.040000000000000924 0 0
10.050000000000000711 0 0
10.060000000000000497 0 0
10.070000000000000284 0 0
10.080000000000000071 0 0
10.089999999999999858 0 0
10.099999999999999645 0 0
10.109999999999999432 0 0
10.120000000000000995 0 0
10.130000000000000782 0 0
10.140000000000000568 0 0
10.150000000000000355 0 0
10.160000000000000142 0 0
10.169999999999999929 0 0
10.179999999999999716 0 0
10.189999999999999503 0 0
10.200000000000001066 0 0
10.210000000000000853 0 0
10.220000000000000639 0 0
10.230000000000000426 0 0
