0 4.345260702069237402e-283 -4.345260702069237402e-283
0.010000000000000000208 1.5200827184068805926e-280 -1.5200827184068805926e-280
0.020000000000000000416 5.1769773502890437896e-278 -5.1769773502890437896e-278
0.02999999999999999889 1.7164966800851759421e-275 -1.7164966800851759421e-275
0.040000000000000000833 5.5407343726800972495e-273 -5.5407343726800972495e-273
0.050000000000000002776 1.7412027814556339612e-270 -1.7412027814556339612e-270
0.05999999999999999778 5.3270777299237421223e-268 -5.3270777299237421223e-268
0.070000000000000006661 1.58666913998660993e-265 -1.58666913998660993e-265
0.080000000000000001665 4.600884974428012669e-263 -4.600884974428012669e-263
0.089999999999999996669 1.2988351581135440901e-260 -1.2988351581135440901e-260
0.10000000000000000555 3.5696394770780497655e-258 -3.5696394770780497655e-258
0.11000000000000000056 9.5510767580243324414e-256 -9.5510767580243324414e-256
0.11999999999999999556 2.4879289538541918117e-253 -2.4879289538541918117e-253
0.13000000000000000444 6.3093013774427053259e-251 -6.3093013774427053259e-251
0.14000000000000001332 1.5576943012927831444e-248 -1.5576943012927831444e-248
0.14999999999999999445 3.7440431799094644984e-246 4.7977355279726907611e-05
0.16000000000000000333 8.7610695113906641706e-244 6.1970749811735004187e-05
0.17000000000000001221 1.9958645433165231319e-241 4.7977355279726907611e-05
0.17999999999999999334 4.4265223299859209937e-239 4.1980183596024289727e-05
0.19000000000000000222 9.5576674461610274731e-237 3.7982073990860947151e-05
0.2000000000000000111 2.0090874046396205877e-234 6.3969804614316672087e-05
0.20999999999999999223 4.1115294573344130585e-232 6.3969804614316672087e-05
0.22000000000000000111 8.1915415950815439551e-230 4.7977355279726907611e-05
0.23000000000000000999 1.588859646823652786e-227 5.3974523325450718403e-05
0.23999999999999999112 3.0002889950190118161e-225 5.3974523325450718403e-05
0.25 5.5156703532226633707e-223 4.7977355279726907611e-05
0.26000000000000000888 9.8716824234304239474e-221 4.5978296839166432619e-05
0.27000000000000001776 1.720052520796834483e-218 4.1980183596024289727e-05
0.28000000000000002665 2.91776224394571746e-216 5.5973581766011186618e-05
0.28999999999999998002 4.8185431440761916365e-214 5.1975468522869050503e-05
0.2999999999999999889 7.747101806949963184e-212 4.5978296839166432619e-05
0.30999999999999999778 1.2126080138386205238e-209 5.3974523325450718403e-05
0.32000000000000000666 1.8478183026775190573e-207 5.1975468522869050503e-05
0.33000000000000001554 2.7412948772015318784e-205 5.7972636568592861295e-05
0.34000000000000002442 3.9592224561615903253e-203 3.9981128793442621827e-05
0.35000000000000003331 5.5670063055076900639e-201 5.9971695009153343063e-05
0.35999999999999998668 7.6206353665930516012e-199 5.1975468522869050503e-05
0.36999999999999999556 1.0155897527593249031e-196 5.7972636568592861295e-05
0.38000000000000000444 1.3176591982580316615e-194 6.1970749811735004187e-05
0.39000000000000001332 1.6643533922063829638e-192 5.3974523325450718403e-05
0.4000000000000000222 2.0466597678002825642e-190 4.1980183596024289727e-05
0.41000000000000003109 2.4502106266278057434e-188 2.3988677639863450417e-05
0.41999999999999998446 2.8557411870894581747e-186 4.9976410082308582287e-05
0.42999999999999999334 3.2403500651759110367e-184 5.7972636568592861295e-05
0.44000000000000000222 3.5795025506559064784e-182 4.7977355279726907611e-05
0.4500000000000000111 3.849559894157894141e-180 5.1975468522869050503e-05
0.46000000000000001998 4.0304834807531117833e-178 5.7972636568592861295e-05
0.47000000000000002887 4.1082878913351963343e-176 4.1980183596024289727e-05
0.47999999999999998224 4.076826723046319284e-174 5.9971695009153343063e-05
0.48999999999999999112 3.9385947367768858084e-172 3.3983960747718811035e-05
0.5 3.7044010524899148819e-170 3.9981128793442621827e-05
0.51000000000000000888 3.3919728014242252061e-168 6.1970749811735004187e-05
0.52000000000000001776 3.0237395680948495316e-166 3.9981128793442621827e-05
0.53000000000000002665 2.6241826783307574612e-164 4.3979242036584757943e-05
0.54000000000000003553 2.2171823130672774501e-162 6.996697629801928997e-05
0.55000000000000004441 1.823754624065984827e-160 4.5978296839166432619e-05
0.56000000000000005329 1.4604579804092783469e-158 3.7982073990860947151e-05
0.57000000000000006217 1.1385952977158505727e-156 7.196603110060095787e-05
0.57999999999999996003 8.6418627618922892145e-155 4.3979242036584757943e-05
0.58999999999999996891 6.3856190199793366876e-153 3.9981128793442621827e-05
0.5999999999999999778 4.5936330778964978029e-151 3.7982073990860947151e-05
0.60999999999999998668 3.2171199988824717153e-149 3.9981128793442621827e-05
0.61999999999999999556 2.193491106972328011e-147 4.5978296839166432619e-05
0.63000000000000000444 1.4560026155059626034e-145 6.1970749811735004187e-05
0.64000000000000001332 9.4090568340312467081e-144 5.9971695009153343063e-05
0.6500000000000000222 5.9195363001026662527e-142 6.1970749811735004187e-05
0.66000000000000003109 3.6256589038549494151e-140 5.5973581766011186618e-05
0.67000000000000003997 2.1619411076200816139e-138 4.1980183596024289727e-05
0.68000000000000004885 1.2550425046606731963e-136 3.9981128793442621827e-05
0.69000000000000005773 7.0930115808123815936e-135 4.7977355279726907611e-05
0.70000000000000006661 3.9026586151491183437e-133 5.1975468522869050503e-05
0.70999999999999996447 2.0904901075562559995e-131 5.9971695009153343063e-05
0.71999999999999997335 1.0901677492776150918e-129 4.3979242036584757943e-05
0.72999999999999998224 5.5347269831440281987e-128 3.3983960747718811035e-05
0.73999999999999999112 2.7356260792448669612e-126 3.9981128793442621827e-05
0.75 1.3163607586270573388e-124 5.1975468522869050503e-05
0.76000000000000000888 6.1666709996311972195e-123 5.3974523325450718403e-05
0.77000000000000001776 2.812446630626484011e-121 4.5978296839166432619e-05
0.78000000000000002665 1.2487498833514818755e-119 4.5978296839166432619e-05
0.79000000000000003553 5.3978932418000187388e-118 3.7982073990860947151e-05
0.80000000000000004441 2.2715943550210347683e-116 5.1975468522869050503e-05
0.81000000000000005329 9.3066831878752862286e-115 5.5973581766011186618e-05
0.82000000000000006217 3.7120749735799087878e-113 3.9981128793442621827e-05
0.83000000000000007105 1.4414387990236158371e-111 6.1970749811735004187e-05
0.83999999999999996891 5.4492073766190013037e-110 3.3983960747718811035e-05
0.8499999999999999778 2.0055252007652913587e-108 7.196603110060095787e-05
0.85999999999999998668 7.1858900990107821204e-107 2.9985847504576671531e-05
0.86999999999999999556 2.5066325657991585348e-105 3.9981128793442621827e-05
0.88000000000000000444 8.5125258563485346725e-104 5.5973581766011186618e-05
0.89000000000000001332 2.8143873498889962828e-102 5.1975468522869050503e-05
0.9000000000000000222 9.0587224933852254523e-101 5.5973581766011186618e-05
0.91000000000000003109 2.8386228914957649503e-99 3.9981128793442621827e-05
0.92000000000000003997 8.659764973872821639e-98 5.9971695009153343063e-05
0.93000000000000004885 2.5719479169113198765e-96 3.7982073990860947151e-05
0.94000000000000005773 7.4366251927868208214e-95 2.7986790883005600085e-05
0.95000000000000006661 2.0933761741958532468e-93 5.3974523325450718403e-05
0.95999999999999996447 5.7368873207152112716e-92 4.1980183596024289727e-05
0.96999999999999997335 1.5306046290903199264e-90 4.7977355279726907611e-05
0.97999999999999998224 3.975643048997849897e-89 6.1970749811735004187e-05
0.98999999999999999112 1.0053317679974688735e-87 5.9971695009153343063e-05
1 2.4749651472663861156e-86 4.9976410082308582287e-05
1.0100000000000000089 5.9317990259285305098e-85 4.3979242036584757943e-05
1.0200000000000000178 1.384080750991258681e-83 7.196603110060095787e-05
1.0300000000000000266 3.144083625301855678e-82 3.7982073990860947151e-05
1.0400000000000000355 6.9531949854470884619e-81 6.996697629801928997e-05
1.0500000000000000444 1.4970364937341042612e-79 4.7977355279726907611e-05
1.0600000000000000533 3.1378922466634309251e-78 5.1975468522869050503e-05
1.0700000000000000622 6.4032627710200773088e-77 8.7958484073169529438e-05
1.0800000000000000711 1.2721030157268276645e-75 5.3974523325450718403e-05
1.0900000000000000799 2.4603727004967780523e-74 4.5978296839166432619e-05
1.1000000000000000888 4.6327319918162795998e-73 3.9981128793442621827e-05
1.1100000000000000977 8.4924131298621437019e-72 4.5978296839166432619e-05
1.1200000000000001066 1.5155934134206242964e-70 5.7972636568592861295e-05
1.1300000000000001155 2.6332492241801121604e-69 6.796792149543762207e-05
1.1400000000000001243 4.454088891897622795e-68 6.1970749811735004187e-05
1.1500000000000001332 7.3347185730626567685e-67 5.1975468522869050503e-05
1.1599999999999999201 1.1758872716476469722e-65 4.1980183596024289727e-05
1.1699999999999999289 1.8352937403399181204e-64 4.3979242036584757943e-05
1.1799999999999999378 2.7887086058511478579e-63 6.5968859416898339987e-05
1.1899999999999999467 4.1253267224354010692e-62 6.5968859416898339987e-05
1.1999999999999999556 5.9411596480628893043e-61 4.5978296839166432619e-05
1.2099999999999999645 8.329937731372790463e-60 7.196603110060095787e-05
1.2199999999999999734 1.1370248247357109719e-58 4.9976410082308582287e-05
1.2299999999999999822 1.5109698489002878673e-57 3.7982073990860947151e-05
1.2399999999999999911 1.9547864012415144142e-56 3.9981128793442621827e-05
1.25 2.4620704723372894067e-55 5.9971695009153343063e-05
1.2600000000000000089 3.0189735618570652157e-54 3.9981128793442621827e-05
1.2700000000000000178 3.6039254564683299419e-53 4.5978296839166432619e-05
1.2800000000000000266 4.1884173382089620316e-52 5.1975468522869050503e-05
1.2900000000000000355 4.7389459734300183641e-51 4.5978296839166432619e-05
1.3000000000000000444 5.2200086891929962497e-50 4.3979242036584757943e-05
1.3100000000000000533 5.5978125813231620701e-49 5.3974523325450718403e-05
1.3200000000000000622 5.8441740486734391852e-48 3.9981128793442621827e-05
1.3300000000000000711 5.9399882860542383002e-47 4.1980183596024289727e-05
1.3400000000000000799 5.8776767144151265972e-46 4.1980183596024289727e-05
1.3500000000000000888 5.6621772626339930941e-45 3.5983015550300478935e-05
1.3600000000000000977 5.3102979271741518845e-44 6.796792149543762207e-05
1.3700000000000001066 4.8485510505104126015e-43 5.5973581766011186618e-05
1.3800000000000001155 4.3098555810279416719e-42 6.796792149543762207e-05
1.3900000000000001243 3.7296761393813726968e-41 5.5973581766011186618e-05
1.4000000000000001332 3.1422243246286563202e-40 6.3969804614316672087e-05
1.4099999999999999201 2.5772758835869225613e-39 8.1961312389466911554e-05
1.4199999999999999289 2.0579854178620104539e-38 6.796792149543762207e-05
1.4299999999999999378 1.5998576267950788725e-37 5.1975468522869050503e-05
1.4399999999999999467 1.2108156855098672407e-36 5.9971695009153343063e-05
1.4499999999999999556 8.9213874385679053551e-36 5.5973581766011186618e-05
1.4599999999999999645 6.399476106223510336e-35 5.1975468522869050503e-05
1.4699999999999999734 4.4690385712900125853e-34 4.1980183596024289727e-05
1.4799999999999999822 3.0383754872904303731e-33 4.7977355279726907611e-05
1.4899999999999999911 2.0110665566207008003e-32 4.5978296839166432619e-05
1.5 1.2958928799080349059e-31 4.5978296839166432619e-05
1.5100000000000000089 8.1296045959722528011e-31 7.5964147981721907854e-05
1.5200000000000000178 4.9650931654144860369e-30 3.9981128793442621827e-05
1.5300000000000000266 2.952181406142712309e-29 5.7972636568592861295e-05
1.5400000000000000355 1.7088987758229593294e-28 6.996697629801928997e-05
1.5500000000000000444 9.6304658673573788773e-28 3.3983960747718811035e-05
1.5600000000000000533 5.2836727780096666235e-27 4.3979242036584757943e-05
1.5700000000000000622 2.8221636280503016521e-26 5.3974523325450718403e-05
1.5800000000000000711 1.4675270895399618675e-25 6.996697629801928997e-05
1.5900000000000000799 7.4292970392822114386e-25 5.1975468522869050503e-05
1.6000000000000000888 3.6615669401808905908e-24 6.3969804614316672087e-05
1.6100000000000000977 1.7568872590481348868e-23 5.3974523325450718403e-05
1.6200000000000001066 8.2068872704500868768e-23 4.5978296839166432619e-05
1.6300000000000001155 3.7322497897578932825e-22 4.5978296839166432619e-05
1.6400000000000001243 1.6524205830976965736e-21 4.9976410082308582287e-05
1.6500000000000001332 7.1224293406180044808e-21 8.5959429270587847985e-05
1.6600000000000001421 2.9887759671419468583e-20 5.797263656859283419e-05
1.6699999999999999289 1.221001605251932103e-19 8.9957538875751075365e-05
1.6799999999999999378 4.8562022631684609393e-19 5.7972636568592373404e-05
1.6899999999999999467 1.8803338256604513885e-18 5.797263656859098427e-05
1.6999999999999999556 7.0881158969812183616e-18 6.3969804614309584115e-05
1.7099999999999999645 2.6012633438362129361e-17 8.1961312389440904255e-05
1.7199999999999999734 9.293846428253135706e-17 8.1961312389373968323e-05
1.7299999999999999822 3.232691959092562867e-16 9.7953765361712214692e-05
1.7399999999999999911 1.0946891535364841461e-15 9.195659367723817341e-05
1.75 3.6089010087579311545e-15 9.9952820161008248566e-05
1.7600000000000000089 1.1582886220556261173e-14 5.797263655700997712e-05
1.7700000000000000178 3.6192308386504283687e-14 6.9966976261826981597e-05
1.7800000000000000266 1.1009648759977809069e-13 5.797263645849637262e-05
1.7900000000000000355 3.2605311774791743094e-13 5.997169468310022762e-05
1.8000000000000000444 9.4007177723626003326e-13 4.997640914223680427e-05
1.8100000000000000533 2.6387091875381396778e-12 7.396508326447344189e-05
1.8200000000000000622 7.210743895997618609e-12 6.1970742600991107134e-05
1.8300000000000000711 1.9183459950699591942e-11 6.5968840233438384344e-05
1.8400000000000000799 4.9685841892726102207e-11 5.1975418837027156796e-05
1.8500000000000000888 1.2528471313016434565e-10 5.9971569724440210744e-05
1.8600000000000000977 3.0755632504425218564e-10 4.9976102525983536243e-05
1.8700000000000001066 7.3504629387471869192e-10 4.9975675036014710856e-05
1.8800000000000001155 1.7102979136239433768e-09 5.7970926270679239806e-05
1.8900000000000001243 3.8743724124254539406e-09 4.1976309223611864437e-05
1.9000000000000001332 8.5449912145738191914e-09 6.3961259623102103135e-05
1.9100000000000001421 1.8349079992316187026e-08 3.5964666470308164436e-05
1.9199999999999999289 3.8364179230221357512e-08 5.3936159146220493895e-05
1.9299999999999999378 7.8103239210532237414e-08 3.5904912311089948326e-05
1.9399999999999999467 1.5483659611152495265e-07 6.7813084899326090738e-05
1.9499999999999999556 2.9893586897958978702e-07 6.7668985626458030272e-05
1.9599999999999999645 5.6212117745018111208e-07 5.7410515391142680924e-05
1.9699999999999999734 1.0296422690832059249e-06 5.2944881056367511631e-05
1.9799999999999999822 1.8374379249419608902e-06 6.4131421491956381426e-05
1.9899999999999999911 3.1950707689763015725e-06 7.4768132015327272064e-05
2 5.4145688602291138544e-06 6.8550517042953508528e-05
2.0100000000000002309 8.9440519255926143624e-06 5.5025752688724061112e-05
2.0200000000000000178 1.4403040193502076663e-05 6.7558272195964829809e-05
2.0300000000000002487 2.2613605451374885956e-05 7.5340159910660593778e-05
2.0400000000000000355 3.4618219955342283134e-05 4.134592802637962472e-05
2.0499999999999998224 5.1671859298241754478e-05 5.8276242155241350228e-05
2.0600000000000000533 7.5193703709751504938e-05 4.0751569427434190546e-05
2.0699999999999998401 0.00010666426153481845408 3.5268745863801739555e-05
2.0800000000000000711 0.00014745874966749973221 -9.5238518740428201696e-06
2.0899999999999998579 0.00019861849805113957054 -2.8698694312545461153e-05
2.1000000000000000888 0.00026057890410827102157 -2.469024822873621349e-05
2.1099999999999998757 0.00033289246150335224071 -1.3043431155811266095e-05
2.1200000000000001066 0.00041400321153659864907 -4.2178727218103852312e-05
2.1299999999999998934 0.00050113734690657857351 -9.5328901840364965725e-05
2.1400000000000001243 0.0005903669654245252002 -5.0621703066187559439e-05
2.1499999999999999112 0.00067687728939988436438 -0.00013513300134279551245
2.1600000000000001421 0.00075542558482176002787 -0.00012572282724341687487
2.1699999999999999289 0.00082093272812516001214 -3.1305411717300686732e-05
2.1800000000000001599 0.00086910993272037724133 -0.00013745529289887765522
2.1899999999999999467 0.00089700643857728754819 -0.00014336216682355915845
2.2000000000000001776 0.00090337554017514191083 -0.00013173974609434805326
2.2099999999999999645 0.00088879361262119230009 -0.00010716251542365964628
2.2200000000000001954 0.00085551901458383696527 -0.00025180394033522503824
2.2299999999999999822 0.00080713006156922365627 -0.00015943578166381503543
2.2400000000000002132 0.0007480201490092390406 -0.00020027866744057472824
2.25 0.00068284556912116996241 -0.00025304843732014588309
2.2600000000000002309 0.00061601671145213314669 -0.00028017524268393882887
2.2700000000000000178 0.00055130121510264568259 -0.00032740688803860090901
2.2800000000000002487 0.00049157647877847462752 -0.00026968120651701152184
2.2900000000000000355 0.00043873716691367138556 -0.00027881265173990089825
2.3000000000000002665 0.00039373747254117037915 -0.00026779691811511870288
2.3100000000000000533 0.00035673150712116054534 -0.00025278057007542244434
2.3199999999999998401 0.00032726902282569119351 -0.00019533130399189448643
2.3300000000000000711 0.00030450626741882559677 -0.00020255438517566919077
2.3399999999999998579 0.00028740035514783832246 -0.00018344941810210022145
2.3500000000000000888 0.00027486693210470344688 -0.00017291504986154704088
2.3599999999999998757 0.00026589227829368615886 -0.00017393568461535329362
2.3700000000000001066 0.0002596002982543064194 -0.00012766257942050971232
2.3799999999999998934 0.00025528109509129871075 -0.00011534714249526010371
2.3900000000000001243 0.00025239091264107579079 -0.00011845412445278218744
2.3999999999999999112 0.00025053373077690447917 -0.00012259412154827118921
2.4100000000000001421 0.00024943357525629699257 -0.00011749585642250028549
2.4199999999999999289 0.00024890451828425767507 -0.00010097434647789236932
2.4300000000000001599 0.00024882306658514143907 -0.00010089289477877613332
2.4399999999999999467 0.00024910557156528892117 -9.9176344956342028835e-05
2.4500000000000001776 0.00024969164236267435593 -0.00010376052535889074518
2.4599999999999999645 0.00025053334717982568168 -0.00011059939458378707463
2.4700000000000001954 0.00025158923222305191103 -0.00012165056819183689895
2.4799999999999999822 0.00025282182334507692862 -0.00012088410451128022154
2.4900000000000002132 0.00025419723765230734435 -0.00012825668322625564098
2.5 0.00025568573520529504304 -0.00013374329038440675678
2.5100000000000002309 0.00025726238141647806345 -0.00013132182699042636007
2.5200000000000000178 0.00025890736321039639015 -0.00012696964437659968307
2.5300000000000002487 0.00026060581994017089757 -0.00015665488289443279656
2.5400000000000000355 0.00026234726330522307102 -0.00015040009977320068424
2.5500000000000002665 0.0002641247598329343315 -0.00014618043189316694101
2.5600000000000000533 0.00026593405744576559778 -0.0001399935030197138944
2.5699999999999998401 0.00026777279191081697525 -0.00012583978451219678162
2.5800000000000000711 0.00026963984603308664397 -0.00012770683863446645034
2.5899999999999998579 0.00027153487945098478016 -0.0001495924346300964939
2.6000000000000000888 0.00027345801111454897487 -0.00014751745668849727149
2.6099999999999998757 0.00027540962039722231575 -0.00017745585503518683263
2.6200000000000001066 0.00027739023097137459339 -0.00014145438798049940346
2.6299999999999998934 0.00027940044745091222045 -0.00012547309668488670974
2.6400000000000001243 0.00028144092310859622442 -0.00019748055591654764497
2.6499999999999999112 0.00028351234461809776298 -0.0001575717901920460596
2.6600000000000001421 0.00028561542552072078684 -0.00017366826198869840005
2.6699999999999999289 0.00028775090389596239297 -0.00017980185724506101037
2.6800000000000001599 0.00028991954194985638431 -0.00017597332361525227541
2.6899999999999999467 0.00029212212644301005331 -0.00016818062681954004493
2.7000000000000001776 0.00029435946948301843894 -0.00017241702466213015268
2.7099999999999999645 0.00029663240948542659355 -0.00019667958932080944253
2.7200000000000001954 0.00029894181222845880343 -0.0001630059692375836135
2.7299999999999999822 0.00030128857197587164719 -0.00019134047052238854249
2.7400000000000002132 0.00030367361266113684741 -0.00020571984729910136429
2.75 0.00030609788913303414637 -0.00017216110094474054303
2.7600000000000002309 0.00030856238846521915741 -0.00019661522493319677062
2.7700000000000000178 0.00031106813133328903558 -0.0001791304124994923285
2.7800000000000002487 0.00031361617346336228629 -0.00018167845462956557921
2.7900000000000000355 0.00031620760715652388622 -0.00019426516233563559995
2.8000000000000002665 0.00031884356289382261409 -0.00020489734455921850519
2.8100000000000000533 0.00032152521102684494684 -0.00019758371140337493846
2.8199999999999998401 0.00032425376355925292172 -0.00020830849042206722624
2.8300000000000000711 0.00032703047602506465355 -0.00022507859378190824755
2.8399999999999998579 0.00032985664946988282973 -0.00020791420464899454347
2.8500000000000000888 0.00033273363254173832183 -0.00021279024252343162215
2.8599999999999998757 0.00033566282369870806311 -0.00023171188665296996211
2.8700000000000001066 0.00033864567354102340481 -0.00018871644693207651248
2.8799999999999998934 0.00034168368727595052094 -0.00022174029725764382126
2.8900000000000001243 0.00034477842732438872221 -0.00022283598250350043594
2.8999999999999999112 0.00034793151607880891917 -0.0002259890712579206329
2.9100000000000001421 0.00035114463882292826962 -0.00020921163142430807599
2.9199999999999999289 0.0003544195468243236378 -0.00023247710200343535154
2.9300000000000001599 0.00035775806061210947391 -0.00022182221762123428398
2.9399999999999999467 0.00036116207345276773533 -0.00023921962863187944907
2.9500000000000001776 0.00036463355503830449178 -0.00025868356318998466867
2.9599999999999999645 0.00036817455540207619322 -0.00023823589137086118115
2.9700000000000001954 0.00037178720907891297902 -0.00025784099074430887012
2.9799999999999999822 0.00037547373952757966478 -0.00021754827915639087248
2.9900000000000002132 0.00037923646383515146599 -0.00027728458159199508709
3 0.00038307779772457796865 -0.00027113063419255558186
3.0100000000000002309 0.00038700026088857536564 -0.00027305404255397125674
3.0200000000000000178 0.00039100648267502581936 -0.00026306687344639252939
3.0300000000000002487 0.00039509920815132841456 -0.00025316620075270822093
3.0400000000000000355 0.00039928130457761424298 -0.00025534924237641232724
3.0500000000000002665 0.00040355576832150200951 -0.00028161332350061372325
3.0600000000000000533 0.00040792573225007736776 -0.00028598328742918908149
3.0700000000000002842 0.0004123944736381473207 -0.00026046617767470350499
3.0800000000000000711 0.00041696542263551289367 -0.00027303336043431097793
3.0899999999999998579 0.0004216421713401349641 -0.00029969972651924667783
3.1000000000000000888 0.00042642848352860850038 -0.00022852189800195589335
3.1099999999999998757 0.00043132830510045279708 -0.00028139907849150593185
3.1200000000000001066 0.00043634577529836406648 -0.0002604288071520249534
3.1299999999999998934 0.00044148523877285086219 -0.00029555412176906722434
3.1400000000000001243 0.00044675125856672039506 -0.00028082957898520490405
3.1499999999999999112 0.00045214863010269802689 -0.00026823544274603235062
3.1600000000000001421 0.00045768239626625353443 -0.00028776259252765942504
3.1699999999999999289 0.0004633578636855348906 -0.00028943995034177749963
3.1800000000000001599 0.00046918062032135366812 -0.00027327308959728270187
3.1899999999999999467 0.00047515655449257123213 -0.00032522732788362431269
3.2000000000000001776 0.0004812918754762049423 -0.00030137679772470254763
3.2099999999999999645 0.0004875931358373339808 -0.00030967711288841330824
3.2200000000000001954 0.0004940672556616920643 -0.00030015877974020276596
3.2299999999999999822 0.00050072154888396018003 -0.00027282911221475207066
3.2400000000000002132 0.00050756375192765430197 -0.00031365527600616500362
3.25 0.00051460205489840815662 -0.00031469641456917385458
3.2600000000000002309 0.00052184513560202315605 -0.00030794609710280195034
3.2700000000000000178 0.00052930219669231114241 -0.00032739750156049517247
3.2800000000000002487 0.00053698300629225783048 -0.0003010943504127230495
3.2900000000000000355 0.00054489794247610174368 -0.00033499701358204387377
3.3000000000000002665 0.00055305804205051415593 -0.00032716466018388776866
3.3100000000000000533 0.0005614750541312507788 -0.00037556281197200338043
3.3200000000000002842 0.00057016149907874449573 -0.00034226906240953638635
3.3300000000000000711 0.00057913073343364960838 -0.00036723074973701007057
3.3399999999999998579 0.00058839702158322137321 -0.00030852911639114415912
3.3500000000000000888 0.00059797561499382067326 -0.00033210109341981518868
3.3599999999999998757 0.00060788283996646359005 -0.00029603002882924928704
3.3700000000000001066 0.00061813619501444744004 -0.00031827774179655365537
3.3799999999999998934 0.00062875445912861547496 -0.00038287051468425718033
3.3900000000000001243 0.00063975781239155400573 -0.00036388801680464018164
3.3999999999999999112 0.00065116797063279746594 -0.00041328025995068107127
3.4100000000000001421 0.00066300833609023526478 -0.00038314043089815805069
3.4199999999999999289 0.00067530416636708801795 -0.00038943909676726580016
3.4300000000000001599 0.00068808276436023256811 -0.0003842261724333449909
3.4399999999999999467 0.00070137369229781199465 -0.00039751710037092441745
3.4500000000000001776 0.00071520901357923383646 -0.00036937224169430072241
3.4599999999999999645 0.00072962356678025542308 -0.00040177831722238783107
3.4700000000000001954 0.00074465527699718928305 -0.0003868241762967661616
3.4799999999999999822 0.00076034551069187729464 -0.00041850684841210751639
3.4900000000000002132 0.00077673948140739986976 -0.00044889423184953227775
3.5 0.00079388671521056920332 -0.00047803579446819161871
3.5100000000000002309 0.00081184158655524761832 -0.00043801801833034069694
3.5200000000000000178 0.00083066393754746353176 -0.00045883945322896873501
3.5300000000000002487 0.00085041979645689180257 -0.0004466104061932599169
3.5400000000000000355 0.00087118221492970312602 -0.0004313898091157707072
3.5500000000000002665 0.00089303224794337328178 -0.00050521529610039468509
3.5600000000000000533 0.00091606010641464533269 -0.0005102516613484317249
3.5700000000000002842 0.0009403665199531497515 -0.00048258259181215186484
3.5800000000000000711 0.00096606435713672599366 -0.00049628610018023809961
3.5899999999999998579 0.00099328056370624208914 -0.00055548721269489133821
3.6000000000000000888 0.0010221584964401040935 -0.00053238969145779952048
3.6099999999999998757 0.001052860753946949007 -0.0005850815517930427808
3.6200000000000001066 0.0010855726379298818052 -0.00058980663943600177175
3.6299999999999998934 0.0011205064240426144528 -0.00058076116168427681201
3.6400000000000001243 0.0011579066880622749039 -0.0005881755745613817879
3.6499999999999999112 0.001198057035928436426 -0.0006443184190558575667
3.6600000000000001421 0.0012412887578125231334 -0.00065156709628581333839
3.6699999999999999289 0.0012879922411770479071 -0.00057033095586978953956
3.6800000000000001599 0.0013386326090617382996 -0.00057099492458610777781
3.6899999999999999467 0.0013937723938338677978 -0.00053217904632540751451
3.7000000000000001776 0.0014541069766248809411 -0.00044258437340364284798
3.7099999999999999645 0.0015205247682491744403 -0.00053898807437815316954
3.7200000000000001954 0.0015942168978668126624 -0.00047274619319209168142
3.7299999999999999822 0.0016768857070015808983 -0.00031153014178891390989
3.7400000000000002132 0.0017711444838419234445 -0.00025186155331131552734
3.75 0.001881268535921018243 2.7830401255149721934e-05
3.7600000000000002309 0.0020145478349982777651 0.00038631887465128507061
3.7700000000000000178 0.0021835810933667852002 0.00054513095315213665193
3.7800000000000002487 0.0024098794006082867487 0.0010145042992856642336
3.7900000000000000355 0.0027290043243355550928 0.0014050443834476671057
3.8000000000000002665 0.0031970046129380673069 0.0022844080213154345851
3.8100000000000000533 0.0038970176597503867165 0.003199632884803608416
3.8200000000000002842 0.004943595452884409075 0.0043480189529264239023
3.8300000000000000711 0.0064809280924041576255 0.0059252161987583332192
3.8399999999999998579 0.0086703852488592674658 0.0073700442240640113428
3.8500000000000000888 0.011663660360207706718 0.0086167678705547749718
3.8599999999999998757 0.01556111462205731627 0.009982828425466182265
3.8700000000000001066 0.020360692524388813301 0.01144629425458571978
3.8799999999999998934 0.025909623521953476649 0.012546224128812896031
3.8900000000000001243 0.031876198916251853588 0.012504853339378639576
3.8999999999999999112 0.037758844265022573072 0.013393012515029618925
3.9100000000000001421 0.042942310351078781527 0.012749404978806701261
3.9199999999999999289 0.046796852636390891267 0.012395208787864479827
3.9300000000000001599 0.048800130322898080393 0.012742820247685256174
3.9399999999999999467 0.048649884779204274898 0.011089917253504846806
3.9500000000000001776 0.046334176620656086776 0.011286628136223726682
3.9599999999999999645 0.042137024882395818226 0.01116181727949801944
3.9700000000000001954 0.036577150821067300202 0.010240751654528167103
3.9799999999999999822 0.030298443837054014199 0.0097126715351269245213
3.9900000000000002132 0.023944442331422090969 0.0092958685163371558569
4 0.018050671811447111664 0.0089026062979841585898
4.0099999999999997868 0.012978718793175594848 0.0075375966819306444711
4.0200000000000004619 0.0088997344209102834806 0.006433028662368845893
4.0300000000000002487 0.0058196197472900066186 0.0052491555712729726438
4.0400000000000000355 0.0036287466908633027318 0.0038337310862899516908
4.0499999999999998224 0.002157448370089967097 0.0029661333671899248708
4.0600000000000004974 0.0012230018026031701586 0.0019614950881503378892
4.0700000000000002842 0.00066099940379294938597 0.0013380570286032236575
4.0800000000000000711 0.00034060356652584064877 0.00089881145881269032538
4.0899999999999998579 0.00016732481655598997836 0.00055033646875126838918
4.0999999999999996447 7.8365534402066082615e-05 0.00039341177735700350645
4.1100000000000003197 3.4989303367767952025e-05 0.00018690596889369516043
4.1200000000000001066 1.4893059884085447343e-05 0.00010305126805568195331
4.1299999999999998934 6.0431716808298455715e-06 6.5922859419771117381e-05
4.1399999999999996803 2.3376149245285254778e-06 3.3645400625771950916e-05
4.1500000000000003553 8.61992307070653674e-07 1.1132346512861076193e-05
4.1600000000000001421 3.0300659207752266261e-07 7.6932189847120613482e-06
4.1699999999999999289 1.0153491074962114743e-07 1.8975214834477748023e-06
4.1799999999999997158 3.2433222045952213633e-08 1.9666231721514437031e-06
4.1900000000000003908 9.8758230012871294787e-09 3.9882369653935047585e-06
4.2000000000000001776 2.8665690498089246539e-09 -2.8665690498089246539e-09
4.2099999999999999645 7.9314957272881615302e-10 -7.9314957272881615302e-10
4.2199999999999997513 2.0919401561604358958e-10 1.9988472001817799831e-06
4.2300000000000004263 5.2594822091115987576e-11 -5.2594822091115987576e-11
4.2400000000000002132 1.2604759640242305976e-11 3.9981001836351521249e-06
4.25 2.8795353763969055231e-12 1.9990535146620195495e-06
4.2599999999999997868 6.2705423387744445946e-13 -6.2705423387744445946e-13
4.2700000000000004619 1.3016113097094121912e-13 -1.3016113097094121912e-13
4.2800000000000002487 2.5754305355062303684e-14 -2.5754305355062303684e-14
4.2900000000000000355 4.8574638609408396369e-15 -4.8574638609408396369e-15
4.2999999999999998224 8.7329204866345561103e-16 -8.7329204866345561103e-16
4.3100000000000004974 1.4965756742685668804e-16 -1.4965756742685668804e-16
4.3200000000000002842 2.4447037262146559848e-17 -2.4447037262146559848e-17
4.3300000000000000711 3.8066360517392485859e-18 -3.8066360517392485859e-18
4.3399999999999998579 5.6499330009083640363e-19 -5.6499330009083640363e-19
4.3500000000000005329 7.9933966019382034823e-20 1.9990563941973159581e-06
4.3600000000000003197 1.0779655905727213468e-20 -1.0779655905727213468e-20
4.3700000000000001066 1.3856811256417960409e-21 -1.3856811256417960409e-21
4.3799999999999998934 1.6978761410002390649e-22 -1.6978761410002390649e-22
4.3899999999999996803 1.9830445936446682017e-23 -1.9830445936446682017e-23
4.4000000000000003553 2.2077110423967065335e-24 -2.2077110423967065335e-24
4.4100000000000001421 2.3427976941554932539e-25 -2.3427976941554932539e-25
4.4199999999999999289 2.3697892059720308099e-26 3.9981127883947920054e-06
4.4299999999999997158 2.2848968846657374753e-27 -2.2848968846657374753e-27
4.4400000000000003908 2.0999311984738563942e-28 -2.0999311984738563942e-28
4.4500000000000001776 1.8396056406804098168e-29 -1.8396056406804098168e-29
4.4599999999999999645 1.5361204138987953363e-30 -1.5361204138987953363e-30
4.4699999999999997513 1.2226617453590497624e-31 -1.2226617453590497624e-31
4.4800000000000004263 9.2761468435057017591e-33 -9.2761468435057017591e-33
4.4900000000000002132 6.7082438498225105198e-34 -6.7082438498225105198e-34
4.5 4.624126710386742396e-35 -4.624126710386742396e-35
4.5099999999999997868 3.0382954800077452985e-36 -3.0382954800077452985e-36
4.5200000000000004619 1.9028713895848069515e-37 -1.9028713895848069515e-37
4.5300000000000002487 1.1359723901823975057e-38 1.9990563941973960027e-06
4.5400000000000000355 6.464051401872667056e-40 -6.464051401872667056e-40
4.5499999999999998224 3.5060677023012666948e-41 -3.5060677023012666948e-41
4.5600000000000004974 1.8126504466359506822e-42 -1.8126504466359506822e-42
4.5700000000000002842 8.932764810892608614e-44 -8.932764810892608614e-44
4.5800000000000000711 4.1960014004147252868e-45 -4.1960014004147252868e-45
4.5899999999999998579 1.8787243299794212807e-46 -1.8787243299794212807e-46
4.6000000000000005329 8.0180366306443697002e-48 1.9990563941973960027e-06
4.6100000000000003197 3.2617479030528943504e-49 -3.2617479030528943504e-49
4.6200000000000001066 1.2647653892897977075e-50 -1.2647653892897977075e-50
4.6299999999999998934 4.6746234119065201372e-52 -4.6746234119065201372e-52
4.6399999999999996803 1.6468734268681652164e-53 -1.6468734268681652164e-53
4.6500000000000003553 5.5303244788658103394e-55 -5.5303244788658103394e-55
4.6600000000000001421 1.7701809925250997587e-56 -1.7701809925250997587e-56
4.6699999999999999289 5.4008395673912809378e-58 -5.4008395673912809378e-58
4.6799999999999997158 1.5706568179878413942e-59 -1.5706568179878413942e-59
4.6900000000000003908 4.3538918732595031199e-61 -4.3538918732595031199e-61
4.7000000000000001776 1.1504034418573095004e-62 -1.1504034418573095004e-62
4.7099999999999999645 2.8973355584738935481e-64 -2.8973355584738935481e-64
4.7199999999999997513 6.9554207895037342305e-66 -6.9554207895037342305e-66
4.7300000000000004263 1.5915632835855097322e-67 -1.5915632835855097322e-67
4.7400000000000002132 3.4713644313199524544e-69 -3.4713644313199524544e-69
4.75 7.2169253036088110976e-71 -7.2169253036088110976e-71
4.7599999999999997868 1.430144191950348342e-72 -1.430144191950348342e-72
4.7700000000000004619 2.7013631636415868621e-74 1.9990563941973960027e-06
4.7800000000000002487 4.8636416454532426191e-76 -4.8636416454532426191e-76
4.7900000000000000355 8.3467140017098933117e-78 -8.3467140017098933117e-78
4.7999999999999998224 1.3653524997906976514e-79 -1.3653524997906976514e-79
4.8100000000000004974 2.128870607424930645e-81 -2.128870607424930645e-81
4.8200000000000002842 3.163944739457405863e-83 -3.163944739457405863e-83
4.8300000000000000711 4.4821211607061991466e-85 -4.4821211607061991466e-85
4.8399999999999998579 6.0522004981386308656e-87 -6.0522004981386308656e-87
4.8500000000000005329 7.7896504445482622667e-89 -7.7896504445482622667e-89
4.8600000000000003197 9.5564703624399576725e-91 -9.5564703624399576725e-91
4.8700000000000001066 1.1175112144910397412e-92 -1.1175112144910397412e-92
4.8799999999999998934 1.2456069691008714329e-94 1.9990563941973960027e-06
4.8899999999999996803 1.3233809498965043027e-96 -1.3233809498965043027e-96
4.9000000000000003553 1.3401807728653244473e-98 -1.3401807728653244473e-98
4.9100000000000001421 1.2936490952579005661e-100 -1.2936490952579005661e-100
4.9199999999999999289 1.1902663218282746658e-102 -1.1902663218282746658e-102
4.9299999999999997158 1.0438697255226276573e-104 -1.0438697255226276573e-104
4.9400000000000003908 8.7261547553544459194e-107 -8.7261547553544459194e-107
4.9500000000000001776 6.9530271298213541386e-109 -6.9530271298213541386e-109
4.9599999999999999645 5.2807948484951709361e-111 -5.2807948484951709361e-111
4.9699999999999997513 3.8229532114780131631e-113 -3.8229532114780131631e-113
4.9800000000000004263 2.637988761188631421e-115 -2.637988761188631421e-115
4.9900000000000002132 1.7350864918745716764e-117 -1.7350864918745716764e-117
5 1.087786100771343786e-119 -1.087786100771343786e-119
5.0099999999999997868 6.5003992449077656884e-122 1.9990563941973960027e-06
5.0200000000000004619 3.7026330032286920796e-124 -3.7026330032286920796e-124
5.0300000000000002487 2.0102745657560463562e-126 -2.0102745657560463562e-126
5.0400000000000000355 1.0403371924816130143e-128 -1.0403371924816130143e-128
5.0499999999999998224 5.1317663365562702285e-131 -5.1317663365562702285e-131
5.0600000000000004974 2.4128681410140372386e-133 -2.4128681410140372386e-133
5.0700000000000002842 1.0813698038916591911e-135 -1.0813698038916591911e-135
5.0800000000000000711 4.6194342287232189582e-138 -4.6194342287232189582e-138
5.0899999999999998579 1.88094980780016151e-140 -1.88094980780016151e-140
5.1000000000000005329 7.3002790879550583693e-143 1.9990563941973960027e-06
5.1100000000000003197 2.7006949211240420331e-145 -2.7006949211240420331e-145
5.1200000000000001066 9.5232540523508381979e-148 -9.5232540523508381979e-148
5.1299999999999998934 3.2008768250597890947e-150 -3.2008768250597890947e-150
5.1399999999999996803 1.0254778294354902028e-152 -1.0254778294354902028e-152
5.1500000000000003553 3.1315350932752702601e-155 -3.1315350932752702601e-155
5.1600000000000001421 9.1151109203118774515e-158 -9.1151109203118774515e-158
5.1699999999999999289 2.5289501822527751774e-160 -2.5289501822527751774e-160
5.1799999999999997158 6.6879375129175809141e-163 3.9981127883947920054e-06
5.1900000000000003908 1.6858453426606320239e-165 1.9990563941973960027e-06
5.2000000000000001776 4.0505763376920950265e-168 -4.0505763376920950265e-168
5.2099999999999999645 9.2766133538383217787e-171 -9.2766133538383217787e-171
5.2199999999999997513 2.0250493462176200103e-173 -2.0250493462176200103e-173
5.2300000000000004263 4.2136189957825255806e-176 -4.2136189957825255806e-176
5.2400000000000002132 8.3569613158437865487e-179 -8.3569613158437865487e-179
5.25 1.5798467999149767948e-181 -1.5798467999149767948e-181
5.2599999999999997868 2.846787112943260586e-184 -2.846787112943260586e-184
5.2700000000000004619 4.8895446947642083711e-187 -4.8895446947642083711e-187
5.2800000000000002487 8.0048876739415324602e-190 -8.0048876739415324602e-190
5.2900000000000000355 1.2491524300183095298e-192 -1.2491524300183095298e-192
5.2999999999999998224 1.8580140168033773272e-195 -1.8580140168033773272e-195
5.3100000000000004974 2.6342432134813248901e-198 -2.6342432134813248901e-198
5.3200000000000002842 3.5598858350148447094e-201 1.9990563941973960027e-06
5.3300000000000000711 4.5855303233408356943e-204 -4.5855303233408356943e-204
5.3399999999999998579 5.6301031287601003018e-207 -5.6301031287601003018e-207
5.3500000000000005329 6.588952766396778495e-210 -6.588952766396778495e-210
5.3600000000000003197 7.3500397103186515661e-213 -7.3500397103186515661e-213
5.3700000000000001066 7.8151300088197533076e-216 -7.8151300088197533076e-216
5.3799999999999998934 7.9205610012562800487e-219 -7.9205610012562800487e-219
5.3899999999999996803 7.6515404326358176747e-222 -7.6515404326358176747e-222
5.4000000000000003553 7.0455515180547199787e-225 -7.0455515180547199787e-225
5.4100000000000001421 6.183783554849776013e-228 -6.183783554849776013e-228
5.4199999999999999289 5.1732887316125969492e-231 -5.1732887316125969492e-231
5.4299999999999997158 4.1252691987049988878e-234 -4.1252691987049988878e-234
5.4400000000000003908 3.1355302452023982355e-237 -3.1355302452023982355e-237
5.4500000000000001776 2.2716572460946905908e-240 -2.2716572460946905908e-240
5.4599999999999999645 1.5687282256485374431e-243 1.9990563941973960027e-06
5.4699999999999997513 1.0325847334103370934e-246 1.9990563941973960027e-06
5.4800000000000004263 6.478534238899504615e-250 -6.478534238899504615e-250
5.4900000000000002132 3.8743680394869426832e-253 -3.8743680394869426832e-253
5.5 2.2085031978127413188e-256 -2.2085031978127413188e-256
5.5099999999999997868 1.1999640159586925276e-259 -1.1999640159586925276e-259
5.5200000000000004619 6.2145749812107877759e-263 -6.2145749812107877759e-263
5.5300000000000002487 3.0678042799057993139e-266 -3.0678042799057993139e-266
5.5400000000000000355 1.443500242142427464e-269 -1.443500242142427464e-269
5.5499999999999998224 6.4740948372431267796e-273 -6.4740948372431267796e-273
5.5600000000000004974 2.7676694845197438562e-276 -2.7676694845197438562e-276
5.5700000000000002842 1.1277747195845410204e-279 -1.1277747195845410204e-279
5.5800000000000000711 4.3802957602522397245e-283 -4.3802957602522397245e-283
5.5899999999999998579 1.6216512277764068117e-286 -1.6216512277764068117e-286
5.6000000000000005329 5.7224815913647108428e-290 -5.7224815913647108428e-290
5.6100000000000003197 1.9247940705950982699e-293 -1.9247940705950982699e-293
5.6200000000000001066 6.1710213457542624654e-297 -6.1710213457542624654e-297
5.6299999999999998934 1.8858307971473541067e-300 -1.8858307971473541067e-300
5.6399999999999996803 5.4931478439008123722e-304 -5.4931478439008123722e-304
5.6500000000000003553 1.5251506043057324303e-307 -1.5251506043057324303e-307
5.6600000000000001421 4.0362405774594831823e-311 -4.0362405774594831823e-311
5.6699999999999999289 1.0181557484298849547e-314 -1.0181557484298849547e-314
5.6799999999999997158 2.4480705718610845641e-318 -2.4480705718610845641e-318
5.6900000000000003908 5.6323483625902106036e-322 -5.6323483625902106036e-322
5.7000000000000001776 0 0
5.7099999999999999645 0 0
5.7199999999999997513 0 0
5.7300000000000004263 0 0
5.7400000000000002132 0 0
5.75 0 1.9990563941973960027e-06
5.7599999999999997868 0 0
5.7700000000000004619 0 0
5.7800000000000002487 0 0
5.7900000000000000355 0 0
5.7999999999999998224 0 1.9990563941973960027e-06
5.8100000000000004974 0 0
5.8200000000000002842 0 0
5.8300000000000000711 0 0
5.8399999999999998579 0 0
5.8500000000000005329 0 0
5.8600000000000003197 0 0
5.8700000000000001066 0 0
5.8799999999999998934 0 0
5.8899999999999996803 0 0
5.9000000000000003553 0 0
5.9100000000000001421 0 0
5.9199999999999999289 0 0
5.9299999999999997158 0 0
5.9400000000000003908 0 0
5.9500000000000001776 0 1.9990563941973960027e-06
5.9599999999999999645 0 1.9990563941973960027e-06
5.9699999999999997513 0 0
5.9800000000000004263 0 0
5.9900000000000002132 0 0
6 0 0
6.0099999999999997868 0 0
6.0200000000000004619 0 0
6.0300000000000002487 0 0
6.0400000000000000355 0 1.9990563941973960027e-06
6.0499999999999998224 0 1.9990563941973960027e-06
6.0600000000000004974 0 1.9990563941973960027e-06
6.0700000000000002842 0 0
6.0800000000000000711 0 0
6.0899999999999998579 0 0
6.1000000000000005329 0 0
6.1100000000000003197 0 3.9981127883947920054e-06
6.1200000000000001066 0 0
6.1299999999999998934 0 0
6.1400000000000005684 0 0
6.1500000000000003553 0 0
6.1600000000000001421 0 0
6.1699999999999999289 0 1.9990563941973960027e-06
6.1799999999999997158 0 1.9990563941973960027e-06
6.1900000000000003908 0 0
6.2000000000000001776 0 1.9990563941973960027e-06
6.2099999999999999645 0 0
6.2199999999999997513 0 0
6.2300000000000004263 0 0
6.2400000000000002132 0 0
6.25 0 0
6.2599999999999997868 0 0
6.2700000000000004619 0 0
6.2800000000000002487 0 0
6.2900000000000000355 0 0
6.2999999999999998224 0 0
6.3100000000000004974 0 0
6.3200000000000002842 0 0
6.3300000000000000711 0 0
6.3399999999999998579 0 0
6.3500000000000005329 0 0
6.3600000000000003197 0 0
6.3700000000000001066 0 0
6.3799999999999998934 0 1.9990563941973960027e-06
6.3900000000000005684 0 0
6.4000000000000003553 0 0
6.4100000000000001421 0 0
6.4199999999999999289 0 0
6.4299999999999997158 0 1.9990563941973960027e-06
6.4400000000000003908 0 0
6.4500000000000001776 0 1.9990563941973960027e-06
6.4599999999999999645 0 1.9990563941973960027e-06
6.4699999999999997513 0 0
6.4800000000000004263 0 0
6.4900000000000002132 0 0
6.5 0 0
6.5099999999999997868 0 0
6.5200000000000004619 0 0
6.5300000000000002487 0 0
6.5400000000000000355 0 1.9990563941973960027e-06
6.5499999999999998224 0 0
6.5600000000000004974 0 0
6.5700000000000002842 0 0
6.5800000000000000711 0 0
6.5899999999999998579 0 0
6.6000000000000005329 0 1.9990563941973960027e-06
6.6100000000000003197 0 0
6.6200000000000001066 0 0
6.6299999999999998934 0 0
6.6400000000000005684 0 0
6.6500000000000003553 0 0
6.6600000000000001421 0 0
6.6699999999999999289 0 0
6.6799999999999997158 0 0
6.6900000000000003908 0 1.9990563941973960027e-06
6.7000000000000001776 0 0
6.7099999999999999645 0 0
6.7199999999999997513 0 0
6.7300000000000004263 0 0
6.7400000000000002132 0 0
6.75 0 0
6.7599999999999997868 0 0
6.7700000000000004619 0 0
6.7800000000000002487 0 0
6.7900000000000000355 0 0
6.7999999999999998224 0 0
6.8100000000000004974 0 0
6.8200000000000002842 0 1.9990563941973960027e-06
6.8300000000000000711 0 0
6.8399999999999998579 0 0
6.8500000000000005329 0 1.9990563941973960027e-06
6.8600000000000003197 0 0
6.8700000000000001066 0 1.9990563941973960027e-06
6.8799999999999998934 0 0
6.8900000000000005684 0 0
6.9000000000000003553 0 0
6.9100000000000001421 0 0
6.9199999999999999289 0 0
6.9299999999999997158 0 0
6.9400000000000003908 0 1.9990563941973960027e-06
6.9500000000000001776 0 0
6.9599999999999999645 0 0
6.9699999999999997513 0 0
6.9800000000000004263 0 0
6.9900000000000002132 0 0
7 0 1.9990563941973960027e-06
7.0099999999999997868 0 0
7.0200000000000004619 0 0
7.0300000000000002487 0 0
7.0400000000000000355 0 1.9990563941973960027e-06
7.0499999999999998224 0 0
7.0600000000000004974 0 0
7.0700000000000002842 0 0
7.0800000000000000711 0 0
7.0899999999999998579 0 1.9990563941973960027e-06
7.1000000000000005329 0 0
7.1100000000000003197 0 1.9990563941973960027e-06
7.1200000000000001066 0 0
7.1299999999999998934 0 0
7.1400000000000005684 0 0
7.1500000000000003553 0 0
7.1600000000000001421 0 0
7.1699999999999999289 0 0
7.1799999999999997158 0 1.9990563941973960027e-06
7.1900000000000003908 0 0
7.2000000000000001776 0 0
7.2099999999999999645 0 1.9990563941973960027e-06
7.2199999999999997513 0 0
7.2300000000000004263 0 0
7.2400000000000002132 0 0
7.25 0 0
7.2599999999999997868 0 0
7.2700000000000004619 0 0
7.2800000000000002487 0 0
7.2900000000000000355 0 0
7.2999999999999998224 0 0
7.3100000000000004974 0 0
7.3200000000000002842 0 1.9990563941973960027e-06
7.3300000000000000711 0 0
7.3399999999999998579 0 5.9971694099658626043e-06
7.3500000000000005329 0 0
7.3600000000000003197 0 0
7.3700000000000001066 0 0
7.3799999999999998934 0 0
7.3900000000000005684 0 1.9990563941973960027e-06
7.4000000000000003553 0 0
7.4100000000000001421 0 0
7.4199999999999999289 0 0
7.4299999999999997158 0 0
7.4400000000000003908 0 0
7.4500000000000001776 0 0
7.4599999999999999645 0 1.9990563941973960027e-06
7.4699999999999997513 0 1.9990563941973960027e-06
7.4800000000000004263 0 0
7.4900000000000002132 0 1.9990563941973960027e-06
7.5 0 0
7.5099999999999997868 0 0
7.5200000000000004619 0 0
7.5300000000000002487 0 1.9990563941973960027e-06
7.5400000000000000355 0 0
7.5499999999999998224 0 0
7.5600000000000004974 0 0
7.5700000000000002842 0 1.9990563941973960027e-06
7.5800000000000000711 0 0
7.5899999999999998579 0 0
7.6000000000000005329 0 0
7.6100000000000003197 0 1.9990563941973960027e-06
7.6200000000000001066 0 0
7.6299999999999998934 0 0
7.6400000000000005684 0 0
7.6500000000000003553 0 0
7.6600000000000001421 0 0
7.6699999999999999289 0 7.9962255767895840108e-06
7.6799999999999997158 0 3.9981127883947920054e-06
7.6900000000000003908 0 1.9990563941973960027e-06
7.7000000000000001776 0 0
7.7099999999999999645 0 5.9971694099658626043e-06
7.7199999999999997513 0 7.9962255767895840108e-06
7.7300000000000004263 0 7.9962255767895840108e-06
7.7400000000000002132 0 7.9962255767895840108e-06
7.75 0 5.9971694099658626043e-06
7.7599999999999997868 0 1.1994338819931730291e-05
7.7700000000000004619 0 1.1994338819931730291e-05
7.7800000000000002487 0 1.3993395441502800043e-05
7.7900000000000000355 0 3.9981127883947920054e-06
7.7999999999999998224 0 1.599245115357917141e-05
7.8100000000000004974 0 9.9952821983606554568e-06
7.8200000000000002842 0 1.9990564396721310914e-05
7.8300000000000000711 0 1.599245115357917141e-05
7.8399999999999998579 0 1.9990564396721310914e-05
7.8500000000000005329 0 2.3988677639863450417e-05
7.8600000000000003197 0 1.7991507775150239468e-05
7.8700000000000001066 0 1.9990564396721310914e-05
7.8799999999999998934 0 1.9990564396721310914e-05
7.8900000000000005684 0 3.198490230715834282e-05
7.9000000000000003553 0 3.198490230715834282e-05
7.9100000000000001421 0 1.9990564396721310914e-05
7.9199999999999999289 0 9.9952821983606554568e-06
7.930000000000000604 0 2.598773426143452864e-05
7.9400000000000003908 0 7.9962255767895840108e-06
7.9500000000000001776 0 1.599245115357917141e-05
7.9599999999999999645 0 7.9962255767895840108e-06
7.9699999999999997513 0 1.9990563941973960027e-06
7.9800000000000004263 0 3.9981127883947920054e-06
7.9900000000000002132 0 5.9971694099658626043e-06
8 0 9.9952821983606554568e-06
8.0099999999999997868 0 5.9971694099658626043e-06
8.0199999999999995737 0 1.9990563941973960027e-06
8.0299999999999993605 0 0
8.0400000000000009237 0 0
8.0500000000000007105 0 1.9990563941973960027e-06
8.0600000000000004974 0 0
8.0700000000000002842 0 0
8.0800000000000000711 0 0
8.0899999999999998579 0 1.9990563941973960027e-06
8.0999999999999996447 0 0
8.1099999999999994316 0 0
8.1200000000000009948 0 0
8.1300000000000007816 0 0
8.1400000000000005684 0 0
8.1500000000000003553 0 0
8.1600000000000001421 0 0
8.1699999999999999289 0 0
8.1799999999999997158 0 0
8.1899999999999995026 0 0
8.1999999999999992895 0 0
8.2100000000000008527 0 0
8.2200000000000006395 0 0
8.2300000000000004263 0 0
8.2400000000000002132 0 0
8.25 0 0
8.2599999999999997868 0 0
8.2699999999999995737 0 0
8.2799999999999993605 0 0
8.2900000000000009237 0 0
8.3000000000000007105 0 0
8.3100000000000004974 0 0
8.3200000000000002842 0 0
8.3300000000000000711 0 0
8.3399999999999998579 0 0
8.3499999999999996447 0 0
8.3599999999999994316 0 0
8.3700000000000009948 0 0
8.3800000000000007816 0 0
8.3900000000000005684 0 0
8.4000000000000003553 0 0
8.4100000000000001421 0 0
8.4199999999999999289 0 0
8.4299999999999997158 0 0
8.4399999999999995026 0 0
8.4499999999999992895 0 0
8.4600000000000008527 0 0
8.4700000000000006395 0 0
8.4800000000000004263 0 0
8.4900000000000002132 0 0
8.5 0 0
8.5099999999999997868 0 0
8.5199999999999995737 0 0
8.5299999999999993605 0 0
8.5400000000000009237 0 0
8.5500000000000007105 0 0
8.5600000000000004974 0 0
8.5700000000000002842 0 0
8.5800000000000000711 0 0
8.5899999999999998579 0 0
8.5999999999999996447 0 0
8.6099999999999994316 0 0
8.6200000000000009948 0 0
8.6300000000000007816 0 0
8.6400000000000005684 0 0
8.6500000000000003553 0 0
8.6600000000000001421 0 0
8.6699999999999999289 0 0
8.6799999999999997158 0 0
8.6899999999999995026 0 0
8.7000000000000010658 0 0
8.7100000000000008527 0 0
8.7200000000000006395 0 0
8.7300000000000004263 0 0
8.7400000000000002132 0 0
8.75 0 0
8.7599999999999997868 0 0
8.7699999999999995737 0 0
8.7799999999999993605 0 0
8.7900000000000009237 0 0
8.8000000000000007105 0 0
8.8100000000000004974 0 0
8.8200000000000002842 0 0
8.8300000000000000711 0 0
8.8399999999999998579 0 0
8.8499999999999996447 0 0
8.8599999999999994316 0 0
8.8700000000000009948 0 0
8.8800000000000007816 0 0
8.8900000000000005684 0 0
8.9000000000000003553 0 0
8.9100000000000001421 0 0
8.9199999999999999289 0 0
8.9299999999999997158 0 0
8.9399999999999995026 0 0
8.9500000000000010658 0 0
8.9600000000000008527 0 0
8.9700000000000006395 0 0
8.9800000000000004263 0 0
8.9900000000000002132 0 0
9 0 0
9.0099999999999997868 0 0
9.0199999999999995737 0 0
9.0299999999999993605 0 0
9.0400000000000009237 0 0
9.0500000000000007105 0 0
9.0600000000000004974 0 0
9.0700000000000002842 0 0
9.0800000000000000711 0 0
9.0899999999999998579 0 0
9.0999999999999996447 0 0
9.1099999999999994316 0 0
9.1200000000000009948 0 0
9.1300000000000007816 0 0
9.1400000000000005684 0 0
9.1500000000000003553 0 0
9.1600000000000001421 0 0
9.1699999999999999289 0 0
9.1799999999999997158 0 0
9.1899999999999995026 0 0
9.2000000000000010658 0 0
9.2100000000000008527 0 0
9.2200000000000006395 0 0
9.2300000000000004263 0 0
9.2400000000000002132 0 0
9.25 0 0
9.2599999999999997868 0 0
9.2699999999999995737 0 0
9.2799999999999993605 0 0
9.2900000000000009237 0 0
9.3000000000000007105 0 0
9.3100000000000004974 0 0
9.3200000000000002842 0 0
9.3300000000000000711 0 0
9.3399999999999998579 0 0
9.3499999999999996447 0 0
9.3599999999999994316 0 0
9.3700000000000009948 0 0
9.3800000000000007816 0 0
9.3900000000000005684 0 0
9.4000000000000003553 0 0
9.4100000000000001421 0 0
9.4199999999999999289 0 0
9.4299999999999997158 0 0
9.4399999999999995026 0 0
9.4500000000000010658 0 0
9.4600000000000008527 0 0
9.4700000000000006395 0 0
9.4800000000000004263 0 0
9.4900000000000002132 0 0
9.5 0 0
9.5099999999999997868 0 0
9.5199999999999995737 0 0
9.5299999999999993605 0 0
9.5400000000000009237 0 0
9.5500000000000007105 0 0
9.5600000000000004974 0 0
9.5700000000000002842 0 0
9.5800000000000000711 0 0
9.5899999999999998579 0 0
9.5999999999999996447 0 0
9.6099999999999994316 0 0
9.6200000000000009948 0 0
9.6300000000000007816 0 0
9.6400000000000005684 0 0
9.6500000000000003553 0 0
9.6600000000000001421 0 0
9.6699999999999999289 0 0
9.6799999999999997158 0 0
9.6899999999999995026 0 0
9.7000000000000010658 0 0
9.7100000000000008527 0 0
9.7200000000000006395 0 0
9.7300000000000004263 0 0
9.7400000000000002132 0 0
9.75 0 0
9.7599999999999997868 0 0
9.7699999999999995737 0 0
9.7799999999999993605 0 0
9.7900000000000009237 0 0
9.8000000000000007105 0 0
9.8100000000000004974 0 0
9.8200000000000002842 0 0
9.8300000000000000711 0 0
9.8399999999999998579 0 0
9.8499999999999996447 0 0
9.8599999999999994316 0 0
9.8700000000000009948 0 0
9.8800000000000007816 0 0
9.8900000000000005684 0 0
9.9000000000000003553 0 0
9.9100000000000001421 0 0
9.9199999999999999289 0 0
9.9299999999999997158 0 0
9.9399999999999995026 0 0
9.9500000000000010658 0 0
9.9600000000000008527 0 0
9.9700000000000006395 0 0
9.9800000000000004263 0 0
9.9900000000000002132 0 0
10 0 0
10.009999999999999787 0 0
10.019999999999999574 0 0
10.029999999999999361 0 0
10.040000000000000924 0 0
10.050000000000000711 0 0
10.060000000000000497 0 0
10.070000000000000284 0 0
10.080000000000000071 0 0
10.089999999999999858 0 0
10.099999999999999645 0 0
10.109999999999999432 0 0
10.120000000000000995 0 0
10.130000000000000782 0 0
10.140000000000000568 0 0
10.150000000000000355 0 0
10.160000000000000142 0 0
10.169999999999999929 0 0
10.179999999999999716 0 0
10.189999999999999503 0 0
10.200000000000001066 0 0
10.210000000000000853 0 0
10.220000000000000639 0 0
10.230000000000000426 0 0
