0 0 0
0.010000000000000000208 0 0
0.020000000000000000416 0 0
0.02999999999999999889 0 0
0.040000000000000000833 0 0
0.050000000000000002776 0 0
0.05999999999999999778 0 0
0.070000000000000006661 0 0
0.080000000000000001665 0 0
0.089999999999999996669 0 0
0.10000000000000000555 0 0
0.11000000000000000056 0 0
0.11999999999999999556 0 0
0.13000000000000000444 0 0
0.14000000000000001332 0 0
0.14999999999999999445 0 9.2053021944593638182e-05
0.16000000000000000333 0 9.6055329777300357819e-05
0.17000000000000001221 0 7.0040339778643101454e-05
0.17999999999999999334 0 4.2024206777568913322e-05
0.19000000000000000222 0 3.2018440833780907769e-05
0.2000000000000000111 0 5.6032273278105997223e-05
0.20999999999999999223 0 3.8021898944862186909e-05
0.22000000000000000111 0 2.8016136639052998612e-05
0.23000000000000000999 0 1.6009220416890460661e-05
0.23999999999999999112 0 2.8016136639052998612e-05
0.25 0 2.6014984541689049115e-05
0.26000000000000000888 0 2.8016136639052998612e-05
0.27000000000000001776 0 3.001729055540635843e-05
0.28000000000000002665 0 1.2006916222162539645e-05
0.28999999999999998002 0 2.6014984541689049115e-05
0.2999999999999999889 0 3.8021898944862186909e-05
0.30999999999999999778 0 2.2012678527971729636e-05
0.32000000000000000666 0 3.2018440833780907769e-05
0.33000000000000001554 0 2.4013832444325089455e-05
0.34000000000000002442 0 3.2018440833780907769e-05
0.35000000000000003331 0 4.2024206777568913322e-05
0.35999999999999998668 0 2.6014984541689049115e-05
0.36999999999999999556 0 4.2024206777568913322e-05
0.38000000000000000444 0 2.6014984541689049115e-05
0.39000000000000001332 0 4.0023052861215546727e-05
0.4000000000000000222 0 5.8033427194459357042e-05
0.41000000000000003109 0 3.4019594750134267587e-05
0.41999999999999998446 0 4.0023052861215546727e-05
0.42999999999999999334 0 3.001729055540635843e-05
0.44000000000000000222 0 2.6014984541689049115e-05
0.4500000000000000111 0 4.0023052861215546727e-05
0.46000000000000001998 0 4.6026510972296819091e-05
0.47000000000000002887 0 4.0023052861215546727e-05
0.47999999999999998224 0 2.2012678527971729636e-05
0.48999999999999999112 0 2.6014984541689049115e-05
0.5 0 3.6020748666487627406e-05
0.51000000000000000888 0 1.6009220416890460661e-05
0.52000000000000001776 0 2.6014984541689049115e-05
0.53000000000000002665 0 2.4013832444325089455e-05
0.54000000000000003553 0 1.8010374333243820479e-05
0.55000000000000004441 0 2.2012678527971729636e-05
0.56000000000000005329 0 2.8016136639052998612e-05
0.57000000000000006217 0 1.4008068319526499306e-05
0.57999999999999996003 0 2.0011526430607769975e-05
0.58999999999999996891 0 2.0011526430607769975e-05
0.5999999999999999778 0 3.001729055540635843e-05
0.60999999999999998668 0 3.001729055540635843e-05
0.61999999999999999556 0 2.0011526430607769975e-05
0.63000000000000000444 0 1.8010374333243820479e-05
0.64000000000000001332 0 1.2006916222162539645e-05
0.6500000000000000222 0 2.0011526430607769975e-05
0.66000000000000003109 0 2.2012678527971729636e-05
0.67000000000000003997 0 1.6009220416890460661e-05
0.68000000000000004885 0 1.8010374333243820479e-05
0.69000000000000005773 0 3.4019594750134267587e-05
0.70000000000000006661 0 2.8016136639052998612e-05
0.70999999999999996447 0 2.2012678527971729636e-05
0.71999999999999997335 0 1.8010374333243820479e-05
0.72999999999999998224 0 1.6009220416890460661e-05
0.73999999999999999112 0 1.6009220416890460661e-05
0.75 0 1.2006916222162539645e-05
0.76000000000000000888 0 2.4013832444325089455e-05
0.77000000000000001776 0 2.6014984541689049115e-05
0.78000000000000002665 0 2.0011526430607769975e-05
0.79000000000000003553 1.185757550018991706e-322 2.6014984541689049115e-05
0.80000000000000004441 1.610654005442463734e-320 2.6014984541689049115e-05
0.81000000000000005329 2.1388250028161315271e-318 2.0011526430607769975e-05
0.82000000000000006217 2.7942799092324733818e-316 1.6009220416890460661e-05
0.83000000000000007105 3.5911046933672986146e-314 2.2012678527971729636e-05
0.83999999999999996891 4.5399316136655396248e-312 2.4013832444325089455e-05
0.8499999999999999778 5.6459059743914666002e-310 2.0011526430607769975e-05
0.85999999999999998668 6.9068664273804284546e-308 1.6009220416890460661e-05
0.86999999999999999556 8.311732524413345865e-306 1.6009220416890460661e-05
0.88000000000000000444 9.8393213887211252781e-304 1.2006916222162539645e-05
0.89000000000000001332 1.1457815368303037738e-301 1.8010374333243820479e-05
0.9000000000000000222 1.312506850222964716e-299 2.2012678527971729636e-05
0.91000000000000003109 1.4789872277353062305e-297 1.8010374333243820479e-05
0.92000000000000003997 1.6394204723421700203e-295 1.4008068319526499306e-05
0.93000000000000004885 1.7876371455622581535e-293 1.4008068319526499306e-05
0.94000000000000005773 1.9174827797732838736e-291 2.0011526430607769975e-05
0.95000000000000006661 2.0232365416761854944e-289 1.4008068319526499306e-05
0.95999999999999996447 2.100027267294956138e-287 2.4013832444325089455e-05
0.96999999999999997335 2.1442049441458714195e-285 2.2012678527971729636e-05
0.97999999999999998224 2.1536282438651465286e-283 1.000576321530389007e-05
0.98999999999999999112 2.1278365718821961386e-281 1.4008068319526499306e-05
1 2.068087385413926115e-279 1.000576321530389007e-05
1.0100000000000000089 1.9772545697211120456e-277 2.0011526430607769975e-05
1.0200000000000000178 1.8595993085882267588e-275 1.4008068319526499306e-05
1.0300000000000000266 1.7204388852947051567e-273 2.0011526430607769975e-05
1.0400000000000000355 1.5657492398197197408e-271 2.8016136639052998612e-05
1.0500000000000000444 1.4017425445651018138e-269 8.0046102084452286363e-06
1.0600000000000000533 1.2344610343930843765e-267 2.0011526430607769975e-05
1.0700000000000000622 1.0694232036990515634e-265 1.6009220416890460661e-05
1.0800000000000000711 9.1134938654067597378e-264 2.6014984541689049115e-05
1.0900000000000000799 7.6398229482461386252e-262 2.0011526430607769975e-05
1.1000000000000000888 6.3000611978694878136e-260 1.4008068319526499306e-05
1.1100000000000000977 5.1105698450001900686e-258 1.2006916222162539645e-05
1.1200000000000001066 4.0780915746084273573e-256 1.8010374333243820479e-05
1.1300000000000001155 3.2011623855440958868e-254 3.2018440833780907769e-05
1.1400000000000001243 2.4718466395425746414e-252 2.6014984541689049115e-05
1.1500000000000001332 1.877579891145918476e-250 2.6014984541689049115e-05
1.1599999999999999201 1.4029377911465237487e-248 2.4013832444325089455e-05
1.1699999999999999289 1.0311966381883888285e-246 2.6014984541689049115e-05
1.1799999999999999378 7.4560300335103527271e-245 8.0046102084452286363e-06
1.1899999999999999467 5.3031864297858093789e-243 1.8010374333243820479e-05
1.1999999999999999556 3.7104725790980786946e-241 1.4008068319526499306e-05
1.2099999999999999645 2.5537868357408921876e-239 2.4013832444325089455e-05
1.2199999999999999734 1.7290324624178181217e-237 3.4019594750134267587e-05
1.2299999999999999822 1.1515551348126280266e-235 1.000576321530389007e-05
1.2399999999999999911 7.5444817263766553858e-234 1.2006916222162539645e-05
1.25 4.8622487291969700727e-232 1.4008068319526499306e-05
1.2600000000000000089 3.0825350096975131114e-230 3.001729055540635843e-05
1.2700000000000000178 1.9223919969702232662e-228 1.4008068319526499306e-05
1.2800000000000000266 1.1793398336107662172e-226 2.2012678527971729636e-05
1.2900000000000000355 7.1170345011446836016e-225 1.6009220416890460661e-05
1.3000000000000000444 4.2249566813073279512e-223 1.4008068319526499306e-05
1.3100000000000000533 2.4672237416749741959e-221 1.8010374333243820479e-05
1.3200000000000000622 1.4172873027200756783e-219 1.4008068319526499306e-05
1.3300000000000000711 8.0088533788484059039e-218 2.2012678527971729636e-05
1.3400000000000000799 4.4519048668000272348e-216 1.4008068319526499306e-05
1.3500000000000000888 2.4343582625989940986e-214 2.4013832444325089455e-05
1.3600000000000000977 1.3094417905783851469e-212 1.6009220416890460661e-05
1.3700000000000001066 6.9286877036199785693e-211 1.4008068319526499306e-05
1.3800000000000001155 3.6064412534316741325e-209 2.8016136639052998612e-05
1.3900000000000001243 1.8465872106444370987e-207 2.0011526430607769975e-05
1.4000000000000001332 9.3008763395361632502e-206 2.2012678527971729636e-05
1.4099999999999999201 4.6083027480964877591e-204 2.6014984541689049115e-05
1.4199999999999999289 2.2460593156566028749e-202 2.4013832444325089455e-05
1.4299999999999999378 1.0768730922541980095e-200 1.6009220416890460661e-05
1.4399999999999999467 5.0789146576710424672e-199 2.4013832444325089455e-05
1.4499999999999999556 2.3563532133238130997e-197 1.4008068319526499306e-05
1.4599999999999999645 1.0754072312271355829e-195 8.0046102084452286363e-06
1.4699999999999999734 4.8280148764383510458e-194 2.4013832444325089455e-05
1.4799999999999999822 2.1321970225196900533e-192 1.2006916222162539645e-05
1.4899999999999999911 9.2629464049707483076e-191 6.0034581110812723637e-06
1.5 3.9585310489850040164e-189 2.0011526430607769975e-05
1.5100000000000000089 1.6641100595531188184e-187 1.4008068319526499306e-05
1.5200000000000000178 6.8816585758722090854e-186 4.0023051042226143181e-06
1.5300000000000000266 2.7994149889213743385e-184 2.2012678527971729636e-05
1.5400000000000000355 1.1202231184132188161e-182 2.0011526430607769975e-05
1.5500000000000000444 4.4096575549131886851e-181 2.6014984541689049115e-05
1.5600000000000000533 1.7075297668597377699e-179 1.000576321530389007e-05
1.5700000000000000622 6.5042134943304609948e-178 2.8016136639052998612e-05
1.5800000000000000711 2.4371618910867541762e-176 2.6014984541689049115e-05
1.5900000000000000799 8.983323820102348276e-175 1.8010374333243820479e-05
1.6000000000000000888 3.2572629314362670404e-173 1.4008068319526499306e-05
1.6100000000000000977 1.1618007826576816737e-171 1.000576321530389007e-05
1.6200000000000001066 4.0763700141431117897e-170 2.6014984541689049115e-05
1.6300000000000001155 1.4069498501416655446e-168 2.4013832444325089455e-05
1.6400000000000001243 4.7769063002132660479e-167 8.0046102084452286363e-06
1.6500000000000001332 1.5954305851620899109e-165 2.0011526430607769975e-05
1.6600000000000001421 5.2417003476218036696e-164 3.4019594750134267587e-05
1.6699999999999999289 1.694062981230382338e-162 3.4019594750134267587e-05
1.6799999999999999378 5.3857972522898583976e-161 3.001729055540635843e-05
1.6899999999999999467 1.6843546283368176133e-159 2.8016136639052998612e-05
1.6999999999999999556 5.181794120073196773e-158 2.4013832444325089455e-05
1.7099999999999999645 1.5681581490005729687e-156 4.2024206777568913322e-05
1.7199999999999999734 4.6683418456854195092e-155 3.8021898944862186909e-05
1.7299999999999999822 1.3670944720924405682e-153 3.8021898944862186909e-05
1.7399999999999999911 3.938197479128082786e-152 4.6026510972296819091e-05
1.75 1.1159880346743476238e-150 5.0028815167024731636e-05
1.7600000000000000089 3.1108901254012232536e-149 3.4019594750134267587e-05
1.7700000000000000178 8.5304686703322696573e-148 3.4019594750134267587e-05
1.7800000000000000266 2.3010401572524519704e-146 3.8021898944862186909e-05
1.7900000000000000355 6.1057439719407505411e-145 3.001729055540635843e-05
1.8000000000000000444 1.593734839486502696e-143 3.001729055540635843e-05
1.8100000000000000533 4.0921979123043466655e-142 2.6014984541689049115e-05
1.8200000000000000622 1.0336185102729654789e-140 2.2012678527971729636e-05
1.8300000000000000711 2.5681891840779424492e-139 1.8010374333243820479e-05
1.8400000000000000799 6.2770679912050298821e-138 1.4008068319526499306e-05
1.8500000000000000888 1.5092102245304473305e-136 2.0011526430607769975e-05
1.8600000000000000977 3.569486390898444889e-135 1.2006916222162539645e-05
1.8700000000000001066 8.3047164338997735399e-134 1.2006916222162539645e-05
1.8800000000000001155 1.900671099827250774e-132 2.0011526430607769975e-05
1.8900000000000001243 4.2790978760610227164e-131 1.8010374333243820479e-05
1.9000000000000001332 9.4767746895728766558e-130 3.001729055540635843e-05
1.9100000000000001421 2.0645812551592867921e-128 1.4008068319526499306e-05
1.9199999999999999289 4.424523702221409704e-127 1.8010374333243820479e-05
1.9299999999999999378 9.3274836204286946473e-126 1.000576321530389007e-05
1.9399999999999999467 1.9343214115324914039e-124 1.8010374333243820479e-05
1.9499999999999999556 3.9462380060200345901e-123 1.4008068319526499306e-05
1.9599999999999999645 7.9238537776661208458e-122 2.0011526430607769975e-05
1.9699999999999999734 1.572196747364653769e-120 2.2012678527971729636e-05
1.9799999999999999822 3.1790860528868781861e-119 3.2018440833780907769e-05
1.9899999999999999911 7.963871972471413135e-118 2.2012678527971729636e-05
2 4.1990879748163289833e-116 2.4013832444325089455e-05
2.0100000000000002309 4.4571804249194474633e-114 1.2006916222162539645e-05
2.0200000000000000178 5.5888104416964616959e-112 1.4008068319526499306e-05
2.0300000000000002487 6.9114644472207969086e-110 2.0011526430607769975e-05
2.0400000000000000355 8.1869921142249546291e-108 2.6014984541689049115e-05
2.0499999999999998224 9.2510166507936484023e-106 1.6009220416890460661e-05
2.0600000000000000533 9.9657779669576421574e-104 2.4013832444325089455e-05
2.0699999999999998401 1.0234183444083559092e-101 1.2006916222162539645e-05
2.0800000000000000711 1.0018684160526744296e-99 2.6014984541689049115e-05
2.0899999999999998579 9.3493988696647525114e-98 1.6009220416890460661e-05
2.1000000000000000888 8.3171202481968443655e-96 1.8010374333243820479e-05
2.1099999999999998757 7.0530909346820526908e-94 2.0011526430607769975e-05
2.1200000000000001066 5.7016974259049425558e-92 1.6009220416890460661e-05
2.1299999999999998934 4.3938784280611297177e-90 2.4013832444325089455e-05
2.1400000000000001243 3.2278409840192517045e-88 1.000576321530389007e-05
2.1499999999999999112 2.2604636397029575645e-86 8.0046102084452286363e-06
2.1600000000000001421 1.5090559037231927933e-84 1.6009220416890460661e-05
2.1699999999999999289 9.6036580578350546808e-83 2.2012678527971729636e-05
2.1800000000000001599 5.8262993150930947564e-81 1.8010374333243820479e-05
2.1899999999999999467 3.3695729853650180908e-79 2.0011526430607769975e-05
2.2000000000000001776 1.8577368140248105957e-77 3.6020748666487627406e-05
2.2099999999999999645 9.7638717923542422686e-76 3.2018440833780907769e-05
2.2200000000000001954 4.8920385904403060764e-74 2.6014984541689049115e-05
2.2299999999999999822 2.3366250054868163953e-72 1.6009220416890460661e-05
2.2400000000000002132 1.0639493943269943459e-70 1.4008068319526499306e-05
2.25 4.6183543356456449433e-69 2.2012678527971729636e-05
2.2600000000000002309 1.9111265009280877034e-67 1.000576321530389007e-05
2.2700000000000000178 7.5392676910170766109e-66 2.2012678527971729636e-05
2.2800000000000002487 2.835359553987597575e-64 2.6014984541689049115e-05
2.2900000000000000355 1.0165485672395411794e-62 2.0011526430607769975e-05
2.3000000000000002665 3.4744893228026123e-61 1.6009220416890460661e-05
2.3100000000000000533 1.1321359992820695302e-59 1.6009220416890460661e-05
2.3199999999999998401 3.5168429985064312959e-58 2.2012678527971729636e-05
2.3300000000000000711 1.0414926204590425518e-56 1.2006916222162539645e-05
2.3399999999999998579 2.9404270584080887125e-55 8.0046102084452286363e-06
2.3500000000000000888 7.9143977759406951869e-54 1.4008068319526499306e-05
2.3599999999999998757 2.0308644502556979408e-52 2.2012678527971729636e-05
2.3700000000000001066 4.9682341244876125938e-51 2.0011526430607769975e-05
2.3799999999999998934 1.1587340880262669243e-49 1.4008068319526499306e-05
2.3900000000000001243 2.5764920312717135745e-48 1.4008068319526499306e-05
2.3999999999999999112 5.4618518079396678316e-47 2.4013832444325089455e-05
2.4100000000000001421 1.1038753574990695267e-45 2.2012678527971729636e-05
2.4199999999999999289 2.1270232967682896244e-44 1.6009220416890460661e-05
2.4300000000000001599 3.90750685970294016e-43 1.4008068319526499306e-05
2.4399999999999999467 6.8439355831708784247e-42 1.8010374333243820479e-05
2.4500000000000001776 1.1428632613627053348e-40 1.8010374333243820479e-05
2.4599999999999999645 1.8195690261710542748e-39 1.8010374333243820479e-05
2.4700000000000001954 2.7620567751217767409e-38 1.4008068319526499306e-05
2.4799999999999999822 3.9975193040195941409e-37 1.000576321530389007e-05
2.4900000000000002132 5.5162857460470191678e-36 2.2012678527971729636e-05
2.5 7.2578117890207737922e-35 1.000576321530389007e-05
2.5100000000000002309 9.1048375773550605855e-34 8.0046102084452286363e-06
2.5200000000000000178 1.0890587640402435464e-32 1.8010374333243820479e-05
2.5300000000000002487 1.2420765929091278266e-31 2.0011526430607769975e-05
2.5400000000000000355 1.3507315352403444111e-30 1.4008068319526499306e-05
2.5500000000000002665 1.4006166216057738466e-29 1.4008068319526499306e-05
2.5600000000000000533 1.384858555695326007e-28 1.2006916222162539645e-05
2.5699999999999998401 1.305672271278947065e-27 2.8016136639052998612e-05
2.5800000000000000711 1.1738502376284612218e-26 2.6014984541689049115e-05
2.5899999999999998579 1.00634878988355699e-25 6.0034581110812723637e-06
2.6000000000000000888 8.2271563982840234892e-25 2.6014984541689049115e-05
2.6099999999999998757 6.4139409399226320357e-24 1.8010374333243820479e-05
2.6200000000000001066 4.7685166442977342194e-23 1.2006916222162539645e-05
2.6299999999999998934 3.3809175632273983137e-22 1.8010374333243820479e-05
2.6400000000000001243 2.2860686282586991009e-21 2.0011526430607766587e-05
2.6499999999999999112 1.4742073310060160642e-20 1.6009220416890447108e-05
2.6600000000000001421 9.0668101517954935904e-20 2.0011526430607678496e-05
2.6699999999999999289 5.3185109616126812361e-19 2.0011526430607238039e-05
2.6800000000000001599 2.9756310892446732061e-18 2.6014984541686074336e-05
2.6899999999999999467 1.587949196725273233e-17 2.6014984541673168942e-05
2.7000000000000001776 8.0831157615005714232e-17 1.8010374333162989819e-05
2.7099999999999999645 3.924851092900098386e-16 1.8010374332851335905e-05
2.7200000000000001954 1.8179784896445056369e-15 1.4008068317708520961e-05
2.7299999999999999822 8.0333386102486441745e-15 2.6014984533655710717e-05
2.7400000000000002132 3.38662884472759712e-14 2.2012678494105441499e-05
2.75 1.3621589070117899742e-13 2.2012678391755838232e-05
2.7600000000000002309 5.2276114167685621378e-13 1.8010373810482678379e-05
2.7700000000000000178 1.9143591807302551838e-12 1.6009218502531279773e-05
2.7800000000000002487 6.6899099387155250277e-12 2.2012671838061791769e-05
2.7900000000000000355 2.2311521014703052188e-11 1.4008046008005484111e-05
2.8000000000000002665 7.1021385823350929996e-11 1.4007997298140676621e-05
2.8100000000000000533 2.1579596005725272579e-10 2.8015920843092941581e-05
2.8199999999999998401 6.2594986504998819207e-10 1.6008594467025410004e-05
2.8300000000000000711 1.7335290700476705249e-09 1.8008640804173773085e-05
2.8399999999999998579 4.5843471471603507017e-09 1.2002331875015378684e-05
2.8500000000000000888 1.1578311162645247604e-08 1.3996490008363853929e-05
2.8599999999999998757 2.7932451699597422747e-08 2.5987052089989450449e-05
2.8700000000000001066 6.4380342350961055381e-08 9.9413828729529297822e-06
2.8799999999999998934 1.417990076632085173e-07 2.1870879520308521092e-05
2.8900000000000001243 2.9852241191032130346e-07 1.7711851921333499917e-05
2.8999999999999999112 6.0087996031451125282e-07 1.1406036261848028922e-05
2.9100000000000001421 1.1567682037052741957e-06 6.8478420047399546523e-06
2.9199999999999999289 2.1306609927961145616e-06 1.3878559424094345676e-05
2.9300000000000001599 3.7564511344787941959e-06 1.2252769282411666465e-05
2.9399999999999999467 6.3423669211457068282e-06 1.7671465523179382626e-05
2.9500000000000001776 1.0260870686978638207e-05 -2.5510747167474813707e-07
2.9599999999999999645 1.5917164336349484157e-05 4.0943620942582858188e-06
2.9700000000000001954 2.3693705930924787985e-05 3.2012651340030146984e-07
2.9799999999999999822 3.3875024464188843341e-05 -1.1862345936217113705e-05
2.9900000000000002132 4.6565606780563137781e-05 -3.0556386363672673732e-05
3 6.162072429879223085e-05 -4.3610349965548413759e-05
3.0100000000000002309 7.8612225097584193531e-05 -4.6593784263803285763e-05
3.0200000000000000178 9.6846098014863790573e-05 -7.8835723681619973482e-05
3.0300000000000002487 0.00011543626646408424753 -0.00010342935024192170281
3.0400000000000000355 0.00013342307775415597807 -0.00010140463692037506352
3.0500000000000002665 0.00014991098345670204059 -0.00013790406723453949587
3.0600000000000000533 0.00016419341875808160102 -0.00014218074023010987138
3.0700000000000002842 0.00017583658986837231563 -0.00015982736945148185836
3.0800000000000000711 0.00018470637936060396874 -0.00017269946313844142401
3.0899999999999998579 0.00019093903250915809466 -0.00016692520006483300521
3.1000000000000000888 0.00019487065870340110557 -0.00017285798017542937594
3.1099999999999998757 0.00019694831239334777465 -0.0001729344799490226852
3.1200000000000001066 0.00019764511476381231353 -0.00018163589434692185625
3.1299999999999998934 0.00019739533148016658796 -0.00018138611106327613069
3.1400000000000001243 0.00019655613318790725644 -0.00017054114864621821072
3.1499999999999999112 0.00019539450595131444758 -0.00017938528553442399031
3.1600000000000001421 0.00019409264714483434079 -0.00017007881470050925134
3.1699999999999999289 0.00019276361580046382773 -0.00017475324146722001064
3.1800000000000001599 0.00019147012468410758352 -0.00017746205636458108252
3.1899999999999999467 0.00019024176866412170262 -0.00017423254824723124535
3.2000000000000001776 0.00018908846070667711579 -0.00016507462826235202633
3.2099999999999999645 0.00018800969011909446143 -0.00013998202523044428252
3.2200000000000001954 0.00018700024202384813864 -0.00015498180119006722409
3.2299999999999999822 0.00018605336841571643415 -0.00016003838387402738843
3.2400000000000002132 0.00018516234432776058601 -0.00016915312391087012874
3.25 0.00018432111604002748037 -0.00015630497940097447837
3.2600000000000002309 0.00018352450492086562982 -0.00016351297849025785646
3.2700000000000000178 0.00018276823982437382949 -0.00016876017150484732849
3.2800000000000002487 0.00018204896653254592272 -0.00016403859219930210563
3.2900000000000000355 0.0001813643109608230298 -0.00015935163243285130016
3.3000000000000002665 0.00018071303249828763295 -0.00016070150606767985959
3.3100000000000000533 0.00018009527585392340614 -0.00016208490152067958905
3.3200000000000002842 0.00017951290118981984268 -0.00016150252685657602559
3.3300000000000000711 0.00017896983794614613247 -0.0001449502431960118581
3.3399999999999998579 0.00017847237092067622143 -0.00015445853847635113197
3.3500000000000000888 0.0001780292391750756451 -0.00015201425463338659938
3.3599999999999998757 0.00017765142538285139053 -0.00016364335706332488953
3.3700000000000001066 0.00017735154996601583312 -0.00015333771752169074367
3.3799999999999998934 0.0001771428656471170089 -0.00015112788110542796317
3.3900000000000001243 0.00017703796236941048647 -0.00015102297782772144074
3.3999999999999999112 0.00017704741156676585736 -0.00013502320478919695081
3.4100000000000001421 0.00017717866535376218811 -0.00012314754235403073683
3.4199999999999999289 0.00017743554915112153296 -0.00013941365020625934605
3.4300000000000001599 0.00017781863541915151066 -0.00014179788675266387647
3.4399999999999999467 0.00017832667998165244649 -0.00012029325278719308267
3.4500000000000001776 0.00017895918268436499616 -0.00013293267171206817707
3.4599999999999999645 0.00017972004920189813752 -0.00013769584242432923098
3.4700000000000001954 0.00018062231459133482742 -0.00013259464970268464851
3.4799999999999999822 0.00018169394564243959451 -0.00012165936453162687087
3.4900000000000002132 0.00018298483892126022731 -0.00015096639808747931277
3.5 0.00018457522148219442874 -0.00013854871050989760965
3.5100000000000002309 0.00018658568100487845525 -0.00014055917003258163616
3.5200000000000000178 0.00018918894998983339963 -0.00013916013482280866799
3.5300000000000002487 0.00019262331280255859693 -0.00013058758141337132056
3.5400000000000000355 0.00019720708741302034176 -0.00015318173035707688249
3.5500000000000002665 0.00020335307384712408363 -0.00015132310476374599218
3.5600000000000000533 0.00021158120352294116826 -0.00015354777632848180444
3.5700000000000002842 0.00022252694182966136979 -0.00016449351463520200597
3.5800000000000000711 0.00023694239612255700643 -0.00017690781501174428279
3.5899999999999998579 0.00025568669831664667287 -0.00019565211720583394923
3.6000000000000000888 0.00027970222104458552148 -0.00024168032209972333457
3.6099999999999998757 0.00030997370335117852306 -0.00022792644735037287688
3.6200000000000001066 0.00034746852729236816278 -0.00029543855820899007133
3.6299999999999998934 0.00039305824924009259789 -0.00032501905973982404916
3.6400000000000001243 0.0004474239865610225614 -0.00035537096461642892322
3.6499999999999999112 0.00051095118967938064902 -0.00041689701745641245811
3.6600000000000001421 0.00058362234341136542872 -0.00048556586335569051818
3.6699999999999999289 0.00066491876960733361027 -0.00056085883144057742736
3.6800000000000001599 0.00075374441079131718028 -0.00061766603179078008283
3.6899999999999999467 0.00084838475072940191645 -0.00067828677334075173754
3.7000000000000001776 0.00094651249222488568168 -0.00077241221427948639731
3.7099999999999999645 0.0010452481197155652926 -0.00083512709310367837408
3.7200000000000001954 0.0011412781930344646254 -0.00091314678481337627561
3.7299999999999999822 0.001231027660243774139 -0.00093285591952000030194
3.7400000000000002132 0.0013108754586627121685 -0.00096867835360703725793
3.75 0.0013773962104842577599 -0.001045204856820455613
3.7600000000000002309 0.0014276059660742457507 -0.0011254319247937228082
3.7700000000000000178 0.0014591876034974954942 -0.0010729651341099195102
3.7800000000000002487 0.001470672221130119332 -0.0011484866479620204054
3.7900000000000000355 0.0014615567590756787554 -0.001063327388017855455
3.8000000000000002665 0.0014323447368774656213 -0.00098808885120936669477
3.8100000000000000533 0.0013845055161067782584 -0.0010483118618862270061
3.8200000000000002842 0.0013203566792477079532 -0.0010161814876888104579
3.8300000000000000711 0.0012428826373866582681 -0.00099874201238665826809
3.8399999999999998579 0.0011555092309892213333 -0.00089936170431897401699
3.8500000000000000888 0.0010618579869058274948 -0.00079970698029662606356
3.8599999999999998757 0.00096550442306178390576 -0.00076739031267205953194
3.8700000000000001066 0.00086976244773867160322 -0.00073168291845975984462
3.8799999999999998934 0.00077751204705238938838 -0.00065143943399564028292
3.8900000000000001243 0.0006910809915070308335 -0.00060903373550622518732
3.8999999999999999112 0.00061218427371346605548 -0.00050812433554670987258
3.9100000000000001421 0.00054191843090634777853 -0.00045787001735120996544
3.9199999999999999289 0.00048080262466905916404 -0.00038674845244609097313
3.9300000000000001599 0.00042885485752705007146 -0.00036281681830515607546
3.9399999999999999467 0.00038569017037118152012 -0.00032965789709307551612
3.9500000000000001776 0.00035062794076471412528 -0.00030260027587606394637
3.9599999999999999645 0.00032279710951918207324 -0.0002627625284083693496
3.9700000000000001954 0.00030123079043181346824 -0.00026320889148695128133
3.9799999999999999822 0.00028494473077607314652 -0.00025692859413702014452
3.9900000000000002132 0.00027299701750246483864 -0.00023097281072489593209
4 0.00026452891799818813905 -0.00023651278135913513705
4.0099999999999997868 0.00025878860279757832192 -0.00023677592426960659229
4.0200000000000004619 0.00025514065893635112141 -0.00021911991026986348723
4.0300000000000002487 0.00025306481705995967661 -0.00021704406839347204243
4.0400000000000000355 0.00025214730695668081386 -0.0002181277122065465395
4.0499999999999998224 0.00025206788293019865036 -0.00021604713426371101618
4.0600000000000004974 0.00025258498091990501475 -0.00020855962386396155548
4.0700000000000002842 0.00025352081924894420868 -0.00021950122449880993432
4.0800000000000000711 0.0002547476348671218107 -0.00021472458200590626397
4.0899999999999998579 0.00025617571952860198952 -0.00022015497086211435534
4.0999999999999996447 0.00025774351420066311628 -0.00021972161525580092938
4.1100000000000003197 0.00025940973788521343038 -0.00020337746460710742638
4.1200000000000001066 0.00026114735481416300735 -0.0002091173857307849159
4.1299999999999998934 0.00026293909893870668531 -0.00021891374188276322603
4.1399999999999996803 0.00026477425193082392268 -0.00023275581109704300813
4.1500000000000003553 0.000266646387848106924 -0.00021261526484837547273
4.1600000000000001421 0.00026855183585291646014 -0.00022852878299170091341
4.1699999999999999289 0.00027048865865009533681 -0.00024647482620577024735
4.1799999999999997158 0.00027245599004364716824 -0.00023843639529351289387
4.1900000000000003908 0.00027445361545690193702 -0.00024243517462312102247
4.2000000000000001776 0.00027648171241946838681 -0.00022044943914136238281
4.2099999999999999645 0.00027854069368443717556 -0.00024051879473957498866
4.2199999999999997513 0.00028063111457757566186 -0.00024260921563271347495
4.2300000000000004263 0.00028275361959912288486 -0.00025073517876534197031
4.2400000000000002132 0.00028490891246819101575 -0.00023688124757954083684
4.25 0.00028709773986199761458 -0.00024507353308442870804
4.2599999999999997868 0.00028932088298932247565 -0.00025530128823918820128
4.2700000000000004619 0.00029157915355953025263 -0.00024555264258723343354
4.2800000000000002487 0.00029387339217701335427 -0.00026385610162160699245
4.2900000000000000355 0.00029620446805844313082 -0.00024817680316979295191
4.2999999999999998224 0.00029857327947006579837 -0.0002445421564703343471
4.3100000000000004974 0.00030098075456346049666 -0.00026295885561859830976
4.3200000000000002842 0.00030342785244267091518 -0.00026340479958145536846
4.3300000000000000711 0.0003059155643786835182 -0.00027589827382327715638
4.3399999999999998579 0.0003084449151309212947 -0.0002804287784918682927
4.3500000000000005329 0.0003110169643580049147 -0.00028099967380259855288
4.3600000000000003197 0.00031363280811151574186 -0.00028561667147246273986
4.3700000000000001066 0.00031629358041231227629 -0.0002702670694400154572
4.3799999999999998934 0.0003190004549119187377 -0.00028097855596705655079
4.3899999999999996803 0.00032175464664311800855 -0.00029173735608771164673
4.4000000000000003553 0.00032455741386481270355 -0.00028853666519832506937
4.4100000000000001421 0.0003274100600068958122 -0.00028338470295095235293
4.4199999999999999289 0.00033031393572142644282 -0.00029029088286021089609
4.4299999999999997158 0.00033327044104691170559 -0.00029324738818569615886
4.4400000000000003908 0.00033628102769304454118 -0.00029625797483182899445
4.4500000000000001776 0.00033934720145380008194 -0.00031533336900947499248
4.4599999999999999645 0.00034247052475740603211 -0.00030644977609091839793
4.4699999999999997513 0.0003456526193623451061 -0.00027761342986207655737
4.4800000000000004263 0.0003488951692092701843 -0.00028485828754170835521
4.4900000000000002132 0.00035219992343947899771 -0.00030016995435610090625
4.5 0.00035556869959144110117 -0.00029553411848062837754
4.5099999999999997868 0.00035900338698777954074 -0.0003169791802102106342
4.5200000000000004619 0.00036250595032612074756 -0.00029846906865855891847
4.5300000000000002487 0.0003660784334883084956 -0.00031204731048857704432
4.5400000000000000355 0.00036972296358368182114 -0.00029968262380503871969
4.5499999999999998224 0.00037344175524341334527 -0.00029139449924260769909
4.5600000000000004974 0.00037723711518434095398 -0.00032520714610096286253
4.5700000000000002842 0.00038111144706228877689 -0.00031907571567310150052
4.5800000000000000711 0.00038506725663659977996 -0.00031302575930362451159
4.5899999999999998579 0.0003891071572694778497 -0.00029505298504650965879
4.6000000000000005329 0.00039323387578582216654 -0.00032319353600717906508
4.6100000000000003197 0.00039745025872151652563 -0.00029739262838746700814
4.6200000000000001066 0.00040175927899064966088 -0.00031771086543551184779
4.6299999999999998934 0.00040616404300491395704 -0.00031010871322761359922
4.6399999999999996803 0.00041066779828149578731 -0.00032261708416960886876
4.6500000000000003553 0.00041527394157914220355 -0.00031121400341238602064
4.6600000000000001421 0.00041998602760584275578 -0.00030191802293854947542
4.6699999999999999289 0.00042480777834570714133 -0.00029873516528895803588
4.6799999999999997158 0.00042974309305719807792 -0.00030567163027882347098
4.6900000000000003908 0.0004347960590000176425 -0.00032073035488947346759
4.7000000000000001776 0.00043997096295357948246 -0.00032390410856466080904
4.7099999999999999645 0.00044527230359635994053 -0.00031919969053961083508
4.7199999999999997513 0.00045070480482241765405 -0.00030061835932134345914
4.7300000000000004263 0.00045627343007927415562 -0.00028617545269062397671
4.7400000000000002132 0.00046198339782011133741 -0.00030389233665362375744
4.75 0.00046784019817309118426 -0.00032375720350714064753
4.7599999999999997868 0.0004738496109416249092 -0.00029774818271785107211
4.7700000000000004619 0.00048001772506182428281 -0.0002999139817293861119
4.7800000000000002487 0.000486350959657269751 -0.00030224491576808247464
4.7900000000000000355 0.00049285608684695731817 -0.00028273506023507039963
4.7999999999999998224 0.00049954025647995752967 -0.00027941346392428261913
4.8100000000000004974 0.00050641102299036852043 -0.00023825656554604343097
4.8200000000000002842 0.00051347637458877830492 -0.00031336111392067937838
4.8300000000000000711 0.00052074476503218794943 -0.00025659260814461196543
4.8399999999999998579 0.00052822514824353203854 -0.00026807529191270515999
4.8500000000000005329 0.00053592701608523357539 -0.00030579445758577067285
4.8600000000000003197 0.00054386043962916538839 -0.0002336817681313137782
4.8700000000000001066 0.00055203611430881176312 -0.00027387590547261385582
4.8799999999999998934 0.00056046540938913468836 -0.00028230520055293678106
4.8899999999999996803 0.00056916042224676487507 -0.00025097714963541505398
4.9000000000000003553 0.0005781340380188616096 -0.00020792079996211250414
4.9100000000000001421 0.00058739999525480169999 -0.00025921097125157911527
4.9199999999999999289 0.00059697295829257233241 -0.00025877815379364652731
4.9299999999999997158 0.000606868597183379886 -0.00031069800673798060164
4.9400000000000003908 0.0006171036761062405774 -0.00024088698721436775955
4.9500000000000001776 0.00062769615135205227181 -0.0002674886646871759842
4.9599999999999999645 0.00063866528011779361007 -0.00023043012856426708934
4.9699999999999997513 0.00065003174154030065116 -0.00026380927215272466715
4.9800000000000004263 0.00066181777162129201784 -0.00032562411740074071126
4.9900000000000002132 0.0006740473139573839546 -0.00023179257856765958078
5 0.00068674618849923153765 -0.00025849950505812903292
5.0099999999999997868 0.00069994228093262140546 -0.00025968869582127158437
5.0200000000000004619 0.00071366575571409269531 -0.00029142255221194430549
5.0300000000000002487 0.00072794929632004757962 -0.00031571184420977195344
5.0400000000000000355 0.00074282837690106218263 -0.00029457019067621420484
5.0499999999999998224 0.00075834157029688528673 -0.00025405111806988886491
5.0600000000000004974 0.00077453089829379693099 -0.00034628421485269442626
5.0700000000000002842 0.00079144223113434251666 -0.00022911833352299269557
5.0800000000000000711 0.00080912574467112852866 -0.00030283411306192709739
5.0899999999999998579 0.00082763644525704832891 -0.00030133331086410137037
5.1000000000000005329 0.00084703477456976312802 -0.00035475122401301402257
5.1100000000000003197 0.00086738730919024107247 -0.0002790484288561916092
5.1200000000000001066 0.00088876757304165812136 -0.00032844485481251330973
5.1299999999999998934 0.00091125698494255442765 -0.00029490194250360031274
5.1399999999999996803 0.0009349459688016851025 -0.00027056326147408080868
5.1500000000000003553 0.00095993526074072076625 -0.00037960098152016951388
5.1600000000000001421 0.00098633745616928322764 -0.00036397899199903591128
5.1699999999999999289 0.0010142788512433975699 -0.00039192038707315025349
5.1799999999999997158 0.0010439016481891085809 -0.00033349245535505911767
5.1900000000000003908 0.0010753666140825811348 -0.00043900006885988149263
5.2000000000000001776 0.0011088563099718069804 -0.00038443903608530519134
5.2099999999999999645 0.001144579045096315523 -0.00044417563275796928014
5.2199999999999997513 0.001182773765383441332 -0.00045435419094019043745
5.2300000000000004263 0.0012237161683710433627 -0.00051730927609374300485
5.2400000000000002132 0.0012677264756942282012 -0.00042724236924668052701
5.25 0.0013151795579491535465 -0.0004206643066740015785
5.2599999999999997868 0.0013665186722194436805 -0.00053804146744214332264
5.2700000000000004619 0.00142227539001714442 -0.00051375205768954012621
5.2800000000000002487 0.0014831014571230795307 -0.00037646404350958153663
5.2900000000000000355 0.0015498258289659426652 -0.00039516069225613357878
5.2999999999999998224 0.0016235671953942082141 -0.00030680874061690829001
5.3100000000000004974 0.0017059688701938830781 -0.00022911816031597506509
5.3200000000000002842 0.0017996955204769855396 -3.8681180031586472057e-05
5.3300000000000000711 0.0019094627401669418514 -5.4394249326446784953e-05
5.3399999999999998579 0.0020440830367221243975 9.915144345027174233e-05
5.3500000000000005329 0.0022203058496501914577 0.00044122710559399251629
5.3600000000000003197 0.0024695432384045836599 0.00077032287488560747049
5.3700000000000001066 0.0028487280173135377803 0.0011115531275140665135
5.3799999999999998934 0.0034562083870520576151 0.0014526192120859629867
5.3899999999999996803 0.0044522729369528011092 0.0013910926279895588151
5.4000000000000003553 0.0060812027110889316228 0.0013030504890546440455
5.4100000000000001421 0.0086876686953930477852 0.00086783503061250641397
5.4199999999999999289 0.012715753180838798575 -0.0010530352722179694286
5.4299999999999997158 0.018676024719826888471 -0.0043377660659477176169
5.4400000000000003908 0.027068035832033029986 -0.010004207646832338763
5.4500000000000001776 0.038255132759381860197 -0.017180994177629079628
5.4599999999999999645 0.052305984897659661692 -0.027809874741481190735
5.4699999999999997513 0.068838835780756502114 -0.040942766790525941811
5.4800000000000004263 0.086921559087255406695 -0.055735596827485966998
5.4900000000000002132 0.1050824998149376549 -0.070906813276718202999
5.5 0.12146633130761233521 -0.084418993566952621466
5.5099999999999997868 0.13412719983759796571 -0.095821134933861851213
5.5200000000000004619 0.14140101516116113101 -0.10199831792581529055
5.5300000000000002487 0.14226034198088116645 -0.10331991229338116645
5.5400000000000000355 0.1365479949625911793 -0.09887429436172867625
5.5499999999999998224 0.12501648630604389467 -0.089243879575582774066
5.5600000000000004974 0.10916022972620524623 -0.076605476601491348521
5.5700000000000002842 0.090892573199636866876 -0.061601701504952838251
5.5800000000000000711 0.072164349347944661828 -0.04699385175168077633
5.5899999999999998579 0.054628520506832665971 -0.033524365398500038937
5.6000000000000005329 0.039427291288070882846 -0.021735099761777131738
5.6100000000000003197 0.027129272530173810518 -0.013301307866668259788
5.6200000000000001066 0.017796289461605174081 -0.0070581038547082933232
5.6299999999999998934 0.011129096641117292715 -0.0029643937264620841276
5.6399999999999996803 0.0066346889590950287874 -0.00056719409731343164993
5.6500000000000003553 0.003770544435173595315 0.0004538886628147717657
5.6600000000000001421 0.00204269857377919117 0.0010570868454017976618
5.6699999999999999289 0.0010549117015678786177 0.0009762583630155425695
5.6799999999999997158 0.00051932018835601132488 0.00087948557335379776156
5.6900000000000003908 0.00024370132457786819382 0.00063280354508808234291
5.7000000000000001776 0.00010901368083056028565 0.00048132637888569421419
5.7099999999999999645 4.6483821577100556562e-05 0.0003077202142526521203
5.7199999999999997513 1.8893742537918650938e-05 0.00018122151813018024511
5.7300000000000004263 7.3202758317019388755e-06 0.00013476156855587407223
5.7400000000000002132 2.7035124710536240248e-06 6.9337984861921647304e-05
5.75 9.5174191355883255657e-07 3.7070157031303354776e-05
5.7599999999999997868 3.1937321601455536108e-07 2.7696763423038443092e-05
5.7700000000000004619 1.0215626661322753184e-07 7.9024539418320013294e-06
5.7800000000000002487 3.1147101759379830526e-08 1.1975769120403160126e-05
5.7900000000000000355 9.0522257636280576035e-09 5.9944058853176439289e-06
5.7999999999999998224 2.5077100348388404722e-09 1.9986448420764684902e-06
5.8100000000000004974 6.6219005322217783165e-10 -6.6219005322217783165e-10
5.8200000000000002842 1.6667507044036611419e-10 2.0009858770408666918e-06
5.8300000000000000711 3.9989008324479688157e-11 2.0011125631029828314e-06
5.8399999999999998579 9.1451747176641238963e-12 2.0011434069365896398e-06
5.8500000000000005329 1.9935365922413653989e-12 2.0011505585747148277e-06
5.8600000000000003197 4.1422541507991899774e-13 2.0011521378858921906e-06
5.8700000000000001066 8.2040657573443904672e-14 -8.2040657573443904672e-14
5.8799999999999998934 1.5488200330216510218e-14 -1.5488200330216510218e-14
5.8899999999999996803 2.7870953224792398652e-15 -2.7870953224792398652e-15
5.9000000000000003553 4.780588527452806508e-16 -4.780588527452806508e-16
5.9100000000000001421 7.8160845552322397729e-17 4.0023051041444535059e-06
5.9199999999999999289 1.2180781797937060354e-17 -1.2180781797937060354e-17
5.9299999999999997158 1.8094176384066277621e-18 -1.8094176384066277621e-18
5.9400000000000003908 2.5620048564032909958e-19 -2.5620048564032909958e-19
5.9500000000000001776 3.4577875045753044816e-20 4.0023051042225795898e-06
5.9599999999999999645 4.4482956254796380182e-21 -4.4482956254796380182e-21
5.9699999999999997513 5.4546357524900956265e-22 2.0011525521113067355e-06
5.9800000000000004263 6.3755027142295382023e-23 2.0011525521113071591e-06
5.9900000000000002132 7.1029620036277844804e-24 -7.1029620036277844804e-24
6 7.5429415939438557947e-25 2.0011525521113071591e-06
6.0099999999999997868 7.6351579682989847904e-26 2.0011525521113071591e-06
6.0200000000000004619 7.366669378408097928e-27 2.0011525521113071591e-06
6.0300000000000002487 6.7748557340237543378e-28 -6.7748557340237543378e-28
6.0400000000000000355 5.938879378098396547e-29 -5.938879378098396547e-29
6.0499999999999998224 4.962315866537409038e-30 -4.962315866537409038e-30
6.0600000000000004974 3.9522064931697710702e-31 -3.9522064931697710702e-31
6.0700000000000002842 3.0003371058005024295e-32 -3.0003371058005024295e-32
6.0800000000000000711 2.1710787159650199675e-33 -2.1710787159650199675e-33
6.0899999999999998579 1.4974628990031372656e-34 -1.4974628990031372656e-34
6.1000000000000005329 9.8449033340192464713e-36 -9.8449033340192464713e-36
6.1100000000000003197 6.1693815325927912769e-37 -6.1693815325927912769e-37
6.1200000000000001066 3.6850764223314856653e-38 -3.6850764223314856653e-38
6.1299999999999998934 2.0980990096458192262e-39 -2.0980990096458192262e-39
6.1400000000000005684 1.1386230898995721238e-40 -1.1386230898995721238e-40
6.1500000000000003553 5.8899070837474285782e-42 -5.8899070837474285782e-42
6.1600000000000001421 2.9040980502736118467e-43 -2.9040980502736118467e-43
6.1699999999999999289 1.3648609552090153173e-44 -1.3648609552090153173e-44
6.1799999999999997158 6.1142019583166346394e-46 -6.1142019583166346394e-46
6.1900000000000003908 2.6107501977722039587e-47 -2.6107501977722039587e-47
6.2000000000000001776 1.0625881469269130787e-48 -1.0625881469269130787e-48
6.2099999999999999645 4.1222911583855769542e-50 -4.1222911583855769542e-50
6.2199999999999997513 1.5243558083051572586e-51 -1.5243558083051572586e-51
6.2300000000000004263 5.3728903024419335699e-53 -5.3728903024419335699e-53
6.2400000000000002132 1.8051092098797265805e-54 -1.8051092098797265805e-54
6.25 5.7805987510471462722e-56 -5.7805987510471462722e-56
6.2599999999999997868 1.7644768049567944411e-57 -1.7644768049567944411e-57
6.2700000000000004619 5.1337276221721104657e-59 -5.1337276221721104657e-59
6.2800000000000002487 1.4237160718701597521e-60 -1.4237160718701597521e-60
6.2900000000000000355 3.7634626107103493194e-62 -3.7634626107103493194e-62
6.2999999999999998224 9.4825564350933726909e-64 -9.4825564350933726909e-64
6.3100000000000004974 2.2773870103283312411e-65 2.0011525521113071591e-06
6.3200000000000002842 5.2134087588793487946e-67 -5.2134087588793487946e-67
6.3300000000000000711 1.1375754570692449987e-68 -1.1375754570692449987e-68
6.3399999999999998579 2.3659856885579829801e-70 -2.3659856885579829801e-70
6.3500000000000005329 4.6904816610046635143e-72 -4.6904816610046635143e-72
6.3600000000000003197 8.863314664673287521e-74 -8.863314664673287521e-74
6.3700000000000001066 1.5964240381236813127e-75 2.0011525521113071591e-06
6.3799999999999998934 2.7407768911599427101e-77 -2.7407768911599427101e-77
6.3900000000000005684 4.4851029328048655167e-79 -4.4851029328048655167e-79
6.4000000000000003553 6.9959133552866892076e-81 -6.9959133552866892076e-81
6.4100000000000001421 1.0401349251530450291e-82 -1.0401349251530450291e-82
6.4199999999999999289 1.4740362339432934858e-84 -1.4740362339432934858e-84
6.4299999999999997158 1.9911310126747786879e-86 -1.9911310126747786879e-86
6.4400000000000003908 2.5636851444786078381e-88 -2.5636851444786078381e-88
6.4500000000000001776 3.1463185122283641207e-90 -3.1463185122283641207e-90
6.4599999999999999645 3.6805592188042400925e-92 -3.6805592188042400925e-92
6.4699999999999997513 4.1039119739803770568e-94 -4.1039119739803770568e-94
6.4800000000000004263 4.3616955202125128858e-96 -4.3616955202125128858e-96
6.4900000000000002132 4.4186104327748965779e-98 -4.4186104327748965779e-98
6.5 4.2666706629541210967e-100 -4.2666706629541210967e-100
6.5099999999999997868 3.9270420315354486742e-102 -3.9270420315354486742e-102
6.5200000000000004619 3.4452042801133487187e-104 -3.4452042801133487187e-104
6.5300000000000002487 2.8809610617791148318e-106 -2.8809610617791148318e-106
6.5400000000000000355 2.2963218741451357054e-108 -2.2963218741451357054e-108
6.5499999999999998224 1.7446209501306151901e-110 -1.7446209501306151901e-110
6.5600000000000004974 1.2634042489039508913e-112 -1.2634042489039508913e-112
6.5700000000000002842 8.7208033911068302544e-115 -8.7208033911068302544e-115
6.5800000000000000711 5.7377755354739737825e-117 -5.7377755354739737825e-117
6.5899999999999998579 3.5983507517937510484e-119 -3.5983507517937510484e-119
6.6000000000000005329 2.1509796404496513994e-121 -2.1509796404496513994e-121
6.6100000000000003197 1.2255808208180889162e-123 -1.2255808208180889162e-123
6.6200000000000001066 6.6561093609380008261e-126 -6.6561093609380008261e-126
6.6299999999999998934 3.4456547866289214919e-128 -3.4456547866289214919e-128
6.6400000000000005684 1.7001838572532143433e-130 -1.7001838572532143433e-130
6.6500000000000003553 7.9963686559623201972e-133 -7.9963686559623201972e-133
6.6600000000000001421 3.5847800224843929013e-135 -3.5847800224843929013e-135
6.6699999999999999289 1.5318102924034123118e-137 -1.5318102924034123118e-137
6.6799999999999997158 6.2390751072568441848e-140 -6.2390751072568441848e-140
6.6900000000000003908 2.4221899077099864538e-142 -2.4221899077099864538e-142
6.7000000000000001776 8.9633199920982068505e-145 -8.9633199920982068505e-145
6.7099999999999999645 3.1615666003267623311e-147 -3.1615666003267623311e-147
6.7199999999999997513 1.0629393397221314651e-149 -1.0629393397221314651e-149
6.7300000000000004263 3.4063347710073102535e-152 -3.4063347710073102535e-152
6.7400000000000002132 1.0404922875406587339e-154 -1.0404922875406587339e-154
6.75 3.0294450792205774871e-157 -3.0294450792205774871e-157
6.7599999999999997868 8.4073663506033359503e-160 -8.4073663506033359503e-160
6.7700000000000004619 2.2239730567454927946e-162 -2.2239730567454927946e-162
6.7800000000000002487 5.6075315012580331721e-165 -5.6075315012580331721e-165
6.7900000000000000355 1.3476793204233932328e-167 -1.3476793204233932328e-167
6.7999999999999998224 3.0872659250193058564e-170 -3.0872659250193058564e-170
6.8100000000000004974 6.7411522930265585007e-173 -6.7411522930265585007e-173
6.8200000000000002842 1.4030296629851743344e-175 -1.4030296629851743344e-175
6.8300000000000000711 2.7833778974745235748e-178 -2.7833778974745235748e-178
6.8399999999999998579 5.2632026733920912356e-181 -5.2632026733920912356e-181
6.8500000000000005329 9.4863818966042694914e-184 -9.4863818966042694914e-184
6.8600000000000003197 1.6297601595558383458e-186 -1.6297601595558383458e-186
6.8700000000000001066 2.6688204984677932778e-189 -2.6688204984677932778e-189
6.8799999999999998934 4.1656962528134508667e-192 -4.1656962528134508667e-192
6.8900000000000005684 6.1976692340536511901e-195 -6.1976692340536511901e-195
6.9000000000000003553 8.7890460921851121046e-198 -8.7890460921851121046e-198
6.9100000000000001421 1.188030622828239447e-200 -1.188030622828239447e-200
6.9199999999999999289 1.5306858486102300985e-203 -1.5306858486102300985e-203
6.9299999999999997158 1.8798233115032386119e-206 -1.8798233115032386119e-206
6.9400000000000003908 2.2004956789730560118e-209 -2.2004956789730560118e-209
6.9500000000000001776 2.4552545700300395226e-212 -2.4552545700300395226e-212
6.9599999999999999645 2.6112295304831675665e-215 -2.6112295304831675665e-215
6.9699999999999997513 2.6470739570396347491e-218 -2.6470739570396347491e-218
6.9800000000000004263 2.5577588865011605311e-221 -2.5577588865011605311e-221
6.9900000000000002132 2.3557306004515596049e-224 -2.3557306004515596049e-224
7 2.0680647534889086642e-227 -2.0680647534889086642e-227
7.0099999999999997868 1.7305140316879202684e-230 -1.7305140316879202684e-230
7.0200000000000004619 1.3802526648376646833e-233 -1.3802526648376646833e-233
7.0300000000000002487 1.0493359092451844774e-236 -1.0493359092451844774e-236
7.0400000000000000355 7.6040145992418935279e-240 -7.6040145992418935279e-240
7.0499999999999998224 5.2522308930073455881e-243 -5.2522308930073455881e-243
7.0600000000000004974 3.4579374517152586184e-246 -3.4579374517152586184e-246
7.0700000000000002842 2.1700158575342630383e-249 -2.1700158575342630383e-249
7.0800000000000000711 1.298019232251688324e-252 -1.298019232251688324e-252
7.0899999999999998579 7.4006827571769847653e-256 -7.4006827571769847653e-256
7.1000000000000005329 4.0219334890019684597e-259 -4.0219334890019684597e-259
7.1100000000000003197 2.0833892174954551201e-262 -2.0833892174954551201e-262
7.1200000000000001066 1.0286754295559376579e-265 -1.0286754295559376579e-265
7.1299999999999998934 4.8412637470417102878e-269 -4.8412637470417102878e-269
7.1400000000000005684 2.1717585375948436622e-272 -2.1717585375948436622e-272
7.1500000000000003553 9.2861724623340544075e-276 -9.2861724623340544075e-276
7.1600000000000001421 3.7847252862400904304e-279 -3.7847252862400904304e-279
7.1699999999999999289 1.4702946714967539326e-282 -1.4702946714967539326e-282
7.1799999999999997158 5.4443596367977888918e-286 -5.4443596367977888918e-286
7.1900000000000003908 1.9215939579470364198e-289 -1.9215939579470364198e-289
7.2000000000000001776 6.4647068516341913353e-293 -6.4647068516341913353e-293
7.2099999999999999645 2.0730436018584377292e-296 -2.0730436018584377292e-296
7.2199999999999997513 6.3363684375900305331e-300 -6.3363684375900305331e-300
7.2300000000000004263 1.846055649011069488e-303 -1.846055649011069488e-303
7.2400000000000002132 5.1265067401241370752e-307 -5.1265067401241370752e-307
7.25 1.3569712632245171797e-310 -1.3569712632245171797e-310
7.2599999999999997868 3.4236719042246494661e-314 -3.4236719042246494661e-314
7.2700000000000004619 8.2335348187539558842e-318 -8.2335348187539558842e-318
7.2800000000000002487 1.8823901106551493333e-321 -1.8823901106551493333e-321
7.2900000000000000355 0 0
7.2999999999999998224 0 2.0011525521113071591e-06
7.3100000000000004974 0 0
7.3200000000000002842 0 0
7.3300000000000000711 0 0
7.3399999999999998579 0 0
7.3500000000000005329 0 0
7.3600000000000003197 0 0
7.3700000000000001066 0 0
7.3799999999999998934 0 0
7.3900000000000005684 0 0
7.4000000000000003553 0 0
7.4100000000000001421 0 0
7.4199999999999999289 0 0
7.4299999999999997158 0 0
7.4400000000000003908 0 0
7.4500000000000001776 0 0
7.4599999999999999645 0 0
7.4699999999999997513 0 0
7.4800000000000004263 0 0
7.4900000000000002132 0 0
7.5 0 0
7.5099999999999997868 0 2.0011525521113071591e-06
7.5200000000000004619 0 0
7.5300000000000002487 0 0
7.5400000000000000355 0 0
7.5499999999999998224 0 0
7.5600000000000004974 0 0
7.5700000000000002842 0 0
7.5800000000000000711 0 0
7.5899999999999998579 0 2.0011525521113071591e-06
7.6000000000000005329 0 2.0011525521113071591e-06
7.6100000000000003197 0 0
7.6200000000000001066 0 0
7.6299999999999998934 0 0
7.6400000000000005684 0 0
7.6500000000000003553 0 0
7.6600000000000001421 0 0
7.6699999999999999289 0 0
7.6799999999999997158 0 0
7.6900000000000003908 0 0
7.7000000000000001776 0 0
7.7099999999999999645 0 0
7.7199999999999997513 0 0
7.7300000000000004263 0 0
7.7400000000000002132 0 0
7.75 0 0
7.7599999999999997868 0 0
7.7700000000000004619 0 0
7.7800000000000002487 0 0
7.7900000000000000355 0 0
7.7999999999999998224 0 0
7.8100000000000004974 0 0
7.8200000000000002842 0 0
7.8300000000000000711 0 0
7.8399999999999998579 0 0
7.8500000000000005329 0 0
7.8600000000000003197 0 0
7.8700000000000001066 0 0
7.8799999999999998934 0 0
7.8900000000000005684 0 0
7.9000000000000003553 0 0
7.9100000000000001421 0 0
7.9199999999999999289 0 0
7.930000000000000604 0 0
7.9400000000000003908 0 0
7.9500000000000001776 0 0
7.9599999999999999645 0 0
7.9699999999999997513 0 0
7.9800000000000004263 0 0
7.9900000000000002132 0 0
8 0 0
8.0099999999999997868 0 0
8.0199999999999995737 0 0
8.0299999999999993605 0 0
8.0400000000000009237 0 0
8.0500000000000007105 0 0
8.0600000000000004974 0 0
8.0700000000000002842 0 0
8.0800000000000000711 0 0
8.0899999999999998579 0 0
8.0999999999999996447 0 0
8.1099999999999994316 0 0
8.1200000000000009948 0 0
8.1300000000000007816 0 0
8.1400000000000005684 0 0
8.1500000000000003553 0 0
8.1600000000000001421 0 0
8.1699999999999999289 0 2.0011525521113071591e-06
8.1799999999999997158 0 0
8.1899999999999995026 0 0
8.1999999999999992895 0 0
8.2100000000000008527 0 0
8.2200000000000006395 0 0
8.2300000000000004263 0 0
8.2400000000000002132 0 0
8.25 0 0
8.2599999999999997868 0 0
8.2699999999999995737 0 0
8.2799999999999993605 0 0
8.2900000000000009237 0 0
8.3000000000000007105 0 0
8.3100000000000004974 0 0
8.3200000000000002842 0 0
8.3300000000000000711 0 0
8.3399999999999998579 0 0
8.3499999999999996447 0 0
8.3599999999999994316 0 0
8.3700000000000009948 0 0
8.3800000000000007816 0 0
8.3900000000000005684 0 0
8.4000000000000003553 0 0
8.4100000000000001421 0 0
8.4199999999999999289 0 0
8.4299999999999997158 0 0
8.4399999999999995026 0 0
8.4499999999999992895 0 0
8.4600000000000008527 0 0
8.4700000000000006395 0 0
8.4800000000000004263 0 0
8.4900000000000002132 0 0
8.5 0 0
8.5099999999999997868 0 0
8.5199999999999995737 0 0
8.5299999999999993605 0 0
8.5400000000000009237 0 0
8.5500000000000007105 0 0
8.5600000000000004974 0 0
8.5700000000000002842 0 0
8.5800000000000000711 0 0
8.5899999999999998579 0 0
8.5999999999999996447 0 0
8.6099999999999994316 0 0
8.6200000000000009948 0 0
8.6300000000000007816 0 0
8.6400000000000005684 0 0
8.6500000000000003553 0 0
8.6600000000000001421 0 0
8.6699999999999999289 0 0
8.6799999999999997158 0 0
8.6899999999999995026 0 2.0011525521113071591e-06
8.7000000000000010658 0 0
8.7100000000000008527 0 0
8.7200000000000006395 0 2.0011525521113071591e-06
8.7300000000000004263 0 0
8.7400000000000002132 0 0
8.75 0 0
8.7599999999999997868 0 0
8.7699999999999995737 0 0
8.7799999999999993605 0 0
8.7900000000000009237 0 0
8.8000000000000007105 0 0
8.8100000000000004974 0 0
8.8200000000000002842 0 0
8.8300000000000000711 0 0
8.8399999999999998579 0 0
8.8499999999999996447 0 0
8.8599999999999994316 0 0
8.8700000000000009948 0 2.0011525521113071591e-06
8.8800000000000007816 0 0
8.8900000000000005684 0 0
8.9000000000000003553 0 0
8.9100000000000001421 0 0
8.9199999999999999289 0 0
8.9299999999999997158 0 0
8.9399999999999995026 0 0
8.9500000000000010658 0 0
8.9600000000000008527 0 0
8.9700000000000006395 0 0
8.9800000000000004263 0 0
8.9900000000000002132 0 0
9 0 0
9.0099999999999997868 0 0
9.0199999999999995737 0 0
9.0299999999999993605 0 0
9.0400000000000009237 0 0
9.0500000000000007105 0 0
9.0600000000000004974 0 0
9.0700000000000002842 0 2.0011525521113071591e-06
9.0800000000000000711 0 0
9.0899999999999998579 0 0
9.0999999999999996447 0 0
9.1099999999999994316 0 0
9.1200000000000009948 0 0
9.1300000000000007816 0 0
9.1400000000000005684 0 0
9.1500000000000003553 0 2.0011525521113071591e-06
9.1600000000000001421 0 0
9.1699999999999999289 0 0
9.1799999999999997158 0 0
9.1899999999999995026 0 0
9.2000000000000010658 0 2.0011525521113071591e-06
9.2100000000000008527 0 0
9.2200000000000006395 0 0
9.2300000000000004263 0 0
9.2400000000000002132 0 0
9.25 0 0
9.2599999999999997868 0 0
9.2699999999999995737 0 0
9.2799999999999993605 0 0
9.2900000000000009237 0 0
9.3000000000000007105 0 0
9.3100000000000004974 0 0
9.3200000000000002842 0 0
9.3300000000000000711 0 0
9.3399999999999998579 0 2.0011525521113071591e-06
9.3499999999999996447 0 0
9.3599999999999994316 0 0
9.3700000000000009948 0 0
9.3800000000000007816 0 0
9.3900000000000005684 0 0
9.4000000000000003553 0 0
9.4100000000000001421 0 2.0011525521113071591e-06
9.4199999999999999289 0 0
9.4299999999999997158 0 0
9.4399999999999995026 0 0
9.4500000000000010658 0 0
9.4600000000000008527 0 0
9.4700000000000006395 0 0
9.4800000000000004263 0 0
9.4900000000000002132 0 0
9.5 0 0
9.5099999999999997868 0 0
9.5199999999999995737 0 0
9.5299999999999993605 0 0
9.5400000000000009237 0 0
9.5500000000000007105 0 0
9.5600000000000004974 0 0
9.5700000000000002842 0 0
9.5800000000000000711 0 0
9.5899999999999998579 0 0
9.5999999999999996447 0 0
9.6099999999999994316 0 0
9.6200000000000009948 0 0
9.6300000000000007816 0 0
9.6400000000000005684 0 0
9.6500000000000003553 0 0
9.6600000000000001421 0 0
9.6699999999999999289 0 0
9.6799999999999997158 0 0
9.6899999999999995026 0 2.0011525521113071591e-06
9.7000000000000010658 0 2.0011525521113071591e-06
9.7100000000000008527 0 0
9.7200000000000006395 0 0
9.7300000000000004263 0 0
9.7400000000000002132 0 0
9.75 0 0
9.7599999999999997868 0 0
9.7699999999999995737 0 0
9.7799999999999993605 0 0
9.7900000000000009237 0 0
9.8000000000000007105 0 0
9.8100000000000004974 0 0
9.8200000000000002842 0 0
9.8300000000000000711 0 0
9.8399999999999998579 0 0
9.8499999999999996447 0 0
9.8599999999999994316 0 0
9.8700000000000009948 0 0
9.8800000000000007816 0 0
9.8900000000000005684 0 0
9.9000000000000003553 0 0
9.9100000000000001421 0 0
9.9199999999999999289 0 0
9.9299999999999997158 0 0
9.9399999999999995026 0 0
9.9500000000000010658 0 0
9.9600000000000008527 0 0
9.9700000000000006395 0 0
9.9800000000000004263 0 0
9.9900000000000002132 0 0
10 0 0
10.009999999999999787 0 2.0011525521113071591e-06
10.019999999999999574 0 0
10.029999999999999361 0 0
10.040000000000000924 0 0
10.050000000000000711 0 0
10.060000000000000497 0 0
10.070000000000000284 0 0
10.080000000000000071 0 0
10.089999999999999858 0 0
10.099999999999999645 0 0
10.109999999999999432 0 0
10.120000000000000995 0 0
10.130000000000000782 0 0
10.140000000000000568 0 0
10.150000000000000355 0 0
10.160000000000000142 0 0
10.169999999999999929 0 0
10.179999999999999716 0 0
10.189999999999999503 0 0
10.200000000000001066 0 0
10.210000000000000853 0 0
10.220000000000000639 0 0
10.230000000000000426 0 0
