0 0 0
0.010000000000000000208 0 0
0.020000000000000000416 0 0
0.02999999999999999889 0 0
0.040000000000000000833 0 0
0.050000000000000002776 0 0
0.05999999999999999778 0 0
0.070000000000000006661 0 0
0.080000000000000001665 0 0
0.089999999999999996669 0 0
0.10000000000000000555 0 0
0.11000000000000000056 0 0
0.11999999999999999556 0 0
0.13000000000000000444 0 0
0.14000000000000001332 0 0
0.14999999999999999445 0 0.00013818350271321830423
0.16000000000000000333 0 8.8117019913624972105e-05
0.17000000000000001221 0 9.212233999278396368e-05
0.17999999999999999334 0 7.4098403274547308683e-05
0.19000000000000000222 0 5.0066490075550966639e-05
0.2000000000000000111 0 3.805052983807399869e-05
0.20999999999999999223 0 4.0053189877653487701e-05
0.22000000000000000111 0 3.404521339689380743e-05
0.23000000000000000999 0 4.0053189877653487701e-05
0.23999999999999999112 0 2.8037233278155330231e-05
0.25 0 2.0026594938826750627e-05
0.26000000000000000888 0 4.2055849917232990265e-05
0.27000000000000001776 0 2.0026594938826750627e-05
0.28000000000000002665 0 1.0013297469413370231e-05
0.28999999999999998002 0 2.2029254978406239638e-05
0.2999999999999999889 0 1.8023934899247251451e-05
0.30999999999999999778 0 3.2042553357314318419e-05
0.32000000000000000666 0 2.4031915017985738814e-05
0.33000000000000001554 0 2.4031915017985738814e-05
0.34000000000000002442 0 2.0026594938826750627e-05
0.35000000000000003331 0 4.0053189877653487701e-05
0.35999999999999998668 0 2.0026594938826750627e-05
0.36999999999999999556 0 4.0053189877653487701e-05
0.38000000000000000444 0 6.0079786635469652038e-05
0.39000000000000001332 0 2.6034573238575831056e-05
0.4000000000000000222 0 5.0066490075550966639e-05
0.41000000000000003109 0 5.0066490075550966639e-05
0.41999999999999998446 0 3.0039893317734819243e-05
0.42999999999999999334 0 4.606116999639198184e-05
0.44000000000000000222 0 4.0053189877653487701e-05
0.4500000000000000111 0 2.4031915017985738814e-05
0.46000000000000001998 0 3.404521339689380743e-05
0.47000000000000002887 0 2.8037233278155330231e-05
0.47999999999999998224 0 3.6047869798494502902e-05
0.48999999999999999112 0 2.8037233278155330231e-05
0.5 0 2.6034573238575831056e-05
0.51000000000000000888 0 3.0039893317734819243e-05
0.52000000000000001776 0 3.2042553357314318419e-05
0.53000000000000002665 0 2.4031915017985738814e-05
0.54000000000000003553 0 2.0026594938826750627e-05
0.55000000000000004441 0 2.0026594938826750627e-05
0.56000000000000005329 0 2.2029254978406239638e-05
0.57000000000000006217 0 3.805052983807399869e-05
0.57999999999999996003 0 1.2015957508992869407e-05
0.58999999999999996891 0 2.0026594938826750627e-05
0.5999999999999999778 0 1.6021276678657159209e-05
0.60999999999999998668 0 1.6021276678657159209e-05
0.61999999999999999556 0 2.0026594938826750627e-05
0.63000000000000000444 0 1.8023934899247251451e-05
0.64000000000000001332 0 8.0106383393285796046e-06
0.6500000000000000222 0 8.0106383393285796046e-06
0.66000000000000003109 0 2.4031915017985738814e-05
0.67000000000000003997 0 1.8023934899247251451e-05
0.68000000000000004885 0 1.6021276678657159209e-05
0.69000000000000005773 0 2.6034573238575831056e-05
0.70000000000000006661 0 2.4031915017985738814e-05
0.70999999999999996447 0 1.4018616639077660033e-05
0.71999999999999997335 0 2.2029254978406239638e-05
0.72999999999999998224 0 1.8023934899247251451e-05
0.73999999999999999112 0 2.0026594938826750627e-05
0.75 0 1.6021276678657159209e-05
0.76000000000000000888 0 2.2029254978406239638e-05
0.77000000000000001776 0 1.0013297469413370231e-05
0.78000000000000002665 0 2.4031915017985738814e-05
0.79000000000000003553 0 8.0106383393285796046e-06
0.80000000000000004441 0 6.0079787544964347035e-06
0.81000000000000005329 0 1.6021276678657159209e-05
0.82000000000000006217 0 2.0026594938826750627e-05
0.83000000000000007105 0 1.4018616639077660033e-05
0.83999999999999996891 0 1.0013297469413370231e-05
0.8499999999999999778 0 1.4018616639077660033e-05
0.85999999999999998668 0 2.0026594938826750627e-05
0.86999999999999999556 0 1.4018616639077660033e-05
0.88000000000000000444 0 2.2029254978406239638e-05
0.89000000000000001332 0 2.0026594938826750627e-05
0.9000000000000000222 0 2.4031915017985738814e-05
0.91000000000000003109 0 1.6021276678657159209e-05
0.92000000000000003997 0 1.2015957508992869407e-05
0.93000000000000004885 0 2.2029254978406239638e-05
0.94000000000000005773 0 1.2015957508992869407e-05
0.95000000000000006661 0 1.4018616639077660033e-05
0.95999999999999996447 0 2.2029254978406239638e-05
0.96999999999999997335 0 1.4018616639077660033e-05
0.97999999999999998224 0 1.4018616639077660033e-05
0.98999999999999999112 0 2.2029254978406239638e-05
1 0 1.2015957508992869407e-05
1.0100000000000000089 0 1.8023934899247251451e-05
1.0200000000000000178 0 1.6021276678657159209e-05
1.0300000000000000266 0 1.6021276678657159209e-05
1.0400000000000000355 0 1.6021276678657159209e-05
1.0500000000000000444 4.4465908125712188976e-323 2.4031915017985738814e-05
1.0600000000000000533 6.3783874878104928853e-321 2.2029254978406239638e-05
1.0700000000000000622 9.4349246058073646309e-319 1.6021276678657159209e-05
1.0800000000000000711 1.3715462425139569771e-316 1.8023934899247251451e-05
1.0900000000000000799 1.9599246427246753331e-314 2.8037233278155330231e-05
1.1000000000000000888 2.7531148039885632458e-312 2.0026594938826750627e-05
1.1100000000000000977 3.8015902165861807863e-310 1.2015957508992869407e-05
1.1200000000000001066 5.1601498336294673747e-308 1.4018616639077660033e-05
1.1300000000000001155 6.8851808890991015772e-306 1.8023934899247251451e-05
1.1400000000000001243 9.0307626546247538512e-304 1.2015957508992869407e-05
1.1500000000000001332 1.1643660485062686384e-301 1.2015957508992869407e-05
1.1599999999999999201 1.4757427894981260631e-299 6.0079787544964347035e-06
1.1699999999999999289 1.8386024639118693123e-297 1.2015957508992869407e-05
1.1799999999999999378 2.251754487950696945e-295 3.2042553357314318419e-05
1.1899999999999999467 2.7108798383881941173e-293 1.6021276678657159209e-05
1.1999999999999999556 3.208156379878938893e-291 1.2015957508992869407e-05
1.2099999999999999645 3.7321305153148142849e-289 1.4018616639077660033e-05
1.2199999999999999734 4.2678991413405427838e-287 1.6021276678657159209e-05
1.2299999999999999822 4.7976383099975766831e-285 1.4018616639077660033e-05
1.2399999999999999911 5.301477117695995717e-283 1.6021276678657159209e-05
1.25 5.758671565335694186e-281 1.4018616639077660033e-05
1.2600000000000000089 6.1489896256684781064e-279 2.0026594938826750627e-05
1.2700000000000000178 6.4541825069635522355e-277 1.4018616639077660033e-05
1.2800000000000000266 6.6593946810629325807e-275 1.0013297469413370231e-05
1.2900000000000000355 6.7543614762376433825e-273 8.0106383393285796046e-06
1.3000000000000000444 6.7342599245017032652e-271 1.6021276678657159209e-05
1.3100000000000000533 6.6001146863654296729e-269 1.2015957508992869407e-05
1.3200000000000000622 6.3587114917997444505e-267 1.6021276678657159209e-05
1.3300000000000000711 6.0220282766372333898e-265 1.8023934899247251451e-05
1.3400000000000000799 5.6062504036396384326e-263 1.2015957508992869407e-05
1.3500000000000000888 5.1304826616764698694e-261 2.2029254978406239638e-05
1.3600000000000000977 4.6153005558532703474e-259 1.6021276678657159209e-05
1.3700000000000001066 4.0812930872430744255e-257 1.2015957508992869407e-05
1.3800000000000001155 3.5477385765674264987e-255 1.2015957508992869407e-05
1.3900000000000001243 3.031527194396860558e-253 2.2029254978406239638e-05
1.4000000000000001332 2.5464042937489690041e-251 2.6034573238575831056e-05
1.4099999999999999201 2.1025642643697278258e-249 1.6021276678657159209e-05
1.4199999999999999289 1.7065822765149490765e-247 2.4031915017985738814e-05
1.4299999999999999378 1.3616365941679540728e-245 3.404521339689380743e-05
1.4399999999999999467 1.0679507611391002747e-243 1.4018616639077660033e-05
1.4499999999999999556 8.2337424072136299701e-242 2.6034573238575831056e-05
1.4599999999999999645 6.2402121349038499764e-240 1.8023934899247251451e-05
1.4699999999999999734 4.6489776980983677999e-238 2.4031915017985738814e-05
1.4799999999999999822 3.4046431833575144883e-236 2.2029254978406239638e-05
1.4899999999999999911 2.4509913308247780478e-234 1.4018616639077660033e-05
1.5 1.7344747360270630072e-232 3.404521339689380743e-05
1.5100000000000000089 1.2065635826537550997e-230 1.0013297469413370231e-05
1.5200000000000000178 8.2506559775022295075e-229 2.2029254978406239638e-05
1.5300000000000000266 5.5460371753199235183e-227 8.0106383393285796046e-06
1.5400000000000000355 3.6646550824824845794e-225 2.8037233278155330231e-05
1.5500000000000000444 2.380342578783874781e-223 2.4031915017985738814e-05
1.5600000000000000533 1.5198539505459218883e-221 2.2029254978406239638e-05
1.5700000000000000622 9.539382863095659488e-220 2.4031915017985738814e-05
1.5800000000000000711 5.8856540832464035485e-218 2.0026595848321449012e-06
1.5900000000000000799 3.569646574651133521e-216 1.2015957508992869407e-05
1.6000000000000000888 2.1281965576406758159e-214 1.6021276678657159209e-05
1.6100000000000000977 1.247252217502182628e-212 1.2015957508992869407e-05
1.6200000000000001066 7.1854316812318946386e-211 2.2029254978406239638e-05
1.6300000000000001155 4.0691853812328870812e-209 2.4031915017985738814e-05
1.6400000000000001243 2.2652603224298107702e-207 1.0013297469413370231e-05
1.6500000000000001332 1.2396092033603128345e-205 2.6034573238575831056e-05
1.6600000000000001421 6.6681828035530751671e-204 3.0039893317734819243e-05
1.6699999999999999289 3.5260318737874777502e-202 1.6021276678657159209e-05
1.6799999999999999378 1.832825007355030048e-200 2.2029254978406239638e-05
1.6899999999999999467 9.3650866748608416882e-199 3.2042553357314318419e-05
1.6999999999999999556 4.7039059722169137041e-197 2.2029254978406239638e-05
1.7099999999999999645 2.3225308640388828624e-195 3.404521339689380743e-05
1.7199999999999999734 1.1272503725796342309e-193 4.606116999639198184e-05
1.7299999999999999822 5.3781797404776654802e-192 3.2042553357314318419e-05
1.7399999999999999911 2.52235534174727542e-190 2.8037233278155330231e-05
1.75 1.1628755951965743796e-188 3.2042553357314318419e-05
1.7600000000000000089 5.2700686828026804356e-187 4.606116999639198184e-05
1.7700000000000000178 2.3477687930937514697e-185 3.0039893317734819243e-05
1.7800000000000000266 1.0281356240549361751e-183 3.404521339689380743e-05
1.7900000000000000355 4.42589921879399525e-182 2.8037233278155330231e-05
1.8000000000000000444 1.8728744499272674442e-180 2.2029254978406239638e-05
1.8100000000000000533 7.7906167601295235119e-179 8.0106383393285796046e-06
1.8200000000000000622 3.1855985730065377856e-177 1.6021276678657159209e-05
1.8300000000000000711 1.2804607997323020967e-175 1.8023934899247251451e-05
1.8400000000000000799 5.059383106745415795e-174 1.0013297469413370231e-05
1.8500000000000000888 1.9651014730469888001e-172 1.4018616639077660033e-05
1.8600000000000000977 7.5029097197919558925e-171 1.6021276678657159209e-05
1.8700000000000001066 2.8160864933657551608e-169 4.0053191696642898023e-06
1.8800000000000001155 1.0394373135190845116e-167 1.4018616639077660033e-05
1.8900000000000001243 3.7890316195969932372e-166 2.4031915017985738814e-05
1.9000000000000001332 1.4262093111602938899e-164 1.2015957508992869407e-05
1.9100000000000001421 7.80447022466949132e-163 1.6021276678657159209e-05
1.9199999999999999289 1.2644757341513957974e-160 2.2029254978406239638e-05
1.9299999999999999378 3.794812948713975473e-158 2.6034573238575831056e-05
1.9399999999999999467 1.2113540660046141397e-155 1.2015957508992869407e-05
1.9499999999999999556 3.7294071272256217423e-153 1.2015957508992869407e-05
1.9599999999999999645 1.0958029469884474815e-150 1.0013297469413370231e-05
1.9699999999999999734 3.0695920350180814022e-148 1.8023934899247251451e-05
1.9799999999999999822 8.1966349346227303044e-146 1.0013297469413370231e-05
1.9899999999999999911 2.0863752632428743532e-143 1.6021276678657159209e-05
2 5.0623371621176898004e-141 1.4018616639077660033e-05
2.0100000000000002309 1.1708788690897079284e-138 1.4018616639077660033e-05
2.0200000000000000178 2.5815209520373227296e-136 1.4018616639077660033e-05
2.0300000000000002487 5.4255362549653754153e-134 2.8037233278155330231e-05
2.0400000000000000355 1.0869600355699204e-131 2.2029254978406239638e-05
2.0499999999999998224 2.0758164573402217567e-129 2.4031915017985738814e-05
2.0600000000000000533 3.7789346761898933082e-127 2.0026594938826750627e-05
2.0699999999999998401 6.5577595227335630817e-125 2.2029254978406239638e-05
2.0800000000000000711 1.0847955192399155025e-122 1.4018616639077660033e-05
2.0899999999999998579 1.7105950675157733631e-120 1.6021276678657159209e-05
2.1000000000000000888 2.5713082680187575122e-118 2.4031915017985738814e-05
2.1099999999999998757 3.6844219040540422366e-116 2.0026594938826750627e-05
2.1200000000000001066 5.0326130915056921872e-114 2.6034573238575831056e-05
2.1299999999999998934 6.5528077868264317558e-112 1.4018616639077660033e-05
2.1400000000000001243 8.1333929507542125441e-110 1.4018616639077660033e-05
2.1499999999999999112 9.6233722292689271639e-108 2.4031915017985738814e-05
2.1600000000000001421 1.085412463110370736e-105 2.0026594938826750627e-05
2.1699999999999999289 1.1670114679828120488e-103 8.0106383393285796046e-06
2.1800000000000001599 1.1961043752111149911e-101 2.6034573238575831056e-05
2.1899999999999999467 1.1686313444029510509e-99 2.6034573238575831056e-05
2.2000000000000001776 1.0884321622624612365e-97 1.2015957508992869407e-05
2.2099999999999999645 9.6636568994598017819e-96 1.8023934899247251451e-05
2.2200000000000001954 8.1789750516373742867e-94 1.6021276678657159209e-05
2.2299999999999999822 6.5989446482754434308e-92 2.0026594938826750627e-05
2.2400000000000002132 5.0753887870759661006e-90 2.2029254978406239638e-05
2.25 3.7212120195577577494e-88 2.2029254978406239638e-05
2.2600000000000002309 2.6008832535055979189e-86 1.0013297469413370231e-05
2.2700000000000000178 1.7329249603145798717e-84 2.4031915017985738814e-05
2.2800000000000002487 1.1006830047976958687e-82 1.4018616639077660033e-05
2.2900000000000000355 6.6645304716166606762e-81 1.8023934899247251451e-05
2.3000000000000002665 3.8468289792476746975e-79 2.6034573238575831056e-05
2.3100000000000000533 2.1167204104041564153e-77 2.2029254978406239638e-05
2.3199999999999998401 1.1103316823833139809e-75 1.8023934899247251451e-05
2.3300000000000000711 5.5522875470890155101e-74 1.0013297469413370231e-05
2.3399999999999998579 2.6468087771613010231e-72 2.4031915017985738814e-05
2.3500000000000000888 1.2028349820135497784e-70 2.0026594938826750627e-05
2.3599999999999998757 5.2110342210037963004e-69 1.6021276678657159209e-05
2.3700000000000001066 2.1521759413837295565e-67 1.6021276678657159209e-05
2.3799999999999998934 8.4736248519204515593e-66 1.8023934899247251451e-05
2.3900000000000001243 3.1805337775294350485e-64 1.4018616639077660033e-05
2.3999999999999999112 1.1380776182889022715e-62 2.2029254978406239638e-05
2.4100000000000001421 3.8822784960267117881e-61 2.2029254978406239638e-05
2.4199999999999999289 1.2625434720383114762e-59 1.2015957508992869407e-05
2.4300000000000001599 3.9142885793171459001e-58 1.4018616639077660033e-05
2.4399999999999999467 1.156933146520070833e-56 1.6021276678657159209e-05
2.4500000000000001776 3.2599787959598539144e-55 2.0026594938826750627e-05
2.4599999999999999645 8.7573888022834476885e-54 2.0026594938826750627e-05
2.4700000000000001954 2.2427981376511621179e-52 2.8037233278155330231e-05
2.4799999999999999822 5.476005782581386722e-51 2.8037233278155330231e-05
2.4900000000000002132 1.2746716631667864761e-49 2.4031915017985738814e-05
2.5 2.8287604260019554959e-48 2.0026594938826750627e-05
2.5100000000000002309 5.9849456509438429315e-47 1.6021276678657159209e-05
2.5200000000000000178 1.2072393828836682826e-45 1.2015957508992869407e-05
2.5300000000000002487 2.321660915666216438e-44 1.6021276678657159209e-05
2.5400000000000000355 4.2567644184084728847e-43 1.4018616639077660033e-05
2.5500000000000002665 7.4411360523816317958e-42 8.0106383393285796046e-06
2.5600000000000000533 1.2401699922057691168e-40 1.0013297469413370231e-05
2.5699999999999998401 1.9706488928151677231e-39 1.8023934899247251451e-05
2.5800000000000000711 2.9855699866023963846e-38 1.2015957508992869407e-05
2.5899999999999998579 4.3126015479116954357e-37 4.0053191696642898023e-06
2.6000000000000000888 5.9394989824955321637e-36 2.4031915017985738814e-05
2.6099999999999998757 7.7994368238256418009e-35 1.6021276678657159209e-05
2.6200000000000001066 9.7652740088236434411e-34 1.6021276678657159209e-05
2.6299999999999998934 1.1657849601593599547e-32 8.0106383393285796046e-06
2.6400000000000001243 1.3269991378720884955e-31 2.2029254978406239638e-05
2.6499999999999999112 1.4402791426556745189e-30 1.8023934899247251451e-05
2.6600000000000001421 1.4905705309776751807e-29 1.4018616639077660033e-05
2.6699999999999999289 1.4709386686305831717e-28 1.6021276678657159209e-05
2.6800000000000001599 1.384138359652697385e-27 1.8023934899247251451e-05
2.6899999999999999467 1.2419796965204087362e-26 1.6021276678657159209e-05
2.7000000000000001776 1.0626913251790023502e-25 1.8023934899247251451e-05
2.7099999999999999645 8.6709265241772225717e-25 2.6034573238575831056e-05
2.7200000000000001954 6.7468059843766878107e-24 1.4018616639077660033e-05
2.7299999999999999822 5.0062723301986305472e-23 1.0013297469413370231e-05
2.7400000000000002132 3.5426159182415561893e-22 1.2015957508992869407e-05
2.75 2.390768470322076597e-21 1.8023934899247248063e-05
2.7600000000000002309 1.538742925379479578e-20 1.6021276678657142269e-05
2.7700000000000000178 9.4454311396590674214e-20 2.6034573238575736188e-05
2.7800000000000002487 5.5299045766680438612e-19 6.007978754495881591e-06
2.7900000000000000355 3.0879309221431239723e-18 2.0026594938823664039e-05
2.8000000000000002665 1.6446998241829716843e-17 1.8023934899230805459e-05
2.8100000000000000533 8.3558587202049816036e-17 1.4018616638994101927e-05
2.8199999999999998401 4.0494726872149096306e-16 1.6021276678252213086e-05
2.8300000000000000711 1.8720948370559706403e-15 2.0026594936954655347e-05
2.8399999999999998579 8.2565740561762105779e-15 1.6021276670400583583e-05
2.8500000000000000888 3.4740581090886193696e-14 1.4018616604337079734e-05
2.8599999999999998757 1.3946459560402996758e-13 6.0079786150318390629e-06
2.8700000000000001066 5.3420428839271896135e-13 1.8023934365042961896e-05
2.8799999999999998934 1.9525251512747277218e-12 4.0053172171391383878e-06
2.8900000000000001243 6.8102650030358156154e-12 2.0026588128561748818e-05
2.8999999999999999112 2.2669658533370198729e-11 2.8037210608496797727e-05
2.9100000000000001421 7.202424179203469004e-11 1.2015885484751077542e-05
2.9199999999999999289 2.1842809060318740321e-10 2.0026376510736146954e-05
2.9300000000000001599 6.3238627993695756503e-10 6.0073463682164979384e-06
2.9399999999999999467 1.7480507952211540801e-09 1.2014209458197648678e-05
2.9500000000000001776 4.6140579160034693502e-09 2.6029959180659826347e-05
2.9599999999999999645 1.1631515301689702228e-08 1.4006985123775969666e-05
2.9700000000000001954 2.8008441563578215445e-08 1.3990608197514081573e-05
2.9799999999999999822 6.443557000413977823e-08 2.5970137668571692627e-05
2.9900000000000002132 1.4165838183681303417e-07 2.1887596596569427451e-05
3 2.9767850751329872342e-07 1.7726256391733953945e-05
3.0100000000000002309 5.9808807449607276555e-07 1.9428506864330676485e-05
3.0200000000000000178 1.1493091673852467394e-06 2.0879945811020992052e-05
3.0300000000000002487 2.113124756846067918e-06 1.1905491882231592963e-05
3.0400000000000000355 3.7189216312701648561e-06 2.2315651607305665352e-05
3.0500000000000002665 6.2679956499459771457e-06 7.7506209891316837348e-06
3.0600000000000000533 1.012303295173745324e-05 7.9009019475097982108e-06
3.0700000000000002842 1.5676681517395703249e-05 6.3525734610105363896e-06
3.0800000000000000711 2.3296917203360203644e-05 -1.5286278864031624039e-05
3.0899999999999998579 3.3253675607866826328e-05 -1.9235058968789166294e-05
3.1000000000000000888 4.5639447894500061078e-05 -2.7615512995252809627e-05
3.1099999999999998757 6.0303277675850556149e-05 -3.8274022697444313123e-05
3.1200000000000001066 7.6819426829459334016e-05 -6.2800810190381670594e-05
3.1299999999999998934 9.4506617183451080725e-05 -8.4493319714037707106e-05
3.1400000000000001243 0.00011250156857581139111 -9.8482951936733727693e-05
3.1499999999999999112 0.00012987503525111569204 -0.00011385375857245853284
3.1600000000000001421 0.00014576521923979711805 -0.00012974394256113995884
3.1699999999999999289 0.00015949753431285389779 -0.00015348955555835746309
3.1800000000000001599 0.00017066367909420357527 -0.00015464240241554641606
3.1899999999999999467 0.00017914534589632012456 -0.00015110811261816479772
3.2000000000000001776 0.00018508385235414980181 -0.00016705991745490255036
3.2099999999999999645 0.000188810703567944576 -0.00017078676866869732455
3.2200000000000001954 0.0001907612628365626937 -0.00018275062449723411409
3.2299999999999999822 0.00019139311721817493361 -0.00017737450057909727019
3.2400000000000002132 0.00019112420823898498335 -0.00017710559159990731993
3.25 0.00019029687652944086269 -0.00016626496151145512387
3.2600000000000002309 0.00018916606596876855864 -0.0001691394710299418114
3.2700000000000000178 0.00018790510797904555647 -0.00016387319296105981765
3.2800000000000002487 0.00018662111877403540772 -0.00016859718387478815627
3.2900000000000000355 0.00018537320310834301258 -0.00016734926820909576113
3.3000000000000002665 0.00018418901178383700282 -0.00016015709676585126401
3.3100000000000000533 0.00018307758260578612004 -0.00017306428513637274642
3.3200000000000002842 0.00018203814724890277597 -0.00015800623223091703716
3.3300000000000000711 0.00018106554725168510491 -0.0001570336322336993661
3.3399999999999998579 0.00018015322078822042381 -0.00016212928588897317236
3.3500000000000000888 0.00017929465536606280468 -0.00016327337868740564547
3.3599999999999998757 0.00017848397818219350784 -0.00017047333984286492823
3.3700000000000001066 0.00017771612014643234432 -0.00015168154690785651327
3.3799999999999998934 0.00017698680635282572696 -0.00016497084884383285755
3.3900000000000001243 0.00017629250743305966754 -0.00016027123075440250833
3.3999999999999999112 0.0001756304203546523422 -0.00016361446284565947279
3.4100000000000001421 0.00017499851474500816755 -0.00016498521727559479393
3.4199999999999999289 0.00017439566441375357474 -0.00015837438773509641553
3.4300000000000001599 0.00017382187035235380159 -0.00014978995533436806277
3.4399999999999999467 0.0001732785626480531113 -0.00014323866933031828867
3.4500000000000001776 0.00017276894103474154155 -0.00014473170775658621471
3.4599999999999999645 0.00017229827983921132905 -0.00014025572648189701063
3.4700000000000001954 0.00017187409211391952075 -0.00014784217709593378194
3.4799999999999999822 0.0001715060341623296839 -0.00015147943922350293666
3.4900000000000002132 0.00017120545032152313832 -0.00015918949281253026891
3.5 0.00017098451684829761446 -0.00014094462353056279183
3.5100000000000002309 0.0001708550372927719553 -0.00015283110239352470385
3.5200000000000000178 0.00017082704748247075073 -0.00014679513246448501191
3.5300000000000002487 0.00017090747204387247787 -0.00013886491868655815945
3.5400000000000000355 0.00017109910252283451059 -0.00013705388912594069638
3.5500000000000002665 0.00017140012126431683091 -0.00013334959142624283222
3.5600000000000000533 0.00017180428272675296272 -0.00014376704944859763587
3.5700000000000002842 0.00017230171793161815595 -0.00015227512299279140871
3.5800000000000000711 0.00017288019517902754709 -0.00013883498178213373288
3.5899999999999998579 0.00017352659334773926016 -0.00014348670003000443753
3.6000000000000000888 0.00017422834478586859703 -0.00013217249486863560676
3.6099999999999998757 0.00017497467782824239623 -0.00012090287131151123833
3.6200000000000001066 0.00017575760790019162886 -0.00014772037462203630202
3.6299999999999998934 0.00017657275677523731399 -0.00012650626669968634058
3.6400000000000001243 0.00017742019396976789264 -0.00012334838745303673474
3.6499999999999999112 0.0001783055791795376576 -0.00012623643270238599549
3.6600000000000001421 0.00017924194125521039807 -0.00013318077125881841623
3.6699999999999999289 0.00018025246643660339306 -0.00013419129644021141122
3.6800000000000001599 0.00018137469406159477934 -0.00012129490742612513408
3.6899999999999999467 0.00018266653046897018487 -0.00013660536047257820303
3.7000000000000001776 0.00018421447727984250112 -0.00014616394744176850243
3.7099999999999999645 0.00018614440207031506956 -0.00013006993551400441588
3.7200000000000001954 0.00018863502217152363564 -0.00013656587569437197353
3.7299999999999999822 0.00019193398809125267841 -0.00015588611829275817551
3.7400000000000002132 0.00019637601054022364678 -0.00015432016062299065652
3.75 0.00020240186075366317208 -0.00017035930739634885366
3.7600000000000002309 0.00021057630482659294726 -0.00016852045490935995699
3.7700000000000000178 0.00022160216944510922649 -0.00018955961608779490807
3.7800000000000002487 0.00023632689141817503397 -0.00019827636158010103528
3.7900000000000000355 0.00025573724342254006755 -0.00019365480038546973359
3.8000000000000002665 0.00028093766318577808715 -0.00021084457999038977005
3.8100000000000000533 0.00031310796966196489466 -0.00026304147958641392125
3.8200000000000002842 0.00035343742876232800768 -0.00028534700196854037926
3.8300000000000000711 0.00040303425363431730167 -0.00033894914691968866484
3.8399999999999998579 0.00046281267222168836128 -0.00041074352574453669917
3.8500000000000000888 0.0005333634623520231181 -0.00045325708259671612915
3.8599999999999998757 0.00061481792627050423257 -0.00048264240003804552729
3.8700000000000001066 0.00070671904473655145287 -0.0005965727680255308342
3.8799999999999998934 0.00080791628367810845029 -0.00067774342112320810211
3.8900000000000001243 0.00091650148412183822522 -0.00078032063053426296839
3.8999999999999999112 0.0010298018510405866372 -0.00083954919457425902958
3.9100000000000001421 0.0011444419702689560565 -0.0009421733608411090883
3.9199999999999999289 0.0012564801526719700416 -0.0010061477168461304028
3.9300000000000001599 0.0013616158471425193754 -0.0010952621310000437704
3.9399999999999999467 0.0014554554497152661415 -0.0011590618366170769068
3.9500000000000001776 0.001533814954780076496 -0.0012013734827973291796
3.9599999999999999645 0.0015930310289321320417 -0.0012746081735884623887
3.9700000000000001954 0.001630248538922957199 -0.0012477405623127436809
3.9799999999999999822 0.001643653181413681514 -0.0012771664851201039621
3.9900000000000002132 0.0016326228397324066798 -0.0012761494327227901856
4 0.0015977800919775748956 -0.0012513200033557499158
4.0099999999999997868 0.0015409397032165816042 -0.0012044929038787176821
4.0200000000000004619 0.0014649572690308247658 -0.001240659402805582151
4.0300000000000002487 0.0013734965860656899936 -0.0010710950110386563069
4.0400000000000000355 0.0012707421243840072694 -0.0010244150159132842364
4.0499999999999998224 0.0011610879539221119743 -0.00095281136801350532588
4.0600000000000004974 0.0010488350935847158465 -0.00086859574095426452488
4.0700000000000002842 0.00093792570244182827191 -0.00078572358308953227715
4.0800000000000000711 0.00083173566704509234362 -0.00071958673393247103624
4.0899999999999998579 0.00073293825757634635532 -0.00062279198086532573664
4.0999999999999996447 0.00064344211125318042516 -0.0005633357314978734362
4.1100000000000003197 0.00056439824380687564787 -0.00049430516061148733076
4.1200000000000001066 0.00049626415988252448735 -0.00042817373308873685894
4.1299999999999998934 0.00043890904672022531272 -0.00039084521668425383509
4.1399999999999996803 0.00039174262039982281434 -0.00035769740700292900013
4.1500000000000003553 0.00035385115165466118426 -0.00031179530173742819399
4.1600000000000001421 0.00032412693113813533918 -0.00028607640130006134049
4.1699999999999999289 0.00030138120222394796169 -0.00024130141558847831643
4.1799999999999997158 0.00028443466109179520607 -0.00026240540611338896305
4.1900000000000003908 0.00027218339135920139975 -0.00023413286152112740106
4.2000000000000001776 0.00026364114824624839892 -0.00022158529832901540865
4.2099999999999999645 0.00025796102965743093575 -0.00022391581626053712155
4.2199999999999997513 0.00025444075049177450332 -0.00023441415555294775608
4.2300000000000004263 0.00025251609263998774178 -0.00021646822284149323887
4.2400000000000002132 0.00025174683755880281543 -0.00021369630772072881674
4.25 0.00025179882758127425206 -0.00022175893426353942943
4.2599999999999997868 0.0002524249558242781322 -0.00021237176594662463772
4.2700000000000004619 0.00025344701907848831562 -0.00020938850912167582957
4.2800000000000002487 0.00025473959600715305636 -0.00022069438261025924215
4.2900000000000000355 0.00025621649488795892897 -0.00021215798493114644292
4.2999999999999998224 0.00025781986904884656364 -0.00023178529581027073258
4.3100000000000004974 0.0002595118125175627016 -0.00021945862263990920712
4.3200000000000002842 0.00026126809489773115914 -0.00022722288150083734494
4.3300000000000000711 0.00026307363858044021526 -0.00023103108522312589684
4.3399999999999998579 0.00026491934979064590003 -0.00023888477655207006898
4.3500000000000005329 0.00026679995979543721062 -0.0002427680447774514718
4.3600000000000003197 0.00026871259311608955206 -0.00023867269979835472942
4.3700000000000001066 0.00027065584201399923167 -0.00024662392699601349286
4.3799999999999998934 0.00027262918293189899359 -0.00023858396953500517939
4.3899999999999996803 0.00027463261736660892105 -0.00024259006400929460263
4.4000000000000003553 0.00027666645607977654892 -0.0002446239027224622305
4.4100000000000001421 0.00027873119249904231226 -0.00023066736246307083464
4.4199999999999999289 0.00028082743024353007963 -0.00024678221684663626543
4.4299999999999997158 0.00028295584271017463606 -0.00025692126947159880501
4.4400000000000003908 0.00028511715121445544135 -0.0002410586412576429553
4.4500000000000001776 0.00028731211363231733092 -0.00024926158379424333223
4.4599999999999999645 0.00028954151886220606035 -0.00024748566894497307008
4.4699999999999997513 0.0002918061844528033774 -0.00026376895117464805056
4.4800000000000004263 0.00029410695592742210503 -0.00026006174253052829082
4.4900000000000002132 0.00029644470701144855522 -0.00025839417717337455653
4.5 0.00029882034034452875258 -0.00025075651030855727495
4.5099999999999997868 0.0003012347884627238721 -0.00025517361846633189026
4.5200000000000004619 0.00030368901494368929703 -0.0002736491216259544744
4.5300000000000002487 0.00030618401566378735962 -0.00027013614586529285672
4.5400000000000000355 0.00030872082014441382027 -0.00026466231018760133422
4.5499999999999998224 0.00031130049297894605382 -0.00026724198302213356777
4.5600000000000004974 0.00031392413533873607953 -0.00027186828542150308927
4.5700000000000002842 0.00031659288656002144806 -0.00028254767316312763385
4.5800000000000000711 0.00031930792581543604447 -0.00030128399091618879302
4.5899999999999998579 0.00032207047387479892289 -0.0002840199440367249242
4.6000000000000005329 0.00032488179496053929979 -0.00028883392516204479689
4.6100000000000003197 0.0003277431987036421592 -0.00029570064534632784078
4.6200000000000001066 0.00033065604220649776404 -0.00027858689572934610193
4.6299999999999998934 0.00033362173221952756046 -0.00029156588230229457019
4.6399999999999996803 0.00033664172743898436576 -0.00029258321748217187971
4.6500000000000003553 0.000339717540933892094 -0.00029766169101665910374
4.6600000000000001421 0.0003428507427106842532 -0.00030079489279345126293
4.6699999999999999289 0.00034604296242477335837 -0.00029397381594762169625
4.6799999999999997158 0.00034929589224898439535 -0.00031725333889167007693
4.6900000000000003908 0.00035261128990957102923 -0.00031055543999233803897
4.7000000000000001776 0.00035599098190138039237 -0.00032795374862322506553
4.7099999999999999645 0.00035943686689465450959 -0.00031738101697742151933
4.7199999999999997513 0.00036295091934696017228 -0.00032089506942972718202
4.7300000000000004263 0.00036653519333484582687 -0.00030044743021861650134
4.7400000000000002132 0.00037019182662102002651 -0.00030410406350479070097
4.75 0.00037392304497416660718 -0.00031584591837827645771
4.7599999999999997868 0.00037773116675994560703 -0.00031364606004531697019
4.7700000000000004619 0.0003816186078233123162 -0.00028348829134976867225
4.7800000000000002487 0.00038558788668401045539 -0.00030948682700786245801
4.7900000000000000355 0.00038964163006900893495 -0.00032755918703193860099
4.7999999999999998224 0.00039378257880772399085 -0.00028964428585342072084
4.8100000000000004974 0.00039801359411818055482 -0.00030589125412539659114
4.8200000000000002842 0.00040233766431479106368 -0.000292191387603770445
4.8300000000000000711 0.00040675791197122867279 -0.00030662493182012678017
4.8399999999999998579 0.00041127760157494322023 -0.00031114462142384132761
4.8500000000000005329 0.00041590014771328314607 -0.00030975919108142157318
4.8600000000000003197 0.00042062912383495097484 -0.0003044748706431706759
4.8700000000000001066 0.00042546827163469637086 -0.00031331933852207506349
4.8799999999999998934 0.000430421511113772675 -0.0003222778980803103592
4.8899999999999996803 0.00043549295137383344304 -0.00028729614482473882567
4.9000000000000003553 0.00044068690220765426328 -0.00032453264901587396433
4.9100000000000001421 0.00044600788655642088732 -0.00031383236032396218205
4.9199999999999999289 0.00045146065391045035525 -0.00031527980032287504421
4.9299999999999997158 0.00045705019473807041936 -0.00031486136466973553647
4.9400000000000003908 0.0004627817560363059338 -0.00031458494948721131643
4.9500000000000001776 0.00046866085810687096265 -0.00031645873875457496789
4.9599999999999999645 0.00047469331267211762508 -0.00031047522580638698721
4.9699999999999997513 0.00048088524245804356583 -0.00033669376326406555422
4.9800000000000004263 0.00048724310238551060259 -0.00031100906255826071259
4.9900000000000002132 0.00049377370252662571709 -0.0002774864764597010855
5 0.00050048423300108244548 -0.0003022209363764368547
5.0099999999999997868 0.00050738229100741002488 -0.00026906580814308974671
5.0200000000000004619 0.00051447591020692818968 -0.00026814880173620521094
5.0300000000000002487 0.00052177359270408872356 -0.00028946508632052812566
5.0400000000000000355 0.00052928434389633641222 -0.00032501307079093114116
5.0499999999999998224 0.00053701771050012670795 -0.0002826799473191705177
5.0600000000000004974 0.00054498382209800064636 -0.00026861681667156392947
5.0700000000000002842 0.00055319343659533367144 -0.00027482376749133865168
5.0800000000000000711 0.00056165799002550918437 -0.00032534417083874720908
5.0899999999999998579 0.00057038965119977002791 -0.0003040359350572944229
5.1000000000000005329 0.00057940138176427644599 -0.00029702638530516482047
5.1100000000000003197 0.00058870700230328207661 -0.00026828148328205406658
5.1200000000000001066 0.00059832126521572879304 -0.00030593297947265621827
5.1299999999999998934 0.00060825993519502210855 -0.00028182642514111918989
5.1399999999999996803 0.00061853987826089075214 -0.00028609840627814343578
5.1500000000000003553 0.00062917916043110134767 -0.00027070308974392655061
5.1600000000000001421 0.00064019715728315905456 -0.0002917344049837757719
5.1699999999999999289 0.00065161467584652589188 -0.00028512797955294828583
5.1799999999999997158 0.00066345409048977469803 -0.00032900995482946907879
5.1900000000000003908 0.00067573949473138624541 -0.00027320493955325066615
5.2000000000000001776 0.00068849687121569716226 -0.00030799155828304194699
5.2099999999999999645 0.00070175428246729734498 -0.00027919311961740913945
5.2199999999999997513 0.00071554208548042341331 -0.00027896230599145749015
5.2300000000000004263 0.00072989317373066506679 -0.00031133733823589346702
5.2400000000000002132 0.0007448432508342463015 -0.00033830336830099411649
5.25 0.00076043114085029474974 -0.00029381146440561525107
5.2599999999999997868 0.00077669914115538593504 -0.00031007946471070643637
5.2700000000000004619 0.00079369342495753491921 -0.0002990365152347000937
5.2800000000000002487 0.00081146450191008144374 -0.00033282887250388253032
5.2900000000000000355 0.00083006774700117389593 -0.00032940287534949461851
5.2999999999999998224 0.00084956401001791490967 -0.00035891242765019668991
5.3100000000000004974 0.00087002032052891308499 -0.00036735275609584504795
5.3200000000000002842 0.0008915107066438950718 -0.0004108724135601378555
5.3300000000000000711 0.00091411714999300205768 -0.00025524216795635187686
5.3399999999999998579 0.00093793070468817815819 -0.00036116478791226611176
5.3500000000000005329 0.00096305281484785785692 -0.00028615388881701340693
5.3600000000000003197 0.00098959687408251830951 -0.00036676978003425666705
5.3700000000000001066 0.0010176900818482318822 -0.00041488956636789235503
5.3799999999999998934 0.0010474756667635304243 -0.00036657141337756936859
5.3899999999999996803 0.0010791155672822982416 -0.00047230972444684210867
5.4000000000000003553 0.0011127936876771727433 -0.00048395857349240573551
5.4100000000000001421 0.0011487198855767819135 -0.00048383694161128728076
5.4199999999999999289 0.0011871349024878358278 -0.00049421472524418586826
5.4299999999999997158 0.0012283165334338182976 -0.00050335379555689640542
5.4400000000000003908 0.0012725874754730237375 -0.00045750501762513049939
5.4500000000000001776 0.0013203255720638364199 -0.00048922186300313767228
5.4599999999999999645 0.0013719777755114778706 -0.00040068790006000248871
5.4699999999999997513 0.001428080580673780518 -0.00049083590042930491486
5.4800000000000004263 0.001489293154420508105 -0.00041186236599291699799
5.4900000000000002132 0.0015564576715564988011 -0.00037689118109258674776
5.5 0.0016307203040733300996 -0.00033099422578656309372
5.5099999999999997868 0.0017137869895908132856 -0.0003619918303105133621
5.5200000000000004619 0.0018084690599839354022 -0.00021435203227653746444
5.5300000000000002487 0.0019198207485619529084 -0.0001634882831144678951
5.5400000000000000355 0.0020574084861878327683 9.9455899864060032245e-05
5.5499999999999998224 0.0022395817007410212356 0.00044999011759582277503
5.5600000000000004974 0.0025009684086599553825 0.00065322045154784071433
5.5700000000000002842 0.0029045968764143540244 0.00079431533993608218619
5.5800000000000000711 0.0035596680976763342419 0.0011445791311249153485
5.5899999999999998579 0.0046445465077965862946 0.001077051890143810968
5.6000000000000005329 0.0064315257828804900386 0.00087417641169100501752
5.6100000000000003197 0.0093053637185351225497 2.9031921063247048687e-05
5.6200000000000001066 0.013762486920402492926 -0.0024694901040653825797
5.6299999999999998934 0.020374545800356427816 -0.006820546435980357966
5.6399999999999996803 0.029702120032201888983 -0.013244264330755359249
5.6500000000000003553 0.042154971799789761611 -0.022212488866387700148
5.6600000000000001421 0.05781481067160568893 -0.034589968868293387294
5.6699999999999999289 0.076260709940874318868 -0.049929741575801114828
5.6799999999999997158 0.096456508112516964326 -0.066859203351107204805
5.6900000000000003908 0.1167617910691585853 -0.08439681168282893442
5.7000000000000001776 0.13510498974096368796 -0.10044095489751886374
5.7099999999999999645 0.14931028740300672508 -0.11323037402524488426
5.7199999999999997513 0.15751362254496209525 -0.12078484555359475516
5.7300000000000004263 0.15855997415050218646 -0.12223573388322542255
5.7400000000000002132 0.15226566780580808036 -0.11686265085114766471
5.75 0.13946394723285407413 -0.10617574032772750248
5.7599999999999997868 0.12181876684097918406 -0.091073938557192410381
5.7700000000000004619 0.10146466963687666984 -0.074102332300932494125
5.7800000000000002487 0.080580663807068811377 -0.056240339703236566504
5.7900000000000000355 0.061015039372679304164 -0.040487778994676183741
5.7999999999999998224 0.044046700247698113151 -0.027398592108063984235
5.8100000000000004974 0.030314111248060809228 -0.016872260816797358951
5.8200000000000002842 0.019889275681828133546 -0.0093412680073128827318
5.8300000000000000711 0.01244015622903145088 -0.0043193716930273844123
5.8399999999999998579 0.0074174965112338486425 -0.0013995047039220753424
5.8500000000000005329 0.0042160607148687863355 -6.4547380505087376124e-05
5.8600000000000003197 0.0022843824677855045086 0.00069557503082451560897
5.8700000000000001066 0.0011798820648110824351 0.00093692916410496656851
5.8799999999999998934 0.00058091458864986005896 0.00080692845861882883662
5.8899999999999996803 0.0002726380935010076236 0.0006445799499678848965
5.9000000000000003553 0.00012197153874811853349 0.00050686357543664850144
5.9100000000000001421 5.2014654761711782039e-05 0.00030245608857034641604
5.9199999999999999289 2.1143946562707329514e-05 0.00021116455982085326161
5.9299999999999997158 8.192899661775735097e-06 0.00014601188336807856424
5.9400000000000003908 3.0260690738397586978e-06 7.5077654279866545372e-05
5.9500000000000001776 1.0653890185776626769e-06 4.6998441017393814104e-05
5.9599999999999999645 3.5753988705482491999e-07 4.3700970069757667856e-05
5.9699999999999997513 1.1437380048708219822e-07 1.1901583708505787394e-05
5.9800000000000004263 3.4874931762351649695e-08 5.9731038227340829347e-06
5.9900000000000002132 1.0136406895564088035e-08 1.0003161062517805424e-05
6 2.8082627921969670975e-09 -2.8082627921969670975e-09
6.0099999999999997868 7.4160690177494320022e-10 2.0019179779303701259e-06
6.0200000000000004619 1.8667726205169261485e-10 -1.8667726205169261485e-10
6.0300000000000002487 4.4790934341138807648e-11 2.0026147938978035525e-06
6.0400000000000000355 1.0243993928147670322e-11 -1.0243993928147670322e-11
6.0499999999999998224 2.2332044944404645656e-12 -2.2332044944404645656e-12
6.0600000000000004974 4.6405259589144712413e-13 2.0026591207795488247e-06
6.0700000000000002842 9.1914712270071043417e-14 2.0026594929174327384e-06
6.0800000000000000711 1.7353280383710431884e-14 -1.7353280383710431884e-14
6.0899999999999998579 3.1228887019003990379e-15 4.0053191665414012985e-06
6.1000000000000005329 5.3568498257819381542e-16 -5.3568498257819381542e-16
6.1100000000000003197 8.7587105702005002729e-17 -8.7587105702005002729e-17
6.1200000000000001066 1.3650493008654206496e-17 -1.3650493008654206496e-17
6.1299999999999998934 2.0278400436406051725e-18 2.0026595848301171043e-06
6.1400000000000005684 2.8714152748659662205e-19 -2.8714152748659662205e-19
6.1500000000000003553 3.8755651802277066648e-20 -3.8755651802277066648e-20
6.1600000000000001421 4.9859807895228143584e-21 -4.9859807895228143584e-21
6.1699999999999999289 6.1142399135077846755e-22 -6.1142399135077846755e-22
6.1799999999999997158 7.1467811891908624878e-23 -7.1467811891908624878e-23
6.1900000000000003908 7.962591898173177308e-24 -7.962591898173177308e-24
6.2000000000000001776 8.4561802114779002808e-25 -8.4561802114779002808e-25
6.2099999999999999645 8.5599188911188974407e-26 -8.5599188911188974407e-26
6.2199999999999997513 8.2592492756113027897e-27 -8.2592492756113027897e-27
6.2300000000000004263 7.5960334390511899016e-28 2.0026595848321449012e-06
6.2400000000000002132 6.6589906389530456922e-29 -6.6589906389530456922e-29
6.25 5.5642298699181318717e-30 -5.5642298699181318717e-30
6.2599999999999997868 4.4317650815492370753e-31 -4.4317650815492370753e-31
6.2700000000000004619 3.3645214478073316278e-32 -3.3645214478073316278e-32
6.2800000000000002487 2.4346956023102149425e-33 -2.4346956023102149425e-33
6.2900000000000000355 1.6793481708277489015e-34 2.0026595848321449012e-06
6.2999999999999998224 1.1041076848988846422e-35 -1.1041076848988846422e-35
6.3100000000000004974 6.919212139850590064e-37 2.0026595848321449012e-06
6.3200000000000002842 4.133103714019818644e-38 -4.133103714019818644e-38
6.3300000000000000711 2.3532622405551277788e-39 -2.3532622405551277788e-39
6.3399999999999998579 1.2771403920160523283e-40 -1.2771403920160523283e-40
6.3500000000000005329 6.6066480992904678908e-42 2.0026595848321449012e-06
6.3600000000000003197 3.2576007916382330129e-43 -3.2576007916382330129e-43
6.3700000000000001066 1.5310474021256428798e-44 2.0026595848321449012e-06
6.3799999999999998934 6.8588836921979065875e-46 -6.8588836921979065875e-46
6.3900000000000005684 2.9288168046056560061e-47 -2.9288168046056560061e-47
6.4000000000000003553 1.1920785910730025124e-48 2.0026595848321449012e-06
6.4100000000000001421 4.6247837112654145271e-50 -4.6247837112654145271e-50
6.4199999999999999289 1.7102191744169163988e-51 -1.7102191744169163988e-51
6.4299999999999997158 6.0281752936682206646e-53 -6.0281752936682206646e-53
6.4400000000000003908 2.0253201509015476691e-54 -2.0253201509015476691e-54
6.4500000000000001776 6.4859733383081948463e-56 -6.4859733383081948463e-56
6.4599999999999999645 1.979840733863602525e-57 -1.979840733863602525e-57
6.4699999999999997513 5.7604834161359140578e-59 -5.7604834161359140578e-59
6.4800000000000004263 1.5975745928497352502e-60 -1.5975745928497352502e-60
6.4900000000000002132 4.2231534311385797266e-62 -4.2231534311385797266e-62
6.5 1.0641088092280599822e-63 -1.0641088092280599822e-63
6.5099999999999997868 2.5556927731495671842e-65 -2.5556927731495671842e-65
6.5200000000000004619 5.8506570934068762398e-67 2.0026595848321449012e-06
6.5300000000000002487 1.2766563375695970897e-68 -1.2766563375695970897e-68
6.5400000000000000355 2.6553189503182076204e-70 -2.6553189503182076204e-70
6.5499999999999998224 5.2642036567635091554e-72 -5.2642036567635091554e-72
6.5600000000000004974 9.9476830336318836004e-74 -9.9476830336318836004e-74
6.5700000000000002842 1.7917789703989436879e-75 -1.7917789703989436879e-75
6.5800000000000000711 3.0762394979077748637e-77 -3.0762394979077748637e-77
6.5899999999999998579 5.0341834676434525119e-79 -5.0341834676434525119e-79
6.6000000000000005329 7.8525569459260622974e-81 -7.8525569459260622974e-81
6.6100000000000003197 1.1675252603044130386e-82 -1.1675252603044130386e-82
6.6200000000000001066 1.6546059755032390109e-84 -1.6546059755032390109e-84
6.6299999999999998934 2.2350949625525022908e-86 2.0026595848321449012e-06
6.6400000000000005684 2.8778651310810024271e-88 -2.8778651310810024271e-88
6.6500000000000003553 3.5319775880512199962e-90 -3.5319775880512199962e-90
6.6600000000000001421 4.13179213417458179e-92 -4.13179213417458179e-92
6.6699999999999999289 4.6071461896811552862e-94 -4.6071461896811552862e-94
6.6799999999999997158 4.8966437118476750156e-96 -4.8966437118476750156e-96
6.6900000000000003908 4.9606430928044876911e-98 -4.9606430928044876911e-98
6.7000000000000001776 4.790164237487268776e-100 -4.790164237487268776e-100
6.7099999999999999645 4.4089558962772073808e-102 -4.4089558962772073808e-102
6.7199999999999997513 3.8680672455290462525e-104 -3.8680672455290462525e-104
6.7300000000000004263 3.2346341731895441514e-106 -3.2346341731895441514e-106
6.7400000000000002132 2.5782747934522432248e-108 -2.5782747934522432248e-108
6.75 1.9588721716806985904e-110 -1.9588721716806985904e-110
6.7599999999999997868 1.4185865454955950861e-112 -1.4185865454955950861e-112
6.7700000000000004619 9.7921578914820485715e-115 -9.7921578914820485715e-115
6.7800000000000002487 6.4427873183103529117e-117 -6.4427873183103529117e-117
6.7900000000000000355 4.0405639544507018497e-119 -4.0405639544507018497e-119
6.7999999999999998224 2.4153660850254904925e-121 -2.4153660850254904925e-121
6.8100000000000004974 1.3762480541797226745e-123 -1.3762480541797226745e-123
6.8200000000000002842 7.4745187258394832413e-126 -7.4745187258394832413e-126
6.8300000000000000711 3.8693899579363414241e-128 -3.8693899579363414241e-128
6.8399999999999998579 1.9093014549356071048e-130 -1.9093014549356071048e-130
6.8500000000000005329 8.9800598703121177848e-133 -8.9800598703121177848e-133
6.8600000000000003197 4.0258415185995335304e-135 -4.0258415185995335304e-135
6.8700000000000001066 1.7203104167348711422e-137 -1.7203104167348711422e-137
6.8799999999999998934 7.0069602687849713135e-140 -7.0069602687849713135e-140
6.8900000000000005684 2.7203524264153305059e-142 -2.7203524264153305059e-142
6.9000000000000003553 1.0066844439106855248e-144 2.0026595848321449012e-06
6.9100000000000001421 3.5508653468215683236e-147 -3.5508653468215683236e-147
6.9199999999999999289 1.1938443252384984035e-149 -1.1938443252384984035e-149
6.9299999999999997158 3.8259019449850444358e-152 2.0026595848321449012e-06
6.9400000000000003908 1.1686718990951725577e-154 -1.1686718990951725577e-154
6.9500000000000001776 3.4027025694307050687e-157 -3.4027025694307050687e-157
6.9599999999999999645 9.4433913682949047447e-160 -9.4433913682949047447e-160
6.9699999999999997513 2.4980699315736335525e-162 -2.4980699315736335525e-162
6.9800000000000004263 6.2987415668374378857e-165 -6.2987415668374378857e-165
6.9900000000000002132 1.5138246554061495723e-167 -1.5138246554061495723e-167
7 3.4679269183428556734e-170 -3.4679269183428556734e-170
7.0099999999999997868 7.5724579339432561318e-173 2.0026595848321449012e-06
7.0200000000000004619 1.5760731282965415252e-175 -1.5760731282965415252e-175
7.0300000000000002487 3.1267158429053970638e-178 -3.1267158429053970638e-178
7.0400000000000000355 5.9125252865820005331e-181 -5.9125252865820005331e-181
7.0499999999999998224 1.0656881778618451102e-183 -1.0656881778618451102e-183
7.0600000000000004974 1.8308797345111239348e-186 -1.8308797345111239348e-186
7.0700000000000002842 2.9982097563533898839e-189 -2.9982097563533898839e-189
7.0800000000000000711 4.6799016623878207727e-192 -4.6799016623878207727e-192
7.0899999999999998579 6.9628005370172219528e-195 -6.9628005370172219528e-195
7.1000000000000005329 9.8742401767402285022e-198 -9.8742401767402285022e-198
7.1100000000000003197 1.3347376724758081636e-200 2.0026595848321449012e-06
7.1200000000000001066 1.7197314888361517332e-203 -1.7197314888361517332e-203
7.1299999999999998934 2.1120191679466865028e-206 -2.1120191679466865028e-206
7.1400000000000005684 2.4723363168666236065e-209 -2.4723363168666236065e-209
7.1500000000000003553 2.7586062545798711341e-212 -2.7586062545798711341e-212
7.1600000000000001421 2.9338935620337636562e-215 -2.9338935620337636562e-215
7.1699999999999999289 2.9742088086366654673e-218 -2.9742088086366654673e-218
7.1799999999999997158 2.8738957836701583119e-221 -2.8738957836701583119e-221
7.1900000000000003908 2.6469334838781214355e-224 -2.6469334838781214355e-224
7.2000000000000001776 2.3237397551419515126e-227 -2.3237397551419515126e-227
7.2099999999999999645 1.9444840753407429325e-230 -1.9444840753407429325e-230
7.2199999999999997513 1.5509354786715587115e-233 -1.5509354786715587115e-233
7.2300000000000004263 1.1791132057416803064e-236 -1.1791132057416803064e-236
7.2400000000000002132 8.5445599938235085642e-240 -8.5445599938235085642e-240
7.25 5.9019608763452361589e-243 2.0026595848321449012e-06
7.2599999999999997868 3.8857545767213520293e-246 -3.8857545767213520293e-246
7.2700000000000004619 2.4385228060170454926e-249 -2.4385228060170454926e-249
7.2800000000000002487 1.458648618701133402e-252 -1.458648618701133402e-252
7.2900000000000000355 8.3166218155119143711e-256 -8.3166218155119143711e-256
7.2999999999999998224 4.5197625715588781924e-259 -4.5197625715588781924e-259
7.3100000000000004974 2.3412979545916624934e-262 -2.3412979545916624934e-262
7.3200000000000002842 1.1560327611798728671e-265 -1.1560327611798728671e-265
7.3300000000000000711 5.440715110756873432e-269 -5.440715110756873432e-269
7.3399999999999998579 2.4406989449547348677e-272 -2.4406989449547348677e-272
7.3500000000000005329 1.0436258333665497037e-275 -1.0436258333665497037e-275
7.3600000000000003197 4.2535133893936143987e-279 -4.2535133893936143987e-279
7.3700000000000001066 1.6524303375535703552e-282 -1.6524303375535703552e-282
7.3799999999999998934 6.1188651713338802675e-286 -6.1188651713338802675e-286
7.3900000000000005684 2.1596877868058215129e-289 -2.1596877868058215129e-289
7.4000000000000003553 7.2657997144302189474e-293 -7.2657997144302189474e-293
7.4100000000000001421 2.3299587355308098742e-296 -2.3299587355308098742e-296
7.4199999999999999289 7.1217281394072423599e-300 -7.1217281394072423599e-300
7.4299999999999997158 2.0748891681648396892e-303 -2.0748891681648396892e-303
7.4400000000000003908 5.7620465593938999723e-307 -5.7620465593938999723e-307
7.4500000000000001776 1.5252146462700459364e-310 -1.5252146462700459364e-310
7.4599999999999999645 3.8481989062513430351e-314 -3.8481989062513430351e-314
7.4699999999999997513 9.2545708824494759924e-318 -9.2545708824494759924e-318
7.4800000000000004263 2.1146009642005352091e-321 -2.1146009642005352091e-321
7.4900000000000002132 0 0
7.5 0 2.0026595848321449012e-06
7.5099999999999997868 0 0
7.5200000000000004619 0 0
7.5300000000000002487 0 0
7.5400000000000000355 0 0
7.5499999999999998224 0 0
7.5600000000000004974 0 0
7.5700000000000002842 0 0
7.5800000000000000711 0 0
7.5899999999999998579 0 0
7.6000000000000005329 0 0
7.6100000000000003197 0 0
7.6200000000000001066 0 2.0026595848321449012e-06
7.6299999999999998934 0 0
7.6400000000000005684 0 0
7.6500000000000003553 0 0
7.6600000000000001421 0 0
7.6699999999999999289 0 0
7.6799999999999997158 0 0
7.6900000000000003908 0 0
7.7000000000000001776 0 0
7.7099999999999999645 0 0
7.7199999999999997513 0 0
7.7300000000000004263 0 0
7.7400000000000002132 0 0
7.75 0 0
7.7599999999999997868 0 0
7.7700000000000004619 0 0
7.7800000000000002487 0 0
7.7900000000000000355 0 0
7.7999999999999998224 0 2.0026595848321449012e-06
7.8100000000000004974 0 0
7.8200000000000002842 0 0
7.8300000000000000711 0 0
7.8399999999999998579 0 2.0026595848321449012e-06
7.8500000000000005329 0 0
7.8600000000000003197 0 0
7.8700000000000001066 0 0
7.8799999999999998934 0 0
7.8900000000000005684 0 0
7.9000000000000003553 0 0
7.9100000000000001421 0 0
7.9199999999999999289 0 0
7.930000000000000604 0 0
7.9400000000000003908 0 0
7.9500000000000001776 0 0
7.9599999999999999645 0 0
7.9699999999999997513 0 0
7.9800000000000004263 0 0
7.9900000000000002132 0 0
8 0 0
8.0099999999999997868 0 0
8.0199999999999995737 0 0
8.0299999999999993605 0 0
8.0400000000000009237 0 0
8.0500000000000007105 0 0
8.0600000000000004974 0 0
8.0700000000000002842 0 0
8.0800000000000000711 0 0
8.0899999999999998579 0 0
8.0999999999999996447 0 0
8.1099999999999994316 0 0
8.1200000000000009948 0 0
8.1300000000000007816 0 0
8.1400000000000005684 0 0
8.1500000000000003553 0 0
8.1600000000000001421 0 0
8.1699999999999999289 0 0
8.1799999999999997158 0 0
8.1899999999999995026 0 0
8.1999999999999992895 0 0
8.2100000000000008527 0 0
8.2200000000000006395 0 0
8.2300000000000004263 0 0
8.2400000000000002132 0 0
8.25 0 0
8.2599999999999997868 0 0
8.2699999999999995737 0 0
8.2799999999999993605 0 0
8.2900000000000009237 0 0
8.3000000000000007105 0 0
8.3100000000000004974 0 0
8.3200000000000002842 0 0
8.3300000000000000711 0 0
8.3399999999999998579 0 0
8.3499999999999996447 0 0
8.3599999999999994316 0 0
8.3700000000000009948 0 0
8.3800000000000007816 0 0
8.3900000000000005684 0 0
8.4000000000000003553 0 0
8.4100000000000001421 0 0
8.4199999999999999289 0 2.0026595848321449012e-06
8.4299999999999997158 0 0
8.4399999999999995026 0 0
8.4499999999999992895 0 0
8.4600000000000008527 0 0
8.4700000000000006395 0 0
8.4800000000000004263 0 0
8.4900000000000002132 0 2.0026595848321449012e-06
8.5 0 0
8.5099999999999997868 0 0
8.5199999999999995737 0 0
8.5299999999999993605 0 0
8.5400000000000009237 0 0
8.5500000000000007105 0 0
8.5600000000000004974 0 0
8.5700000000000002842 0 0
8.5800000000000000711 0 0
8.5899999999999998579 0 0
8.5999999999999996447 0 2.0026595848321449012e-06
8.6099999999999994316 0 0
8.6200000000000009948 0 0
8.6300000000000007816 0 0
8.6400000000000005684 0 0
8.6500000000000003553 0 0
8.6600000000000001421 0 0
8.6699999999999999289 0 0
8.6799999999999997158 0 0
8.6899999999999995026 0 0
8.7000000000000010658 0 0
8.7100000000000008527 0 0
8.7200000000000006395 0 0
8.7300000000000004263 0 0
8.7400000000000002132 0 2.0026595848321449012e-06
8.75 0 0
8.7599999999999997868 0 0
8.7699999999999995737 0 0
8.7799999999999993605 0 0
8.7900000000000009237 0 0
8.8000000000000007105 0 0
8.8100000000000004974 0 0
8.8200000000000002842 0 0
8.8300000000000000711 0 0
8.8399999999999998579 0 0
8.8499999999999996447 0 0
8.8599999999999994316 0 0
8.8700000000000009948 0 0
8.8800000000000007816 0 0
8.8900000000000005684 0 0
8.9000000000000003553 0 2.0026595848321449012e-06
8.9100000000000001421 0 0
8.9199999999999999289 0 0
8.9299999999999997158 0 0
8.9399999999999995026 0 0
8.9500000000000010658 0 0
8.9600000000000008527 0 0
8.9700000000000006395 0 0
8.9800000000000004263 0 0
8.9900000000000002132 0 0
9 0 0
9.0099999999999997868 0 0
9.0199999999999995737 0 2.0026595848321449012e-06
9.0299999999999993605 0 2.0026595848321449012e-06
9.0400000000000009237 0 0
9.0500000000000007105 0 0
9.0600000000000004974 0 0
9.0700000000000002842 0 0
9.0800000000000000711 0 0
9.0899999999999998579 0 0
9.0999999999999996447 0 0
9.1099999999999994316 0 0
9.1200000000000009948 0 0
9.1300000000000007816 0 0
9.1400000000000005684 0 0
9.1500000000000003553 0 0
9.1600000000000001421 0 0
9.1699999999999999289 0 0
9.1799999999999997158 0 0
9.1899999999999995026 0 0
9.2000000000000010658 0 0
9.2100000000000008527 0 0
9.2200000000000006395 0 0
9.2300000000000004263 0 2.0026595848321449012e-06
9.2400000000000002132 0 0
9.25 0 0
9.2599999999999997868 0 0
9.2699999999999995737 0 0
9.2799999999999993605 0 0
9.2900000000000009237 0 0
9.3000000000000007105 0 0
9.3100000000000004974 0 0
9.3200000000000002842 0 0
9.3300000000000000711 0 0
9.3399999999999998579 0 0
9.3499999999999996447 0 0
9.3599999999999994316 0 0
9.3700000000000009948 0 0
9.3800000000000007816 0 0
9.3900000000000005684 0 0
9.4000000000000003553 0 0
9.4100000000000001421 0 0
9.4199999999999999289 0 0
9.4299999999999997158 0 2.0026595848321449012e-06
9.4399999999999995026 0 2.0026595848321449012e-06
9.4500000000000010658 0 0
9.4600000000000008527 0 0
9.4700000000000006395 0 0
9.4800000000000004263 0 2.0026595848321449012e-06
9.4900000000000002132 0 0
9.5 0 0
9.5099999999999997868 0 0
9.5199999999999995737 0 0
9.5299999999999993605 0 0
9.5400000000000009237 0 0
9.5500000000000007105 0 0
9.5600000000000004974 0 0
9.5700000000000002842 0 0
9.5800000000000000711 0 0
9.5899999999999998579 0 0
9.5999999999999996447 0 0
9.6099999999999994316 0 0
9.6200000000000009948 0 0
9.6300000000000007816 0 0
9.6400000000000005684 0 0
9.6500000000000003553 0 0
9.6600000000000001421 0 2.0026595848321449012e-06
9.6699999999999999289 0 2.0026595848321449012e-06
9.6799999999999997158 0 0
9.6899999999999995026 0 0
9.7000000000000010658 0 0
9.7100000000000008527 0 0
9.7200000000000006395 0 2.0026595848321449012e-06
9.7300000000000004263 0 0
9.7400000000000002132 0 0
9.75 0 0
9.7599999999999997868 0 0
9.7699999999999995737 0 2.0026595848321449012e-06
9.7799999999999993605 0 0
9.7900000000000009237 0 0
9.8000000000000007105 0 2.0026595848321449012e-06
9.8100000000000004974 0 2.0026595848321449012e-06
9.8200000000000002842 0 0
9.8300000000000000711 0 0
9.8399999999999998579 0 0
9.8499999999999996447 0 0
9.8599999999999994316 0 2.0026595848321449012e-06
9.8700000000000009948 0 2.0026595848321449012e-06
9.8800000000000007816 0 0
9.8900000000000005684 0 0
9.9000000000000003553 0 0
9.9100000000000001421 0 0
9.9199999999999999289 0 0
9.9299999999999997158 0 0
9.9399999999999995026 0 0
9.9500000000000010658 0 0
9.9600000000000008527 0 0
9.9700000000000006395 0 0
9.9800000000000004263 0 0
9.9900000000000002132 0 0
10 0 0
10.009999999999999787 0 0
10.019999999999999574 0 0
10.029999999999999361 0 0
10.040000000000000924 0 0
10.050000000000000711 0 0
10.060000000000000497 0 0
10.070000000000000284 0 0
10.080000000000000071 0 0
10.089999999999999858 0 0
10.099999999999999645 0 0
10.109999999999999432 0 0
10.120000000000000995 0 0
10.130000000000000782 0 0
10.140000000000000568 0 0
10.150000000000000355 0 0
10.160000000000000142 0 2.0026595848321449012e-06
10.169999999999999929 0 0
10.179999999999999716 0 0
10.189999999999999503 0 0
10.200000000000001066 0 0
10.210000000000000853 0 0
10.220000000000000639 0 0
10.230000000000000426 0 0
