0 0 0
0.010000000000000000208 0 0
0.020000000000000000416 0 0
0.02999999999999999889 0 0
0.040000000000000000833 0 0
0.050000000000000002776 0 0
0.05999999999999999778 0 0
0.070000000000000006661 0 0
0.080000000000000001665 0 0
0.089999999999999996669 0 0
0.10000000000000000555 0 0
0.11000000000000000056 0 0
0.11999999999999999556 0 0
0.13000000000000000444 0 0
0.14000000000000001332 0 0
0.14999999999999999445 0 5.8042023738380521536e-05
0.16000000000000000333 0 6.6047818108927458525e-05
0.17000000000000001221 0 5.0036225729854777455e-05
0.17999999999999999334 0 5.2037674322491511703e-05
0.19000000000000000222 0 3.2023184758145362139e-05
0.2000000000000000111 0 4.4031879951944567937e-05
0.20999999999999999223 0 3.2023184758145362139e-05
0.22000000000000000111 0 3.4024633350782103162e-05
0.23000000000000000999 0 3.2023184758145362139e-05
0.23999999999999999112 0 4.8034777137218043208e-05
0.25 0 2.6018837161245759239e-05
0.26000000000000000888 0 2.6018837161245759239e-05
0.27000000000000001776 0 2.4017388568609021604e-05
0.28000000000000002665 0 2.8020287572871890256e-05
0.28999999999999998002 0 2.0014491383335549722e-05
0.2999999999999999889 4.9406564584124654418e-323 2.8020287572871890256e-05
0.30999999999999999778 1.2238006047487676899e-320 1.6011592379072681069e-05
0.32000000000000000666 2.8645530893358801634e-318 2.8020287572871890256e-05
0.33000000000000001554 6.5687293904844019163e-316 3.8027530536055558104e-05
0.34000000000000002442 1.4757598810744627354e-313 3.6026081943418830633e-05
0.35000000000000003331 3.2483254766381236338e-311 3.8027530536055558104e-05
0.35999999999999998668 7.0050765886109310352e-309 5.6040575145743787289e-05
0.36999999999999999556 1.4800478234183565348e-306 2.6018837161245759239e-05
0.38000000000000000444 3.0637132885446167967e-304 3.2023184758145362139e-05
0.39000000000000001332 6.2134098711313955838e-302 3.2023184758145362139e-05
0.4000000000000000222 1.2345861393373607049e-299 3.2023184758145362139e-05
0.41000000000000003109 2.4033792190496981402e-297 2.6018837161245759239e-05
0.41999999999999998446 4.5838744878789173036e-295 1.8013040971709418705e-05
0.42999999999999999334 8.5654985234895169631e-293 3.4024633350782103162e-05
0.44000000000000000222 1.5681300691311536199e-290 4.4031879951944567937e-05
0.4500000000000000111 2.8126845758234934038e-288 3.4024633350782103162e-05
0.46000000000000001998 4.9427596390269559486e-286 2.8020287572871890256e-05
0.47000000000000002887 8.5099589049814162374e-284 2.6018837161245759239e-05
0.47999999999999998224 1.4354727251662084072e-281 3.002173616550863128e-05
0.48999999999999999112 2.3723127244948278603e-279 5.0036225729854777455e-05
0.5 3.8411250190784323683e-277 3.2023184758145362139e-05
0.51000000000000000888 6.0933266165455797191e-275 2.4017388568609021604e-05
0.52000000000000001776 9.4702181737385087365e-273 4.0028982766671112996e-05
0.53000000000000002665 1.4420324114192516383e-270 3.2023184758145362139e-05
0.54000000000000003553 2.1512930306492801673e-268 2.2015939975972290745e-05
0.55000000000000004441 3.144369896763453135e-266 1.6011592379072681069e-05
0.56000000000000005329 4.5027434216899659908e-264 3.2023184758145362139e-05
0.57000000000000006217 6.3172822626716541606e-262 3.2023184758145362139e-05
0.57999999999999996003 8.6834613331088829958e-260 2.8020287572871890256e-05
0.58999999999999996891 1.1694050863565361228e-257 2.4017388568609021604e-05
0.5999999999999999778 1.5429313142561269826e-255 1.6011592379072681069e-05
0.60999999999999998668 1.9945168934136269798e-253 2.6018837161245759239e-05
0.61999999999999999556 2.5260291386476071247e-251 3.6026081943418830633e-05
0.63000000000000000444 3.1343573123974649173e-249 3.2023184758145362139e-05
0.64000000000000001332 3.8103788939243464451e-247 3.2023184758145362139e-05
0.6500000000000000222 4.5383431769990462587e-245 3.8027530536055558104e-05
0.66000000000000003109 5.2958541265438878686e-243 3.2023184758145362139e-05
0.67000000000000003997 6.0545825678841843037e-241 3.002173616550863128e-05
0.68000000000000004885 6.7817520811623695691e-239 2.6018837161245759239e-05
0.69000000000000005773 7.4423334345541369e-237 3.2023184758145362139e-05
0.70000000000000006661 8.0017660354781246683e-235 3.002173616550863128e-05
0.70999999999999996447 8.4289229745628827872e-233 3.8027530536055558104e-05
0.71999999999999997335 8.6989699889288571134e-231 3.8027530536055558104e-05
0.72999999999999998224 8.7957543338027340608e-229 3.4024633350782103162e-05
0.73999999999999999112 8.7134041953091091596e-227 2.8020287572871890256e-05
0.75 8.456918416136903794e-225 2.0014491383335549722e-05
0.76000000000000000888 8.0416641715757888222e-223 4.0028982766671112996e-05
0.77000000000000001776 7.4918527897387554395e-221 3.002173616550863128e-05
0.78000000000000002665 6.8382039392710599106e-219 1.8013040971709418705e-05
0.79000000000000003553 6.1151114070809698561e-217 3.4024633350782103162e-05
0.80000000000000004441 5.3576730735595492405e-215 2.6018837161245759239e-05
0.81000000000000005329 4.5989380150695777751e-213 2.6018837161245759239e-05
0.82000000000000006217 3.867661113957070546e-211 1.6011592379072681069e-05
0.83000000000000007105 3.1867557854965461967e-209 3.6026081943418830633e-05
0.83999999999999996891 2.5725194256701615564e-207 2.8020287572871890256e-05
0.8499999999999999778 2.0345953796070809658e-205 2.6018837161245759239e-05
0.85999999999999998668 1.5765471216917125959e-203 3.8027530536055558104e-05
0.86999999999999999556 1.1968655567752850403e-201 3.4024633350782103162e-05
0.88000000000000000444 8.9021169050265391511e-200 2.8020287572871890256e-05
0.89000000000000001332 6.4871020276726179951e-198 3.2023184758145362139e-05
0.9000000000000000222 4.6314574101450209768e-196 1.8013040971709418705e-05
0.91000000000000003109 3.2396204519949242982e-194 3.002173616550863128e-05
0.92000000000000003997 2.2201386650963511199e-192 3.8027530536055558104e-05
0.93000000000000004885 1.4906496409186528494e-190 2.6018837161245759239e-05
0.94000000000000005773 9.8057444379376858933e-189 3.4024633350782103162e-05
0.95000000000000006661 6.3196797619244938301e-187 4.0028982766671112996e-05
0.95999999999999996447 3.9904243721250696046e-185 2.8020287572871890256e-05
0.96999999999999997335 2.4686107048620846254e-183 3.2023184758145362139e-05
0.97999999999999998224 1.4962206439589470883e-181 2.8020287572871890256e-05
0.98999999999999999112 8.8848108869175698709e-180 3.4024633350782103162e-05
1 5.1690441910184494615e-178 1.8013040971709418705e-05
1.0100000000000000089 2.9463328832770144014e-176 3.2023184758145362139e-05
1.0200000000000000178 1.6453674128821383897e-174 3.4024633350782103162e-05
1.0300000000000000266 9.0022999992115585947e-173 2.6018837161245759239e-05
1.0400000000000000355 4.8256251415541498004e-171 2.4017388568609021604e-05
1.0500000000000000444 2.5343301749685268741e-169 3.002173616550863128e-05
1.0600000000000000533 1.3040141907866005427e-167 2.4017388568609021604e-05
1.0700000000000000622 6.5737162129776560234e-166 2.4017388568609021604e-05
1.0800000000000000711 3.2467518511699428527e-164 3.2023184758145362139e-05
1.0900000000000000799 1.5710744035614615959e-162 3.002173616550863128e-05
1.1000000000000000888 7.4482444257833961296e-161 1.8013040971709418705e-05
1.1100000000000000977 3.4595578609147253198e-159 2.8020287572871890256e-05
1.1200000000000001066 1.5743336850914048187e-157 1.6011592379072681069e-05
1.1300000000000001155 7.0191171076174450843e-156 2.2015939975972290745e-05
1.1400000000000001243 3.066039176110856802e-154 2.4017388568609021604e-05
1.1500000000000001332 1.3121467896497514126e-152 3.2023184758145362139e-05
1.1599999999999999201 5.5016968395502093793e-151 3.4024633350782103162e-05
1.1699999999999999289 2.2600622449936674102e-149 1.8013040971709418705e-05
1.1799999999999999378 9.0960671119379294772e-148 3.6026081943418830633e-05
1.1899999999999999467 3.5867113133409178163e-146 3.002173616550863128e-05
1.1999999999999999556 1.385634539468557172e-144 3.2023184758145362139e-05
1.2099999999999999645 5.2445772794467870385e-143 3.4024633350782103162e-05
1.2199999999999999734 1.9448306444214258493e-141 3.2023184758145362139e-05
1.2299999999999999822 7.0658204911980267747e-140 3.6026081943418830633e-05
1.2399999999999999911 2.5150864751875365848e-138 3.2023184758145362139e-05
1.25 8.7710735901777318691e-137 2.6018837161245759239e-05
1.2600000000000000089 2.996829939514756851e-135 2.8020287572871890256e-05
1.2700000000000000178 1.0031848246854372657e-133 3.8027530536055558104e-05
1.2800000000000000266 3.2901016806129710164e-132 2.4017388568609021604e-05
1.2900000000000000355 1.0571757614080454757e-130 3.002173616550863128e-05
1.3000000000000000444 3.328086346411773802e-129 2.8020287572871890256e-05
1.3100000000000000533 1.0264823463964365333e-127 4.4031879951944567937e-05
1.3200000000000000622 3.1018293071913558508e-126 2.6018837161245759239e-05
1.3300000000000000711 9.1831952111884982223e-125 3.002173616550863128e-05
1.3400000000000000799 2.6636628203252909224e-123 4.0028982766671112996e-05
1.3500000000000000888 7.5696219891070688622e-122 4.6033328544581308961e-05
1.3600000000000000977 2.1075536885957542315e-120 2.8020287572871890256e-05
1.3700000000000001066 5.7490040207467894868e-119 2.6018837161245759239e-05
1.3800000000000001155 1.5364417117506354918e-117 3.2023184758145362139e-05
1.3900000000000001243 4.0229911451985124701e-116 2.2015939975972290745e-05
1.4000000000000001332 1.032028225918109182e-114 3.2023184758145362139e-05
1.4099999999999999201 2.593842400127228027e-113 2.8020287572871890256e-05
1.4199999999999999289 6.387120445439487961e-112 1.2008694284304510802e-05
1.4299999999999999378 1.54090597019485188e-110 3.4024633350782103162e-05
1.4399999999999999467 3.6421403785759193935e-109 3.4024633350782103162e-05
1.4499999999999999556 8.4342551443227946003e-108 4.0028982766671112996e-05
1.4599999999999999645 1.9135785744258571652e-106 2.2015939975972290745e-05
1.4699999999999999734 4.2535875462807951793e-105 4.4031879951944567937e-05
1.4799999999999999822 9.2634756205503100419e-104 2.0014491383335549722e-05
1.4899999999999999911 1.9765238584463984345e-102 2.4017388568609021604e-05
1.5 4.1318036051680581378e-101 2.4017388568609021604e-05
1.5100000000000000089 8.4622682959237655328e-100 2.4017388568609021604e-05
1.5200000000000000178 1.6980224263203189881e-98 3.2023184758145362139e-05
1.5300000000000000266 3.338178565235330586e-97 4.6033328544581308961e-05
1.5400000000000000355 6.4296186872509628246e-96 3.6026081943418830633e-05
1.5500000000000000444 1.2133061026974758817e-94 3.6026081943418830633e-05
1.5600000000000000533 2.2431848208758975992e-93 3.002173616550863128e-05
1.5700000000000000622 4.0632097699154944546e-92 3.2023184758145362139e-05
1.5800000000000000711 7.2107915590360616814e-91 2.2015939975972290745e-05
1.5900000000000000799 1.2537361555219649214e-89 2.8020287572871890256e-05
1.6000000000000000888 2.1356932253173974644e-88 2.4017388568609021604e-05
1.6100000000000000977 3.5643562204993748596e-87 4.8034777137218043208e-05
1.6200000000000001066 5.8281784745089051435e-86 2.6018837161245759239e-05
1.6300000000000001155 9.3367148515085408365e-85 2.4017388568609021604e-05
1.6400000000000001243 1.4654292617798877518e-83 3.2023184758145362139e-05
1.6500000000000001332 2.2534355127734327008e-82 4.4031879951944567937e-05
1.6600000000000001421 3.3949620209798826075e-81 2.8020287572871890256e-05
1.6699999999999999289 5.0111132439888544968e-80 4.8034777137218043208e-05
1.6799999999999999378 7.2467457648598776821e-79 5.4039122915128252726e-05
1.6899999999999999467 1.0267420398236627482e-77 6.6047818108927458525e-05
1.6999999999999999556 1.4252438468223027047e-76 5.0036225729854777455e-05
1.7099999999999999645 1.9383246373212813489e-75 4.8034777137218043208e-05
1.7199999999999999734 2.5826964658397220016e-74 3.002173616550863128e-05
1.7299999999999999822 3.3715509859976328204e-73 5.2037674322491511703e-05
1.7399999999999999911 4.312167343597800795e-72 5.6040575145743787289e-05
1.75 5.4034482066452811051e-71 5.2037674322491511703e-05
1.7600000000000000089 6.6337010375510266461e-70 6.6047818108927458525e-05
1.7700000000000000178 7.9790342185579466308e-69 5.0036225729854777455e-05
1.7800000000000000266 9.4027383641796237735e-68 4.2030431359307840466e-05
1.7900000000000000355 1.0855959595994488065e-66 4.6033328544581308961e-05
1.8000000000000000444 1.2279845866636778069e-65 2.6018837161245759239e-05
1.8100000000000000533 1.3609188804436123772e-64 4.0028982766671112996e-05
1.8200000000000000622 1.4777478900513719935e-63 3.6026081943418830633e-05
1.8300000000000000711 1.572347647681758409e-62 2.0014491383335549722e-05
1.8400000000000000799 1.6400522572226601596e-61 3.002173616550863128e-05
1.8500000000000000888 1.6793644363276105092e-60 4.0028982766671112996e-05
1.8600000000000000977 1.6960691539124883982e-59 3.2023184758145362139e-05
1.8700000000000001066 1.7143661456695679135e-58 4.4031879951944567937e-05
1.8800000000000001155 1.8070802766896303541e-57 3.6026081943418830633e-05
1.8900000000000001243 2.1742117542899695145e-56 4.2030431359307840466e-05
1.9000000000000001332 3.3358277848081473599e-55 5.2037674322491511703e-05
1.9100000000000001421 6.5771580690111153219e-54 3.002173616550863128e-05
1.9199999999999999289 1.4910708978851477112e-52 1.6011592379072681069e-05
1.9299999999999999378 3.5017943184069327159e-51 2.8020287572871890256e-05
1.9399999999999999467 8.08912838105340892e-50 2.8020287572871890256e-05
1.9499999999999999556 1.8014187408827877321e-48 3.4024633350782103162e-05
1.9599999999999999645 3.8398654267757072057e-47 4.2030431359307840466e-05
1.9699999999999999734 7.8146395864012768623e-46 3.002173616550863128e-05
1.9799999999999999822 1.5170639936342272436e-44 3.002173616550863128e-05
1.9899999999999999911 2.8084127125283263116e-43 3.6026081943418830633e-05
2 4.9571264050087776019e-42 2.6018837161245759239e-05
2.0100000000000002309 8.3424609977014352164e-41 4.2030431359307840466e-05
2.0200000000000000178 1.3385949634902402621e-39 3.8027530536055558104e-05
2.0300000000000002487 2.0478382571971977611e-38 2.8020287572871890256e-05
2.0400000000000000355 2.9870075760856526473e-37 3.6026081943418830633e-05
2.0499999999999998224 4.1540806383782575096e-36 2.2015939975972290745e-05
2.0600000000000000533 5.508276247269491172e-35 2.0014491383335549722e-05
2.0699999999999998401 6.9640733482074935278e-34 2.4017388568609021604e-05
2.0800000000000000711 8.3950397720640985098e-33 3.2023184758145362139e-05
2.0899999999999998579 9.6493763807859587069e-32 3.4024633350782103162e-05
2.1000000000000000888 1.057543856717119473e-30 3.4024633350782103162e-05
2.1099999999999998757 1.105162379688814307e-29 2.6018837161245759239e-05
2.1200000000000001066 1.1012568755401443432e-28 6.204492092365399003e-05
2.1299999999999998934 1.0463877678934747872e-27 3.2023184758145362139e-05
2.1400000000000001243 9.4808049884722164105e-27 3.2023184758145362139e-05
2.1499999999999999112 8.1913184641097118222e-26 2.0014491383335549722e-05
2.1600000000000001421 6.7487979360896862079e-25 2.6018837161245759239e-05
2.1699999999999999289 5.3023886447850205343e-24 2.4017388568609021604e-05
2.1800000000000001599 3.9728143513554112752e-23 4.8034777137218043208e-05
2.1899999999999999467 2.8386787742707546925e-22 2.8020287572871890256e-05
2.2000000000000001776 1.9343535236628981889e-21 2.6018837161245755851e-05
2.2099999999999999645 1.2570951623692269988e-20 2.6018837161245745687e-05
2.2200000000000001954 7.7915715158511844632e-20 4.2030431359307765928e-05
2.2299999999999999822 4.6059512925704372339e-19 4.2030431359307379681e-05
2.2400000000000002132 2.5969568679607878685e-18 4.0028982766668517687e-05
2.25 1.3966129230438015188e-17 3.00217361654946654e-05
2.2600000000000002309 7.164226115631664513e-17 3.8027530535983912669e-05
2.2700000000000000178 3.5055947181153507249e-16 3.2023184757794805695e-05
2.2800000000000002487 1.6363343445109812924e-15 3.202318475650903001e-05
2.2900000000000000355 7.2865278535940393268e-15 2.8020287565585363866e-05
2.3000000000000002665 3.0954911229844566899e-14 4.002898273571619907e-05
2.3100000000000000533 1.2546510080987080126e-13 3.6026081817953728729e-05
2.3199999999999998401 4.8520702182230662282e-13 3.6026081458211809045e-05
2.3300000000000000711 1.7904854081493811204e-12 3.2023182967659952192e-05
2.3399999999999998579 6.3050085863354742954e-12 3.4024627045773518164e-05
2.3500000000000000888 2.1188809025239895206e-11 3.0021714976699606192e-05
2.3599999999999998757 6.7962874473706983961e-11 3.4024565387907632443e-05
2.3700000000000001066 2.0807680971944659982e-10 2.802007949606217114e-05
2.3799999999999998934 6.0814818551147792356e-10 3.4024025202596592827e-05
2.3900000000000001243 1.6969977441168258952e-09 5.2035977324747395448e-05
2.3999999999999999112 4.5216568117759141063e-09 3.2018663101333584911e-05
2.4100000000000001421 1.1505982942460335691e-08 3.0010230182566169366e-05
2.4199999999999999289 2.7966169043269852276e-08 4.0001016597627845727e-05
2.4300000000000001599 6.4939351910244249428e-08 4.3966940600034321637e-05
2.4399999999999999467 1.4409270573568684713e-07 2.7876194867136203038e-05
2.4500000000000001776 3.0559131438089761457e-07 1.9708900068954652001e-05
2.4599999999999999645 6.1962012300990849395e-07 2.5399217038235852122e-05
2.4700000000000001954 1.2015261244993364657e-06 2.4817311036746424256e-05
2.4799999999999999822 2.2290612289322753098e-06 2.9794123529213086405e-05
2.4900000000000002132 3.9579792415214093705e-06 3.2068102701897420416e-05
2.5 6.7297278272372026389e-06 1.5286212148735088106e-05
2.5100000000000002309 1.0963189263399437056e-05 7.0498517083099816489e-06
2.5200000000000000178 1.7122768732947601445e-05 2.0904761803107956659e-05
2.5300000000000002487 2.5658865747954368573e-05 3.5997141329139066665e-07
2.5400000000000000355 3.6924180345768288318e-05 3.1048024209028246773e-06
2.5500000000000002665 5.1078983675617178905e-05 -7.0471037236726109679e-06
2.5600000000000000533 6.8007203295953247272e-05 -4.1988366134707491421e-05
2.5699999999999998401 8.7268840191449107194e-05 -5.7247104025940479303e-05
2.5800000000000000711 0.00010810968591476120533 -8.0089398341889311687e-05
2.5899999999999998579 0.00012953623600189416226 -9.751305124374880012e-05
2.6000000000000000888 0.00015044554248630322081 -0.00012042380632079459292
2.6099999999999998757 0.00016978279352512835963 -0.00011974656779527358217
2.6200000000000001066 0.0001866902018024701234 -0.00015066411985905129277
2.6299999999999998934 0.00020061312347237496875 -0.00017259283589950307511
2.6400000000000001243 0.00021134239950929871389 -0.00017331486897324314901
2.6499999999999999112 0.0002189906343488000123 -0.00019897614296546445919
2.6600000000000001421 0.00022391755393329269928 -0.00017788422538871139032
2.6699999999999999289 0.00022663000890147004594 -0.00019260537555068794956
2.6800000000000001599 0.00022768335488661934057 -0.00020366596631801031896
2.6899999999999999467 0.00022760439204867950226 -0.00019357975869789740588
2.7000000000000001776 0.00022684572939985877724 -0.00020282834083124975564
2.7099999999999999645 0.00022577159699473391173 -0.00018173971704278933702
2.7200000000000001954 0.00022466859087986724942 -0.00019664830330699535578
2.7299999999999999822 0.00022377238586135950464 -0.00018574485532530393976
2.7400000000000002132 0.00022330221462141540455 -0.00018527468408535983967
2.75 0.00022349725805503542096 -0.00019747842089378966511
2.7600000000000002309 0.00022465149126807382966 -0.0001786181627234925207
2.7700000000000000178 0.00022714503513008801492 -0.00019512185037194265278
2.7800000000000002487 0.00023147038769727654975 -0.00018543705915269524079
2.7900000000000000355 0.00023825125813654055105 -0.0001842121352214123051
2.8000000000000002665 0.00024825056448006771297 -0.00018820709214905045718
2.8100000000000000533 0.00026236303542181087884 -0.00020231956309079362306
2.8199999999999998401 0.00028158730653478233853 -0.00020152934100144012609
2.8300000000000000711 0.00030697287831217193567 -0.00023492071442533427441
2.8399999999999998579 0.00033953913418821704594 -0.00025147537428432789651
2.8500000000000000888 0.0003801669276051249601 -0.00027609157896014199091
2.8599999999999998757 0.00042946788019483016175 -0.00032339108295721034989
2.8700000000000001066 0.00048764197875851480329 -0.00031952025332128344143
2.8799999999999998934 0.00055433944627271641934 -0.00040823366263044674838
2.8900000000000001243 0.00062854704241581903744 -0.00041038909488671170521
2.8999999999999999112 0.00070852068465635225508 -0.00043232070611290673292
2.9100000000000001421 0.0007917845266149900257 -0.00051558454807154444934
2.9199999999999999289 0.00087521084890188093671 -0.00049893842617468352803
2.9300000000000001599 0.00095518554486682353145 -0.00051886964980860875857
2.9399999999999999467 0.0010278517502109374079 -0.00057952714904498710963
2.9500000000000001776 0.0010894112030267065396 -0.00062507501311966236733
2.9599999999999999645 0.0011364516379114620627 -0.0006080690930400423945
2.9700000000000001954 0.0011662612967161646929 -0.00058183816214708600906
2.9799999999999999822 0.0011770902727568069348 -0.00061468307998268994184
2.9900000000000002132 0.0011683236261386207439 -0.00061992660989274896155
3 0.0011405424371493230653 -0.00064018018712673290492
3.0100000000000002309 0.0010954643750342412788 -0.00061311515506942411251
3.0200000000000000178 0.0010357722380996275957 -0.00054141434113090525226
3.0300000000000002487 0.00096485425111434981564 -0.0005425485034805499051
3.0400000000000000355 0.00088649101857103196692 -0.000586273656915945688
3.0500000000000002665 0.00080452916613158787819 -0.00044226689082880516922
3.0600000000000000533 0.00072258033479474575653 -0.00047239920978345067634
3.0700000000000002842 0.00064377707148944001824 -0.00046965100755025601361
3.0800000000000000711 0.00057060605013273019322 -0.00040048288337881971129
3.0899999999999998579 0.00050482627907571749927 -0.00036072195130204217674
3.1000000000000000888 0.00044746784650154697608 -0.00031537221028369211324
3.1099999999999998757 0.00039889721478951614209 -0.00030082621192244332143
3.1200000000000001066 0.00035892922628242765601 -0.00028287416521031652624
3.1299999999999998934 0.0003269640954560343077 -0.00026491917453238031767
3.1400000000000001243 0.0003021292497082261495 -0.00022006983558224720281
3.1499999999999999112 0.00028340994470792222476 -0.00022937082179279397881
3.1600000000000001421 0.00026975791200571224175 -0.00021371733685996845446
3.1699999999999999289 0.00026017275611264550558 -0.00018211624644789764157
3.1800000000000001599 0.00025375553185042897149 -0.00016369032335390308781
3.1899999999999999467 0.00024973738745133933388 -0.00018769246652768534385
3.2000000000000001776 0.00024748819816882837875 -0.00019945342103161033554
3.2099999999999999645 0.00024651086470167644189 -0.0001644514505756974952
3.2200000000000001954 0.00024642670987366755396 -0.0001963904841438127765
3.2299999999999999822 0.00024695653976710752776 -0.00015488988267794490984
3.2400000000000002132 0.00024790078424911964668 -0.00017985151754755545391
3.25 0.00024912096421780632015 -0.00018907749188678906437
3.2600000000000002309 0.00025052372171450803476 -0.00019048024938349077898
3.2700000000000000178 0.00025204787733896924984 -0.00020201165160911447238
3.2800000000000002487 0.00025365446052491103304 -0.00018560519382334684027
3.2900000000000000355 0.00025531936110134668613 -0.00020328168677885517443
3.3000000000000002665 0.00025702812298411293083 -0.00018897885628254873806
3.3100000000000000533 0.00025877238707182754736 -0.00018872167177762662034
3.3200000000000002842 0.00026054754193651364757 -0.00019650117242022292329
3.3300000000000000711 0.00026235122117435321493 -0.0001963034030654257564
3.3399999999999998579 0.00026418237129900051016 -0.00020013600178270978588
3.3500000000000000888 0.00026604069038419403447 -0.00020199432086790331019
3.3599999999999998757 0.0002679262995705632166 -0.00020788282723954596082
3.3700000000000001066 0.00026983955619964636059 -0.00021580043328451811464
3.3799999999999998934 0.00027178095047912341617 -0.00021373892674074289463
3.3900000000000001243 0.00027375104998253512118 -0.00021570902624415459964
3.3999999999999999112 0.00027575047077437727988 -0.00021570699844336002409
3.4100000000000001421 0.00027777986295565997195 -0.00021173204484673251342
3.4199999999999999289 0.00027983990381866410491 -0.00018777324672950148699
3.4300000000000001599 0.00028193129492076984778 -0.00020187332938742763534
3.4399999999999999467 0.00028405476113506095831 -0.00022200984021140696828
3.4500000000000001776 0.00028621105068406271516 -0.00022016323257513525664
3.4599999999999999645 0.00028840093566252073248 -0.00020634152153654178579
3.4700000000000001954 0.00029062521281070712942 -0.00023458463766496334213
3.4799999999999999822 0.00029288470442684583044 -0.00022083254054000816917
3.4900000000000002132 0.00029518025936878803306 -0.00023913968422304424577
3.5 0.00029751275412413433468 -0.00022145769305202320492
3.5100000000000002309 0.00029988309394141305416 -0.00023583672442512232988
3.5200000000000000178 0.00030229221402103240808 -0.00022023279989505346139
3.5300000000000002487 0.00030474108076750263232 -0.00024269615984384864229
3.5400000000000000355 0.00030723069310574458932 -0.00024118287499681713079
3.5500000000000002665 0.00030976208386499398976 -0.00023971136857079306274
3.5600000000000000533 0.00031233632123425813295 -0.00023427981156951026894
3.5700000000000002842 0.00031495451029363627895 -0.00022889219898238386377
3.5800000000000000711 0.00031761779462614967567 -0.00025156997651722221715
3.5899999999999998579 0.00032032735801506743252 -0.000246273745535593037
3.6000000000000000888 0.00032308442623208072971 -0.00025503515953051653694
3.6099999999999998757 0.00032589026892205672729 -0.00024783375925730886328
3.6200000000000001066 0.00032874620159053906127 -0.0002606969348889748685
3.6299999999999998934 0.0003316535877005943574 -0.00023958693061143173948
3.6400000000000001243 0.00033461384088611815851 -0.00027857326574037437122
3.6499999999999999112 0.00033762842728922957958 -0.0002735820577729388553
3.6600000000000001421 0.0003406988680299765206 -0.00025863945390399757391
3.6699999999999999289 0.00034382674181719202191 -0.00027978037230090129764
3.6800000000000001599 0.00034701368771003314592 -0.00024293833906505014962
3.6899999999999999467 0.00035026140804047644749 -0.00026419909672922403231
3.7000000000000001776 0.00035357167150785431993 -0.00029552964776947379839
3.7099999999999999645 0.00035694631645739703782 -0.0002868956011631961108
3.7200000000000001954 0.00036038725435571779352 -0.00027432494304446537834
3.7299999999999999822 0.00036389647347721858694 -0.00029384575818301765992
3.7400000000000002132 0.00036747604281655156348 -0.0002854166286905726168
3.75 0.00037112811624353170183 -0.00029307160657878383783
3.7600000000000002309 0.00037485493691826002891 -0.00029079407419964434798
3.7700000000000000178 0.00037865884198573859657 -0.00028859363348921271289
3.7800000000000002487 0.00038254226757090617093 -0.00026845966868678186211
3.7900000000000000355 0.00038650775409683577489 -0.00025241066201038650941
3.8000000000000002665 0.00039055795195085471353 -0.00028848405189850842437
3.8100000000000000533 0.00039469562752549340254 -0.00028861883028787359068
3.8200000000000002842 0.00039892366966365761785 -0.00029084542383340112595
3.8300000000000000711 0.0004032450965400189726 -0.00028716104906325798374
3.8399999999999998579 0.00040766306301360789822 -0.0003115935087391718118
3.8500000000000000888 0.00041218086848981955834 -0.00027608233508669111859
3.8599999999999998757 0.00041680196533365156597 -0.00030472081504216393718
3.8700000000000001066 0.00042152996787997107104 -0.00028342997860824833706
3.8799999999999998934 0.00042636866209103645034 -0.0002762599812634933651
3.8900000000000001243 0.00043132201591638625248 -0.00031723941703226194366
3.8999999999999999112 0.0004363941904156799648 -0.00030029565701255157926
3.9100000000000001421 0.00044158955171113260666 -0.00025945769340140171924
3.9199999999999999289 0.00044691268384295133398 -0.00026878372271849396927
3.9300000000000001599 0.00045236840260873994232 -0.00029425392741064986587
3.9399999999999999467 0.00045796177047626970055 -0.0002738284562979444647
3.9500000000000001776 0.00046369811266846653426 -0.00030758509333897086045
3.9599999999999999645 0.00046958303453004790863 -0.00029745841190754313248
3.9700000000000001954 0.00047562244029714659602 -0.00028748622893354789168
3.9799999999999999822 0.00048182255340460818614 -0.00024765301713440697993
3.9900000000000002132 0.00048818993848072763037 -0.00029004647687798764061
4 0.00049473152519616410937 -0.00030459387251588628497
4.0099999999999997868 0.00050145463415298123944 -0.00029930827536496772698
4.0200000000000004619 0.00050836700502149094732 -0.00026018732132687493299
4.0300000000000002487 0.00051547682715723393797 -0.00027330149651648584898
4.0400000000000000355 0.0005227927729584392301 -0.00027261164794714414991
4.0499999999999998224 0.00053032403425620593118 -0.00025612552613327004003
4.0600000000000004974 0.000538080362066013047 -0.00031191662016635877779
4.0700000000000002842 0.00054607211007077084263 -0.0002758764845811931374
4.0800000000000000711 0.000554310282253281752 -0.00030012624550479797495
4.0899999999999998579 0.00056280658515062815216 -0.00030061675403159743812
4.0999999999999996447 0.00057157348526602313587 -0.00030337930109312465912
4.1100000000000003197 0.00058062427224620015518 -0.00027440255753724605934
4.1200000000000001066 0.00058997312851640957513 -0.00023971955932136255422
4.1299999999999998934 0.00059963520616240230908 -0.00031542943324840990414
4.1399999999999996803 0.00060962671196187275154 -0.00022134558312693976322
4.1500000000000003553 0.00061996500159969855463 -0.00024769549060968984282
4.1600000000000001421 0.00063066868425536420223 -0.00031644117517586322361
4.1699999999999999289 0.00064175773893162320772 -0.00030351284674048141813
4.1799999999999997158 0.00065325364410581232121 -0.00026697398569138880127
4.1900000000000003908 0.00066517952253583958501 -0.00030892160028692480138
4.2000000000000001776 0.00067756030334942761971 -0.00025325311439894864331
4.2099999999999999645 0.00069042290389754437576 -0.00028813165674202709026
4.2199999999999997513 0.00070379643427291214107 -0.00026948198053137665088
4.2300000000000004263 0.00071771242789725432035 -0.00027939509152236053583
4.2400000000000002132 0.00073220510218498506983 -0.00030589644281399646242
4.25 0.00074731165402008783039 -0.00029498417022077934617
4.2599999999999997868 0.00076307259566667684676 -0.00024469728648248323562
4.2700000000000004619 0.00077953213781013167699 -0.00023914088683097637494
4.2800000000000002487 0.00079673862774330098547 -0.00022232272886144835867
4.2900000000000000355 0.00081474505233374700224 -0.00033639874410611847856
4.2999999999999998224 0.0008336096174145641571 -0.00034525607349970963058
4.3100000000000004974 0.0008533964177395486541 -0.0003670442860375427367
4.3200000000000002842 0.00087417621477366570359 -0.00039582990654603717991
4.3300000000000000711 0.00089602734353886118179 -0.0003436273864519702459
4.3399999999999998579 0.00091903677475442112788 -0.00042467887778569878444
4.3500000000000005329 0.00094330136494148654914 -0.00039490434869561476684
4.3600000000000003197 0.00096892933547169533739 -0.00040251926006422010431
4.3700000000000001066 0.00099604203238300094599 -0.00041161889781392226213
4.3799999999999998934 0.001024776033084765425 -0.00038431230881802772546
4.3899999999999996803 0.0010552856851626861261 -0.00046285678532689096196
4.4000000000000003553 0.001087746188355720239 -0.00039324334481183310062
4.4100000000000001421 0.0011223573665076361314 -0.00049590381876914364258
4.4199999999999999289 0.0011593483271082059057 -0.00039879771638709460811
4.4299999999999997158 0.0011989832817117843621 -0.0004444369658368799679
4.4400000000000003908 0.0012415689217526331735 -0.00042898060396722110035
4.4500000000000001776 0.0012874639593554431521 -0.00046486840588280502196
4.4599999999999999645 0.0013370918700318053848 -0.00044044266769990478815
4.4699999999999997513 0.001390958804355213593 -0.00045227918885389919133
4.4800000000000004263 0.0014496807592632298279 -0.00039892002257425787475
4.4900000000000002132 0.0015140289636614465921 -0.00036920010673876049213
4.5 0.0015850132439111761125 -0.00024003944041332521755
4.5099999999999997868 0.0016640459114655077339 -0.00025102292857758379957
4.5200000000000004619 0.0017532733821283435788 -0.00013410109961138768318
4.5300000000000002487 0.0018562428145110435995 7.5155477561073295509e-05
4.5400000000000000355 0.0019791991413940558144 0.00024641221748694132343
4.5499999999999998224 0.0021334828110694545669 0.00042637044095400348023
4.5600000000000004974 0.0023396810924649841593 0.00092668370921009666011
4.5700000000000002842 0.0026342656417262708644 0.0013266022363233411809
4.5800000000000000711 0.0030792205046283548618 0.0017863019917739087795
4.5899999999999998579 0.0037743471617546313357 0.0023260694873783356595
4.6000000000000005329 0.0048702828390395020222 0.0031335117491090918804
4.6100000000000003197 0.0065778060384259111684 0.0035495260231032483775
4.6200000000000001066 0.0091663060570135405231 0.0035929314931854895721
4.6299999999999998934 0.012942676655610836634 0.0027266673374569047605
4.6399999999999996803 0.018203221892576351704 0.0017912549175213392239
4.6500000000000003553 0.025157078919651673643 -0.00077742878878371210472
4.6600000000000001421 0.033830343147461222619 -0.0045611526423142423337
4.6699999999999999289 0.043973068684222405 -0.009602184384944145723
4.6799999999999997158 0.055001371680789702678 -0.015666891961389289856
4.6900000000000003908 0.066007572361466662625 -0.022530092993018405179
4.7000000000000001776 0.07585830188050965428 -0.028582073214204112288
4.7099999999999999645 0.083374842176018537643 -0.03373690612035828984
4.7199999999999997513 0.087559543797219460681 -0.036668699481929009631
4.7300000000000004263 0.087809393651392897429 -0.038243508435395194567
4.7400000000000002132 0.084054060898557436676 -0.035731074087157976837
4.75 0.076775210723573086846 -0.031552470103198407281
4.7599999999999997868 0.066900405301527632318 -0.026291004582123411737
4.7700000000000004619 0.055604269737238747051 -0.019780332231755119732
4.7800000000000002487 0.044076130761909221301 -0.013794207050609321591
4.7900000000000000355 0.033317465677218834064 -0.0084734785997442434169
4.7999999999999998224 0.024014876901698054001 -0.003960357725214903174
4.8100000000000004974 0.016504503128428483355 -0.00099727631856920406772
4.8200000000000002842 0.010814770198352427824 0.00087569367241135259716
4.8300000000000000711 0.0067562854539774588186 0.0018319326761938401621
4.8399999999999998579 0.0040240257487825920046 0.0021364341980584103733
4.8500000000000005329 0.0022848843206579910921 0.0019141558016721976591
4.8600000000000003197 0.0012368269602397352798 0.0014911481772920216413
4.8700000000000001066 0.00063824439162532813768 0.0011910800149463579133
4.8799999999999998934 0.00031397257423481950709 0.00079082733993896263576
4.8899999999999996803 0.00014723713641551388113 0.00055327000197458013359
4.9000000000000003553 6.5820180136022475559e-05 0.00033246818438613661047
4.9100000000000001421 2.8048691826066449157e-05 0.00020411940312745565393
4.9199999999999999289 1.1393950731984988132e-05 0.00010869299393004950649
4.9299999999999997158 4.4120563830769778625e-06 7.1643004689034145969e-05
4.9400000000000003908 1.6285832399137101491e-06 3.6398947296141851131e-05
4.9500000000000001776 5.7303162624397758228e-07 1.7440009345465440593e-05
4.9599999999999999645 1.9219618453386494984e-07 1.5819396194538814664e-05
4.9699999999999997513 6.1447826976512136861e-08 7.9443483625598280008e-06
4.9800000000000004263 1.8726739131138741758e-08 5.9856204030211168743e-06
4.9900000000000002132 5.4401403380755498892e-09 8.0003560491982656449e-06
5 1.506430016324388645e-09 4.0013916647518456808e-06
5.0099999999999997868 3.9762847102050834437e-10 -3.9762847102050834437e-10
5.0200000000000004619 1.0004479558684021588e-10 -1.0004479558684021588e-10
5.0300000000000002487 2.3993798647163717068e-11 -2.3993798647163717068e-11
5.0400000000000000355 5.4851695691099549293e-12 -5.4851695691099549293e-12
5.0499999999999998224 1.1952721092914831531e-12 -1.1952721092914831531e-12
5.0600000000000004974 2.4827237974414270885e-13 -2.4827237974414270885e-13
5.0700000000000002842 4.9155735754658748908e-14 -4.9155735754658748908e-14
5.0800000000000000711 9.2769134436864823769e-15 -9.2769134436864823769e-15
5.0899999999999998579 1.6688438678560784122e-15 -1.6688438678560784122e-15
5.1000000000000005329 2.8616086869710159188e-16 -2.8616086869710159188e-16
5.1100000000000003197 4.6772070758245968593e-17 2.0014490473373132449e-06
5.1200000000000001066 7.2869246990645016283e-18 -7.2869246990645016283e-18
5.1299999999999998934 1.0821384988206383929e-18 -1.0821384988206383929e-18
5.1399999999999996803 1.5317993471453551641e-19 -1.5317993471453551641e-19
5.1500000000000003553 2.0668120713271859723e-20 -2.0668120713271859723e-20
5.1600000000000001421 2.6581520134555820065e-21 -2.6581520134555820065e-21
5.1699999999999999289 3.2586522296579171624e-22 -3.2586522296579171624e-22
5.1799999999999997158 3.8078100355729884536e-23 -3.8078100355729884536e-23
5.1900000000000003908 4.2412248450742556491e-24 -4.2412248450742556491e-24
5.2000000000000001776 4.5028326215823520862e-25 -4.5028326215823520862e-25
5.2099999999999999645 4.5567849500191486316e-26 2.0014490473840851337e-06
5.2199999999999997513 4.3955096642420851561e-27 2.0014490473840851337e-06
5.2300000000000004263 4.0414544656815656396e-28 2.0014490473840851337e-06
5.2400000000000002132 3.5419601209842288918e-29 -3.5419601209842288918e-29
5.25 2.9588773568978914089e-30 -2.9588773568978914089e-30
5.2599999999999997868 2.356065646393385218e-31 -2.356065646393385218e-31
5.2700000000000004619 1.7882356575719628855e-32 -1.7882356575719628855e-32
5.2800000000000002487 1.2937157956647590932e-33 -1.2937157956647590932e-33
5.2900000000000000355 8.9213301649917341585e-35 -8.9213301649917341585e-35
5.2999999999999998224 5.8640381671554770737e-36 -5.8640381671554770737e-36
5.3100000000000004974 3.674009374411040581e-37 -3.674009374411040581e-37
5.3200000000000002842 2.1941175242744973221e-38 -2.1941175242744973221e-38
5.3300000000000000711 1.2489801377203238154e-39 -1.2489801377203238154e-39
5.3399999999999998579 6.7768374621380572723e-41 2.0014490473840851337e-06
5.3500000000000005329 3.5048898759209226845e-42 -3.5048898759209226845e-42
5.3600000000000003197 1.7278153898229444222e-43 -1.7278153898229444222e-43
5.3700000000000001066 8.118874754426340777e-45 -8.118874754426340777e-45
5.3799999999999998934 3.6363843717842354223e-46 -3.6363843717842354223e-46
5.3899999999999996803 1.5524551388482320862e-47 -1.5524551388482320862e-47
5.4000000000000003553 6.3174756279249246146e-49 -6.3174756279249246146e-49
5.4100000000000001421 2.4504352869725265815e-50 -2.4504352869725265815e-50
5.4199999999999999289 9.0597864050646297088e-52 -9.0597864050646297088e-52
5.4299999999999997158 3.1927701420678534372e-53 -3.1927701420678534372e-53
5.4400000000000003908 1.0724875030798482227e-54 -1.0724875030798482227e-54
5.4500000000000001776 3.4339316127842461886e-56 2.0014490473840851337e-06
5.4599999999999999645 1.048010860425068329e-57 -1.048010860425068329e-57
5.4699999999999997513 3.0486993114822702612e-59 2.0014490473840851337e-06
5.4800000000000004263 8.4535281151053245945e-61 -8.4535281151053245945e-61
5.4900000000000002132 2.2342714865984116692e-62 4.0028980947681702673e-06
5.5 5.6287032689372388443e-64 -5.6287032689372388443e-64
5.5099999999999997868 1.3516217562812087683e-65 -1.3516217562812087683e-65
5.5200000000000004619 3.0936867867310829806e-67 -3.0936867867310829806e-67
5.5300000000000002487 6.7495031393501713246e-69 -6.7495031393501713246e-69
5.5400000000000000355 1.403593999293345401e-70 -1.403593999293345401e-70
5.5499999999999998224 2.782181043627161475e-72 2.0014490473840851337e-06
5.5600000000000004974 5.2565815461368528189e-74 -5.2565815461368528189e-74
5.5700000000000002842 9.4666323367206503866e-76 -9.4666323367206503866e-76
5.5800000000000000711 1.6250310100147311122e-77 -1.6250310100147311122e-77
5.5899999999999998579 2.6588986773646611951e-79 -2.6588986773646611951e-79
5.6000000000000005329 4.14682656057855876e-81 -4.14682656057855876e-81
5.6100000000000003197 6.1645852241369399865e-83 -6.1645852241369399865e-83
5.6200000000000001066 8.7350564344492744819e-85 -8.7350564344492744819e-85
5.6299999999999998934 1.1797809906439550746e-86 -1.1797809906439550746e-86
5.6399999999999996803 1.5188359209747087568e-88 -1.5188359209747087568e-88
5.6500000000000003553 1.8637775428433949374e-90 -1.8637775428433949374e-90
5.6600000000000001421 2.179972435872280596e-92 -2.179972435872280596e-92
5.6699999999999999289 2.430421555515858342e-94 -2.430421555515858342e-94
5.6799999999999997158 2.5827707460122370792e-96 -2.5827707460122370792e-96
5.6900000000000003908 2.6161565028757015996e-98 -2.6161565028757015996e-98
5.7000000000000001776 2.5258942394319806028e-100 -2.5258942394319806028e-100
5.7099999999999999645 2.3245567504851251283e-102 -2.3245567504851251283e-102
5.7199999999999997513 2.0391006508720847496e-104 -2.0391006508720847496e-104
5.7300000000000004263 1.7049461377842680687e-106 -1.7049461377842680687e-106
5.7400000000000002132 1.3588018379475972015e-108 -1.3588018379475972015e-108
5.75 1.0322265432987280975e-110 -1.0322265432987280975e-110
5.7599999999999997868 7.4742449688218535214e-113 -7.4742449688218535214e-113
5.7700000000000004619 5.1586137980582705494e-115 -5.1586137980582705494e-115
5.7800000000000002487 3.3936891547406260505e-117 -3.3936891547406260505e-117
5.7900000000000000355 2.1280627941580652141e-119 -2.1280627941580652141e-119
5.7999999999999998224 1.2719502546373737705e-121 -1.2719502546373737705e-121
5.8100000000000004974 7.246513421013379561e-124 -7.246513421013379561e-124
5.8200000000000002842 3.9351504339726357504e-126 -3.9351504339726357504e-126
5.8300000000000000711 2.0368864550562771316e-128 -2.0368864550562771316e-128
5.8399999999999998579 1.0049524708629170185e-130 -1.0049524708629170185e-130
5.8500000000000005329 4.7260403484988062607e-133 -4.7260403484988062607e-133
5.8600000000000003197 2.1184709277787805118e-135 -2.1184709277787805118e-135
5.8700000000000001066 9.0515041089469961246e-138 -9.0515041089469961246e-138
5.8799999999999998934 3.6863124190681354745e-140 -3.6863124190681354745e-140
5.8899999999999996803 1.4309901664955375075e-142 -1.4309901664955375075e-142
5.9000000000000003553 5.2948573579851026227e-145 -5.2948573579851026227e-145
5.9100000000000001421 1.8674327378468134283e-147 -1.8674327378468134283e-147
5.9199999999999999289 6.2778183062985677304e-150 -6.2778183062985677304e-150
5.9299999999999997158 2.0116182641584345597e-152 -2.0116182641584345597e-152
5.9400000000000003908 6.1440598232264373586e-155 -6.1440598232264373586e-155
5.9500000000000001776 1.7887033607562428605e-157 -1.7887033607562428605e-157
5.9599999999999999645 4.9635707482764686451e-160 -4.9635707482764686451e-160
5.9699999999999997513 1.3128741611616961734e-162 2.0014490473840851337e-06
5.9800000000000004263 3.3099768914876705593e-165 -3.3099768914876705593e-165
5.9900000000000002132 7.9542600312710846564e-168 -7.9542600312710846564e-168
6 1.8219965679220730811e-170 -1.8219965679220730811e-170
6.0099999999999997868 3.9780318750871515445e-173 -3.9780318750871515445e-173
6.0200000000000004619 8.2786950096057317185e-176 -8.2786950096057317185e-176
6.0300000000000002487 1.64220895196435122e-178 -1.64220895196435122e-178
6.0400000000000000355 3.1050445924171219412e-181 -3.1050445924171219412e-181
6.0499999999999998224 5.596031492148481059e-184 -5.596031492148481059e-184
6.0600000000000004974 9.6131413414003311387e-187 -9.6131413414003311387e-187
6.0700000000000002842 1.5740675407195039345e-189 -1.5740675407195039345e-189
6.0800000000000000711 2.4567119862163064474e-192 -2.4567119862163064474e-192
6.0899999999999998579 3.6547524054753418443e-195 2.0014490473840851337e-06
6.1000000000000005329 5.1824425890051458031e-198 -5.1824425890051458031e-198
6.1100000000000003197 7.0046082446647704713e-201 -7.0046082446647704713e-201
6.1200000000000001066 9.0241437285045626947e-204 -9.0241437285045626947e-204
6.1299999999999998934 1.1081561154292838362e-206 -1.1081561154292838362e-206
6.1400000000000005684 1.2970857014775292878e-209 -1.2970857014775292878e-209
6.1500000000000003553 1.4471353982066847202e-212 -1.4471353982066847202e-212
6.1600000000000001421 1.5389426033094675257e-215 -1.5389426033094675257e-215
6.1699999999999999289 1.5599419216855942629e-218 -1.5599419216855942629e-218
6.1799999999999997158 1.5071871328813635723e-221 -1.5071871328813635723e-221
6.1900000000000003908 1.3880293792929530987e-224 -1.3880293792929530987e-224
6.2000000000000001776 1.21843639386938761e-227 -1.21843639386938761e-227
6.2099999999999999645 1.0194825134805995689e-230 -1.0194825134805995689e-230
6.2199999999999997513 8.1307274826444906362e-234 -8.1307274826444906362e-234
6.2300000000000004263 6.1809001281606983019e-237 -6.1809001281606983019e-237
6.2400000000000002132 4.4786459977854158911e-240 -4.4786459977854158911e-240
6.25 3.0932457626334143628e-243 -3.0932457626334143628e-243
6.2599999999999997868 2.036361087779975806e-246 -2.036361087779975806e-246
6.2700000000000004619 1.2778145154087950264e-249 -1.2778145154087950264e-249
6.2800000000000002487 7.6428177166723262779e-253 -7.6428177166723262779e-253
6.2900000000000000355 4.3572435469908683018e-256 -4.3572435469908683018e-256
6.2999999999999998224 2.3677879767573167428e-259 -2.3677879767573167428e-259
6.3100000000000004974 1.2264403235641748711e-262 -1.2264403235641748711e-262
6.3200000000000002842 6.0551186632736300235e-266 -6.0551186632736300235e-266
6.3300000000000000711 2.8495187323363021993e-269 -2.8495187323363021993e-269
6.3399999999999998579 1.2781828542176739957e-272 -1.2781828542176739957e-272
6.3500000000000005329 5.4649609802703442112e-276 -5.4649609802703442112e-276
6.3600000000000003197 2.2271719248032167545e-279 2.0014490473840851337e-06
6.3700000000000001066 8.6515319258146347434e-283 -8.6515319258146347434e-283
6.3799999999999998934 3.2033535455430587288e-286 -3.2033535455430587288e-286
6.3900000000000005684 1.1305487977454876096e-289 -1.1305487977454876096e-289
6.4000000000000003553 3.8031751469104012114e-293 2.0014490473840851337e-06
6.4100000000000001421 1.2194834444275353649e-296 -1.2194834444275353649e-296
6.4199999999999999289 3.7271601469872551179e-300 -3.7271601469872551179e-300
6.4299999999999997158 1.0858072957034612116e-303 -1.0858072957034612116e-303
6.4400000000000003908 3.0150881100620944595e-307 -3.0150881100620944595e-307
6.4500000000000001776 7.9803108069407989805e-311 -7.9803108069407989805e-311
6.4599999999999999645 2.0133169218293549915e-314 -2.0133169218293549915e-314
6.4699999999999997513 4.8414628986969183731e-318 -4.8414628986969183731e-318
6.4800000000000004263 1.106707046684392259e-321 -1.106707046684392259e-321
6.4900000000000002132 0 0
6.5 0 0
6.5099999999999997868 0 0
6.5200000000000004619 0 0
6.5300000000000002487 0 0
6.5400000000000000355 0 0
6.5499999999999998224 0 0
6.5600000000000004974 0 0
6.5700000000000002842 0 0
6.5800000000000000711 0 0
6.5899999999999998579 0 0
6.6000000000000005329 0 0
6.6100000000000003197 0 0
6.6200000000000001066 0 2.0014490473840851337e-06
6.6299999999999998934 0 0
6.6400000000000005684 0 0
6.6500000000000003553 0 0
6.6600000000000001421 0 0
6.6699999999999999289 0 0
6.6799999999999997158 0 2.0014490473840851337e-06
6.6900000000000003908 0 0
6.7000000000000001776 0 0
6.7099999999999999645 0 0
6.7199999999999997513 0 0
6.7300000000000004263 0 0
6.7400000000000002132 0 0
6.75 0 0
6.7599999999999997868 0 0
6.7700000000000004619 0 0
6.7800000000000002487 0 0
6.7900000000000000355 0 0
6.7999999999999998224 0 0
6.8100000000000004974 0 0
6.8200000000000002842 0 0
6.8300000000000000711 0 0
6.8399999999999998579 0 0
6.8500000000000005329 0 0
6.8600000000000003197 0 0
6.8700000000000001066 0 0
6.8799999999999998934 0 0
6.8900000000000005684 0 2.0014490473840851337e-06
6.9000000000000003553 0 0
6.9100000000000001421 0 0
6.9199999999999999289 0 0
6.9299999999999997158 0 0
6.9400000000000003908 0 0
6.9500000000000001776 0 0
6.9599999999999999645 0 0
6.9699999999999997513 0 0
6.9800000000000004263 0 0
6.9900000000000002132 0 0
7 0 0
7.0099999999999997868 0 0
7.0200000000000004619 0 0
7.0300000000000002487 0 0
7.0400000000000000355 0 0
7.0499999999999998224 0 0
7.0600000000000004974 0 0
7.0700000000000002842 0 0
7.0800000000000000711 0 0
7.0899999999999998579 0 0
7.1000000000000005329 0 0
7.1100000000000003197 0 0
7.1200000000000001066 0 0
7.1299999999999998934 0 2.0014490473840851337e-06
7.1400000000000005684 0 0
7.1500000000000003553 0 0
7.1600000000000001421 0 0
7.1699999999999999289 0 0
7.1799999999999997158 0 0
7.1900000000000003908 0 0
7.2000000000000001776 0 0
7.2099999999999999645 0 0
7.2199999999999997513 0 0
7.2300000000000004263 0 0
7.2400000000000002132 0 0
7.25 0 0
7.2599999999999997868 0 0
7.2700000000000004619 0 0
7.2800000000000002487 0 0
7.2900000000000000355 0 0
7.2999999999999998224 0 0
7.3100000000000004974 0 0
7.3200000000000002842 0 0
7.3300000000000000711 0 0
7.3399999999999998579 0 0
7.3500000000000005329 0 0
7.3600000000000003197 0 0
7.3700000000000001066 0 0
7.3799999999999998934 0 0
7.3900000000000005684 0 0
7.4000000000000003553 0 0
7.4100000000000001421 0 0
7.4199999999999999289 0 0
7.4299999999999997158 0 0
7.4400000000000003908 0 0
7.4500000000000001776 0 0
7.4599999999999999645 0 0
7.4699999999999997513 0 0
7.4800000000000004263 0 0
7.4900000000000002132 0 0
7.5 0 2.0014490473840851337e-06
7.5099999999999997868 0 0
7.5200000000000004619 0 0
7.5300000000000002487 0 0
7.5400000000000000355 0 0
7.5499999999999998224 0 0
7.5600000000000004974 0 0
7.5700000000000002842 0 0
7.5800000000000000711 0 0
7.5899999999999998579 0 0
7.6000000000000005329 0 0
7.6100000000000003197 0 0
7.6200000000000001066 0 0
7.6299999999999998934 0 0
7.6400000000000005684 0 0
7.6500000000000003553 0 0
7.6600000000000001421 0 0
7.6699999999999999289 0 2.0014490473840851337e-06
7.6799999999999997158 0 0
7.6900000000000003908 0 0
7.7000000000000001776 0 0
7.7099999999999999645 0 0
7.7199999999999997513 0 0
7.7300000000000004263 0 0
7.7400000000000002132 0 2.0014490473840851337e-06
7.75 0 0
7.7599999999999997868 0 0
7.7700000000000004619 0 0
7.7800000000000002487 0 0
7.7900000000000000355 0 0
7.7999999999999998224 0 0
7.8100000000000004974 0 0
7.8200000000000002842 0 0
7.8300000000000000711 0 0
7.8399999999999998579 0 0
7.8500000000000005329 0 0
7.8600000000000003197 0 0
7.8700000000000001066 0 0
7.8799999999999998934 0 0
7.8900000000000005684 0 0
7.9000000000000003553 0 0
7.9100000000000001421 0 0
7.9199999999999999289 0 0
7.930000000000000604 0 2.0014490473840851337e-06
7.9400000000000003908 0 0
7.9500000000000001776 0 0
7.9599999999999999645 0 0
7.9699999999999997513 0 0
7.9800000000000004263 0 0
7.9900000000000002132 0 2.0014490473840851337e-06
8 0 0
8.0099999999999997868 0 0
8.0199999999999995737 0 0
8.0299999999999993605 0 2.0014490473840851337e-06
8.0400000000000009237 0 0
8.0500000000000007105 0 0
8.0600000000000004974 0 2.0014490473840851337e-06
8.0700000000000002842 0 0
8.0800000000000000711 0 0
8.0899999999999998579 0 0
8.0999999999999996447 0 0
8.1099999999999994316 0 0
8.1200000000000009948 0 0
8.1300000000000007816 0 0
8.1400000000000005684 0 0
8.1500000000000003553 0 2.0014490473840851337e-06
8.1600000000000001421 0 0
8.1699999999999999289 0 0
8.1799999999999997158 0 0
8.1899999999999995026 0 0
8.1999999999999992895 0 0
8.2100000000000008527 0 0
8.2200000000000006395 0 0
8.2300000000000004263 0 0
8.2400000000000002132 0 0
8.25 0 0
8.2599999999999997868 0 0
8.2699999999999995737 0 0
8.2799999999999993605 0 4.0028980947681702673e-06
8.2900000000000009237 0 0
8.3000000000000007105 0 0
8.3100000000000004974 0 0
8.3200000000000002842 0 0
8.3300000000000000711 0 0
8.3399999999999998579 0 2.0014490473840851337e-06
8.3499999999999996447 0 0
8.3599999999999994316 0 0
8.3700000000000009948 0 0
8.3800000000000007816 0 0
8.3900000000000005684 0 0
8.4000000000000003553 0 0
8.4100000000000001421 0 0
8.4199999999999999289 0 0
8.4299999999999997158 0 2.0014490473840851337e-06
8.4399999999999995026 0 0
8.4499999999999992895 0 0
8.4600000000000008527 0 0
8.4700000000000006395 0 0
8.4800000000000004263 0 0
8.4900000000000002132 0 0
8.5 0 0
8.5099999999999997868 0 0
8.5199999999999995737 0 0
8.5299999999999993605 0 0
8.5400000000000009237 0 0
8.5500000000000007105 0 0
8.5600000000000004974 0 0
8.5700000000000002842 0 0
8.5800000000000000711 0 0
8.5899999999999998579 0 0
8.5999999999999996447 0 0
8.6099999999999994316 0 2.0014490473840851337e-06
8.6200000000000009948 0 0
8.6300000000000007816 0 0
8.6400000000000005684 0 0
8.6500000000000003553 0 0
8.6600000000000001421 0 0
8.6699999999999999289 0 0
8.6799999999999997158 0 0
8.6899999999999995026 0 0
8.7000000000000010658 0 0
8.7100000000000008527 0 0
8.7200000000000006395 0 0
8.7300000000000004263 0 0
8.7400000000000002132 0 2.0014490473840851337e-06
8.75 0 0
8.7599999999999997868 0 2.0014490473840851337e-06
8.7699999999999995737 0 4.0028980947681702673e-06
8.7799999999999993605 0 0
8.7900000000000009237 0 0
8.8000000000000007105 0 0
8.8100000000000004974 0 0
8.8200000000000002842 0 2.0014490473840851337e-06
8.8300000000000000711 0 0
8.8399999999999998579 0 2.0014490473840851337e-06
8.8499999999999996447 0 0
8.8599999999999994316 0 2.0014490473840851337e-06
8.8700000000000009948 0 0
8.8800000000000007816 0 0
8.8900000000000005684 0 0
8.9000000000000003553 0 2.0014490473840851337e-06
8.9100000000000001421 0 0
8.9199999999999999289 0 0
8.9299999999999997158 0 4.0028980947681702673e-06
8.9399999999999995026 0 0
8.9500000000000010658 0 0
8.9600000000000008527 0 0
8.9700000000000006395 0 0
8.9800000000000004263 0 0
8.9900000000000002132 0 2.0014490473840851337e-06
9 0 0
9.0099999999999997868 0 0
9.0199999999999995737 0 0
9.0299999999999993605 0 0
9.0400000000000009237 0 0
9.0500000000000007105 0 0
9.0600000000000004974 0 0
9.0700000000000002842 0 0
9.0800000000000000711 0 0
9.0899999999999998579 0 0
9.0999999999999996447 0 0
9.1099999999999994316 0 0
9.1200000000000009948 0 0
9.1300000000000007816 0 2.0014490473840851337e-06
9.1400000000000005684 0 0
9.1500000000000003553 0 0
9.1600000000000001421 0 0
9.1699999999999999289 0 0
9.1799999999999997158 0 0
9.1899999999999995026 0 2.0014490473840851337e-06
9.2000000000000010658 0 0
9.2100000000000008527 0 0
9.2200000000000006395 0 4.0028980947681702673e-06
9.2300000000000004263 0 4.0028980947681702673e-06
9.2400000000000002132 0 2.0014490473840851337e-06
9.25 0 0
9.2599999999999997868 0 4.0028980947681702673e-06
9.2699999999999995737 0 4.0028980947681702673e-06
9.2799999999999993605 0 2.0014490473840851337e-06
9.2900000000000009237 0 4.0028980947681702673e-06
9.3000000000000007105 0 6.004347142152255401e-06
9.3100000000000004974 0 2.0014490473840851337e-06
9.3200000000000002842 0 4.0028980947681702673e-06
9.3300000000000000711 0 6.004347142152255401e-06
9.3399999999999998579 0 6.004347142152255401e-06
9.3499999999999996447 0 8.0057961895363405347e-06
9.3599999999999994316 0 6.004347142152255401e-06
9.3700000000000009948 0 1.0007245691667779943e-05
9.3800000000000007816 0 1.2008694284304510802e-05
9.3900000000000005684 0 1.2008694284304510802e-05
9.4000000000000003553 0 1.6011592379072681069e-05
9.4100000000000001421 0 2.0014491383335549722e-05
9.4199999999999999289 0 1.0007245691667779943e-05
9.4299999999999997158 0 1.2008694284304510802e-05
9.4399999999999995026 0 2.8020287572871890256e-05
9.4500000000000010658 0 1.401014378643595021e-05
9.4600000000000008527 0 2.6018837161245759239e-05
9.4700000000000006395 0 1.0007245691667779943e-05
9.4800000000000004263 0 1.0007245691667779943e-05
9.4900000000000002132 0 1.2008694284304510802e-05
9.5 0 1.6011592379072681069e-05
9.5099999999999997868 0 1.8013040971709418705e-05
9.5199999999999995737 0 1.8013040971709418705e-05
9.5299999999999993605 0 6.004347142152255401e-06
9.5400000000000009237 0 1.8013040971709418705e-05
9.5500000000000007105 0 6.004347142152255401e-06
9.5600000000000004974 0 6.004347142152255401e-06
9.5700000000000002842 0 4.0028980947681702673e-06
9.5800000000000000711 0 6.004347142152255401e-06
9.5899999999999998579 0 0
9.5999999999999996447 0 4.0028980947681702673e-06
9.6099999999999994316 0 2.0014490473840851337e-06
9.6200000000000009948 0 2.0014490473840851337e-06
9.6300000000000007816 0 2.0014490473840851337e-06
9.6400000000000005684 0 2.0014490473840851337e-06
9.6500000000000003553 0 0
9.6600000000000001421 0 0
9.6699999999999999289 0 0
9.6799999999999997158 0 0
9.6899999999999995026 0 0
9.7000000000000010658 0 0
9.7100000000000008527 0 0
9.7200000000000006395 0 0
9.7300000000000004263 0 0
9.7400000000000002132 0 0
9.75 0 0
9.7599999999999997868 0 0
9.7699999999999995737 0 0
9.7799999999999993605 0 0
9.7900000000000009237 0 0
9.8000000000000007105 0 0
9.8100000000000004974 0 0
9.8200000000000002842 0 0
9.8300000000000000711 0 0
9.8399999999999998579 0 0
9.8499999999999996447 0 0
9.8599999999999994316 0 0
9.8700000000000009948 0 0
9.8800000000000007816 0 0
9.8900000000000005684 0 0
9.9000000000000003553 0 0
9.9100000000000001421 0 0
9.9199999999999999289 0 0
9.9299999999999997158 0 0
9.9399999999999995026 0 0
9.9500000000000010658 0 0
9.9600000000000008527 0 0
9.9700000000000006395 0 0
9.9800000000000004263 0 0
9.9900000000000002132 0 0
10 0 0
10.009999999999999787 0 0
10.019999999999999574 0 0
10.029999999999999361 0 0
10.040000000000000924 0 0
10.050000000000000711 0 0
10.060000000000000497 0 0
10.070000000000000284 0 0
10.080000000000000071 0 0
10.089999999999999858 0 0
10.099999999999999645 0 0
10.109999999999999432 0 0
10.120000000000000995 0 0
10.130000000000000782 0 0
10.140000000000000568 0 0
10.150000000000000355 0 0
10.160000000000000142 0 0
10.169999999999999929 0 0
10.179999999999999716 0 0
10.189999999999999503 0 0
10.200000000000001066 0 0
10.210000000000000853 0 0
10.220000000000000639 0 0
10.230000000000000426 0 0
