0 3.6346156924069550347e-07 -3.6346156924069550347e-07
0.010000000000000000208 5.3415573189139570138e-07 -5.3415573189139570138e-07
0.020000000000000000416 7.7720252417287094932e-07 -7.7720252417287094932e-07
0.02999999999999999889 1.1195865227392444759e-06 -1.1195865227392444759e-06
0.040000000000000000833 1.5967666564888604763e-06 -1.5967666564888604763e-06
0.050000000000000002776 2.2548612675452359547e-06 -2.2548612675452359547e-06
0.05999999999999999778 3.1549023876018104939e-06 -3.1549023876018104939e-06
0.070000000000000006661 4.3935913582417101156e-06 -4.3935913582417101156e-06
0.080000000000000001665 6.2355988182765408111e-06 -6.2355988182765408111e-06
0.089999999999999996669 9.8148300457221981501e-06 -9.8148300457221981501e-06
0.10000000000000000555 1.9918842222978964935e-05 -1.9918842222978964935e-05
0.11000000000000000056 5.2743956348995878463e-05 -5.2743956348995878463e-05
0.11999999999999999556 0.00014892520241414341771 -0.00014892520241414341771
0.13000000000000000444 0.00037778475203641191747 -0.00037778475203641191747
0.14000000000000001332 0.00080017637514947256676 -0.00080017637514947256676
0.14999999999999999445 0.001379591879722303141 -0.001183655361583097268
0.16000000000000000333 0.0019199201558831343987 -0.0017519745668278271893
0.17000000000000001221 0.0021524985782821926157 -0.0019805542829931977074
0.17999999999999999334 0.0019485719050042411057 -0.0018586010584020135668
0.19000000000000000222 0.0014374139255037151307 -0.001343444372667799893
0.2000000000000000111 0.00088817755610746886193 -0.00081020282093034680544
0.20999999999999999223 0.00049740840751373647903 -0.00042943043064487605547
0.22000000000000000111 0.00030196733720146525437 -0.00026997770188387889201
0.23000000000000000999 0.0002412476876861524783 -0.00020725869925172226652
0.23999999999999999112 0.0002460483809228915502 -0.00021205939248846133842
0.25 0.00027571324052768470501 -0.00026371712728358981913
0.26000000000000000888 0.00031387159910388224421 -0.00028588066820099417714
0.27000000000000001776 0.00035540361995174836983 -0.00033541009787825689335
0.28000000000000002665 0.0003986874991583312048 -0.00039069009032893461421
0.28999999999999998002 0.00044282497730372761061 -0.00042083210211339228471
0.2999999999999999889 0.00048695782865093291229 -0.0004649649534605975864
0.30999999999999999778 0.0005301609059275087972 -0.00049017386178052584425
0.32000000000000000666 0.00057145358012464122881 -0.00052946718286081442643
0.33000000000000001554 0.00060983327206324980472 -0.00055385141025747367059
0.34000000000000002442 0.00064431489589099214064 -0.00058433432785152830766
0.35000000000000003331 0.0006739724235200597385 -0.00062198926430999249611
0.35999999999999998668 0.00069798000446281743998 -0.00064199814265704130585
0.36999999999999999556 0.00071565009650162284861 -0.00065966823469584671448
0.38000000000000000444 0.00072646615495450728075 -0.00068847846392436817722
0.39000000000000001332 0.00073010771313279057993 -0.00068012390703956718697
0.4000000000000000222 0.00072646615495450728075 -0.00065848817808564685718
0.41000000000000003109 0.00071565009650162284861 -0.00066766564352524330507
0.41999999999999998446 0.0006979800044628175484 -0.00063999878954019756485
0.42999999999999999334 0.00067397242352005930482 -0.00062198926430999206243
0.44000000000000000222 0.00064431489589096839661 -0.00058033562525579567189
0.4500000000000000111 0.00060983327206232010136 -0.00055585076337338781664
0.46000000000000001998 0.00057145358009553289414 -0.00053546523854425883294
0.47000000000000002887 0.00053016090519773632645 -0.0004721796902751163429
0.47999999999999998224 0.00048695781400009323456 -0.00044297206361942258277
0.48999999999999999112 0.00044282474177540176409 -0.00041883251528721199232
0.5 0.0003986844671574999192 -0.00036869418313776800272
0.51000000000000000888 0.00035537236484136985534 -0.00032538208082163793886
0.52000000000000001776 0.00031361359993419143065 -0.00030161748669009654476
0.53000000000000002665 0.00027400786066687337619 -0.00025801304300808019501
0.54000000000000003553 0.00023702167067467030666 -0.00022702490963792456842
0.55000000000000004441 0.00020298782345251221841 -0.00018099494826217689251
0.56000000000000005329 0.00017211107514146777465 -0.00016011496189737288876
0.57000000000000006217 0.00014447894013487505463 -0.00012648476935923802403
0.57999999999999996003 0.00012007626634032005856 -0.00010608080088887602503
0.58999999999999996891 9.880221994203458992e-05 -7.8808697868543113444e-05
0.5999999999999999778 8.0488369308872795543e-05 -7.0491608272127057305e-05
0.60999999999999998668 6.4916702829111668275e-05 -5.0921237377667634741e-05
0.61999999999999999556 5.1836620187767369335e-05 -3.7841154736323342578e-05
0.63000000000000000444 4.0980174160624375634e-05 -3.2982765331227785043e-05
0.64000000000000001332 3.2075085382323553329e-05 -1.8079619930879523183e-05
0.6500000000000000222 2.4855284657551502726e-05 -1.4858523620805764488e-05
0.66000000000000003109 1.9068940354146449596e-05 -1.3070883732099006653e-05
0.67000000000000003997 1.4484092115355830322e-05 -8.4860354933083873794e-06
0.68000000000000004885 1.0892131974757763741e-05 -6.8934275600594684461e-06
0.69000000000000005773 8.1094501849109218417e-06 5.8860152665331083035e-06
0.70000000000000006661 5.9775996485856925232e-06 -3.9782474412365440285e-06
0.70999999999999996447 4.3623362478632269696e-06 1.6357203741842159733e-06
0.71999999999999997335 3.1518703867705376035e-06 1.0843595064673491695e-05
0.72999999999999998224 2.2546257392191831835e-06 3.7434308828282597594e-06
0.73999999999999999112 1.5967520056488708283e-06 6.4006568237477193386e-06
0.75 1.1195857929668088759e-06 6.8778230364297817146e-06
0.76000000000000000888 7.772024950644976372e-07 5.2208541269829454115e-06
0.77000000000000001776 5.341557309616719038e-07 1.1461957513133217158e-05
0.78000000000000002665 3.6346156921691637696e-07 1.3632003882227114509e-05
0.79000000000000003553 2.4485332228249602849e-07 1.7749317453354533408e-05
0.80000000000000004441 1.6330910689565405204e-07 9.8334519298500834978e-06
0.81000000000000005329 1.0783797033434308122e-07 7.8895708590622476945e-06
0.82000000000000006217 7.0500128004987386664e-08 9.9262609087407500176e-06
0.83000000000000007105 4.5631527267499978884e-08 1.1950481716827389758e-05
0.83999999999999996891 2.9241321963066167598e-08 1.5965576336830114947e-05
0.8499999999999999778 1.8551793410517343353e-08 1.1977561450684371305e-05
0.85999999999999998668 1.1652837629970045354e-08 3.9870515770683253971e-06
0.86999999999999999556 7.2466016661977513762e-09 7.9901622277303927514e-06
0.88000000000000000444 4.4616344290247616203e-09 1.5990356024364155526e-05
0.89000000000000001332 2.719634081305348934e-09 3.9959847806169895989e-06
0.9000000000000000222 1.6412844915602097563e-09 9.9951197522541775374e-06
0.91000000000000003109 9.806502777293089057e-10 1.1995132593817159477e-05
0.92000000000000003997 5.8009796810733646397e-10 7.9968287314284838618e-06
0.93000000000000004885 3.3973902158261414843e-10 7.9970690903750072699e-06
0.94000000000000005773 1.9699101503860819706e-10 1.1995916253079849987e-05
0.95000000000000006661 1.1308481792035357181e-10 9.9966479519278171422e-06
0.95999999999999996447 6.4271596376398539088e-11 1.1996048972498512966e-05
0.96999999999999997335 3.61651915595685226e-11 1.5994781493601622347e-05
0.97999999999999998224 2.0147415890894845606e-11 1.3995445304028139165e-05
0.98999999999999999112 1.1112322369474704734e-11 1.3995454339121660766e-05
1 6.068022900025522122e-12 5.9980505540245429948e-06
1.0100000000000000089 3.2805486993952714461e-12 1.3995462170895330633e-05
1.0200000000000000178 1.755911673895956518e-12 7.997407073484917475e-06
1.0300000000000000266 9.3049863912116166119e-13 9.9967601062470994857e-06
1.0400000000000000355 4.8818644770012309324e-13 9.9967605485592901166e-06
1.0500000000000000444 2.5357860288706634086e-13 5.9980563684688398539e-06
1.0600000000000000533 1.304056617916429605e-13 9.9967609063400761121e-06
1.0700000000000000622 6.6395327932003151376e-14 5.998056555652114851e-06
1.0800000000000000711 3.3468586169512359801e-14 9.9967610032771523981e-06
1.0900000000000000799 1.6703391595698621476e-14 5.9980566053440514788e-06
1.1000000000000000888 8.2544454123428323734e-15 9.9967610284912920528e-06
1.1100000000000000977 4.0416285094388181919e-15 1.7994170771595402729e-05
1.1200000000000001066 1.9673986220051529104e-15 5.9980566200800445985e-06
1.1300000000000001155 9.6974346239299597221e-16 1.1996113243125144969e-05
1.1400000000000001243 5.2899177046545802907e-16 9.9967610362167458337e-06
1.1500000000000001332 4.2435427916650904385e-16 1.9993522069247938819e-06
1.1599999999999999201 6.4041802072968038545e-16 1.9993522067087301766e-06
1.1699999999999999289 1.39426648896786476e-15 9.9967610353514711849e-06
1.1799999999999999378 3.3214466233867571435e-15 1.1996113240773442695e-05
1.1899999999999999467 7.9590071808653887393e-15 5.9980566140884359204e-06
1.1999999999999999556 1.8852705619025831156e-14 1.1996113225242183893e-05
1.2099999999999999645 4.399816395276837748e-14 7.9974087853984263748e-06
1.2199999999999999734 1.0110484197774308349e-13 5.9980565209426011793e-06
1.2299999999999999822 2.2873636863925303351e-13 5.9980563933110744466e-06
1.2399999999999999911 5.0946550535499792816e-13 1.9993516978836428573e-06
1.25 1.1171431412099226344e-12 5.9980555049043014402e-06
1.2600000000000000089 2.4116650646650987438e-12 3.9987020030332309016e-06
1.2700000000000000178 5.1255352415988528696e-12 5.9980514965122012791e-06
1.2800000000000000266 1.0724461776601390102e-11 1.9993511349029701704e-05
1.2900000000000000355 2.2091532033170043154e-11 1.3995443359911996273e-05
1.3000000000000000444 4.4801258238035198253e-11 3.9986596134400576169e-06
1.3100000000000000533 8.944758809727092341e-11 7.9973193818084924899e-06
1.3200000000000000622 1.7581709693702802398e-10 1.3995289634347093724e-05
1.3300000000000000711 3.4022609611558137119e-10 1.5994477432697065135e-05
1.3400000000000000799 6.481688952802460883e-10 3.9980562458030146424e-06
1.3500000000000000888 1.2156898676617510805e-09 3.9974887248306331393e-06
1.3600000000000000977 2.2447679600407182811e-09 1.3993220683483990264e-05
1.3700000000000001066 4.0806952252294974449e-09 5.993975926822213864e-06
1.3800000000000001155 7.3031616184160434427e-09 3.9914012530798792427e-06
1.3900000000000001243 1.2867723207407226286e-08 2.1980007467127922011e-05
1.4000000000000001332 2.2320635533000572141e-08 3.9763837791652945411e-06
1.4099999999999999201 3.8117591252588768101e-08 3.960586823445706183e-06
1.4199999999999999289 6.4085295055527753593e-08 9.9326757416902096507e-06
1.4299999999999999378 1.06073127674962251e-07 9.8906879090707764768e-06
1.4399999999999999467 1.7284881562051805191e-07 3.8258555990777775874e-06
1.4499999999999999556 2.7729464859995591424e-07 9.7194663881457814768e-06
1.4599999999999999645 4.3795613622138995233e-07 1.1558157107873499427e-05
1.4699999999999999734 6.8097911048672498517e-07 3.3177253042115700983e-06
1.4799999999999999822 1.0424398641151252694e-06 1.49523777946780557e-05
1.4899999999999999911 1.5710220442137248336e-06 6.4263867851828657569e-06
1.5 2.3309212114794756679e-06 7.6658398252662625702e-06
1.5100000000000000089 3.4047635419571245555e-06 4.5926452874394656115e-06
1.5200000000000000178 4.8962136998908978769e-06 -8.9750928519260258164e-07
1.5300000000000000266 6.9318286788467427478e-06 5.064284565248146526e-06
1.5400000000000000355 9.661606005258123586e-06 2.3345072388367656878e-06
1.5500000000000000444 1.325759881721552009e-05 2.7372188415776610909e-06
1.5600000000000000533 1.7909953960295249754e-05 -7.9131929235495115157e-06
1.5700000000000000622 2.3819800125303107051e-05 -1.9821095710604811756e-05
1.5800000000000000711 3.1188594461845322767e-05 -2.3191185632448732177e-05
1.5900000000000000799 4.0203840444112085451e-05 -2.8207727200017196177e-05
1.6000000000000000888 5.1021512053312570976e-05 -4.3024103223915980386e-05
1.6100000000000000977 6.374603197920344726e-05 -4.9750566527759413726e-05
1.6200000000000001066 7.8409202095957781001e-05 -6.8412441059212042763e-05
1.6300000000000001155 9.4949997911982853341e-05 -8.0954532460538819807e-05
1.6400000000000001243 0.00011319752505020769164 -9.9202059598763658106e-05
1.6500000000000001332 0.00013285960303480051723 -0.00012686154641275307429
1.6600000000000001421 0.00015351931233640716342 -0.00014152319909231227753
1.6699999999999999289 0.00017464136983852453504 -0.00015064914335033476327
1.6799999999999999378 0.00019558938852478263215 -0.00018159392307333859862
1.6899999999999999467 0.00021565398891486967418 -0.0001956604668413781977
1.6999999999999999556 0.00023409047842879303239 -0.00020609954752590496532
1.7099999999999999645 0.00025016356068557638742 -0.00023216938990993935682
1.7199999999999999734 0.00026319546219666036966 -0.00025119934895256548378
1.7299999999999999822 0.00027261314413359080504 -0.00024662156452855718385
1.7399999999999999911 0.0002779900380594695704 -0.00026199522040067638922
1.75 0.00027907807665801190192 -0.00025108714575512383485
1.7600000000000000089 0.00027582667009645012819 -0.00025583314802295865171
1.7700000000000000178 0.00026838660617653622769 -0.00025639049293244134181
1.7800000000000000266 0.00025709845549440948085 -0.00024310299004296544731
1.7900000000000000355 0.00024246672341381866824 -0.00023246996237707293
1.8000000000000000444 0.00022512248112106157368 -0.00021112701566961754015
1.8100000000000000533 0.0002057783290758480267 -0.00019178286362440399317
1.8200000000000000622 0.00018518015923480628856 -0.00017518339819806055032
1.8300000000000000711 0.00016406023032568116003 -0.00015606282149628456944
1.8400000000000000799 0.00014309558273118577233 -0.00013709752610913832939
1.8500000000000000888 0.00012287490219538082462 -0.00011487749336598423403
1.8600000000000000977 0.00010387575411065943349 -9.1879640866564547602e-05
1.8700000000000001066 8.6452835336119887685e-05 -8.0454778714072444743e-05
1.8800000000000001155 7.0836703025312360384e-05 -6.8837350817963212737e-05
1.8900000000000001243 5.7141480013264631121e-05 -4.114666235447144994e-05
1.9000000000000001332 4.5379392437229827976e-05 -2.9384574778436646795e-05
1.9100000000000001421 3.5479698138689298433e-05 -2.5482937101943560195e-05
1.9199999999999999289 2.7309591395355212195e-05 -2.1311534773307769252e-05
1.9299999999999999378 2.06949573320721891e-05 -6.6994918806281589544e-06
1.9399999999999999467 1.5439310994113310558e-05 5.5550666467987062252e-07
1.9499999999999999556 1.1339798621638580062e-05 -7.3410942069402847671e-06
1.9599999999999999645 8.1996783391922314975e-06 -4.2009739244939362022e-06
1.9699999999999999734 5.8371699329403136964e-06 1.0157647725852867485e-05
1.9799999999999999822 4.0909286446677535699e-06 9.9045368067762765753e-06
1.9899999999999999911 2.8226401780255271766e-06 -8.2328797067637910547e-07
2 1.9173578709513267515e-06 6.080050958445263839e-06
2.0100000000000002309 1.2822269157859295724e-06 1.0713886328308959913e-05
2.0200000000000000178 8.4419085758352510288e-07 5.1538657644639180517e-06
2.0300000000000002487 5.4718029202830001325e-07 7.4502285373682906831e-06
2.0400000000000000355 3.4916788810421005087e-07 5.6488887339432329449e-06
2.0499999999999998224 2.1935735074470379274e-07 9.7774036860010340218e-06
2.0600000000000000533 1.3567009699435794435e-07 5.8623865250530853691e-06
2.0699999999999998401 8.2609525106309881666e-08 1.9167426822428382424e-06
2.0800000000000000711 4.9521086267362606156e-08 7.9478877431292282887e-06
2.0899999999999998579 2.9225654544007415287e-08 5.9688309675034354349e-06
2.1000000000000000888 1.6980574414532099228e-08 1.9823716329346160215e-06
2.1099999999999998757 9.713026087007804068e-09 5.9883435959604351719e-06
2.1200000000000001066 5.4697915990884362969e-09 9.9912912451466500541e-06
2.1299999999999998934 3.0325016897984023361e-09 1.5991785157103382257e-05
2.1400000000000001243 1.6551805341063286153e-09 3.9970492341641885439e-06
2.1499999999999999112 8.8941353795077716526e-10 1.9984627938111971371e-06
2.1600000000000001421 4.7051789791993947208e-10 3.9982338968003752294e-06
2.1699999999999999289 2.4505445796379582761e-10 1.399522039698606593e-05
2.1800000000000001599 1.2565017963118110375e-10 9.9966353865661072348e-06
2.1899999999999999467 6.3427510671048893644e-11 1.1996049816584217551e-05
2.2000000000000001776 3.1521455822438196679e-11 9.9967295152899164645e-06
2.2099999999999999645 1.5422291740664643083e-11 1.7994155353345291028e-05
2.2200000000000001954 7.4285766413924372277e-12 7.9974014008199497783e-06
2.2299999999999999822 3.5227055964619303411e-12 3.9987008919926992037e-06
2.2400000000000002132 1.644603223838810201e-12 1.3995463806840805857e-05
2.25 7.5589238828135689489e-13 7.9974080735042021135e-06
2.2600000000000002309 3.4203681512705494589e-13 1.5994817316756367677e-05
2.2700000000000000178 1.523701105163660372e-13 1.3995465299073919395e-05
2.2800000000000002487 6.6825275543528157805e-14 7.9974087625713153509e-06
2.2900000000000000355 2.885331922833883108e-14 5.998056593194123639e-06
2.3000000000000002665 1.2264923683634536053e-14 7.9974088171316670166e-06
2.3100000000000000533 5.1327246489939422782e-15 1.1996113238962164381e-05
2.3199999999999998401 2.1146822988782136218e-15 9.9967610346310561108e-06
2.3300000000000000711 8.5774133664332700044e-16 1.9993522064914069334e-06
2.3399999999999998579 3.4251657884107987541e-16 7.9974088290540741835e-06
2.3500000000000000888 1.346545093134442769e-16 5.9980566219127884212e-06
2.3599999999999998757 5.2116381285192374374e-17 3.9987044146461790521e-06
2.3700000000000001066 1.9858280952385147832e-17 1.3995465451424172305e-05
2.3799999999999998934 7.4494308938413995707e-18 7.9974088293891417827e-06
2.3900000000000001243 2.7511773513204314447e-18 3.9987044146955441322e-06
2.3999999999999999112 1.0002950653820971425e-18 9.9967610367447387392e-06
2.4100000000000001421 3.5805662364913225944e-19 1.9993522073487901997e-06
2.4199999999999999289 1.2617965765664483757e-19 1.9993522073490218632e-06
2.4300000000000001599 4.3776498818066866864e-20 7.9974088293965465448e-06
2.4399999999999999467 1.4952256923970196854e-20 5.9980566220474276963e-06
2.4500000000000001776 5.0278987606731555901e-21 7.9974088293965855083e-06
2.4599999999999999645 1.6644867592311542629e-21 3.9987044146982936012e-06
2.4700000000000001954 5.4248559690886659678e-22 3.9987044146982944482e-06
2.4799999999999999822 1.7406446769904864413e-22 7.9974088293965905905e-06
2.4900000000000002132 5.4985235253756681392e-23 9.9967610367457382381e-06
2.5 1.7099999419022556137e-23 1.1996113244094889274e-05
2.5100000000000002309 5.2355239508020469016e-24 5.9980566220474429429e-06
2.5200000000000000178 1.5781135640988547629e-24 5.9980566220474429429e-06
2.5300000000000002487 4.6830673273899298126e-25 9.9967610367457382381e-06
2.5400000000000000355 1.3681590811606075663e-25 5.9980566220474429429e-06
2.5500000000000002665 3.9351096674036095565e-26 5.9980566220474429429e-06
2.5600000000000000533 1.1142717753057013521e-26 9.9967610367457382381e-06
2.5699999999999998401 3.106271889760053939e-27 1.3995465451444030145e-05
2.5800000000000000711 8.525146485636292233e-28 7.9974088293965905905e-06
2.5899999999999998579 2.3034473001322333461e-28 9.9967610367457382381e-06
2.6000000000000000888 6.1272945485527252612e-29 1.9993522073491480711e-06
2.6099999999999998757 1.6046239957373715864e-29 5.9980566220474429429e-06
2.6200000000000001066 4.1370603254394139071e-30 7.9974088293965905905e-06
2.6299999999999998934 1.0500850413631005816e-30 3.9987044146982952952e-06
2.6400000000000001243 2.6240441453955904223e-31 1.9993522073491480711e-06
2.6499999999999999112 6.4555291893287304971e-32 1.3995465451444030145e-05
2.6600000000000001421 1.5635314025214101736e-32 1.1996113244094889274e-05
2.6699999999999999289 3.7281674822833992492e-33 5.9980566220474429429e-06
2.6800000000000001599 8.7518177862020865153e-34 7.9974088293965905905e-06
2.6899999999999999467 2.0226240496625490092e-34 5.9980566220474429429e-06
2.7000000000000001776 4.6019946938232841388e-35 7.9974088293965905905e-06
2.7099999999999999645 1.030839632076234682e-35 5.9980566220474429429e-06
2.7200000000000001954 2.2732654314922076698e-36 9.9967610367457382381e-06
2.7299999999999999822 4.9354099851996497441e-37 1.5994817658793181181e-05
2.7400000000000002132 1.0548977593725345155e-37 -1.0548977593725345155e-37
2.75 2.2197882656656679554e-38 1.5994817658793181181e-05
2.7600000000000002309 4.5986121201352801335e-39 1.1996113244094889274e-05
2.7700000000000000178 9.3789896127557473294e-40 5.9980566220474429429e-06
2.7800000000000002487 1.883212712019370849e-40 1.9993522073491480711e-06
2.7900000000000000355 3.7226889159434684559e-41 5.9980566220474429429e-06
2.8000000000000002665 7.2448293837222397416e-42 9.9967610367457382381e-06
2.8100000000000000533 1.3880772144431162772e-42 9.9967610367457382381e-06
2.8199999999999998401 2.6182621959672879787e-43 1.5994817658793181181e-05
2.8300000000000000711 4.8621314052538822384e-44 1.5994817658793181181e-05
2.8399999999999998579 8.889028442099764037e-45 7.9974088293965905905e-06
2.8500000000000000888 1.5999114500652238542e-45 7.9974088293965905905e-06
2.8599999999999998757 2.8349907366415210517e-46 7.9974088293965905905e-06
2.8700000000000001066 4.9456273421870620899e-47 3.9987044146982952952e-06
2.8799999999999998934 8.493861599835164925e-48 5.9980566220474429429e-06
2.8900000000000001243 1.4361606353518415242e-48 1.1996113244094889274e-05
2.8999999999999999112 2.390643975794440073e-49 9.9967610367457382381e-06
2.9100000000000001421 3.9177871402495540756e-50 5.9980566220474429429e-06
2.9199999999999999289 6.3209275951666333007e-51 5.9980566220474429429e-06
2.9300000000000001599 1.0040026099412613223e-51 1.9993522073491480711e-06
2.9399999999999999467 1.5700117940393540522e-52 1.5994817658793181181e-05
2.9500000000000001776 2.4170466630757020921e-53 9.9967610367457382381e-06
2.9599999999999999645 3.6633735198735183357e-54 5.9980566220474429429e-06
2.9700000000000001954 5.4662742341109824291e-55 9.9967610367457382381e-06
2.9799999999999999822 8.0300024276514141712e-56 7.9974088293965905905e-06
2.9900000000000002132 1.1613255590765048713e-56 5.9980566220474429429e-06
3 1.6535081468028885774e-57 5.9980566220474429429e-06
3.0100000000000002309 2.3177828263724144794e-58 7.9974088293965905905e-06
3.0200000000000000178 3.1985503325018808653e-59 9.9967610367457382381e-06
3.0300000000000002487 4.3455793513926104003e-60 1.1996113244094889274e-05
3.0400000000000000355 5.8124098097544965935e-61 1.3995465451444030145e-05
3.0500000000000002665 7.6538300806663455639e-62 7.9974088293965905905e-06
3.0600000000000000533 9.9223708012620185293e-63 1.9993522073491480711e-06
3.0700000000000002842 1.2663861025609841053e-63 7.9974088293965905905e-06
3.0800000000000000711 1.5912223348079138911e-64 5.9980566220474429429e-06
3.0899999999999998579 1.9683831700464734067e-65 9.9967610367457382381e-06
3.1000000000000000888 2.3971900594257740979e-66 7.9974088293965905905e-06
3.1099999999999998757 2.8741521379518550649e-67 1.5994817658793181181e-05
3.1200000000000001066 3.3938616323554581152e-68 1.1996113244094889274e-05
3.1299999999999998934 4.5115437275341223851e-69 1.1996113244094889274e-05
3.1400000000000001243 2.4565203667716509355e-68 7.9974088293965905905e-06
3.1499999999999999112 9.7412182797645031977e-67 5.9980566220474429429e-06
3.1600000000000001421 3.7510037285809738899e-65 7.9974088293965905905e-06
3.1699999999999999289 1.3770330733310597222e-63 5.9980566220474429429e-06
3.1800000000000001599 4.819292113250415847e-62 1.3995465451444030145e-05
3.1899999999999999467 1.6079255926432688837e-60 7.9974088293965905905e-06
3.2000000000000001776 5.1143967286062364768e-59 1.9993522073491480711e-06
3.2099999999999999645 1.5508531690051763845e-57 9.9967610367457382381e-06
3.2200000000000001954 4.483290392135575699e-56 7.9974088293965905905e-06
3.2299999999999999822 1.2355922767427814262e-54 3.9987044146982952952e-06
3.2400000000000002132 3.2464440942749865095e-53 7.9974088293965905905e-06
3.25 8.1320024637853827108e-52 1.5994817658793181181e-05
3.2600000000000002309 1.941987415165595506e-50 9.9967610367457382381e-06
3.2700000000000000178 4.4213742355079340148e-49 1.3995465451444030145e-05
3.2800000000000002487 9.5969411990814307424e-48 1.3995465451444030145e-05
3.2900000000000000355 1.9859849243693343614e-46 7.9974088293965905905e-06
3.3000000000000002665 3.9182271857827303151e-45 7.9974088293965905905e-06
3.3100000000000000533 7.3701609274059454595e-44 5.9980566220474429429e-06
3.3200000000000002842 1.3217256206668336127e-42 5.9980566220474429429e-06
3.3300000000000000711 2.259883633597624218e-41 7.9974088293965905905e-06
3.3399999999999998579 3.6839599243821690971e-40 7.9974088293965905905e-06
3.3500000000000000888 5.7257393343222095802e-39 9.9967610367457382381e-06
3.3599999999999998757 8.4847705509804885397e-38 1.3995465451444030145e-05
3.3700000000000001066 1.198794364831741109e-36 5.9980566220474429429e-06
3.3799999999999998934 1.6149153899673207656e-35 3.9987044146982952952e-06
3.3900000000000001243 2.0742448096694764184e-34 1.1996113244094889274e-05
3.3999999999999999112 2.54027265153017606e-33 1.3995465451444030145e-05
3.4100000000000001421 2.9663058850199656166e-32 9.9967610367457382381e-06
3.4199999999999999289 3.3027241912576608131e-31 9.9967610367457382381e-06
3.4300000000000001599 3.5063500076506801355e-30 1.3995465451444030145e-05
3.4399999999999999467 3.5495308940997529336e-29 9.9967610367457382381e-06
3.4500000000000001776 3.4263041599624631397e-28 9.9967610367457382381e-06
3.4599999999999999645 3.1537484117893856271e-27 1.1996113244094889274e-05
3.4700000000000001954 2.7680995544126018097e-26 1.9993522073491479864e-05
3.4799999999999999822 2.3168489131976754507e-25 1.5994817658793181181e-05
3.4900000000000002132 1.8491979081626853089e-24 5.9980566220474429429e-06
3.5 1.4074974632764439191e-23 9.9967610367457382381e-06
3.5100000000000002309 1.0216446606577552009e-22 5.9980566220474429429e-06
3.5200000000000000178 7.0721305219310232012e-22 1.3995465451444030145e-05
3.5300000000000002487 4.6688471324680652528e-21 1.1996113244094884192e-05
3.5400000000000000355 2.9396095644685324226e-20 3.9987044146982656491e-06
3.5500000000000002665 1.7652358334941864769e-19 3.9987044146981191124e-06
3.5600000000000000533 1.0110259860295307425e-18 7.9974088293955792331e-06
3.5700000000000002842 5.5230992716742995426e-18 1.1996113244089366619e-05
3.5800000000000000711 2.8779279288421748075e-17 1.599481765876440239e-05
3.5899999999999998579 1.4304423376461764692e-16 3.9987044145552509122e-06
3.6000000000000000888 6.7822284049057650983e-16 9.9967610360675155691e-06
3.6099999999999998757 3.0676503887315017938e-15 5.9980566189797928457e-06
3.6200000000000001066 1.3237080523327143169e-14 1.1996113230857809046e-05
3.6299999999999998934 5.4494776121787623389e-14 5.9980565675526668738e-06
3.6400000000000001243 2.14052058479360053e-13 5.9980564079953841569e-06
3.6499999999999999112 8.0225748855787001682e-13 9.9967602344882502301e-06
3.6600000000000001421 2.8692516824042987159e-12 -2.8692516824042987159e-12
3.6699999999999999289 9.7930439749787303053e-12 5.9980468290034681141e-06
3.6800000000000001599 3.1900544452767271594e-11 5.9980247215029903961e-06
3.6899999999999999467 9.9186107888173295657e-11 1.3995366265336142269e-05
3.7000000000000001776 2.9438889638414928094e-10 1.3995171062547645465e-05
3.7099999999999999645 8.3418108468707910718e-10 9.9959268556610516053e-06
3.7200000000000001954 2.2569600822905251288e-09 9.9945040766634476054e-06
3.7299999999999999822 5.8314287469969642214e-09 9.9909296079987406378e-06
3.7400000000000002132 1.4390775380842104096e-08 7.9830180540157489959e-06
3.75 3.3925866156119593045e-08 9.9628351705896179701e-06
3.7600000000000002309 7.6419619079313385558e-08 1.1919693625015575716e-05
3.7700000000000000178 1.6451576817108619729e-07 5.833540853876356375e-06
3.7800000000000002487 3.3857462078995941458e-07 5.6594820012574836342e-06
3.7900000000000000355 6.663114001204970394e-07 5.3317452219269460093e-06
3.8000000000000002665 1.2543737325659641355e-06 6.7430350968306266668e-06
3.8100000000000000533 2.2598360938438437691e-06 5.7375727355527463979e-06
3.8200000000000002842 3.8978687991439934702e-06 -1.898516591794845399e-06
3.8300000000000000711 6.4403461372931385733e-06 -4.4228951524569563045e-07
3.8399999999999998579 1.019979707477396823e-05 -2.2023882453773776391e-06
3.8500000000000000888 1.5494828901578883477e-05 -1.3495476694229735829e-05
3.8599999999999998757 2.259745492040326562e-05 -1.8598750505704970325e-05
3.8700000000000001066 3.1669083202795711646e-05 -2.5671026580748268703e-05
3.8799999999999998934 4.2698439714264318351e-05 -3.4701030884867727761e-05
3.8900000000000001243 5.5458675139979082336e-05 -4.5461914103233344098e-05
3.8999999999999999112 6.9499796376847557578e-05 -6.1502387547450966987e-05
3.9100000000000001421 8.4185389256647430857e-05 -7.4188628219901692619e-05
3.9199999999999999289 9.8770871491686370214e-05 -8.6774758247591484328e-05
3.9300000000000001599 0.0001125080526627587847 -0.00010251129162601304646
3.9399999999999999467 0.00012475225818448757061 -0.00012075355376978927531
3.9500000000000001776 0.00013504713646992044362 -0.00012704972764052385303
3.9599999999999999645 0.000143169058277612429 -0.00014116970607026328136
3.9700000000000001954 0.00014912509021615903953 -0.00013712897697206415364
3.9799999999999999822 0.00015311129406234635052 -0.00014111518081825146463
3.9900000000000002132 0.00015544714303843988872 -0.00014545038200169415048
4 0.00015650472221663728838 -0.00014850731338724069779
4.0099999999999997868 0.00015664834323866463146 -0.00015065028661661718852
4.0200000000000004619 0.00015619357455087760499 -0.00013620005247738612851
4.0300000000000002487 0.00015538747951871390192 -0.00014938942289666645898
4.0400000000000000355 0.00015440643476981552552 -0.00014640902594041893493
4.0499999999999998224 0.00015336529744311503927 -0.00014936659302841674398
4.0600000000000004974 0.00015233165054539380182 -0.00014233488950864806358
4.0700000000000002842 0.00015134039596944183059 -0.00014734169155474353529
4.0800000000000000711 0.00015040599693307924183 -0.00014040923589633350359
4.0899999999999998579 0.00014953142144143451403 -0.00014753206923408536638
4.0999999999999996447 0.00014871396844607845519 -0.0001367178552019835693
4.1100000000000003197 0.00014794867641443652058 -0.00013995126758503992999
4.1200000000000001066 0.0001472301016430296438 -0.00013923269281363305321
4.1299999999999998934 0.00014655311972618358866 -0.00013855571089678699807
4.1399999999999996803 0.0001459132047910471951 -0.00013591644375430145687
4.1500000000000003553 0.00014530646311205873281 -0.00013530970207531299457
4.1600000000000001421 0.00014472957042737470408 -0.00014073086601267640878
4.1699999999999999289 0.00014417968418947545032 -0.00014218033198212630267
4.1799999999999997158 0.00014365435983850554052 -0.00013165824659441065464
4.1900000000000003908 0.00014315148012640667571 -0.00013715342350435923277
4.2000000000000001776 0.00014266919830870861889 -0.00013267243727196288065
4.2099999999999999645 0.00014220589344981471292 -0.00013020978020571982703
4.2199999999999997513 0.00014176013593498654522 -0.00013576207931293910228
4.2300000000000004263 0.00014133066213832686485 -0.00013133390110158112661
4.2400000000000002132 0.00014091635859929770762 -0.00012692089314785367409
4.25 0.0001405162579567990227 -0.00013451820133475157976
4.2599999999999997868 0.00014012955128398922903 -0.00013013279024724349079
4.2700000000000004619 0.00013975562413775038614 -0.00011976210206425890966
4.2800000000000002487 0.00013939412587182626832 -0.00013539542145712797302
4.2900000000000000355 0.00013904508217519584152 -0.00012105091139955881092
4.2999999999999998224 0.0001387090573965480615 -0.00013071164856715147091
4.3100000000000004974 0.0001383873639489358097 -0.00013238930732688836676
4.3200000000000002842 0.0001380822999542429051 -0.00013608294774689375746
4.3300000000000000711 0.00013779737480025140424 -0.000127800613763505666
4.3399999999999998579 0.00013753746062325573267 -0.00011954328984761870207
4.3500000000000005329 0.0001373087945831791138 -0.00013530944237582996615
4.3600000000000003197 0.00013711876209751769893 -0.00012512264885342281305
4.3700000000000001066 0.0001369754218471401551 -0.00012497930860304526921
4.3799999999999998934 0.0001368867884184109512 -0.00013088873179636350825
4.3899999999999996803 0.00013685995632160830038 -0.00013086189969956085744
4.4000000000000003553 0.00013690020925864745884 -0.00013090215263660001589
4.4100000000000001421 0.00013701028806877834916 -0.00013101223144673090622
4.4199999999999999289 0.00013718997423168953357 -0.00012919256540229294298
4.4299999999999997158 0.00013743608292885470474 -0.00012543996968475981885
4.4400000000000003908 0.00013774286751922350074 -0.00013174481089717605779
4.4500000000000001776 0.00013810274445581131441 -0.00013010533562641472382
4.4599999999999999645 0.00013850718303094912811 -0.00013050977420155253752
4.4699999999999997513 0.00013894758568798080359 -0.000130950176858584213
4.4800000000000004263 0.00013941601256828406821 -0.00013341795594623662526
4.4900000000000002132 0.00013990566347707886967 -0.00012990890244033313143
4.5 0.0001404110987685438074 -0.00013441304214649636446
4.5099999999999997868 0.00014092823684105682024 -0.00012693277138961278671
4.5200000000000004619 0.00014145419787210902914 -0.00012745873242066499561
4.5300000000000002487 0.00014198706970270307632 -0.00012599225204390989514
4.5400000000000000355 0.00014252565907945830849 -0.00013252889804271257026
4.5499999999999998224 0.00014306926973688076214 -0.00012307574766338928566
4.5600000000000004974 0.00014361752692267803393 -0.00012562335614704100333
4.5700000000000002842 0.00014417025133149101641 -0.00011617932042860294934
4.5800000000000000711 0.00014472737569111359334 -0.00011673644478822552627
4.5899999999999998579 0.00014528889350675267163 -0.00011729796260386460456
4.6000000000000005329 0.00014585482965111435955 -0.00012586130757762288308
4.6100000000000003197 0.00014642522454732823599 -0.00011843429364444016893
4.6200000000000001066 0.00014700012617523233976 -0.00011700984215550042328
4.6299999999999998934 0.0001475795862696649809 -0.000125586711079329655
4.6399999999999996803 0.00014816365861942726355 -0.00012017272771653919649
4.6500000000000003553 0.00014875239835401252468 -0.00013075822757837549408
4.6600000000000001421 0.00014934586166732852696 -0.0001213549307644404599
4.6699999999999999289 0.00014994410572375760186 -0.00012795123053342227597
4.6799999999999997158 0.00015054718863619800484 -0.00012855431344586267894
4.6900000000000003908 0.00015115516947114204728 -0.00012516358986610842609
4.7000000000000001776 0.00015176810826356755915 -0.00012777588177537778738
4.7099999999999999645 0.00015238606603541797945 -0.00010640096617588228533
4.7199999999999997513 0.00015300910481555650097 -0.0001250181739126684339
4.7300000000000004263 0.00015363728766051989527 -0.0001296450611723301235
4.7400000000000002132 0.00015427067867587829848 -0.00013427715660238682201
4.75 0.0001549093430381553668 -0.00013091711654996559503
4.7599999999999997868 0.00015555334701731034696 -0.0001275624161144222799
4.7700000000000004619 0.00015620275799979932755 -0.00012821182709691126048
4.7800000000000002487 0.00015685764451224648943 -0.00013086606490721286824
4.7900000000000000355 0.00015751807624577300626 -0.00013552520105543768036
4.7999999999999998224 0.00015818412408107935694 -0.00014018995330544232634
4.8100000000000004974 0.00015885586011447544777 -0.00013286428050944182658
4.8200000000000002842 0.00015953335768527756103 -0.00013754048249494223513
4.8300000000000000711 0.00016021669140548689867 -0.00013822381621515157277
4.8399999999999998579 0.00016090593719371559648 -0.00012891630187612923412
4.8500000000000005329 0.00016160117231758295924 -0.00013560959271254933805
4.8600000000000003197 0.00016230247545343209664 -0.00013831024896524232487
4.8700000000000001066 0.00016300992678168837752 -0.00014301640470819690105
4.8799999999999998934 0.00016372360815500788399 -0.0001337333241352759675
4.8899999999999996803 0.00016444360341320458647 -0.00014644943263756755587
4.9000000000000003553 0.00016516999898944864926 -0.00013917841938441502807
4.9100000000000001421 0.00016590288508447126109 -0.00013791195418158319402
4.9199999999999999289 0.00016664235792831821794 -0.00014464948273798289204
4.9299999999999997158 0.00016738852408543182168 -0.00014539564889509649578
4.9400000000000003908 0.00016814150852545033414 -0.00013215316697417627293
4.9500000000000001776 0.00016890146949881751034 -0.00013691183418123114798
4.9599999999999999645 0.00016966862546520240611 -0.00014967510339171092963
4.9699999999999997513 0.00017044330293887257634 -0.00014445172333383895515
4.9800000000000004263 0.00017122601988608994353 -0.00015523120222729676235
4.9900000000000002132 0.00017201762827587888951 -0.00015602281061708570833
5 0.00017281955292654328283 -0.00015082667773620795693
5.0099999999999997868 0.0001736341836271100298 -0.00014964195713892025803
5.0200000000000004619 0.00017446550562570873255 -0.00015047327913751896078
5.0300000000000002487 0.00017532009197952059349 -0.00015932527432072741231
5.0400000000000000355 0.00017620863156299937141 -0.00015021705195796575022
5.0499999999999998224 0.00017714822921948217282 -0.00014915729831659410576
5.0600000000000004974 0.00017816578793474502373 -0.0001641703224833009902
5.0700000000000002842 0.0001793028617960357098 -0.00015930933972254423332
5.0800000000000000711 0.00018062244255696310131 -0.00015463086295192948012
5.0899999999999998579 0.00018221819489891582264 -0.00016022531970858049674
5.1000000000000005329 0.0001842266613078315826 -0.00014623897027769247907
5.1100000000000003197 0.00018684288454969068022 -0.00016285065806150090845
5.1200000000000001066 0.00019033970591257731567 -0.00017234553513694028507
5.1299999999999998934 0.00019509065123946359166 -0.00017109842475127381989
5.1399999999999996803 0.00020159578112064979413 -0.00017760355463246002236
5.1500000000000003553 0.00021050914029106657837 -0.0001825182093881785113
5.1600000000000001421 0.00022266550828529526533 -0.00019667392868026164414
5.1699999999999999289 0.00023910308650789823415 -0.00021111215560501016709
5.1799999999999997158 0.00026107766862762545566 -0.00024308349785198842506
5.1900000000000003908 0.00029006290333122525336 -0.00023807974412115801097
5.2000000000000001776 0.00032773069529591452014 -0.00030573782010557919425
5.2099999999999999645 0.00037590585742614088423 -0.00034591557340640896774
5.2199999999999997513 0.00043649007443977854998 -0.0004244939611956836641
5.2300000000000004263 0.00051135225606923067222 -0.00046736650568856002042
5.2400000000000002132 0.00060218552019238686876 -0.00057619394058735324757
5.25 0.00071033524832311801742 -0.00067634625988868780563
5.2599999999999997868 0.00083660757631459073055 -0.00077662700827512689758
5.2700000000000004619 0.00098107277246792592984 -0.00091109544248222165685
5.2800000000000002487 0.0011428824710658543051 -0.0010789032004306815804
5.2900000000000000355 0.0013201228209474536422 -0.0012581429034291247669
5.2999999999999998224 0.001509726447531151974 -0.0014077594822278613387
5.3100000000000004974 0.0017074640658704136244 -0.0016114951599176545374
5.3200000000000002842 0.0019080313179820004594 -0.0017640779517769042146
5.3300000000000000711 0.0021052381068842073754 -0.0019832776249643934742
5.3399999999999998579 0.0022922970610116414833 -0.0021683372259749837327
5.3500000000000005329 0.0024621959828110746328 -0.0022822542896066195552
5.3600000000000003197 0.0026081277737847094987 -0.0024101919098046173905
5.3700000000000001066 0.002723942080839625822 -0.0025619945584108077749
5.3799999999999998934 0.0028045773258706056114 -0.0025906466369557627077
5.3899999999999996803 0.002846430980956197402 -0.0026364989982750421972
5.4000000000000003553 0.0028476303910088098317 -0.0026237029437857052952
5.4100000000000001421 0.0028081757908220194089 -0.0025962444622999779689
5.4199999999999999289 0.0027299403052248355679 -0.0025100115642354187302
5.4299999999999997158 0.0026165269323431094954 -0.0024005968975873803566
5.4400000000000003908 0.0024729977212588076692 -0.0023190475967454497914
5.4500000000000001776 0.0023055034971244552956 -0.0021755456100132236109
5.4599999999999999645 0.0021208518318921172445 -0.0019609036553041854327
5.4699999999999997513 0.0019260553982779807757 -0.0017781033403911120604
5.4800000000000004263 0.0017279020450352649239 -0.0016159383214237126557
5.4900000000000002132 0.0015325823486775603469 -0.0014406121489584889587
5.5 0.0013454011493862433682 -0.0012694257673259651611
5.5099999999999997868 0.0011705882172985296145 -0.0011066089466633568898
5.5200000000000004619 0.0010112114155094236671 -0.00094923149799109479176
5.5300000000000002487 0.00086918508735112890058 -0.00083119739632098979705
5.5400000000000000355 0.00074535809471009740503 -0.00069737364173371786148
5.5499999999999998224 0.00063966066979830049372 -0.00060567168136387028194
5.5600000000000004974 0.00055128718197157509234 -0.00052529560236654147115
5.5700000000000002842 0.00047889275997982854805 -0.00044890247596009663156
5.5800000000000000711 0.00042078480162975275989 -0.0003947932220247191387
5.5899999999999998579 0.00037509491866835853154 -0.00036309880542426364565
5.6000000000000005329 0.00033992195403438027783 -0.00031992843196088880135
5.6100000000000003197 0.00031344162904864864309 -0.00030744357242660120015
5.6200000000000001066 0.00029398258022901016182 -0.00027798776257021698063
5.6299999999999998934 0.00028007170746508202328 -0.00027207429863568543269
5.6399999999999996803 0.00027045377346828370496 -0.00025445895580949052378
5.6500000000000003553 0.00026409114145229301051 -0.00024009891496410323873
5.6600000000000001421 0.00026014960518558815847 -0.00023815672999525283257
5.6699999999999999289 0.00025797570238113656533 -0.00022998477147824849826
5.6799999999999997158 0.00025706996451547352647 -0.00025107190789342608353
5.6900000000000003908 0.00025705946792042876949 -0.00023906529714479173888
5.7000000000000001776 0.00025767198409554545714 -0.00023767846202205398067
5.7099999999999999645 0.00025871309419691338643 -0.00023272151459187976523
5.7199999999999997513 0.00026004689133447399935 -0.00023405531172944037815
5.7300000000000004263 0.00026158035865467244799 -0.00024558554099587926681
5.7400000000000002132 0.00026325116504170143318 -0.00024525699426606440258
5.75 0.00026501843045510797576 -0.00023702749955221990869
5.7599999999999997868 0.00026685593998615117755 -0.00024686241791265970107
5.7700000000000004619 0.00026874729154350494821 -0.00025475182609206091467
5.7800000000000002487 0.00027068251434927644884 -0.00025668704889783241531
5.7900000000000000355 0.00027265576948321907031 -0.00025466159870758203971
5.7999999999999998224 0.00027466382259808878961 -0.00026466706156134305137
5.8100000000000004974 0.00027670505232260704997 -0.0002567115302491155735
5.8200000000000002842 0.00027877882055701044784 -0.00025478659406882067607
5.8300000000000000711 0.00028088508116832323425 -0.00026089155909483175777
5.8399999999999998579 0.00028302414199523381454 -0.00025903191550704404277
5.8500000000000005329 0.00028519652318538763012 -0.00026320364799505230422
5.8600000000000003197 0.00028740287472484135796 -0.00026540999953450603206
5.8700000000000001066 0.00028964392956057973287 -0.00026965040748708825639
5.8799999999999998934 0.00029192047768341239421 -0.00026592889807837877302
5.8899999999999996803 0.00029423335230964963415 -0.00026624242140676156708
5.9000000000000003553 0.00029658342291626239732 -0.00027658990084277092084
5.9100000000000001421 0.00029897159209330427098 -0.00027697871690296894508
5.9199999999999999289 0.00030139879449428170089 -0.00027740656800609192912
5.9299999999999997158 0.00030386599693194677688 -0.00028187312174161145099
5.9400000000000003908 0.00030637419910345907968 -0.00028438132391312375379
5.9500000000000001776 0.00030892443467189946568 -0.00028093350376901139861
5.9599999999999999645 0.0003115177725636058409 -0.00029152425049011436442
5.9699999999999997513 0.00031415531841158625837 -0.00029816050075279307719
5.9800000000000004263 0.00031683821611239008659 -0.00030084339845359690541
5.9900000000000002132 0.00031956764948296695859 -0.00030157347870732992799
6 0.00032234484401385122936 -0.00029235455999411931287
6.0099999999999997868 0.00032517106872000832917 -0.00029318143340242196681
6.0200000000000004619 0.000328047638093337539 -0.0003060547629030022131
6.0300000000000002487 0.00033097591416230093351 -0.00029898627884471457115
6.0400000000000000355 0.00033395730866512721808 -0.00030796572906009359689
6.0499999999999998224 0.00033699328534375172332 -0.00030700300132401980684
6.0600000000000004974 0.00034008536236632076798 -0.0003240905447075275868
6.0700000000000002842 0.00034323511488671890187 -0.00033123900164262401599
6.0800000000000000711 0.0003464441777502558174 -0.0003284500069746187868
6.0899999999999998579 0.00034971424835535537112 -0.00033571878290391133758
6.1000000000000005329 0.0003530470896818614342 -0.00032505615877897336714
6.1100000000000003197 0.00035644453349741885397 -0.00032645424947768693748
6.1200000000000001066 0.00035990848375430038166 -0.0003099246776610769887
6.1299999999999998934 0.00036344092019002078274 -0.00032545322915988167921
6.1400000000000005684 0.00036704390214620729541 -0.00032705685799922434246
6.1500000000000003553 0.00037071957262133493731 -0.00033073252847435198436
6.1600000000000001421 0.00037447016257426981277 -0.0003324837653104430104
6.1699999999999999289 0.00037829799549694246175 -0.00031831742745747862878
6.1799999999999997158 0.00038220549227607059214 -0.00033222168618284719918
6.1900000000000003908 0.00038619517636551332386 -0.00033221266767658103915
6.2000000000000001776 0.00039026967929273496342 -0.00034828328202890816104
6.2099999999999999645 0.00039443174652490308428 -0.00037243887133456775838
6.2199999999999997513 0.00039868424372239887749 -0.0003287069137366946045
6.2300000000000004263 0.00040303016341001514236 -0.00035104700419994789998
6.2400000000000002132 0.00040747263209885142832 -0.00033749530211314715533
6.25 0.00041201491789494732202 -0.00035203434985548348905
6.2599999999999997868 0.00041666043863403172355 -0.00033668635034006581764
6.2700000000000004619 0.0004214127705854569042 -0.00035543414683344033006
6.2800000000000002487 0.00042627565777249174167 -0.00034430221636168198635
6.2900000000000000355 0.00043125302196067171086 -0.00033528411600791262377
6.2999999999999998224 0.00043634897337093493707 -0.0003683709965020745135
6.3100000000000004974 0.0004415678221798775881 -0.00030961057467584449402
6.3200000000000002842 0.00044691409087567501076 -0.00035094518492291592367
6.3300000000000000711 0.00045239252754515982009 -0.00035442426847555688358
6.3399999999999998579 0.00045800812017526766921 -0.00033004957890492227397
6.3500000000000005329 0.00046376611206072956969 -0.00036379849987428278376
6.3600000000000003197 0.0004696720184195278102 -0.0003537095885742878431
6.3700000000000001066 0.00047573164432850864125 -0.00031378412189969064842
6.3799999999999998934 0.00048195110410366231654 -0.00036198996802473459638
6.3900000000000005684 0.00048833684226327704874 -0.0003603783009929316535
6.4000000000000003553 0.00049489565622755046 -0.0003529416504152556788
6.4100000000000001421 0.00050163472092558955909 -0.00034168654433765774728
6.4199999999999999289 0.00050856161550031590141 -0.00037260566176259510849
6.4299999999999997158 0.00051568435232398224938 -0.00035573617573605043757
6.4400000000000003908 0.00052301140856212497907 -0.00038305674859071648731
6.4500000000000001776 0.00053055176055230232612 -0.00037060358396437051431
6.4599999999999999645 0.00053831492129648237776 -0.00036836998640028898724
6.4699999999999997513 0.0005463109814028976885 -0.00036636928819844261085
6.4800000000000004263 0.00055455065385552691336 -0.00036861089402458267327
6.4900000000000002132 0.00056304532303773358048 -0.00035111399451569214047
6.5 0.00057180709849214957172 -0.00034188159919447110111
6.5099999999999997868 0.00058084887396271851247 -0.00035892077258050021117
6.5200000000000004619 0.00059018439233843962219 -0.00035226148057338575389
6.5300000000000002487 0.0005998283172033411258 -0.00033991254298087770222
6.5400000000000000355 0.00060979631179571046687 -0.00035987729588150878463
6.5499999999999998224 0.00062010512629392987652 -0.00036418804375323897762
6.5600000000000004974 0.00063077269447941108297 -0.00034486533701393528532
6.5700000000000002842 0.0006418182409825649035 -0.00039589791675013558331
6.5800000000000000711 0.00065326240049977976447 -0.00040334338458557808223
6.5899999999999998579 0.00066512735058316910675 -0.00043320249089268917254
6.6000000000000005329 0.00067743695985679258306 -0.00043751468769893725116
6.6100000000000003197 0.00069021695381086579923 -0.00036432253400851301317
6.6200000000000001066 0.00070349510067878209645 -0.00037560133503554307514
6.6299999999999998934 0.00071730142032238447796 -0.00038340958805265629421
6.6400000000000005684 0.00073166841955360115927 -0.00040177530806947584852
6.6500000000000003553 0.0007466313579236854691 -0.0004407304838416863514
6.6600000000000001421 0.0007622285487379568689 -0.00047632119127248107125
6.6699999999999999289 0.00077850170093325004629 -0.00042461635204699865092
6.6799999999999997158 0.00079549630852433653259 -0.00038962782225589073738
6.6900000000000003908 0.00081326209563155912961 -0.00046137609258619391526
6.7000000000000001776 0.00083185352670566662259 -0.0004319830779598795331
6.7099999999999999645 0.00085133039354606885717 -0.00050744180296807904051
6.7199999999999997513 0.00087175849316801611987 -0.00046589000689957032466
6.7300000000000004263 0.00089321041364766307329 -0.00049733868568747885679
6.7400000000000002132 0.00091576644894041895218 -0.00051789534603551804371
6.75 0.00093951566856703694341 -0.00051765235736384029863
6.7599999999999997868 0.00096455717431736414692 -0.00052469969233853047154
6.7700000000000004619 0.00099100158417616884474 -0.00056513955218736927275
6.7800000000000002487 0.0010189727941424938859 -0.00048914448738930551425
6.7900000000000000355 0.0010486100823562691069 -0.00058875908376091216564
6.7999999999999998224 0.0010800706382069319954 -0.00051425398990246956252
6.8100000000000004974 0.0011135326237401632285 -0.00057570687541576900242
6.8200000000000002842 0.0011491989086900376415 -0.00065136019359868994709
6.8300000000000000711 0.0011873016692559865484 -0.00061148820443560156918
6.8399999999999998579 0.0012281081158002134929 -0.0006402985759345111022
6.8500000000000005329 0.0012719277442593487654 -0.00068611752113070215327
6.8600000000000003197 0.0013191217664635702684 -0.00062134782699932900214
6.8700000000000001066 0.0013701159758982834995 -0.00071832713629357792737
6.8799999999999998934 0.0014254198145014769332 -0.00071365042504720156355
6.8900000000000005684 0.0014856582781006290577 -0.00062393745581476828081
6.9000000000000003553 0.0015516330309816805076 -0.00073389799181829964633
6.9100000000000001421 0.0016244524615958810636 -0.00061677889816020713305
6.9199999999999999289 0.0017058231120363697396 -0.00065216444874116076547
6.9299999999999997158 0.0017987053097382901898 -0.00067107064660347709797
6.9400000000000003908 0.001908747946717085503 -0.00052919495093101446247
6.9500000000000001776 0.0020472850719211008359 -0.00035183444374476888217
6.9599999999999999645 0.0022372364100595541064 -0.00023588473317824121614
6.9699999999999997513 0.0025239583745609757426 -0.00017671884857227773691
6.9800000000000004263 0.0029937039213080705348 -0.00015262454653278047928
6.9900000000000002132 0.0038023185847645903264 -0.00037942756212710430225
7 0.0052152222397591208036 -0.001044573486116084915
7.0099999999999997868 0.0076555417268421178251 -0.0024972128099646096616
7.0200000000000004619 0.01174984873449258678 -0.0056278323865478511664
7.0300000000000002487 0.018351128106225394337 -0.011081483462113999455
7.0400000000000000355 0.028509593452884431086 -0.019824407878889317713
7.0499999999999998224 0.043359653907758442803 -0.032725099357706753656
7.0600000000000004974 0.063902661961882697983 -0.05149468203392564003
7.0700000000000002842 0.090694338152444042844 -0.076848823646342434568
7.0800000000000000711 0.12348985300117533426 -0.10756901093476813058
7.0899999999999998579 0.16094485961548773978 -0.14364846341959922049
7.1000000000000005329 0.2004953270699756096 -0.18113959784767794114
7.1100000000000003197 0.23852120775481372439 -0.21829376060267596804
7.1200000000000001066 0.27083036736166610225 -0.24971320912754668697
7.1299999999999998934 0.29339462839902996638 -0.27129378863515019038
7.1400000000000005684 0.30316671825491420256 -0.28107987440668574797
7.1500000000000003553 0.2987512868207391481 -0.2773442227703031282
7.1600000000000001421 0.28072668848002030328 -0.26026531731152607874
7.1699999999999999289 0.25151566720820650591 -0.2317360763183949901
7.1799999999999997158 0.2148452806079839128 -0.19657320108060583053
7.1900000000000003908 0.17496257886635110945 -0.15834596246825502486
7.2000000000000001776 0.13583362711888766206 -0.12127234464806532777
7.2099999999999999645 0.1005310072302514901 -0.087885104186802565085
7.2199999999999997513 0.070927374461118020132 -0.060502752126578129843
7.2300000000000004263 0.047702521344844643625 -0.039233265703741852792
7.2400000000000002132 0.030582738328804818378 -0.023409062750717250095
7.25 0.018690207031703025969 -0.013088022348618538054
7.2599999999999997868 0.010888061714138575625 -0.0066254429936071120022
7.2700000000000004619 0.0060461992540528589762 -0.0027972518143375931822
7.2800000000000002487 0.0032004202188351789718 -0.00067323892688245018032
7.2900000000000000355 0.0016148117838789685305 0.00015061621066285555033
7.2999999999999998224 0.00077664975152007351827 0.00046294862795033444453
7.3100000000000004974 0.0003560534712220663053 0.00047967576782078204332
7.3200000000000002842 0.00015559316696317046134 0.00044821119783728269759
7.3300000000000000711 6.4811168678235265639e-05 0.00034105731759021050246
7.3399999999999998579 2.5733101825724561621e-05 0.00028016777225627455608
7.3500000000000005329 9.7390463252995579298e-06 0.00012421754701961984762
7.3600000000000003197 3.5133539166343842821e-06 0.00010045296450350011785
7.3700000000000001066 1.2081137045744787876e-06 5.4773748101201651746e-05
7.3799999999999998934 3.9598023727116604627e-07 2.1596894953064162392e-05
7.3900000000000005684 1.23713878496440557e-07 1.5871103780296742027e-05
7.4000000000000003553 3.6841900491733067293e-08 1.7957328875145298156e-05
7.4100000000000001421 1.0457884823297291893e-08 1.9888943225258508371e-06
7.4199999999999999289 2.829589865376842875e-09 9.9939314468803620801e-06
7.4299999999999997158 7.2976084421953949069e-10 -7.2976084421953949069e-10
7.4400000000000003908 1.7939680722999042915e-10 -1.7939680722999042915e-10
7.4500000000000001776 4.2036411654365696856e-11 3.9986623782866410751e-06
7.4599999999999999645 9.3888641198274057735e-12 1.9993428184850281782e-06
7.4699999999999997513 1.9988338814684341407e-12 -1.9988338814684341407e-12
7.4800000000000004263 4.0561718297689192992e-13 -4.0561718297689192992e-13
7.4900000000000002132 7.8457011612848180087e-14 -7.8457011612848180087e-14
7.5 1.4465143761279829708e-14 -1.4465143761279829708e-14
7.5099999999999997868 2.5420795443263484489e-15 -2.5420795443263484489e-15
7.5200000000000004619 4.2582458933211559544e-16 -4.2582458933211559544e-16
7.5300000000000002487 6.7990368782277431238e-17 -6.7990368782277431238e-17
7.5400000000000000355 1.0347584242906785292e-17 -1.0347584242906785292e-17
7.5499999999999998224 1.5010851268427987099e-18 -1.5010851268427987099e-18
7.5600000000000004974 2.075612717717043081e-19 -2.075612717717043081e-19
7.5700000000000002842 2.7356583349646011255e-20 -2.7356583349646011255e-20
7.5800000000000000711 3.4367806171337072553e-21 1.999352207349144683e-06
7.5899999999999998579 4.1154381839053759325e-22 -4.1154381839053759325e-22
7.6000000000000005329 4.6973679092722471999e-23 -4.6973679092722471999e-23
7.6100000000000003197 5.110544815027556293e-24 -5.110544815027556293e-24
7.6200000000000001066 5.2997315444564627019e-25 -5.2997315444564627019e-25
7.6299999999999998934 5.2385911744530394905e-26 -5.2385911744530394905e-26
7.6400000000000005684 4.9357031637654200008e-27 -4.9357031637654200008e-27
7.6500000000000003553 4.4325881249182499253e-28 -4.4325881249182499253e-28
7.6600000000000001421 3.7943682419410560499e-29 -3.7943682419410560499e-29
7.6699999999999999289 3.0959594524416479723e-30 -3.0959594524416479723e-30
7.6799999999999997158 2.4078236795022668578e-31 -2.4078236795022668578e-31
7.6900000000000003908 1.7849566423900547695e-32 -1.7849566423900547695e-32
7.7000000000000001776 1.2612587177085370652e-33 -1.2612587177085370652e-33
7.7099999999999999645 8.4948195850056891501e-35 -8.4948195850056891501e-35
7.7199999999999997513 5.4535281466363469894e-36 -5.4535281466363469894e-36
7.7300000000000004263 3.3371392824605553087e-37 -3.3371392824605553087e-37
7.7400000000000002132 1.9464553193685309033e-38 -1.9464553193685309033e-38
7.75 1.0821509248024397651e-39 1.9993522073491480711e-06
7.7599999999999997868 5.7346178428191627823e-41 1.9993522073491480711e-06
7.7700000000000004619 2.8966387863555551409e-42 -2.8966387863555551409e-42
7.7800000000000002487 1.3946247850103642096e-43 -1.3946247850103642096e-43
7.7900000000000000355 6.4002002141514227433e-45 -6.4002002141514227433e-45
7.7999999999999998224 2.7996442659846823784e-46 -2.7996442659846823784e-46
7.8100000000000004974 1.1673073576392735713e-47 -1.1673073576392735713e-47
7.8200000000000002842 4.6391738107880878639e-49 -4.6391738107880878639e-49
7.8300000000000000711 1.7573937863881589021e-50 -1.7573937863881589021e-50
7.8399999999999998579 6.3455683017870394697e-52 -6.3455683017870394697e-52
7.8500000000000005329 2.1839612457417744871e-53 -2.1839612457417744871e-53
7.8600000000000003197 7.1646053815632059501e-55 -7.1646053815632059501e-55
7.8700000000000001066 2.2403328199213208416e-56 -2.2403328199213208416e-56
7.8799999999999998934 6.6773740214057339594e-58 -6.6773740214057339594e-58
7.8900000000000005684 1.8970192539065132439e-59 -1.8970192539065132439e-59
7.9000000000000003553 5.1370125511457167468e-61 -5.1370125511457167468e-61
7.9100000000000001421 1.3259353424546431592e-62 -1.3259353424546431592e-62
7.9199999999999999289 3.2621721743997091913e-64 -3.2621721743997091913e-64
7.930000000000000604 7.6500487815298438598e-66 -7.6500487815298438598e-66
7.9400000000000003908 1.7099928920102267295e-67 -1.7099928920102267295e-67
7.9500000000000001776 3.6433187040125163305e-69 -3.6433187040125163305e-69
7.9599999999999999645 7.3989954844276901735e-71 -7.3989954844276901735e-71
7.9699999999999997513 1.4322574355109571731e-72 -1.4322574355109571731e-72
7.9800000000000004263 2.6426650281949061254e-74 -2.6426650281949061254e-74
7.9900000000000002132 4.6476759801779696458e-76 -4.6476759801779696458e-76
8 7.7911622262210891707e-78 -7.7911622262210891707e-78
8.0099999999999997868 1.2449196337555372088e-79 1.9993522073491480711e-06
8.0199999999999995737 1.8960641918803649802e-81 -1.8960641918803649802e-81
8.0299999999999993605 2.7525638029205991108e-83 -2.7525638029205991108e-83
8.0400000000000009237 3.8088544554375909505e-85 1.9993522073491480711e-06
8.0500000000000007105 5.0237032027215556772e-87 -5.0237032027215556772e-87
8.0600000000000004974 6.3157680293418489813e-89 -6.3157680293418489813e-89
8.0700000000000002842 7.5683456226013315509e-91 -7.5683456226013315509e-91
8.0800000000000000711 8.6446680457364790596e-93 -8.6446680457364790596e-93
8.0899999999999998579 9.4117038415524956772e-95 -9.4117038415524956772e-95
8.0999999999999996447 9.7669899599431366755e-97 -9.7669899599431366755e-97
8.1099999999999994316 9.6610821826538199124e-99 -9.6610821826538199124e-99
8.1200000000000009948 9.1088457655696319026e-101 -9.1088457655696319026e-101
8.1300000000000007816 8.1860321841214094185e-103 -8.1860321841214094185e-103
8.1400000000000005684 7.0122285890301732848e-105 -7.0122285890301732848e-105
8.1500000000000003553 5.7254706316749840688e-107 -5.7254706316749840688e-107
8.1600000000000001421 4.455934700871920115e-109 -4.455934700871920115e-109
8.1699999999999999289 3.3055135077921737048e-111 -3.3055135077921737048e-111
8.1799999999999997158 2.3372842800158653618e-113 -2.3372842800158653618e-113
8.1899999999999995026 1.5752758519978013902e-115 -1.5752758519978013902e-115
8.1999999999999992895 1.0119851993996677287e-117 -1.0119851993996677287e-117
8.2100000000000008527 6.1967527241613136668e-120 -6.1967527241613136668e-120
8.2200000000000006395 3.6168177448843762772e-122 -3.6168177448843762772e-122
8.2300000000000004263 2.0121554483329458655e-124 -2.0121554483329458655e-124
8.2400000000000002132 1.0670109392126508845e-126 -1.0670109392126508845e-126
8.25 5.3932263406531939846e-129 -5.3932263406531939846e-129
8.2599999999999997868 2.5983691271820582263e-131 -2.5983691271820582263e-131
8.2699999999999995737 1.1932335807595258941e-133 -1.1932335807595258941e-133
8.2799999999999993605 5.2230297492372308421e-136 -5.2230297492372308421e-136
8.2900000000000009237 2.1791741507688783633e-138 -2.1791741507688783633e-138
8.3000000000000007105 8.6663011948231063916e-141 -8.6663011948231063916e-141
8.3100000000000004974 3.2850956101746586619e-143 -3.2850956101746586619e-143
8.3200000000000002842 1.1869560502363242586e-145 -1.1869560502363242586e-145
8.3300000000000000711 4.0878377236445778705e-148 -4.0878377236445778705e-148
8.3399999999999998579 1.3419150831835331246e-150 -1.3419150831835331246e-150
8.3499999999999996447 4.1988348692705790236e-153 1.9993522073491480711e-06
8.3599999999999994316 1.2522900336684440952e-155 -1.2522900336684440952e-155
8.3700000000000009948 3.5600280250592857769e-158 -3.5600280250592857769e-158
8.3800000000000007816 9.6465999388474791132e-161 -9.6465999388474791132e-161
8.3900000000000005684 2.4915377574286535945e-163 -2.4915377574286535945e-163
8.4000000000000003553 6.1338482475192120753e-166 -6.1338482475192120753e-166
8.4100000000000001421 1.4393649611037842248e-168 -1.4393649611037842248e-168
8.4199999999999999289 3.2194461536419336907e-171 -3.2194461536419336907e-171
8.4299999999999997158 6.8637861065034368237e-174 -6.8637861065034368237e-174
8.4399999999999995026 1.3948215504441062406e-176 -1.3948215504441062406e-176
8.4499999999999992895 2.7017545031588356515e-179 -2.7017545031588356515e-179
8.4600000000000008527 4.9882182054192916625e-182 1.9993522073491480711e-06
8.4700000000000006395 8.7784395336538158049e-185 -8.7784395336538158049e-185
8.4800000000000004263 1.4725210678069668418e-187 -1.4725210678069668418e-187
8.4900000000000002132 2.3543879399323467477e-190 -2.3543879399323467477e-190
8.5 3.588119021155826922e-193 -3.588119021155826922e-193
8.5099999999999997868 5.2122826893386555985e-196 -5.2122826893386555985e-196
8.5199999999999995737 7.2170777589496401171e-199 -7.2170777589496401171e-199
8.5299999999999993605 9.5250465222826115343e-202 -9.5250465222826115343e-202
8.5400000000000009237 1.1982436092095016162e-204 -1.1982436092095016162e-204
8.5500000000000007105 1.4367970537818895043e-207 -1.4367970537818895043e-207
8.5600000000000004974 1.6421696619539298167e-210 -1.6421696619539298167e-210
8.5700000000000002842 1.7890105659901948104e-213 -1.7890105659901948104e-213
8.5800000000000000711 1.8577191957690991203e-216 -1.8577191957690991203e-216
8.5899999999999998579 1.8387365583738033804e-219 -1.8387365583738033804e-219
8.5999999999999996447 1.7347273647822673761e-222 -1.7347273647822673761e-222
8.6099999999999994316 1.5599663171510128742e-225 -1.5599663171510128742e-225
8.6200000000000009948 1.3371233822542689533e-228 -1.3371233822542689533e-228
8.6300000000000007816 1.0924460866471242468e-231 -1.0924460866471242468e-231
8.6400000000000005684 8.5074774803913512766e-235 -8.5074774803913512766e-235
8.6500000000000003553 6.315007422905629802e-238 -6.315007422905629802e-238
8.6600000000000001421 4.4680619116593979551e-241 -4.4680619116593979551e-241
8.6699999999999999289 3.0132610394669944563e-244 1.9993522073491480711e-06
8.6799999999999997158 1.9369864604551815937e-247 -1.9369864604551815937e-247
8.6899999999999995026 1.186830410553046675e-250 -1.186830410553046675e-250
8.7000000000000010658 6.9314324703251518353e-254 -6.9314324703251518353e-254
8.7100000000000008527 3.8585983518963609636e-257 -3.8585983518963609636e-257
8.7200000000000006395 2.0474268650894949761e-260 -2.0474268650894949761e-260
8.7300000000000004263 1.0355223179304652843e-263 -1.0355223179304652843e-263
8.7400000000000002132 4.9920941768565941514e-267 -4.9920941768565941514e-267
8.75 2.2939202465511533772e-270 -2.2939202465511533772e-270
8.7599999999999997868 1.0047224247812783951e-273 -1.0047224247812783951e-273
8.7699999999999995737 4.194557098541786801e-277 -4.194557098541786801e-277
8.7799999999999993605 1.6691614952323414709e-280 -1.6691614952323414709e-280
8.7900000000000009237 6.3311533771561001207e-284 -6.3311533771561001207e-284
8.8000000000000007105 2.2889670438360311543e-287 -2.2889670438360311543e-287
8.8100000000000004974 7.8880284965615768474e-291 -7.8880284965615768474e-291
8.8200000000000002842 2.5910132030639235327e-294 -2.5910132030639235327e-294
8.8300000000000000711 8.1122813299902917665e-298 -8.1122813299902917665e-298
8.8399999999999998579 2.4209655026585664302e-301 -2.4209655026585664302e-301
8.8499999999999996447 6.8866247207343635464e-305 -6.8866247207343635464e-305
8.8599999999999994316 1.8672241256976803481e-308 -1.8672241256976803481e-308
8.8700000000000009948 4.8256819808622223513e-312 -4.8256819808622223513e-312
8.8800000000000007816 1.1887571954778699582e-315 -1.1887571954778699582e-315
8.8900000000000005684 2.7912238661801223513e-319 -2.7912238661801223513e-319
8.9000000000000003553 5.9287877500949585301e-323 -5.9287877500949585301e-323
8.9100000000000001421 0 0
8.9199999999999999289 0 0
8.9299999999999997158 0 0
8.9399999999999995026 0 0
8.9500000000000010658 0 0
8.9600000000000008527 0 0
8.9700000000000006395 0 0
8.9800000000000004263 0 0
8.9900000000000002132 0 0
9 0 0
9.0099999999999997868 0 0
9.0199999999999995737 0 0
9.0299999999999993605 0 0
9.0400000000000009237 0 0
9.0500000000000007105 0 0
9.0600000000000004974 0 0
9.0700000000000002842 0 0
9.0800000000000000711 0 0
9.0899999999999998579 0 0
9.0999999999999996447 0 0
9.1099999999999994316 0 0
9.1200000000000009948 0 0
9.1300000000000007816 0 0
9.1400000000000005684 0 0
9.1500000000000003553 0 0
9.1600000000000001421 0 1.9993522073491480711e-06
9.1699999999999999289 0 0
9.1799999999999997158 0 0
9.1899999999999995026 0 0
9.2000000000000010658 0 0
9.2100000000000008527 0 0
9.2200000000000006395 0 0
9.2300000000000004263 0 0
9.2400000000000002132 0 0
9.25 0 0
9.2599999999999997868 0 0
9.2699999999999995737 0 0
9.2799999999999993605 0 1.9993522073491480711e-06
9.2900000000000009237 0 0
9.3000000000000007105 0 0
9.3100000000000004974 0 0
9.3200000000000002842 0 0
9.3300000000000000711 0 0
9.3399999999999998579 0 0
9.3499999999999996447 0 0
9.3599999999999994316 0 0
9.3700000000000009948 0 0
9.3800000000000007816 0 0
9.3900000000000005684 0 0
9.4000000000000003553 0 0
9.4100000000000001421 0 0
9.4199999999999999289 0 0
9.4299999999999997158 0 0
9.4399999999999995026 0 0
9.4500000000000010658 0 0
9.4600000000000008527 0 0
9.4700000000000006395 0 0
9.4800000000000004263 0 0
9.4900000000000002132 0 0
9.5 0 0
9.5099999999999997868 0 0
9.5199999999999995737 0 0
9.5299999999999993605 0 0
9.5400000000000009237 0 0
9.5500000000000007105 0 0
9.5600000000000004974 0 0
9.5700000000000002842 0 0
9.5800000000000000711 0 0
9.5899999999999998579 0 0
9.5999999999999996447 0 0
9.6099999999999994316 0 0
9.6200000000000009948 0 0
9.6300000000000007816 0 0
9.6400000000000005684 0 0
9.6500000000000003553 0 0
9.6600000000000001421 0 0
9.6699999999999999289 0 0
9.6799999999999997158 0 0
9.6899999999999995026 0 0
9.7000000000000010658 0 0
9.7100000000000008527 0 0
9.7200000000000006395 0 0
9.7300000000000004263 0 0
9.7400000000000002132 0 0
9.75 0 0
9.7599999999999997868 0 0
9.7699999999999995737 0 0
9.7799999999999993605 0 0
9.7900000000000009237 0 0
9.8000000000000007105 0 0
9.8100000000000004974 0 0
9.8200000000000002842 0 0
9.8300000000000000711 0 0
9.8399999999999998579 0 0
9.8499999999999996447 0 0
9.8599999999999994316 0 0
9.8700000000000009948 0 0
9.8800000000000007816 0 0
9.8900000000000005684 0 0
9.9000000000000003553 0 0
9.9100000000000001421 0 0
9.9199999999999999289 0 0
9.9299999999999997158 0 0
9.9399999999999995026 0 0
9.9500000000000010658 0 0
9.9600000000000008527 0 0
9.9700000000000006395 0 0
9.9800000000000004263 0 0
9.9900000000000002132 0 0
10 0 0
10.009999999999999787 0 0
10.019999999999999574 0 0
10.029999999999999361 0 0
10.040000000000000924 0 0
10.050000000000000711 0 1.9993522073491480711e-06
10.060000000000000497 0 0
10.070000000000000284 0 0
10.080000000000000071 0 0
10.089999999999999858 0 0
10.099999999999999645 0 0
10.109999999999999432 0 0
10.120000000000000995 0 0
10.130000000000000782 0 0
10.140000000000000568 0 0
10.150000000000000355 0 0
10.160000000000000142 0 0
10.169999999999999929 0 0
10.179999999999999716 0 0
10.189999999999999503 0 0
10.200000000000001066 0 0
10.210000000000000853 0 0
10.220000000000000639 0 0
10.230000000000000426 0 1.9993522073491480711e-06
