0 1.8620821945452303309e-307 -1.8620821945452303309e-307
0.010000000000000000208 4.783815143108035031e-305 -4.783815143108035031e-305
0.020000000000000000416 1.2021239002576752521e-302 -1.2021239002576752521e-302
0.02999999999999999889 2.9547679177200371592e-300 -2.9547679177200371592e-300
0.040000000000000000833 7.1038996617001900787e-298 -7.1038996617001900787e-298
0.050000000000000002776 1.6705887907595442892e-295 -1.6705887907595442892e-295
0.05999999999999999778 3.8427453711907043069e-293 -3.8427453711907043069e-293
0.070000000000000006661 8.6459546607188875199e-291 -8.6459546607188875199e-291
0.080000000000000001665 1.9027581905308847195e-288 -1.9027581905308847195e-288
0.089999999999999996669 4.0959396303055471381e-286 -4.0959396303055471381e-286
0.10000000000000000555 8.6242789367308026368e-284 -8.6242789367308026368e-284
0.11000000000000000056 1.7761978610060191628e-281 -1.7761978610060191628e-281
0.11999999999999999556 3.5781553456378557188e-279 -3.5781553456378557188e-279
0.13000000000000000444 7.050604291311523061e-277 -7.050604291311523061e-277
0.14000000000000001332 1.3589165599760964568e-274 -1.3589165599760964568e-274
0.14999999999999999445 2.5618785753409214928e-272 4.5893619244452572685e-05
0.16000000000000000333 4.7241490680560206106e-270 3.3921369322342798114e-05
0.17000000000000001221 8.5209485900010954581e-268 4.7888992412481456995e-05
0.17999999999999999334 1.5033205619602632133e-265 6.9838111812714487314e-05
0.19000000000000000222 2.5942662805810102863e-263 4.389824243844486773e-05
0.2000000000000000111 4.3790187497684148117e-261 4.5893619244452572685e-05
0.20999999999999999223 7.2300010307547859193e-259 3.5916746128350503068e-05
0.22000000000000000111 1.1676137867215064223e-256 3.1925996154313907027e-05
0.23000000000000000999 1.8444180770496626004e-254 3.9907496102387092333e-05
0.23999999999999999112 2.8498291632752180062e-252 4.1902869270415976644e-05
0.25 4.3070268924534115109e-250 4.389824243844486773e-05
0.26000000000000000888 6.367011599624694593e-248 4.7888992412481456995e-05
0.27000000000000001776 9.2064669690954279316e-246 4.7888992412481456995e-05
0.28000000000000002665 1.3021159484906351377e-243 3.9907496102387092333e-05
0.28999999999999998002 1.8013811660294999956e-241 3.1925996154313907027e-05
0.2999999999999999889 2.4375912255148519236e-239 4.5893619244452572685e-05
0.30999999999999999778 3.2263794192708027453e-237 4.1902869270415976644e-05
0.32000000000000000666 4.1770464050555094644e-235 4.988436921848916195e-05
0.33000000000000001554 5.2895954965896648445e-233 4.1902869270415976644e-05
0.34000000000000002442 6.5520156306639773633e-231 5.1879742386518053036e-05
0.35000000000000003331 7.9382850227755950341e-229 2.7935246180277321151e-05
0.35999999999999998668 9.4075763586669496777e-227 4.7888992412481456995e-05
0.36999999999999999556 1.0905061436073371577e-224 3.1925996154313907027e-05
0.38000000000000000444 1.2364534816635535056e-222 2.5939871193259019742e-05
0.39000000000000001332 1.3712819125629516002e-220 1.995374805119353939e-05
0.4000000000000000222 1.4875617889128827442e-218 5.7865865528583533388e-05
0.41000000000000003109 1.5784200217490450965e-216 4.1902869270415976644e-05
0.41999999999999998446 1.6382095331676961325e-214 5.3875119192525737662e-05
0.42999999999999999334 1.6630894831266507833e-212 3.5916746128350503068e-05
0.44000000000000000222 1.6514334847944332926e-210 3.9907496102387092333e-05
0.4500000000000000111 1.6040055099080141069e-208 3.7912119296379387379e-05
0.46000000000000001998 1.5238770412701865167e-206 5.3875119192525737662e-05
0.47000000000000002887 1.4160979591393055884e-204 4.7888992412481456995e-05
0.47999999999999998224 1.287170175596157319e-202 3.1925996154313907027e-05
0.48999999999999999112 1.1444002407578066186e-200 4.7888992412481456995e-05
0.5 9.9522027088600378449e-199 3.9907496102387092333e-05
0.51000000000000000888 8.4656398129933895989e-197 3.9907496102387092333e-05
0.52000000000000001776 7.0436807013889005051e-195 5.3875119192525737662e-05
0.53000000000000002665 5.7324309915371064768e-193 4.988436921848916195e-05
0.54000000000000003553 4.5632820271816214844e-191 3.5916746128350503068e-05
0.55000000000000004441 3.5531626352574652382e-189 3.5916746128350503068e-05
0.56000000000000005329 2.7061518532798036878e-187 3.9907496102387092333e-05
0.57000000000000006217 2.0159907734558085876e-185 3.9907496102387092333e-05
0.57999999999999996003 1.4690081929466894215e-183 4.1902869270415976644e-05
0.58999999999999996891 1.0470301709191370731e-181 4.5893619244452572685e-05
0.5999999999999999778 7.2995060929747585108e-180 4.389824243844486773e-05
0.60999999999999998668 4.9776809330268452946e-178 4.1902869270415976644e-05
0.61999999999999999556 3.3201670513459102706e-176 4.1902869270415976644e-05
0.63000000000000000444 2.1661679026079948122e-174 2.9930621167295609007e-05
0.64000000000000001332 1.3823677644975777025e-172 4.988436921848916195e-05
0.6500000000000000222 8.6288790210474237441e-171 2.5939871193259019742e-05
0.66000000000000003109 5.2684694121068059442e-169 2.3944496206240728498e-05
0.67000000000000003997 3.14639936976153104e-167 3.3921369322342798114e-05
0.68000000000000004885 1.8379874028373159824e-165 3.9907496102387092333e-05
0.69000000000000005773 1.0501963758164564013e-163 3.3921369322342798114e-05
0.70000000000000006661 5.8694553143109495845e-162 3.3921369322342798114e-05
0.70999999999999996447 3.2086650702992769203e-160 4.1902869270415976644e-05
0.71999999999999997335 1.7157352467183323555e-158 2.5939871193259019742e-05
0.72999999999999998224 8.9737808715941008076e-157 4.389824243844486773e-05
0.73999999999999999112 4.5909223607910240181e-155 4.5893619244452572685e-05
0.75 2.2973318665626735111e-153 2.5939871193259019742e-05
0.76000000000000000888 1.1244672881459865493e-151 3.9907496102387092333e-05
0.77000000000000001776 5.3835557607570421068e-150 2.5939871193259019742e-05
0.78000000000000002665 2.5211048393669445849e-148 3.7912119296379387379e-05
0.79000000000000003553 1.1548136192494775372e-146 5.1879742386518053036e-05
0.80000000000000004441 5.1740686743941590208e-145 3.7912119296379387379e-05
0.81000000000000005329 2.2675234182248764434e-143 3.9907496102387092333e-05
0.82000000000000006217 9.7200986786051565403e-142 4.389824243844486773e-05
0.83000000000000007105 4.0755747924545937364e-140 5.1879742386518053036e-05
0.83999999999999996891 1.6714999256969673001e-138 4.7888992412481456995e-05
0.8499999999999999778 6.7053763203046436875e-137 3.7912119296379387379e-05
0.85999999999999998668 2.6311114942451042554e-135 3.9907496102387092333e-05
0.86999999999999999556 1.0098448335046026979e-133 5.3875119192525737662e-05
0.88000000000000000444 3.7911358287551828271e-132 1.7958373064175251534e-05
0.89000000000000001332 1.3921413777322633463e-130 6.9838111812714487314e-05
0.9000000000000000222 5.0003066623190884289e-129 4.389824243844486773e-05
0.91000000000000003109 1.7567470723447195171e-127 6.5847365476656705141e-05
0.92000000000000003997 6.0369994690605823903e-126 3.7912119296379387379e-05
0.93000000000000004885 2.0292349678945482476e-124 1.995374805119353939e-05
0.94000000000000005773 6.6717972186673330684e-123 3.3921369322342798114e-05
0.95000000000000006661 2.1456191618174805258e-121 3.7912119296379387379e-05
0.95999999999999996447 6.7493467508143093842e-120 5.3875119192525737662e-05
0.96999999999999997335 2.0766826912345530547e-118 3.9907496102387092333e-05
0.97999999999999998224 6.2499687539751923215e-117 4.7888992412481456995e-05
0.98999999999999999112 1.8398603056768581179e-115 5.7865865528583533388e-05
1 5.2977462654788412488e-114 3.3921369322342798114e-05
1.0100000000000000089 1.4920959751606552505e-112 6.5847365476656705141e-05
1.0200000000000000178 4.1105663661845363704e-111 3.9907496102387092333e-05
1.0300000000000000266 1.1076584642406276283e-109 3.5916746128350503068e-05
1.0400000000000000355 2.9195060348179209636e-108 5.5870492360554642301e-05
1.0500000000000000444 7.5268313427571168631e-107 5.1879742386518053036e-05
1.0600000000000000533 1.8980790370659963791e-105 4.5893619244452572685e-05
1.0700000000000000622 4.6818306600878197041e-104 4.389824243844486773e-05
1.0800000000000000711 1.1295784820538253205e-102 3.3921369322342798114e-05
1.0900000000000000799 2.6657316023925299699e-101 4.988436921848916195e-05
1.1000000000000000888 6.1534082738445861532e-100 3.9907496102387092333e-05
1.1100000000000000977 1.389358563737497843e-98 3.9907496102387092333e-05
1.1200000000000001066 3.0684019786720940702e-97 3.9907496102387092333e-05
1.1300000000000001155 6.6284115678394924348e-96 4.7888992412481456995e-05
1.1400000000000001243 1.4005737410802469436e-94 2.5939871193259019742e-05
1.1500000000000001332 2.8946882172031441894e-93 2.5939871193259019742e-05
1.1599999999999999201 5.8519001559351410615e-92 3.3921369322342798114e-05
1.1699999999999999289 1.1571544307900102497e-90 5.1879742386518053036e-05
1.1799999999999999378 2.2381286066710191701e-89 5.1879742386518053036e-05
1.1899999999999999467 4.2342651922918510507e-88 3.7912119296379387379e-05
1.1999999999999999556 7.8355659673529160489e-87 4.5893619244452572685e-05
1.2099999999999999645 1.4182800328338897819e-85 3.7912119296379387379e-05
1.2199999999999999734 2.5110358135098946322e-84 4.389824243844486773e-05
1.2299999999999999822 4.348536558706607986e-83 4.5893619244452572685e-05
1.2399999999999999911 7.3660157811325464342e-82 2.3944496206240728498e-05
1.25 1.2204541400747194504e-80 4.1902869270415976644e-05
1.2600000000000000089 1.9779239334680746634e-79 4.1902869270415976644e-05
1.2700000000000000178 3.1354292597085907528e-78 4.988436921848916195e-05
1.2800000000000000266 4.8616504347434756649e-77 4.988436921848916195e-05
1.2900000000000000355 7.3734332196856898712e-76 3.7912119296379387379e-05
1.3000000000000000444 1.0938432077804490707e-74 4.7888992412481456995e-05
1.3100000000000000533 1.5872293960536897711e-73 4.389824243844486773e-05
1.3200000000000000622 2.2528051100724181396e-72 2.7935246180277321151e-05
1.3300000000000000711 3.1275686240832124631e-71 3.7912119296379387379e-05
1.3400000000000000799 4.2470695522434526047e-70 2.9930621167295609007e-05
1.3500000000000000888 5.6411961336520397825e-69 3.3921369322342798114e-05
1.3600000000000000977 7.3291283372733973185e-68 3.9907496102387092333e-05
1.3700000000000001066 9.313925377268155956e-67 4.988436921848916195e-05
1.3800000000000001155 1.1577438488664074733e-65 3.5916746128350503068e-05
1.3900000000000001243 1.4076397136762746943e-64 3.3921369322342798114e-05
1.4000000000000001332 1.674055455449836449e-63 4.1902869270415976644e-05
1.4099999999999999201 1.9473654951468090328e-62 4.7888992412481456995e-05
1.4199999999999999289 2.2157685881230323837e-61 4.1902869270415976644e-05
1.4299999999999999378 2.4660429294907231376e-60 2.3944496206240728498e-05
1.4399999999999999467 2.6845788515387659051e-59 4.1902869270415976644e-05
1.4499999999999999556 2.8585842543082235111e-58 2.3944496206240728498e-05
1.4599999999999999645 2.97731736499361544e-57 3.7912119296379387379e-05
1.4699999999999999734 3.0331826580147958693e-56 1.7958373064175251534e-05
1.4799999999999999822 3.0225347230620732525e-55 2.9930621167295609007e-05
1.4899999999999999911 2.946071846555837809e-54 4.988436921848916195e-05
1.5 2.8087602456347985673e-53 3.7912119296379387379e-05
1.5100000000000000089 2.6193003803303287569e-52 2.3944496206240728498e-05
1.5200000000000000178 2.3892150568262428356e-51 4.389824243844486773e-05
1.5300000000000000266 2.1316921241744518743e-50 5.1879742386518053036e-05
1.5400000000000000355 1.8603429761610543024e-49 5.7865865528583533388e-05
1.5500000000000000444 1.5880378807921129552e-48 4.5893619244452572685e-05
1.5600000000000000533 1.3259525941724997697e-47 6.1856619140598922968e-05
1.5700000000000000622 1.0829151698019233041e-46 4.1902869270415976644e-05
1.5800000000000000711 8.6508778186688660351e-46 3.9907496102387092333e-05
1.5900000000000000799 6.7596657201237350956e-45 3.7912119296379387379e-05
1.6000000000000000888 5.1664182492922172139e-44 4.1902869270415976644e-05
1.6100000000000000977 3.8623640347300230788e-43 3.5916746128350503068e-05
1.6200000000000001066 2.8243346081267054908e-42 6.5847365476656705141e-05
1.6300000000000001155 2.0201256901545612842e-41 7.1833492256700992584e-05
1.6400000000000001243 1.4133181498558866512e-40 3.7912119296379387379e-05
1.6500000000000001332 9.671654668243812299e-40 3.7912119296379387379e-05
1.6600000000000001421 6.4738245800043903718e-39 6.5847365476656705141e-05
1.6699999999999999289 4.2385798939544863501e-38 3.7912119296379387379e-05
1.6799999999999999378 2.7144329642572599327e-37 5.9861242334591218013e-05
1.6899999999999999467 1.7003454691028727763e-36 5.1879742386518053036e-05
1.6999999999999999556 1.0418243813867986794e-35 7.3828865424729883671e-05
1.7099999999999999645 6.2438313764162988168e-35 5.1879742386518053036e-05
1.7199999999999999734 3.6602193735573786107e-34 8.979186532087624073e-05
1.7299999999999999822 2.0987580051926369149e-33 6.5847365476656705141e-05
1.7399999999999999911 1.1771096404324614417e-32 6.7842738644685596228e-05
1.75 6.4575944675534717489e-32 7.3828865424729883671e-05
1.7600000000000000089 3.4651650113305937444e-31 6.7842738644685596228e-05
1.7700000000000000178 1.8187641040683497629e-30 4.988436921848916195e-05
1.7800000000000000266 9.3374465771262717341e-30 4.988436921848916195e-05
1.7900000000000000355 4.6889887536022094035e-29 6.7842738644685596228e-05
1.8000000000000000444 2.3031889319582962868e-28 4.1902869270415976644e-05
1.8100000000000000533 1.1065709656406076407e-27 6.7842738644685596228e-05
1.8200000000000000622 5.2002995219094967183e-27 5.9861242334591218013e-05
1.8300000000000000711 2.3904350435050142959e-26 4.5893619244452572685e-05
1.8400000000000000799 1.0747942137105075173e-25 4.988436921848916195e-05
1.8500000000000000888 4.7268751323996947247e-25 5.1879742386518053036e-05
1.8600000000000000977 2.0334094654709612877e-24 5.7865865528583533388e-05
1.8700000000000001066 8.5561943301458267176e-24 3.1925996154313907027e-05
1.8800000000000001155 3.5216668848527252518e-23 4.7888992412481456995e-05
1.8900000000000001243 1.4178869919064332952e-22 4.389824243844486773e-05
1.9000000000000001332 5.5845526673932316768e-22 4.5893619244452572685e-05
1.9100000000000001421 2.1520003497531567314e-21 3.3921369322342798114e-05
1.9199999999999999289 8.1152993327933969223e-21 3.5916746128350496292e-05
1.9299999999999999378 2.9961199617992664117e-20 3.9907496102387065228e-05
1.9399999999999999467 1.0837541697331509406e-19 2.793524618027721273e-05
1.9499999999999999556 3.8456530345779516113e-19 4.7888992412481070748e-05
1.9599999999999999645 1.3414456320958128111e-18 5.5870492360553300601e-05
1.9699999999999999734 4.6144864761231895538e-18 4.9884369218484547314e-05
1.9799999999999999822 1.5726065579841957804e-17 3.7912119296363659671e-05
1.9899999999999999911 5.3419707122651212775e-17 5.5870492360501225015e-05
2 1.8214887052476261779e-16 4.788899241229931103e-05
2.0100000000000002309 6.2761831971130938724e-16 6.3851992308000196522e-05
2.0200000000000000178 2.19471520404624347e-15 5.5870492358359925725e-05
2.0300000000000002487 7.7895616467090419138e-15 3.791211928858982845e-05
2.0400000000000000355 2.7930117780273777282e-14 5.98612423066610994e-05
2.0499999999999998224 1.0033764482738668792e-13 3.1925996053976261121e-05
2.0600000000000000533 3.5763350163714680367e-13 3.7912118938745888554e-05
2.0699999999999998401 1.2529121567492143974e-12 3.9907494849474937069e-05
2.0800000000000000711 4.2803879561939249211e-12 4.7888988132093502921e-05
2.0899999999999998579 1.4173548273787765336e-11 3.9907481928838818433e-05
2.1000000000000000888 4.5286991154897305987e-11 5.1879697099526895577e-05
2.1099999999999998757 1.3918916941435704268e-10 5.3874980003356324326e-05
2.1200000000000001066 4.1061775839540968852e-10 3.3920958704584402185e-05
2.1299999999999998934 1.1610171773978540287e-09 4.1901708253238579541e-05
2.1400000000000001243 3.143341448747078285e-09 4.7885849071032706977e-05
2.1499999999999999112 8.1438752148900169182e-09 3.5908602253135615899e-05
2.1600000000000001421 2.0183642865707415455e-08 3.589656248548479475e-05
2.1699999999999999289 4.7842907435272153194e-08 2.9882778259860337734e-05
2.1800000000000001599 1.0845890356510129726e-07 5.7757406625018429007e-05
2.1899999999999999467 2.3516355215863499398e-07 2.9695457615136972636e-05
2.2000000000000001776 4.8775311938392106652e-07 4.3410489319060943593e-05
2.2099999999999999645 9.6796759568365190116e-07 4.093490167473232686e-05
2.2200000000000001954 1.8386324098418696436e-06 3.0087363744472037807e-05
2.2299999999999999822 3.3441388528123509692e-06 5.4521726675771180724e-05
2.2400000000000002132 5.8271322335198165045e-06 3.8071110204925048685e-05
2.25 9.7338211373251935251e-06 4.0150548081163970119e-05
2.2600000000000002309 1.5599363366468046245e-05 3.029425587798452644e-05
2.2700000000000000178 2.4006857244900905914e-05 3.5854385089690312099e-05
2.2800000000000002487 3.5519511532441760797e-05 2.2346353996141772591e-05
2.2900000000000000355 5.0595007481143016868e-05 3.2801117113827207936e-06
2.3000000000000002665 6.9501276755525652853e-05 -1.9616907537036490903e-05
2.3100000000000000533 9.2259647559707718399e-05 -3.4393782031124185011e-05
2.3199999999999998401 0.00011864025669066160813 -5.8779014356070390112e-05
2.3300000000000000711 0.00014822365948107069848 -8.6367040340471775512e-05
2.3399999999999998579 0.00018052348856799929578 -0.00012265762303941576917
2.3500000000000000888 0.00021514363721081086007 -0.00016126851801828511563
2.3599999999999998757 0.00025192763021325776177 -0.00015814501855632373886
2.3700000000000001066 0.00029105415510363757048 -0.00020325767022674783501
2.3799999999999998934 0.00033304340123060509902 -0.00024923766268977314573
2.3900000000000001243 0.00037866073694214783191 -0.00027490125216911173939
2.3999999999999999112 0.00042873021998621966677 -0.00031299848892905255933
2.4100000000000001421 0.00048389252063109951946 -0.000304308789989347038
2.4199999999999999289 0.00054435436950575654454 -0.00036077989252794628091
2.4300000000000001599 0.00060967786355757742651 -0.00038619589411535893862
2.4399999999999999467 0.00067864965503423282846 -0.0004152601931276060079
2.4500000000000001776 0.00074925582275585887997 -0.00038410225652018247216
2.4599999999999999645 0.00081877167841229057596 -0.00038178461991991317556
2.4700000000000001954 0.00088395943150277635214 -0.0003930972538178732073
2.4799999999999999822 0.00094135199643638196691 -0.0003626933411505467008
2.4900000000000002132 0.00098758928022671865418 -0.00029519425249982999757
2.5 0.0010197651449830764936 -0.00040518974356889073118
2.5100000000000002309 0.0010357401972665065699 -0.00030742842341126741697
2.5200000000000000178 0.0010343787065579346327 -0.00035794666417527710479
2.5300000000000002487 0.0010156775553249403152 -0.00034722700561439835167
2.5400000000000000355 0.00098077014222915114873 -0.00033626412874261679166
2.5500000000000002665 0.0009318062493627542707 -0.00034716146002091710296
2.5600000000000000533 0.00087172682475944137433 -0.00032499414016206836561
2.5699999999999998401 0.00080396710056609174515 -0.00030512343020907303597
2.5800000000000000711 0.00073212986552228262547 -0.00032307806048614010281
2.5899999999999998579 0.00065967178003572299154 -0.00029451821380004658373
2.6000000000000000888 0.00058963968543743639373 -0.00026838435800222610076
2.6099999999999998757 0.00052448263425502854047 -0.00028902841125272142348
2.6200000000000001066 0.00046595145374772947841 -0.00028836309627400588803
2.6299999999999998934 0.00041508385641931839355 -0.00024547700616962559589
2.6400000000000001243 0.00037226181083461351443 -0.00022260870681712480179
2.6499999999999999112 0.00033732060586343808918 -0.00019963975540603797853
2.6600000000000001421 0.0003096862773336175401 -0.00019395454627645043267
2.6699999999999999289 0.00028851938038923253009 -0.00018675526878422532865
2.6800000000000001599 0.00027284738921390746689 -0.00017307865077692915655
2.6899999999999999467 0.00026167389437903711222 -0.00016190515594205880188
2.7000000000000001776 0.00025405889386925664761 -0.00015628553587626484254
2.7099999999999999645 0.00024916977714897813132 -0.00014341491920791314772
2.7200000000000001954 0.00024630644738318454483 -0.00013656083583010416487
2.7299999999999999822 0.00024490621548040752715 -0.00015112360382347350424
2.7400000000000002132 0.00024453478469393745941 -0.0001507521730370034365
2.75 0.00024486919993335984217 -0.00018101720762473202811
2.7600000000000002309 0.00024567751483424768834 -0.00014391340322924048691
2.7700000000000000178 0.00024679855014016855927 -0.00016498818476736549707
2.7800000000000002487 0.00024812379268231626655 -0.00015434118102538224365
2.7900000000000000355 0.00024958240118117946005 -0.00015779516269227432824
2.8000000000000002665 0.0002511295141979764077 -0.0001573469025410423848
2.8100000000000000533 0.00025273758496626585893 -0.00015296884652928754858
2.8199999999999998401 0.00025439023950706425537 -0.00016260300101815912356
2.8300000000000000711 0.00025607809499133909158 -0.00018025385639858031682
2.8399999999999998579 0.00025779601647171594171 -0.00015004577808666445284
2.8500000000000000888 0.00025954137878708493726 -0.0001717448939101952018
2.8599999999999998757 0.00026131300114430415765 -0.00015755351637126806513
2.8700000000000001066 0.00026311051444686753146 -0.00016932790278993350855
2.8799999999999998934 0.00026493399699352118042 -0.00015319301227241188226
2.8900000000000001243 0.00026678377095106750897 -0.00017898728607417777351
2.8999999999999999112 0.00026866029202124620682 -0.00017288230719628329283
2.9100000000000001421 0.00027056409144619793803 -0.00017478610662123502404
2.9199999999999999289 0.00027249574652475812026 -0.00018270388120388187953
2.9300000000000001599 0.00027445586620959271529 -0.00018466400088871647456
2.9399999999999999467 0.00027644508445993199548 -0.00016270872657079377913
2.9500000000000001776 0.00027846405747922387723 -0.00019665369210642081503
2.9599999999999999645 0.00028051346285469362131 -0.00019870309748189055911
2.9700000000000001954 0.00028259399961332937667 -0.00019280213429245313594
2.9799999999999999822 0.0002847063887192109212 -0.00020489139651443675008
2.9900000000000002132 0.00028685137379027430844 -0.00021501788153357331585
3 0.00028902972193442418849 -0.00019724248344551905667
3.0100000000000002309 0.00029124222466189156246 -0.00019745961300495753956
3.0200000000000000178 0.00029348969885664911343 -0.00021367470665187494232
3.0300000000000002487 0.00029577298780121319454 -0.00018802274941616170566
3.0400000000000000355 0.00029809296225420911204 -0.00022625946999750811946
3.0500000000000002665 0.00030045052158228637918 -0.00018072803691310398381
3.0600000000000000533 0.00030284659494898494162 -0.00024498072942040141501
3.0700000000000002842 0.00030528214256370442151 -0.00021948103085484357714
3.0800000000000000711 0.00030775815699426349939 -0.0002239524184534315461
3.0899999999999998579 0.0003102756645468503216 -0.00020651617977381422908
3.1000000000000000888 0.00031283572671741857827 -0.00023501611495663091243
3.1099999999999998757 0.00031543944171890866968 -0.00025358282257830974671
3.1200000000000001066 0.00031808794608895418722 -0.00022829608076807794649
3.1299999999999998934 0.00032078241638308548772 -0.00023897205101028242552
3.1400000000000001243 0.00032352407095879976394 -0.00023572758608191002848
3.1499999999999999112 0.00032631417185624507537 -0.00024649917965147090425
3.1600000000000001421 0.00032915402678170799537 -0.00024933903457693382425
3.1699999999999999289 0.00033204499120052994622 -0.00024624387949166910185
3.1800000000000001599 0.00033498847054659033808 -0.00023521973210961202774
3.1899999999999999467 0.00033798592255601813501 -0.00027812468022142691022
3.2000000000000001776 0.00034103885973338804753 -0.00024925162124448291571
3.2099999999999999645 0.00034414885195928394913 -0.00023639861357423246025
3.2200000000000001954 0.00034731752924880567816 -0.00023956729086375418928
3.2299999999999999822 0.000350546584671344245 -0.00026075471935046800427
3.2400000000000002132 0.00035383777744277256083 -0.00027601816568198489499
3.25 0.00035719293620207809205 -0.00023148432475285138214
3.2600000000000002309 0.00036061396248545675696 -0.00024089147781627436159
3.2700000000000000178 0.00036410283441192604686 -0.00027431096909104980613
3.2800000000000002487 0.00036766161059569811001 -0.00027587437210679297819
3.2900000000000000355 0.00037129243430180649491 -0.00025556070324463938748
3.3000000000000002665 0.00037499753786288629728 -0.00027522879942590798693
3.3100000000000000533 0.00037877924737651959145 -0.00026304751631935248402
3.3200000000000002842 0.00038263998770424146809 -0.00025493600308698583998
3.3300000000000000711 0.00038658228779513413879 -0.00025887830317787856489
3.3399999999999998579 0.0003906087863589592017 -0.0002968261747020251788
3.3500000000000000888 0.00039472223791600310767 -0.00029096275314296701515
3.3599999999999998757 0.00039892551925325671824 -0.00024129092256365252257
3.3700000000000001066 0.00040322163631925878003 -0.00028150377848204749358
3.3799999999999998934 0.00040761373159291279869 -0.00029986349320786130981
3.3900000000000001243 0.00041210509196488775757 -0.0002664427342834568271
3.3999999999999999112 0.00041669915717385750927 -0.0002830090530525152079
3.4100000000000001421 0.00042139952884389308366 -0.00028970479789057967338
3.4199999999999999289 0.00042620998017379080379 -0.00026657999576424251578
3.4300000000000001599 0.00043113446633412670552 -0.00029544898904475551307
3.4399999999999999467 0.00043617713563334743017 -0.00032044540457618032273
3.4500000000000001776 0.00044134234152040722728 -0.00029567998383897629681
3.4599999999999999645 0.00044663465549832603559 -0.00030296767098492399621
3.4700000000000001954 0.00045205888103075803379 -0.00029242889662120974577
3.4799999999999999822 0.00045762006853223018317 -0.0002999854718426259604
3.4900000000000002132 0.00046332353154237838596 -0.0002817444277325969592
3.5 0.00046917486419528596107 -0.00030754950661770878197
3.5100000000000002309 0.00047517996010718553928 -0.00024970261749693810609
3.5200000000000000178 0.00048134503281943704853 -0.00028978906316951122055
3.5300000000000002487 0.00048767663794909587747 -0.0003080929073073433418
3.5400000000000000355 0.00049418169721675514559 -0.00029863498123077153543
3.5500000000000002665 0.00050086752454101912766 -0.00026940406242668502122
3.5600000000000000533 0.00050774185441121509436 -0.00028825063130505433444
3.5700000000000002842 0.00051481287277524716457 -0.00031527539590129054388
3.5800000000000000711 0.0005220892507082211054 -0.00030459340077008923656
3.5899999999999998579 0.00052958018116024694125 -0.00030210746538197061697
3.6000000000000000888 0.0005372954191191961883 -0.00029785044978083128914
3.6099999999999998757 0.00054524532556700106706 -0.00030979110256469395007
3.6200000000000001066 0.00055344091565713137565 -0.00033394969255097061572
3.6299999999999998934 0.00056189391159726809893 -0.00028054607662646597601
3.6400000000000001243 0.00057061680078614445289 -0.00031321347293551953395
3.6499999999999999112 0.00057962289982850133049 -0.00034416867682619421351
3.6600000000000001421 0.00058892642513891271371 -0.00030957397788805481867
3.6699999999999999289 0.00059854257094596040756 -0.00030522249696698499234
3.6800000000000001599 0.00060848759562547212465 -0.00034709352143878942354
3.6899999999999999467 0.00061877891742827945392 -0.00031947270939330213706
3.7000000000000001776 0.00062943522082806223697 -0.00030618450567290771613
3.7099999999999999645 0.00064047657490270287501 -0.00033518423281172365653
3.7200000000000001954 0.00065192456538384414063 -0.00035261835734886682377
3.7299999999999999822 0.00066380244227070509672 -0.00034254711483549480375
3.7400000000000002132 0.00067613528521408945097 -0.00034290771877070575727
3.75 0.00068895018924514214893 -0.00031182435489746193787
3.7600000000000002309 0.00070227647386368217616 -0.00034111365396406355052
3.7700000000000000178 0.00071614591902873447025 -0.00030709411399259194759
3.7800000000000002487 0.000730593032229380707 -0.00030557821274517659891
3.7900000000000000355 0.00074565535158237466595 -0.00034857578555440554401
3.8000000000000002665 0.00076137379083642637775 -0.0004042017172728655885
3.8100000000000000533 0.0007777930333023470302 -0.0003408059748099696298
3.8200000000000002842 0.00079496198312624464632 -0.00038990092442615996004
3.8300000000000000711 0.00081293428404745490205 -0.0003839287182271931202
3.8399999999999998579 0.00083176891792284231904 -0.00039278647171052079919
3.8500000000000000888 0.00085153089797073366028 -0.00044447445155070485455
3.8599999999999998757 0.00087229207504557672997 -0.00039938827042484883328
3.8700000000000001066 0.00089413207950459806534 -0.00041723752854781238648
3.8799999999999998934 0.00091713942664880328433 -0.00036641602481920295016
3.8900000000000001243 0.00094141282069316498896 -0.00043259224084025613925
3.8999999999999999112 0.0009670627012700201133 -0.00047620052358511696846
3.9100000000000001421 0.00099421308833296255687 -0.00048140179124782638172
3.9199999999999999289 0.0010230037970563362736 -0.00044634050038661467023
3.9300000000000001599 0.0010535931154514043169 -0.00048890208689368651676
3.9399999999999999467 0.001086161066256320076 -0.00045961339673013051031
3.9500000000000001776 0.0011209134148767987884 -0.00052030564019073049196
3.9599999999999999645 0.0011580866430721239915 -0.00047766388345723913809
3.9700000000000001954 0.0011979541957483133812 -0.00059136028700624318315
3.9799999999999999822 0.001240834451260268206 -0.00049655969206079792443
3.9900000000000002132 0.0012871011230713665964 -0.00049094663239931468982
4 0.0013371973133088045031 -0.00058294564461344408092
4.0099999999999997868 0.0013916555400950796594 -0.00046181091619785499466
4.0200000000000004619 0.0014511285088444562507 -0.00050133012416311221841
4.0300000000000002487 0.0015164408104425201439 -0.00037907720244730806584
4.0400000000000000355 0.0015886832726828383541 -0.00039145844054292930347
4.0499999999999998224 0.0016693949076350270751 -0.0002207529108043250303
4.0600000000000004974 0.00176092058679919671 -0.00018257923218321079652
4.0700000000000002842 0.0018671052921450954215 7.2398882370509551332e-05
4.0800000000000000711 0.0019945929607144158996 0.00024421756735531910745
4.0899999999999998579 0.0021551267851950390263 0.00041092511705441599201
4.0999999999999996447 0.0023693470805565349131 0.0010946234166940220327
4.1100000000000003197 0.0026725408517144864234 0.0014678618043340498772
4.1200000000000001066 0.0031224380154938739286 0.001949804564860339786
4.1299999999999998934 0.0038082771113936162224 0.0027944176347132467994
4.1399999999999996803 0.0048588842677775127832 0.0035576063615378634986
4.1500000000000003553 0.006445622714008458938 0.0046765956191762618824
4.1600000000000001421 0.0087744522437921221997 0.0057299264177212080873
4.1699999999999999289 0.012061153604503865172 0.0062703536163604342568
4.1799999999999997158 0.016486336382999729894 0.0063307742597910610094
4.1900000000000003908 0.022132880296571899592 0.0062293752468984796289
4.2000000000000001776 0.028917170330807800277 0.0053055032939461517494
4.2099999999999999645 0.036534055582074183299 0.0035470356430730640152
4.2199999999999997513 0.044439548131108674855 0.0010569901503320530689
4.2300000000000004263 0.051890813359666755622 -0.0017290865868815688544
4.2400000000000002132 0.0580486946699496284 -0.0038303726312991157044
4.25 0.062127180700236955824 -0.00512730733030478808
4.2599999999999997868 0.063554473507827544121 -0.0061575214449823140184
4.2700000000000004619 0.062100592192686106252 -0.0064136750367050493482
4.2800000000000002487 0.057932559671657696265 -0.0057375471022302060309
4.2900000000000000355 0.05157933871717753499 -0.0040814403769523152632
4.2999999999999998224 0.043817029611002651646 -0.0023291979886405148048
4.3100000000000004974 0.03550912937986815815 0.00099225961697136516593
4.3200000000000002842 0.027447499827554854707 0.0020201946337908144313
4.3300000000000000711 0.020233988147882884384 0.003165770936103394495
4.3399999999999998579 0.014224502952128860109 0.0042247308927474292589
4.3500000000000005329 0.0095353933862462065402 0.0038415988095984437284
4.3600000000000003197 0.0060948233161832732208 0.0037284067790244179719
4.3700000000000001066 0.0037143632492156008866 0.0031956195177404900405
4.3799999999999998934 0.0021582003681458439802 0.002421184443076709273
4.3899999999999996803 0.0011955549025440884419 0.0018912897894626187496
4.4000000000000003553 0.00063140230297852430533 0.0013041111543048537758
4.4100000000000001421 0.00031790106745610742251 0.00083742088449944966384
4.4199999999999999289 0.00015258743648397185837 0.00055976135202703619295
4.4299999999999997158 6.9819945640764197355e-05 0.00037714399324367288684
4.4400000000000003908 3.0455668003430066293e-05 0.00019302630143878843176
4.4500000000000001776 1.2664248222736030581e-05 0.00013898422896278146981
4.4599999999999999645 5.0200588203111199946e-06 6.0827306656345585993e-05
4.4699999999999997513 1.8969344291033901704e-06 3.2024434893239405191e-05
4.4800000000000004263 6.8329217761941992967e-07 1.9270455873574119672e-05
4.4900000000000002132 2.3462165779224235106e-07 9.7422523678045284029e-06
4.5 7.6795278883037786389e-08 7.904703759695438269e-06
4.5099999999999997868 2.3960907858026672667e-08 1.971413851786592318e-06
4.5200000000000004619 7.1264320904348010502e-09 1.9882483275541843807e-06
4.5300000000000002487 2.0204085702191330632e-09 -2.0204085702191330632e-09
4.5400000000000000355 5.4601258362745879228e-10 -5.4601258362745879228e-10
4.5499999999999998224 1.4065685422175788296e-10 -1.4065685422175788296e-10
4.5600000000000004974 3.4539217751135292703e-11 1.9953402204268681593e-06
4.5700000000000002842 8.0845550955317016323e-12 -8.0845550955317016323e-12
4.5800000000000000711 1.8038091342057494462e-12 -1.8038091342057494462e-12
4.5899999999999998579 3.836319502585569664e-13 -3.836319502585569664e-13
4.6000000000000005329 7.7772790667133276735e-14 -7.7772790667133276735e-14
4.6100000000000003197 1.5028941622950732361e-14 -1.5028941622950732361e-14
4.6200000000000001066 2.7683185577819273011e-15 -2.7683185577819273011e-15
4.6299999999999998934 4.8606001794776213415e-16 3.990749518803178686e-06
4.6399999999999996803 8.1348430215131087943e-17 -8.1348430215131087943e-17
4.6500000000000003553 1.2977565453829019004e-17 -1.2977565453829019004e-17
4.6600000000000001421 1.9734286559285689886e-18 -1.9734286559285689886e-18
4.6699999999999999289 2.8604423917149791321e-19 1.9953747596443333156e-06
4.6799999999999997158 3.9521008304962037207e-20 1.9953747596445798022e-06
4.6900000000000003908 5.2048157562821150914e-21 -5.2048157562821150914e-21
4.7000000000000001776 6.5337839634979733157e-22 -6.5337839634979733157e-22
4.7099999999999999645 7.818182580589742776e-23 -7.818182580589742776e-23
4.7199999999999997513 8.9171909002293742542e-24 -8.9171909002293742542e-24
4.7300000000000004263 9.69462809825475858e-25 -9.69462809825475858e-25
4.7400000000000002132 1.0046498311145593939e-25 -1.0046498311145593939e-25
4.75 9.9238093256681201743e-27 -9.9238093256681201743e-27
4.7599999999999997868 9.3437653012302311989e-28 -9.3437653012302311989e-28
4.7700000000000004619 8.3858085802404425063e-29 -8.3858085802404425063e-29
4.7800000000000002487 7.1737658609947046991e-30 -7.1737658609947046991e-30
4.7900000000000000355 5.8496302158956474239e-31 -5.8496302158956474239e-31
4.7999999999999998224 4.5466166353524630964e-32 -4.5466166353524630964e-32
4.8100000000000004974 3.3684238134765056923e-33 -3.3684238134765056923e-33
4.8200000000000002842 2.3787202138085255971e-34 -2.3787202138085255971e-34
4.8300000000000000711 1.6011721358388600685e-35 -1.6011721358388600685e-35
4.8399999999999998579 1.0273312681506530799e-36 1.9953747596446191892e-06
4.8500000000000005329 6.2829068036673099881e-38 -6.2829068036673099881e-38
4.8600000000000003197 3.6625888813183828874e-39 -3.6625888813183828874e-39
4.8700000000000001066 2.0351339347038402805e-40 -2.0351339347038402805e-40
4.8799999999999998934 1.0778911857621150078e-41 1.9953747596446191892e-06
4.8899999999999996803 5.441689873633221145e-43 -5.441689873633221145e-43
4.9000000000000003553 2.6186016939383425449e-44 -2.6186016939383425449e-44
4.9100000000000001421 1.2011071358091883174e-45 -1.2011071358091883174e-45
4.9199999999999999289 5.2513450692052355309e-47 -5.2513450692052355309e-47
4.9299999999999997158 2.188445531527080464e-48 -2.188445531527080464e-48
4.9400000000000003908 8.6931500397097150408e-50 -8.6931500397097150408e-50
4.9500000000000001776 3.2915066484371825376e-51 -3.2915066484371825376e-51
4.9599999999999999645 1.1879230514086582824e-52 -1.1879230514086582824e-52
4.9699999999999997513 4.0865590988398301187e-54 -4.0865590988398301187e-54
4.9800000000000004263 1.3399946140387964618e-55 1.9953747596446191892e-06
4.9900000000000002132 4.1881672287392697954e-57 1.9953747596446191892e-06
5 1.2477298656585072012e-58 -1.2477298656585072012e-58
5.0099999999999997868 3.5431752001124495974e-60 1.9953747596446191892e-06
5.0200000000000004619 9.5904745022345928902e-62 -9.5904745022345928902e-62
5.0300000000000002487 2.4743599994807718368e-63 -2.4743599994807718368e-63
5.0400000000000000355 6.0850046952147589871e-65 1.9953747596446191892e-06
5.0499999999999998224 1.4263762829027556091e-66 -1.4263762829027556091e-66
5.0600000000000004974 3.1870023438978117543e-68 -3.1870023438978117543e-68
5.0700000000000002842 6.7874347074763776418e-70 -6.7874347074763776418e-70
5.0800000000000000711 1.3778561632861528905e-71 -1.3778561632861528905e-71
5.0899999999999998579 2.6661032771716943448e-73 -2.6661032771716943448e-73
5.1000000000000005329 4.9172790499200985027e-75 -4.9172790499200985027e-75
5.1100000000000003197 8.6446512400750949303e-77 -8.6446512400750949303e-77
5.1200000000000001066 1.448587631836874233e-78 -1.448587631836874233e-78
5.1299999999999998934 2.3137513378733270564e-80 -2.3137513378733270564e-80
5.1399999999999996803 3.522598525422908174e-82 -3.522598525422908174e-82
5.1500000000000003553 5.1119207822139429641e-84 -5.1119207822139429641e-84
5.1600000000000001421 7.0709786687423543106e-86 -7.0709786687423543106e-86
5.1699999999999999289 9.3228636517553852073e-88 -9.3228636517553852073e-88
5.1799999999999997158 1.1716380870625593589e-89 -1.1716380870625593589e-89
5.1900000000000003908 1.4034984048490743095e-91 -1.4034984048490743095e-91
5.2000000000000001776 1.6025242570450598206e-93 -1.6025242570450598206e-93
5.2099999999999999645 1.7441004782217697553e-95 -1.7441004782217697553e-95
5.2199999999999997513 1.8093081779517217295e-97 -1.8093081779517217295e-97
5.2300000000000004263 1.7890715267176774004e-99 1.9953747596446191892e-06
5.2400000000000002132 1.6862304694973660126e-101 -1.6862304694973660126e-101
5.25 1.5148868354211656203e-103 -1.5148868354211656203e-103
5.2599999999999997868 1.2972313673271260588e-105 -1.2972313673271260588e-105
5.2700000000000004619 1.0588358670106040697e-107 -1.0588358670106040697e-107
5.2800000000000002487 8.2378477771352412149e-110 -8.2378477771352412149e-110
5.2900000000000000355 6.1090370738771950756e-112 -6.1090370738771950756e-112
5.2999999999999998224 4.3182283435309816781e-114 -4.3182283435309816781e-114
5.3100000000000004974 2.9094591063900154362e-116 1.9953747596446191892e-06
5.3200000000000002842 1.8684982220897582372e-118 -1.8684982220897582372e-118
5.3300000000000000711 1.1437915038499786923e-120 -1.1437915038499786923e-120
5.3399999999999998579 6.6738241345096779266e-123 -6.6738241345096779266e-123
5.3500000000000005329 3.7117296341670790381e-125 -3.7117296341670790381e-125
5.3600000000000003197 1.9676668328769753114e-127 -1.9676668328769753114e-127
5.3700000000000001066 9.9426104041052881574e-130 -9.9426104041052881574e-130
5.3799999999999998934 4.7887578536937176657e-132 -4.7887578536937176657e-132
5.3899999999999996803 2.1984616960969009173e-134 -2.1984616960969009173e-134
5.4000000000000003553 9.6202968653012250111e-137 -9.6202968653012250111e-137
5.4100000000000001421 4.0126526109798253873e-139 -4.0126526109798253873e-139
5.4199999999999999289 1.5953212340723064441e-141 -1.5953212340723064441e-141
5.4299999999999997158 6.0455831347897075596e-144 -6.0455831347897075596e-144
5.4400000000000003908 2.1837438495229104717e-146 -2.1837438495229104717e-146
5.4500000000000001776 7.5186282810685443674e-149 -7.5186282810685443674e-149
5.4599999999999999645 2.4674532468904280757e-151 -2.4674532468904280757e-151
5.4699999999999997513 7.718495017845249793e-154 -7.718495017845249793e-154
5.4800000000000004263 2.301387127315704645e-156 -2.301387127315704645e-156
5.4900000000000002132 6.5406372829497963568e-159 -6.5406372829497963568e-159
5.5 1.7718369969407135889e-161 -1.7718369969407135889e-161
5.5099999999999997868 4.5751017794392279643e-164 -4.5751017794392279643e-164
5.5200000000000004619 1.1260327677651220311e-166 -1.1260327677651220311e-166
5.5300000000000002487 2.6416456011213940079e-169 -2.6416456011213940079e-169
5.5400000000000000355 5.9070590719847283662e-172 -5.9070590719847283662e-172
5.5499999999999998224 1.2590451183296140122e-174 -1.2590451183296140122e-174
5.5600000000000004974 2.5579053709343929218e-177 -2.5579053709343929218e-177
5.5700000000000002842 4.9533707760529423537e-180 -4.9533707760529423537e-180
5.5800000000000000711 9.1430346936146293236e-183 -9.1430346936146293236e-183
5.5899999999999998579 1.6086184579880461824e-185 -1.6086184579880461824e-185
5.6000000000000005329 2.6976702416962319024e-188 -2.6976702416962319024e-188
5.6100000000000003197 4.3121890501681456763e-191 -4.3121890501681456763e-191
5.6200000000000001066 6.5702186984053097622e-194 -6.5702186984053097622e-194
5.6299999999999998934 9.5419018781210986722e-197 -9.5419018781210986722e-197
5.6399999999999996803 1.3208793140123282581e-199 -1.3208793140123282581e-199
5.6500000000000003553 1.7428675703389617212e-202 -1.7428675703389617212e-202
5.6600000000000001421 2.1919905757548459756e-205 -2.1919905757548459756e-205
5.6699999999999999289 2.6277618647841303782e-208 -2.6277618647841303782e-208
5.6799999999999997158 3.0026612863904500633e-211 -3.0026612863904500633e-211
5.6900000000000003908 3.2703910534715592022e-214 1.9953747596446191892e-06
5.7000000000000001776 3.3952051187491432848e-217 -3.3952051187491432848e-217
5.7099999999999999645 3.359737328102310352e-220 -3.359737328102310352e-220
5.7199999999999997513 3.1689661218917647977e-223 -3.1689661218917647977e-223
5.7300000000000004263 2.8490680337175618929e-226 -2.8490680337175618929e-226
5.7400000000000002132 2.4415239202186159942e-229 -2.4415239202186159942e-229
5.75 1.9943072825318137041e-232 -1.9943072825318137041e-232
5.7599999999999997868 1.552730498106665468e-235 -1.552730498106665468e-235
5.7700000000000004619 1.1523197268381853903e-238 -1.1523197268381853903e-238
5.7800000000000002487 8.1512235563409194039e-242 -8.1512235563409194039e-242
5.7900000000000000355 5.4959844483913273903e-245 -5.4959844483913273903e-245
5.7999999999999998224 3.5321656166198769162e-248 -3.5321656166198769162e-248
5.8100000000000004974 2.163761974308776616e-251 -2.163761974308776616e-251
5.8200000000000002842 1.2634287691502640689e-254 -1.2634287691502640689e-254
5.8300000000000000711 7.0317736301493539283e-258 -7.0317736301493539283e-258
5.8399999999999998579 3.7303693379287337378e-261 -3.7303693379287337378e-261
5.8500000000000005329 1.8863036561198494275e-264 -1.8863036561198494275e-264
5.8600000000000003197 9.0916810816207934919e-268 -9.0916810816207934919e-268
5.8700000000000001066 4.176856772465735043e-271 -4.176856772465735043e-271
5.8799999999999998934 1.8290592231152058352e-274 -1.8290592231152058352e-274
5.8899999999999996803 7.6344672708448121632e-278 -7.6344672708448121632e-278
5.9000000000000003553 3.0374034651556428901e-281 -3.0374034651556428901e-281
5.9100000000000001421 1.1518581471798302305e-284 -1.1518581471798302305e-284
5.9199999999999999289 4.1635930245555079807e-288 -4.1635930245555079807e-288
5.9299999999999997158 1.4345321873430826346e-291 -1.4345321873430826346e-291
5.9400000000000003908 4.7111297457518247393e-295 -4.7111297457518247393e-295
5.9500000000000001776 1.4747301785349585285e-298 -1.4747301785349585285e-298
5.9599999999999999645 4.4002038555936362251e-302 -4.4002038555936362251e-302
5.9699999999999997513 1.2514276489320079979e-305 -1.2514276489320079979e-305
5.9800000000000004263 3.3924339932831430083e-309 -3.3924339932831430083e-309
5.9900000000000002132 8.7657639333994353575e-313 -8.7657639333994353575e-313
6 2.1589412314325099691e-316 -2.1589412314325099691e-316
6.0099999999999997868 5.0681253950395070502e-320 -5.0681253950395070502e-320
6.0200000000000004619 9.8813129168249308835e-324 -9.8813129168249308835e-324
6.0300000000000002487 0 0
6.0400000000000000355 0 0
6.0499999999999998224 0 0
6.0600000000000004974 0 0
6.0700000000000002842 0 0
6.0800000000000000711 0 0
6.0899999999999998579 0 0
6.1000000000000005329 0 0
6.1100000000000003197 0 0
6.1200000000000001066 0 1.9953747596446191892e-06
6.1299999999999998934 0 0
6.1400000000000005684 0 0
6.1500000000000003553 0 0
6.1600000000000001421 0 0
6.1699999999999999289 0 0
6.1799999999999997158 0 0
6.1900000000000003908 0 0
6.2000000000000001776 0 0
6.2099999999999999645 0 0
6.2199999999999997513 0 0
6.2300000000000004263 0 0
6.2400000000000002132 0 0
6.25 0 0
6.2599999999999997868 0 0
6.2700000000000004619 0 0
6.2800000000000002487 0 1.9953747596446191892e-06
6.2900000000000000355 0 0
6.2999999999999998224 0 0
6.3100000000000004974 0 0
6.3200000000000002842 0 0
6.3300000000000000711 0 0
6.3399999999999998579 0 0
6.3500000000000005329 0 0
6.3600000000000003197 0 0
6.3700000000000001066 0 0
6.3799999999999998934 0 0
6.3900000000000005684 0 0
6.4000000000000003553 0 0
6.4100000000000001421 0 1.9953747596446191892e-06
6.4199999999999999289 0 0
6.4299999999999997158 0 0
6.4400000000000003908 0 0
6.4500000000000001776 0 0
6.4599999999999999645 0 0
6.4699999999999997513 0 0
6.4800000000000004263 0 0
6.4900000000000002132 0 3.9907495192892383784e-06
6.5 0 0
6.5099999999999997868 0 0
6.5200000000000004619 0 0
6.5300000000000002487 0 0
6.5400000000000000355 0 0
6.5499999999999998224 0 0
6.5600000000000004974 0 0
6.5700000000000002842 0 0
6.5800000000000000711 0 0
6.5899999999999998579 0 0
6.6000000000000005329 0 0
6.6100000000000003197 0 0
6.6200000000000001066 0 0
6.6299999999999998934 0 0
6.6400000000000005684 0 0
6.6500000000000003553 0 0
6.6600000000000001421 0 0
6.6699999999999999289 0 0
6.6799999999999997158 0 0
6.6900000000000003908 0 0
6.7000000000000001776 0 0
6.7099999999999999645 0 0
6.7199999999999997513 0 0
6.7300000000000004263 0 0
6.7400000000000002132 0 0
6.75 0 0
6.7599999999999997868 0 3.9907495192892383784e-06
6.7700000000000004619 0 0
6.7800000000000002487 0 0
6.7900000000000000355 0 0
6.7999999999999998224 0 0
6.8100000000000004974 0 0
6.8200000000000002842 0 0
6.8300000000000000711 0 3.9907495192892383784e-06
6.8399999999999998579 0 1.9953747596446191892e-06
6.8500000000000005329 0 1.9953747596446191892e-06
6.8600000000000003197 0 0
6.8700000000000001066 0 0
6.8799999999999998934 0 0
6.8900000000000005684 0 0
6.9000000000000003553 0 0
6.9100000000000001421 0 0
6.9199999999999999289 0 0
6.9299999999999997158 0 0
6.9400000000000003908 0 0
6.9500000000000001776 0 1.9953747596446191892e-06
6.9599999999999999645 0 0
6.9699999999999997513 0 0
6.9800000000000004263 0 0
6.9900000000000002132 0 0
7 0 0
7.0099999999999997868 0 0
7.0200000000000004619 0 0
7.0300000000000002487 0 0
7.0400000000000000355 0 0
7.0499999999999998224 0 0
7.0600000000000004974 0 0
7.0700000000000002842 0 0
7.0800000000000000711 0 0
7.0899999999999998579 0 0
7.1000000000000005329 0 0
7.1100000000000003197 0 0
7.1200000000000001066 0 0
7.1299999999999998934 0 0
7.1400000000000005684 0 0
7.1500000000000003553 0 0
7.1600000000000001421 0 0
7.1699999999999999289 0 0
7.1799999999999997158 0 0
7.1900000000000003908 0 0
7.2000000000000001776 0 0
7.2099999999999999645 0 0
7.2199999999999997513 0 0
7.2300000000000004263 0 0
7.2400000000000002132 0 0
7.25 0 0
7.2599999999999997868 0 1.9953747596446191892e-06
7.2700000000000004619 0 0
7.2800000000000002487 0 0
7.2900000000000000355 0 0
7.2999999999999998224 0 0
7.3100000000000004974 0 1.9953747596446191892e-06
7.3200000000000002842 0 0
7.3300000000000000711 0 0
7.3399999999999998579 0 0
7.3500000000000005329 0 0
7.3600000000000003197 0 0
7.3700000000000001066 0 1.9953747596446191892e-06
7.3799999999999998934 0 1.9953747596446191892e-06
7.3900000000000005684 0 0
7.4000000000000003553 0 0
7.4100000000000001421 0 0
7.4199999999999999289 0 0
7.4299999999999997158 0 1.9953747596446191892e-06
7.4400000000000003908 0 0
7.4500000000000001776 0 0
7.4599999999999999645 0 0
7.4699999999999997513 0 0
7.4800000000000004263 0 0
7.4900000000000002132 0 0
7.5 0 0
7.5099999999999997868 0 0
7.5200000000000004619 0 0
7.5300000000000002487 0 0
7.5400000000000000355 0 0
7.5499999999999998224 0 1.9953747596446191892e-06
7.5600000000000004974 0 0
7.5700000000000002842 0 0
7.5800000000000000711 0 0
7.5899999999999998579 0 0
7.6000000000000005329 0 0
7.6100000000000003197 0 1.9953747596446191892e-06
7.6200000000000001066 0 1.9953747596446191892e-06
7.6299999999999998934 0 1.9953747596446191892e-06
7.6400000000000005684 0 0
7.6500000000000003553 0 0
7.6600000000000001421 0 0
7.6699999999999999289 0 0
7.6799999999999997158 0 0
7.6900000000000003908 0 0
7.7000000000000001776 0 0
7.7099999999999999645 0 0
7.7199999999999997513 0 0
7.7300000000000004263 0 0
7.7400000000000002132 0 1.9953747596446191892e-06
7.75 0 0
7.7599999999999997868 0 0
7.7700000000000004619 0 0
7.7800000000000002487 0 0
7.7900000000000000355 0 1.9953747596446191892e-06
7.7999999999999998224 0 1.9953747596446191892e-06
7.8100000000000004974 0 1.9953747596446191892e-06
7.8200000000000002842 0 0
7.8300000000000000711 0 0
7.8399999999999998579 0 0
7.8500000000000005329 0 0
7.8600000000000003197 0 0
7.8700000000000001066 0 1.9953747596446191892e-06
7.8799999999999998934 0 1.9953747596446191892e-06
7.8900000000000005684 0 0
7.9000000000000003553 0 0
7.9100000000000001421 0 0
7.9199999999999999289 0 0
7.930000000000000604 0 0
7.9400000000000003908 0 0
7.9500000000000001776 0 0
7.9599999999999999645 0 0
7.9699999999999997513 0 0
7.9800000000000004263 0 1.9953747596446191892e-06
7.9900000000000002132 0 0
8 0 0
8.0099999999999997868 0 1.9953747596446191892e-06
8.0199999999999995737 0 0
8.0299999999999993605 0 0
8.0400000000000009237 0 0
8.0500000000000007105 0 0
8.0600000000000004974 0 1.9953747596446191892e-06
8.0700000000000002842 0 0
8.0800000000000000711 0 1.9953747596446191892e-06
8.0899999999999998579 0 0
8.0999999999999996447 0 0
8.1099999999999994316 0 0
8.1200000000000009948 0 0
8.1300000000000007816 0 1.9953747596446191892e-06
8.1400000000000005684 0 0
8.1500000000000003553 0 1.9953747596446191892e-06
8.1600000000000001421 0 0
8.1699999999999999289 0 1.9953747596446191892e-06
8.1799999999999997158 0 0
8.1899999999999995026 0 1.9953747596446191892e-06
8.1999999999999992895 0 5.9861240515601821244e-06
8.2100000000000008527 0 0
8.2200000000000006395 0 0
8.2300000000000004263 0 1.9953747596446191892e-06
8.2400000000000002132 0 0
8.25 0 0
8.2599999999999997868 0 0
8.2699999999999995737 0 1.9953747596446191892e-06
8.2799999999999993605 0 0
8.2900000000000009237 0 0
8.3000000000000007105 0 1.9953747596446191892e-06
8.3100000000000004974 0 1.9953747596446191892e-06
8.3200000000000002842 0 1.9953747596446191892e-06
8.3300000000000000711 0 1.9953747596446191892e-06
8.3399999999999998579 0 5.9861240515601821244e-06
8.3499999999999996447 0 1.1972248103120359167e-05
8.3599999999999994316 0 1.9953747596446191892e-06
8.3700000000000009948 0 3.9907495192892383784e-06
8.3800000000000007816 0 1.1972248103120359167e-05
8.3900000000000005684 0 1.1972248103120359167e-05
8.4000000000000003553 0 9.9768740255967713892e-06
8.4100000000000001421 0 9.9768740255967713892e-06
8.4199999999999999289 0 1.9953747596446191892e-06
8.4299999999999997158 0 1.3967623090138660575e-05
8.4399999999999995026 0 1.5962998077156950125e-05
8.4499999999999992895 0 1.3967623090138660575e-05
8.4600000000000008527 0 5.9861240515601821244e-06
8.4700000000000006395 0 1.3967623090138660575e-05
8.4800000000000004263 0 2.3944496206240728498e-05
8.4900000000000002132 0 2.3944496206240728498e-05
8.5 0 3.1925996154313907027e-05
8.5099999999999997868 0 1.995374805119353939e-05
8.5199999999999995737 0 2.5939871193259019742e-05
8.5299999999999993605 0 2.1949121219222430477e-05
8.5400000000000009237 0 1.995374805119353939e-05
8.5500000000000007105 0 1.7958373064175251534e-05
8.5600000000000004974 0 7.9814990385784767568e-06
8.5700000000000002842 0 2.3944496206240728498e-05
8.5800000000000000711 0 1.995374805119353939e-05
8.5899999999999998579 0 9.9768740255967713892e-06
8.5999999999999996447 0 5.9861240515601821244e-06
8.6099999999999994316 0 3.9907495192892383784e-06
8.6200000000000009948 0 1.3967623090138660575e-05
8.6300000000000007816 0 5.9861240515601821244e-06
8.6400000000000005684 0 3.9907495192892383784e-06
8.6500000000000003553 0 3.9907495192892383784e-06
8.6600000000000001421 0 3.9907495192892383784e-06
8.6699999999999999289 0 1.9953747596446191892e-06
8.6799999999999997158 0 3.9907495192892383784e-06
8.6899999999999995026 0 1.9953747596446191892e-06
8.7000000000000010658 0 0
8.7100000000000008527 0 0
8.7200000000000006395 0 0
8.7300000000000004263 0 0
8.7400000000000002132 0 0
8.75 0 0
8.7599999999999997868 0 0
8.7699999999999995737 0 0
8.7799999999999993605 0 0
8.7900000000000009237 0 0
8.8000000000000007105 0 0
8.8100000000000004974 0 0
8.8200000000000002842 0 0
8.8300000000000000711 0 0
8.8399999999999998579 0 0
8.8499999999999996447 0 0
8.8599999999999994316 0 0
8.8700000000000009948 0 0
8.8800000000000007816 0 0
8.8900000000000005684 0 0
8.9000000000000003553 0 0
8.9100000000000001421 0 0
8.9199999999999999289 0 0
8.9299999999999997158 0 0
8.9399999999999995026 0 0
8.9500000000000010658 0 0
8.9600000000000008527 0 0
8.9700000000000006395 0 0
8.9800000000000004263 0 0
8.9900000000000002132 0 0
9 0 0
9.0099999999999997868 0 0
9.0199999999999995737 0 0
9.0299999999999993605 0 0
9.0400000000000009237 0 0
9.0500000000000007105 0 0
9.0600000000000004974 0 0
9.0700000000000002842 0 0
9.0800000000000000711 0 0
9.0899999999999998579 0 0
9.0999999999999996447 0 0
9.1099999999999994316 0 0
9.1200000000000009948 0 0
9.1300000000000007816 0 0
9.1400000000000005684 0 0
9.1500000000000003553 0 0
9.1600000000000001421 0 0
9.1699999999999999289 0 0
9.1799999999999997158 0 0
9.1899999999999995026 0 0
9.2000000000000010658 0 0
9.2100000000000008527 0 0
9.2200000000000006395 0 0
9.2300000000000004263 0 0
9.2400000000000002132 0 0
9.25 0 0
9.2599999999999997868 0 0
9.2699999999999995737 0 0
9.2799999999999993605 0 0
9.2900000000000009237 0 0
9.3000000000000007105 0 0
9.3100000000000004974 0 0
9.3200000000000002842 0 0
9.3300000000000000711 0 0
9.3399999999999998579 0 0
9.3499999999999996447 0 0
9.3599999999999994316 0 0
9.3700000000000009948 0 0
9.3800000000000007816 0 0
9.3900000000000005684 0 0
9.4000000000000003553 0 0
9.4100000000000001421 0 0
9.4199999999999999289 0 0
9.4299999999999997158 0 0
9.4399999999999995026 0 0
9.4500000000000010658 0 0
9.4600000000000008527 0 0
9.4700000000000006395 0 0
9.4800000000000004263 0 0
9.4900000000000002132 0 0
9.5 0 0
9.5099999999999997868 0 0
9.5199999999999995737 0 0
9.5299999999999993605 0 0
9.5400000000000009237 0 0
9.5500000000000007105 0 0
9.5600000000000004974 0 0
9.5700000000000002842 0 0
9.5800000000000000711 0 0
9.5899999999999998579 0 0
9.5999999999999996447 0 0
9.6099999999999994316 0 0
9.6200000000000009948 0 0
9.6300000000000007816 0 0
9.6400000000000005684 0 0
9.6500000000000003553 0 0
9.6600000000000001421 0 0
9.6699999999999999289 0 0
9.6799999999999997158 0 0
9.6899999999999995026 0 0
9.7000000000000010658 0 0
9.7100000000000008527 0 0
9.7200000000000006395 0 0
9.7300000000000004263 0 0
9.7400000000000002132 0 0
9.75 0 0
9.7599999999999997868 0 0
9.7699999999999995737 0 0
9.7799999999999993605 0 0
9.7900000000000009237 0 0
9.8000000000000007105 0 0
9.8100000000000004974 0 0
9.8200000000000002842 0 0
9.8300000000000000711 0 0
9.8399999999999998579 0 0
9.8499999999999996447 0 0
9.8599999999999994316 0 0
9.8700000000000009948 0 0
9.8800000000000007816 0 0
9.8900000000000005684 0 0
9.9000000000000003553 0 0
9.9100000000000001421 0 0
9.9199999999999999289 0 0
9.9299999999999997158 0 0
9.9399999999999995026 0 0
9.9500000000000010658 0 0
9.9600000000000008527 0 0
9.9700000000000006395 0 0
9.9800000000000004263 0 0
9.9900000000000002132 0 0
10 0 0
10.009999999999999787 0 0
10.019999999999999574 0 0
10.029999999999999361 0 0
10.040000000000000924 0 0
10.050000000000000711 0 0
10.060000000000000497 0 0
10.070000000000000284 0 0
10.080000000000000071 0 0
10.089999999999999858 0 0
10.099999999999999645 0 0
10.109999999999999432 0 0
10.120000000000000995 0 0
10.130000000000000782 0 0
10.140000000000000568 0 0
10.150000000000000355 0 0
10.160000000000000142 0 0
10.169999999999999929 0 0
10.179999999999999716 0 0
10.189999999999999503 0 0
10.200000000000001066 0 0
10.210000000000000853 0 0
10.220000000000000639 0 0
10.230000000000000426 0 0
