0 2.2029293172845749089e-176 -2.2029293172845749089e-176
0.010000000000000000208 2.348515663743827895e-174 -2.348515663743827895e-174
0.020000000000000000416 2.4354969216884654058e-172 -2.4354969216884654058e-172
0.02999999999999999889 2.456874282387296357e-170 -2.456874282387296357e-170
0.040000000000000000833 2.4109017327441731687e-168 -2.4109017327441731687e-168
0.050000000000000002776 2.3013215766378815031e-166 -2.3013215766378815031e-166
0.05999999999999999778 2.1368613061087432064e-164 -2.1368613061087432064e-164
0.070000000000000006661 1.9300856693113723361e-162 -1.9300856693113723361e-162
0.080000000000000001665 1.695813400332323927e-160 -1.695813400332323927e-160
0.089999999999999996669 1.4493749960086676439e-158 -1.4493749960086676439e-158
0.10000000000000000555 1.2049934668348101345e-156 -1.2049934668348101345e-156
0.11000000000000000056 9.7451795511647811557e-155 -9.7451795511647811557e-155
0.11999999999999999556 7.6664838235254158197e-153 -7.6664838235254158197e-153
0.13000000000000000444 5.8668343690091940987e-151 -5.8668343690091940987e-151
0.14000000000000001332 4.3672962909462562756e-149 -4.3672962909462562756e-149
0.14999999999999999445 3.1624430368312742739e-147 7.8113575000315904617e-05
0.16000000000000000333 2.2275834970966851787e-145 9.0131048636976629496e-05
0.17000000000000001221 1.5263231716816996272e-143 7.0101930759847164154e-05
0.17999999999999999334 1.0173261981558092005e-141 5.6081542425090447068e-05
0.19000000000000000222 6.5959170472861041551e-140 9.2133959697093814611e-05
0.2000000000000000111 4.1599811927339035939e-138 5.0072805606760077853e-05
0.20999999999999999223 2.5521651536329373956e-136 8.0116486060433089733e-05
0.22000000000000000111 1.5230964560447582092e-134 6.6096101363655179739e-05
0.23000000000000000999 8.841933942437452049e-133 7.0101930759847164154e-05
0.23999999999999999112 4.9930779924277807445e-131 7.4107752880081534386e-05
0.25 2.7427780115422609729e-129 5.6081542425090447068e-05
0.26000000000000000888 1.4655957396732081358e-127 6.6096101363655179739e-05
0.27000000000000001776 7.6179646680291899698e-126 7.8113575000315904617e-05
0.28000000000000002665 3.8518107396601105333e-124 7.6110663940198719501e-05
0.28999999999999998002 1.8944892742734076816e-122 5.0072805606760077853e-05
0.2999999999999999889 9.0640144121810678096e-121 5.8084453485207632184e-05
0.30999999999999999778 4.2184241966229189795e-119 6.0087368183303617615e-05
0.32000000000000000666 1.9097703079360212426e-117 6.6096101363655179739e-05
0.33000000000000001554 8.4103341259960364805e-116 7.6110663940198719501e-05
0.34000000000000002442 3.6028533761523574309e-114 7.210484181996434927e-05
0.35000000000000003331 1.5013472471991999431e-112 6.2090279243420809507e-05
0.35999999999999998668 6.0857897062095960758e-111 7.4107752880081534386e-05
0.36999999999999999556 2.399683448426958804e-109 0.00010615435166982929813
0.38000000000000000444 9.2043303242767605676e-108 7.210484181996434927e-05
0.39000000000000001332 3.4342480620076170624e-106 5.2075716666877269745e-05
0.4000000000000000222 1.2464427990467130982e-104 6.4093190303537994623e-05
0.41000000000000003109 4.400624065920077642e-103 6.4093190303537994623e-05
0.41999999999999998446 1.511323416854649472e-101 6.8099012423772364855e-05
0.42999999999999999334 5.048958243180874478e-100 7.0101930759847164154e-05
0.44000000000000000222 1.6407687346812478645e-98 7.0101930759847164154e-05
0.4500000000000000111 5.1867365591301988822e-97 7.4107752880081534386e-05
0.46000000000000001998 1.59493222908694483e-95 5.8084453485207632184e-05
0.47000000000000002887 4.7708032151895192669e-94 7.0101930759847164154e-05
0.47999999999999998224 1.3881679013688137386e-92 7.6110663940198719501e-05
0.48999999999999999112 3.9291057532263118797e-91 6.6096101363655179739e-05
0.5 1.0817992195181870696e-89 6.8099012423772364855e-05
0.51000000000000000888 2.8973491573344908517e-88 6.6096101363655179739e-05
0.52000000000000001776 7.5484230370215752921e-87 5.0072805606760077853e-05
0.53000000000000002665 1.9129906764599291837e-85 6.8099012423772364855e-05
0.54000000000000003553 4.7159663848052447076e-84 7.0101930759847164154e-05
0.55000000000000004441 1.1309145033537684811e-82 6.4093190303537994623e-05
0.56000000000000005329 2.6380928207109692139e-81 5.0072805606760077853e-05
0.57000000000000006217 5.9862051444742632191e-80 6.4093190303537994623e-05
0.57999999999999996003 1.3213392783109028751e-78 5.4078631364973261952e-05
0.58999999999999996891 2.8371240143323326263e-77 5.8084453485207632184e-05
0.5999999999999999778 5.925752657231881007e-76 6.2090279243420809507e-05
0.60999999999999998668 1.2039541430026616725e-74 7.4107752880081534386e-05
0.61999999999999999556 2.3794555518496078761e-73 6.6096101363655179739e-05
0.63000000000000000444 4.5745299268251207186e-72 7.6110663940198719501e-05
0.64000000000000001332 8.5549322608412687055e-71 5.6081542425090447068e-05
0.6500000000000000222 1.5562805955918584437e-69 5.4078631364973261952e-05
0.66000000000000003109 2.7539779288678165135e-68 5.2075716666877269745e-05
0.67000000000000003997 4.7406100590616418517e-67 6.6096101363655179739e-05
0.68000000000000004885 7.9379660564355258503e-66 5.6081542425090447068e-05
0.69000000000000005773 1.2929611232741946491e-64 8.6125226516742259264e-05
0.70000000000000006661 2.0486271376361874286e-63 5.6081542425090447068e-05
0.70999999999999996447 3.1574872209551668562e-62 7.0101930759847164154e-05
0.71999999999999997335 4.7339264612597099168e-61 5.4078631364973261952e-05
0.72999999999999998224 6.9040294966650851144e-60 5.2075716666877269745e-05
0.73999999999999999112 9.7945614361535640602e-59 8.812813757685944438e-05
0.75 1.3516634697098748646e-57 6.2090279243420809507e-05
0.76000000000000000888 1.8144850071763124056e-56 6.2090279243420809507e-05
0.77000000000000001776 2.3694056345790082166e-55 6.6096101363655179739e-05
0.78000000000000002665 3.0097240262825476453e-54 5.4078631364973261952e-05
0.79000000000000003553 3.7189056387423304289e-53 4.406406878842972219e-05
0.80000000000000004441 4.4699726739615543259e-52 6.8099012423772364855e-05
0.81000000000000005329 5.226317658596599203e-51 5.8084453485207632184e-05
0.82000000000000006217 5.9441254008357927057e-50 7.0101930759847164154e-05
0.83000000000000007105 6.5762959384617456332e-49 7.4107752880081534386e-05
0.83999999999999996891 7.077436143188494827e-48 7.0101930759847164154e-05
0.8499999999999999778 7.4092081552097414051e-47 7.4107752880081534386e-05
0.85999999999999998668 7.5451670242032104216e-46 6.8099012423772364855e-05
0.86999999999999999556 7.4742418301925173967e-45 6.0087368183303617615e-05
0.88000000000000000444 7.2022245603391317037e-44 7.8113575000315904617e-05
0.89000000000000001332 6.7509889407341208944e-43 7.210484181996434927e-05
0.9000000000000000222 6.155585391263457918e-42 8.0116486060433089733e-05
0.91000000000000003109 5.459747391676165132e-41 7.6110663940198719501e-05
0.92000000000000003997 4.7106079874610790238e-40 5.8084453485207632184e-05
0.93000000000000004885 3.9535078390398575716e-39 6.4093190303537994623e-05
0.94000000000000005773 3.2276725578823366061e-38 6.6096101363655179739e-05
0.95000000000000006661 2.5632889233928547423e-37 6.6096101363655179739e-05
0.95999999999999996447 1.9801900652705496951e-36 7.210484181996434927e-05
0.96999999999999997335 1.4880496403278933688e-35 9.0131048636976629496e-05
0.97999999999999998224 1.087750237015221795e-34 6.6096101363655179739e-05
0.98999999999999999112 7.7346769490605831091e-34 8.4122315456625074148e-05
1 5.3500322222360238965e-33 8.0116486060433089733e-05
1.0100000000000000089 3.599745864385273753e-32 7.6110663940198719501e-05
1.0200000000000000178 2.3560717426000826196e-31 6.8099012423772364855e-05
1.0300000000000000266 1.5000523140586867012e-30 8.2119404396507889032e-05
1.0400000000000000355 9.2902098773715967866e-30 7.210484181996434927e-05
1.0500000000000000444 5.5968783941600166165e-29 6.8099012423772364855e-05
1.0600000000000000533 3.2799516508157698269e-28 6.2090279243420809507e-05
1.0700000000000000622 1.8697788302047388866e-27 8.812813757685944438e-05
1.0800000000000000711 1.0368460088173590509e-26 5.6081542425090447068e-05
1.0900000000000000799 5.5929315943040717875e-26 7.4107752880081534386e-05
1.1000000000000000888 2.934715328338020772e-25 7.0101930759847164154e-05
1.1100000000000000977 1.4979374498905591585e-24 9.2133959697093814611e-05
1.1200000000000001066 7.4374250537367008283e-24 9.2133959697093814611e-05
1.1300000000000001155 3.5921358401878989486e-23 7.210484181996434927e-05
1.1400000000000001243 1.6876567711640261909e-22 5.8084453485207632184e-05
1.1500000000000001332 7.7128826957822120623e-22 6.8099012423772364855e-05
1.1599999999999999201 3.4288663046537252711e-21 7.4107752880081534386e-05
1.1699999999999999289 1.4828103297210747022e-20 7.2104841819964335717e-05
1.1799999999999999378 6.237662592885399785e-20 7.4107752880081466623e-05
1.1899999999999999467 2.5524625637237558924e-19 5.4078631364973004454e-05
1.1999999999999999556 1.0160102947485504927e-18 7.8113575000314888178e-05
1.2099999999999999645 3.9340335675840524441e-18 7.6110663940194789269e-05
1.2199999999999999734 1.4817646833475919316e-17 6.0087368183288797927e-05
1.2299999999999999822 5.4290225208939812817e-17 7.4107752880027242962e-05
1.2399999999999999911 1.9349300633283418216e-16 7.6110663940005230071e-05
1.25 6.708263711058450955e-16 6.609610136298435675e-05
1.2600000000000000089 2.262331315139777852e-15 7.0101930757584827243e-05
1.2700000000000000178 7.4217020036219644385e-15 5.4078631357551559269e-05
1.2800000000000000266 2.3683835912885399419e-14 6.0087368159619783587e-05
1.2900000000000000355 7.3519373910153347692e-14 6.8099012350252995009e-05
1.3000000000000000444 2.2199990153392506684e-13 6.8099012201772469717e-05
1.3100000000000000533 6.5208616960024070654e-13 4.8069893894556733145e-05
1.3200000000000000622 1.8631954798970782475e-12 6.4093188440342510766e-05
1.3300000000000000711 5.1786085039884417872e-12 9.0131043458368124478e-05
1.3400000000000000799 1.4001319430630209717e-11 7.2104827818644917615e-05
1.3500000000000000888 3.6823585471163631258e-11 9.2133922873508346859e-05
1.3600000000000000977 9.4207267587789382486e-11 0.00010615425746256171443
1.3700000000000001066 2.3444661552197983348e-10 6.4092955856922471632e-05
1.3800000000000001155 5.6755081692957629254e-10 6.2089711692603878558e-05
1.3900000000000001243 1.3364932327801837338e-09 7.2103505326731574007e-05
1.4000000000000001332 3.0614699467273250066e-09 7.0098869289900430442e-05
1.4099999999999999201 6.8217289955698748604e-09 7.6103842211203148608e-05
1.4199999999999999289 1.4786321663533240594e-08 7.6095877618535185988e-05
1.4299999999999999378 3.1176478786593693035e-08 8.0085309581646494889e-05
1.4399999999999999467 6.3943322816372758988e-08 3.9994299707400163756e-05
1.4499999999999999556 1.2757470252121770747e-07 6.3965615601016778636e-05
1.4599999999999999645 2.4759117076144430914e-07 6.7851421253010919593e-05
1.4699999999999999734 4.6741965230221875579e-07 6.7631592771470150599e-05
1.4799999999999999822 8.5838082599248249601e-07 9.5281408267293315789e-05
1.4899999999999999911 1.5333958146662187979e-06 7.6580179185649691325e-05
1.5 2.6645861394907400618e-06 8.7466462497485885199e-05
1.5100000000000000089 4.5040839944423874793e-06 7.3609491005873512056e-05
1.5200000000000000178 7.4060121927405559084e-06 9.4742510080896840817e-05
1.5300000000000000266 1.1845778018307786186e-05 9.230565531544671434e-05
1.5400000000000000355 1.8430791355721198453e-05 9.1729382434342497015e-05
1.5500000000000000444 2.7894950877091666069e-05 8.0262311852854830731e-05
1.5600000000000000533 4.106846253302158181e-05 8.9120829134171626433e-05
1.5700000000000000622 5.8815597555240245985e-05 8.3391175024571267439e-05
1.5800000000000000711 8.1936575394057293621e-05 4.424689415290151051e-05
1.5900000000000000799 0.00011103613298749475378 6.1214320045989737643e-05
1.6000000000000000888 0.00014637000038917555864 4.7912488857513251634e-05
1.6100000000000000977 0.0001876899615610750922 7.669444389354562676e-05
1.6200000000000001066 0.00023411607966729750473 0.00012440521837240711071
1.6300000000000001155 0.00028406823250332291454 0.00023268314114904586941
1.6400000000000001243 0.00033528592940857370169 0.00027560230772504846781
1.6500000000000001332 0.00038495435285426432212 0.00030605038489170616547
1.6600000000000001421 0.00042993660940259903307 0.00022902149317383557921
1.6699999999999999289 0.00046709047221086923141 0.00034609191296182569009
1.6799999999999999378 0.00049362739001692550276 0.00027549092272936088945
1.6899999999999999467 0.00050745769938165209614 0.00033176254412448146023
1.6999999999999999556 0.0005074632030850211202 0.00038583562449236120592
1.7099999999999999645 0.0004936483992247131438 0.00040365627957673400929
1.7199999999999999734 0.00046714311721055793315 0.00038008877053604436368
1.7299999999999999822 0.00043005742254334478839 0.00033104924596247286336
1.7399999999999999911 0.00038521772281054436366 0.00028575787523042381604
1.75 0.00033583427051747557742 0.00017891417752286079305
1.7600000000000000089 0.00028515971986552580281 0.00013545183558972667117
1.7700000000000000178 0.00023619416135126433546 0.00012433003319664218253
1.7800000000000000266 0.00019147575036658492659 0.00013700186721944668375
1.7900000000000000355 0.0001529722724903388037 6.1339341909437086102e-05
1.8000000000000000444 0.00012206412161609253792 4.8183420357274768389e-05
1.8100000000000000533 9.9589759644192802864e-05 2.4590798842648789045e-05
1.8200000000000000622 8.5915871631939795192e-05 2.6247213218241098945e-05
1.8300000000000000711 8.0998334930250118972e-05 -2.8847599299342143548e-06
1.8400000000000000799 8.4415200431376923571e-05 -8.3045364911782040699e-06
1.8500000000000000888 9.5373792048578914641e-05 -2.1266039168497380255e-05
1.8600000000000000977 0.00011271298260875541725 -3.0593578212247528217e-05
1.8700000000000001066 0.0001349310611829397362 -5.88203972427410167e-05
1.8800000000000001155 0.00016026497718465762261 -9.2165964760885257757e-05
1.8900000000000001243 0.00018682925307317451401 -0.00012674188488987088962
1.9000000000000001332 0.00021279921483919448278 -0.00015471476135398685059
1.9100000000000001421 0.00023660313307840644668 -0.00017050703171475126694
1.9199999999999999289 0.00025707989767949839888 -0.00019098379631584321914
1.9299999999999999378 0.00027356635244061368361 -0.00020346442168076651945
1.9399999999999999467 0.00028589819731128995276 -0.00021579626655144278861
1.9499999999999999556 0.0002943323617957135192 -0.00021621878679539761458
1.9599999999999999645 0.00029941793725183707756 -0.00022130436225152117294
1.9699999999999999734 0.00030185111153750162705 -0.00022574044759730290755
1.9799999999999999822 0.00030234613623259952355 -0.00019619178456277023897
1.9899999999999999911 0.00030154275699404754513 -0.00020540296790076174611
2 0.00029995643516875756824 -0.00021783703077224967921
2.0100000000000002309 0.0002979661213693193117 -0.00017779138500271211712
2.0200000000000000178 0.0002958279671904584995 -0.00018366488234027760536
2.0300000000000002487 0.00029370222344947936616 -0.00015750419860193466356
2.0400000000000000355 0.00029168299601857786661 -0.00013946166813818045471
2.0499999999999998224 0.00028982436609776809 -9.7544787911196491944e-05
2.0600000000000000533 0.0002881599588268914363 -0.00014194736412684552554
2.0699999999999998401 0.00028671554073118611346 -0.00012247673193817030829
2.0800000000000000711 0.00028551556246767082099 -0.00012728550140692182664
2.0899999999999998579 0.00028458506382981839768 -8.829966352301240229e-05
2.1000000000000000888 0.00028394842448348185182 -0.00010368632720952853862
2.1099999999999998757 0.00028362635686156735353 -7.1317653521908648843e-05
2.1200000000000001066 0.0002836324061796978652 -0.00010937904208609616156
2.1299999999999998934 0.00028397003489014918057 -0.00010370793761619586737
2.1400000000000001243 0.0002846310796717129994 -0.00012640101861096400505
2.1499999999999999112 0.00028559597091987090189 -0.00010132805152568329977
2.1600000000000001421 0.00028683565565596890346 -0.00012259684686295309829
2.1699999999999999289 0.00028831476849317953836 -0.00011406140439957783471
2.1800000000000001599 0.00028999535347872223544 -0.00015780315075141184886
2.1899999999999999467 0.0002918404052864236411 -0.00013160743316555743453
2.2000000000000001776 0.00029381665410820929528 -0.00015160988152839778185
2.2099999999999999645 0.00029589628893820834818 -0.00012164292484460664454
2.2200000000000001954 0.00029805759994003564817 -0.000133818791147019843
2.2299999999999999822 0.00030028473960711827987 -0.00013204010869386818578
2.2400000000000002132 0.00030256691306817211232 -0.00014633976306754030309
2.25 0.00030489731326427795335 -0.00013865559341114496307
2.2600000000000002309 0.00030727205021079730682 -0.00015905654445063421095
2.2700000000000000178 0.00030968922793163703409 -0.00017749702520432664751
2.2800000000000002487 0.00031214823298332717736 -0.00017194437146363287616
2.2900000000000000355 0.00031464923408616740381 -0.00016042499514565280679
2.3000000000000002665 0.00031719285738847905658 -0.00015695988526761285001
2.3100000000000000533 0.00031977999070883231583 -0.00016555575176831771882
2.3199999999999998401 0.00032241167358156421017 -0.00016818743464104961315
2.3300000000000000711 0.00032508903976074388217 -0.00011878908415335198831
2.3399999999999998579 0.00032781328946990278715 -0.0001535599253763010835
2.3500000000000000888 0.00033058567740187352023 -0.00015833522436838902881
2.3599999999999998757 0.00033340750855665720947 -0.00016516287764340711539
2.3700000000000001066 0.00033628013777872148207 -0.00018205589883820688505
2.3799999999999998934 0.00033920497098026229903 -0.00013290501537287040517
2.3900000000000001243 0.00034218346713723191838 -0.00015991845880316152848
2.3999999999999999112 0.00034521714067287253246 -0.0001990045459728266217
2.4100000000000001421 0.0003483075640797366531 -0.00020209496937969074234
2.4199999999999999289 0.00035145637073027974481 -0.00017720300663667804117
2.4300000000000001599 0.00035466525786547934253 -0.00016238567967890774448
2.4399999999999999467 0.00035793598976599218199 -0.0002237408759785646916
2.4500000000000001776 0.0003612704011162513407 -0.00019302577020300124662
2.4599999999999999645 0.00036467040057455160033 -0.00019442285860118429402
2.4700000000000001954 0.00036813797456381825227 -0.00023394286077639076188
2.4799999999999999822 0.00037167519129914142586 -0.00020142764932577411955
2.4900000000000002132 0.00037528420506957664267 -0.00021705414400882764832
2.5 0.00037896726079321386635 -0.00019870516351926055315
2.5100000000000002309 0.00038272669886617983288 -0.000234511193106016737
2.5200000000000000178 0.0003865649603280419083 -0.00018226791578076719956
2.5300000000000002487 0.00039048459236808500099 -0.00026029530070089182663
2.5400000000000000355 0.00039448825419911430793 -0.00025228148161930279451
2.5500000000000002665 0.00039857872332787661713 -0.00025036321756771349415
2.5600000000000000533 0.00040275890225384788261 -0.00023651718240071489233
2.5699999999999998401 0.00040703182563109628666 -0.00020674060320405597524
2.5800000000000000711 0.00041140066793119556667 -0.00024916477019829697372
2.5899999999999998579 0.00041586875164877177159 -0.0002496270317956388084
2.6000000000000000888 0.00042043955609530082049 -0.00027022113927502051239
2.6099999999999998757 0.00042511672683119864843 -0.00027690122107103557966
2.6200000000000001066 0.00042990408579122009816 -0.00026766818805832150521
2.6299999999999998934 0.00043480564216369176457 -0.00028458722534341145648
2.6400000000000001243 0.00043982560409024356457 -0.00025155184802390633675
2.6499999999999999112 0.00044496839125956122105 -0.00026270338292549083115
2.6600000000000001421 0.00045023864847637247531 -0.00025795907028980087725
2.6699999999999999289 0.00045564126029542774627 -0.00026536459316897333333
2.6800000000000001599 0.00046118136681989901514 -0.00028893091378641455082
2.6899999999999999467 0.00046686438077440017749 -0.00029261101668079847384
2.7000000000000001776 0.00047269600597500655665 -0.00027841351672831771927
2.7099999999999999645 0.00047868225733232821172 -0.00023232406597067738717
2.7200000000000001954 0.00048482948253916069046 -0.00030256447420509030057
2.7299999999999999822 0.00049114438561168548541 -0.00030887937727761509551
2.7400000000000002132 0.00049763405247299258467 -0.00033339524367997680661
2.75 0.00050430597879009728905 -0.00032804970363637840029
2.7600000000000002309 0.00051116810030117990071 -0.00032289434423484267289
2.7700000000000000178 0.00051822882589876672049 -0.00035799585377790054102
2.7800000000000002487 0.00052549707376774569632 -0.00033121458452105691315
2.7900000000000000355 0.00053298231091500249818 -0.00035071730258093210828
2.8000000000000002665 0.00054069459647087929084 -0.00034240628510395608322
2.8100000000000000533 0.00054864462919256191693 -0.00037439126509896021328
2.8199999999999998401 0.00055684379965691306862 -0.00038259043556331136498
2.8300000000000000711 0.00056530424769653340317 -0.00038904797254281451441
2.8399999999999998579 0.00057403892570949031308 -0.00035972731130971445038
2.8500000000000000888 0.00058306166856207381887 -0.00037475880189456473989
2.8599999999999998757 0.00059238727090729832205 -0.00038007856756763964447
2.8700000000000001066 0.00060203157286247300367 -0.00039372870619496392469
2.8799999999999998934 0.00061201155513012413939 -0.000385682474369645166
2.8900000000000001243 0.00062234544481199870897 -0.00039601636405151973558
2.8999999999999999112 0.0006330528333604596835 -0.00042675287775306778963
2.9100000000000001421 0.00064415480834140300889 -0.00041582281652080679618
2.9199999999999999289 0.00065567410095497492741 -0.00038327805125988541378
2.9300000000000001599 0.00066763525158400100108 -0.00041927413461031781726
2.9399999999999999467 0.00068006479602615436172 -0.00043771241223282267904
2.9500000000000001776 0.00069299147552854168004 -0.00042460124795368659086
2.9599999999999999645 0.00070644647429982999377 -0.00042603875126044128295
2.9700000000000001954 0.0007204636888474508314 -0.00046809674975353322314
2.9799999999999999822 0.00073508003430343123261 -0.00052878007869603933875
2.9900000000000002132 0.00075033579389768509122 -0.00050197467692400196161
3 0.00076627501895760942625 -0.00044380614910384459963
3.0100000000000002309 0.00078294598831657653305 -0.00048851790240828280899
3.0200000000000000178 0.0008004017378779171429 -0.00048594451226462116516
3.0300000000000002487 0.00081870067340600641802 -0.00049022305581997486189
3.0400000000000000355 0.00083790728253507632071 -0.00051543841268131143987
3.0500000000000002665 0.00085809296567721730486 -0.00055365030991642242685
3.0600000000000000533 0.00087933701021340585947 -0.00057489435445261098147
3.0700000000000002842 0.00090172773839221971766 -0.00057124722429798620478
3.0800000000000000711 0.00092536386719128396142 -0.00055282217717884387601
3.0899999999999998579 0.00095035612864799803596 -0.00063790182864673441749
3.1000000000000000888 0.00097682921273623858627 -0.00066838073485520933803
3.1099999999999998757 0.001004924113058166266 -0.00065641738487096285871
3.1200000000000001066 0.0010348009803783401409 -0.00064423310537676061784
3.1299999999999998934 0.0010666426233668147884 -0.00061999320957812362534
3.1400000000000001243 0.0011006588447946170917 -0.00068405311145959893371
3.1499999999999999112 0.0011370918736418901811 -0.00064838128393499244555
3.1600000000000001421 0.0011762232662316744053 -0.00072757092683095082875
3.1699999999999999289 0.0012183828385140100213 -0.00064354702956632764063
3.1800000000000001599 0.0012639605362083263917 -0.00071516258559408264588
3.1899999999999999467 0.0013134228260061246805 -0.00069051709340796894356
3.2000000000000001776 0.0013673365821149376619 -0.00068434348860943591472
3.2099999999999999645 0.0014264063344912717747 -0.0006152268749306092667
3.2200000000000001954 0.0014915366288056519824 -0.00057420281029920252139
3.2299999999999999822 0.0015639426498453485627 -0.00048237003709779855201
3.2400000000000002132 0.0016453528124963587038 -0.00036549184472613963776
3.25 0.0017383805985462829399 -0.00031030418322356193538
3.2600000000000002309 0.0018471906970738657169 -0.00013470070748769166248
3.2700000000000000178 0.0019786388409425668955 0.00012842493307691328977
3.2800000000000002487 0.0021440998118853631972 0.00045768321226178970348
3.2900000000000000355 0.0023621608870971378021 0.00098470534245191209538
3.3000000000000002665 0.0026621684815850547336 0.0013797086279723354794
3.3100000000000000533 0.0030881901522962136065 0.0022936352277310805524
3.3200000000000002842 0.0037022630061192308981 0.0034601510193960870188
3.3300000000000000711 0.0045849548359062682751 0.0049268754492852676746
3.3399999999999998579 0.0058305963947396163838 0.0066936135218520244339
3.3500000000000000888 0.0075345931181248571376 0.0089994466325703723064
3.3599999999999998757 0.009771572368887732063 0.012022115347238706423
3.3700000000000001066 0.012566037031038776103 0.0156049229929604346
3.3799999999999998934 0.015861228389862990634 0.019189737455721878751
3.3900000000000001243 0.019495678460389003622 0.023310563200921199239
3.3999999999999999112 0.02319844469491427752 0.026173341720662650356
3.4100000000000001421 0.026611483850374227644 0.029095512620315538976
3.4199999999999999289 0.029340620385537311693 0.031479813856949631634
3.4300000000000001599 0.03102682673174966127 0.033204568989685885605
3.4399999999999999467 0.031420685315414934036 0.033033028280452222947
3.4500000000000001776 0.030439023481371535462 0.032470445527074204284
3.4599999999999999645 0.028186271614295665272 0.030294758551853474132
3.4700000000000001954 0.024933417472497776401 0.02738465261135880624
3.4799999999999999822 0.021060696573249600844 0.023870633213527902433
3.4900000000000002132 0.016981102150276070756 0.020551469552919501144
3.5 0.013066224612876913697 0.016687035701587655395
3.5100000000000002309 0.0095926571169550490376 0.012677724333698030604
3.5200000000000000178 0.0067183718544948992091 0.010050009145070221833
3.5300000000000002487 0.0044881878958508581584 0.0072068171037867421319
3.5400000000000000355 0.002859670463508190083 0.0054323861566128121142
3.5500000000000002665 0.0017376533263956811266 0.0033016739858651852554
3.5600000000000000533 0.001006892323480340504 0.0022558517288552796393
3.5700000000000002842 0.00055635401973219830371 0.0014465583209535269084
3.5800000000000000711 0.00029312123069803269976 0.0008926028153832723383
3.5899999999999998579 0.00014724952415829200528 0.00058381343479002221174
3.6000000000000000888 7.0527165382858230313e-05 0.00030001159901754952293
3.6099999999999998757 3.2206409022295914759e-05 0.00011000036355751559866
3.6200000000000001066 1.4021701243890696966e-05 0.00011015885724295089833
3.6299999999999998934 5.8199904844767516143e-06 7.0290673455721967887e-05
3.6400000000000001243 2.3030259736874547986e-06 2.7740658117964352738e-05
3.6499999999999999112 8.6880686652081236479e-07 9.1457538910333268165e-06
3.6600000000000001421 3.1245624505597603087e-07 3.6933681489151485272e-06
3.6699999999999999289 1.0712508221979626951e-07 3.8986993117513285797e-06
3.6800000000000001599 3.5012585591294417887e-08 1.9678996113942673715e-06
3.6899999999999999467 1.0908972657032827536e-08 3.9949154213140920995e-06
3.7000000000000001776 3.2401583749553318392e-09 -3.2401583749553318392e-09
3.7099999999999999645 9.1741915192225158672e-10 -9.1741915192225158672e-10
3.7200000000000001954 2.4761979340961311559e-10 -2.4761979340961311559e-10
3.7299999999999999822 6.3711234709829488215e-11 -6.3711234709829488215e-11
3.7400000000000002132 1.5626336933023645154e-11 -1.5626336933023645154e-11
3.75 3.6534777727778150561e-12 -3.6534777727778150561e-12
3.7600000000000002309 8.1425739582262917707e-13 -8.1425739582262917707e-13
3.7700000000000000178 1.729899734877467418e-13 2.0029120239955885628e-06
3.7800000000000002487 3.5033402315184650689e-14 -3.5033402315184650689e-14
3.7900000000000000355 6.7630749313486274973e-15 -6.7630749313486274973e-15
3.8000000000000002665 1.2445290751972364262e-15 -1.2445290751972364262e-15
3.8100000000000000533 2.1830488115619430751e-16 -2.1830488115619430751e-16
3.8200000000000002842 3.6502120095370370226e-17 2.0029121969490598706e-06
3.8300000000000000711 5.817920290390733181e-18 -5.817920290390733181e-18
3.8399999999999998579 8.8391673259376898864e-19 -8.8391673259376898864e-19
3.8500000000000000888 1.2801115364252604204e-19 -1.2801115364252604204e-19
3.8599999999999998757 1.7671611876311644594e-20 -1.7671611876311644594e-20
3.8700000000000001066 2.3253884383191468248e-21 -2.3253884383191468248e-21
3.8799999999999998934 2.916788903213848552e-22 -2.916788903213848552e-22
3.8900000000000001243 3.4874167131449015808e-23 -3.4874167131449015808e-23
3.8999999999999999112 3.9745805681871474898e-24 -3.9745805681871474898e-24
3.9100000000000001421 4.3178413993133160586e-25 -4.3178413993133160586e-25
3.9199999999999999289 4.4712539409614863753e-26 -4.4712539409614863753e-26
3.9300000000000001599 4.4134543810514652996e-27 -4.4134543810514652996e-27
3.9399999999999999467 4.1525419376050540691e-28 -4.1525419376050540691e-28
3.9500000000000001776 3.724216742926738179e-29 -3.724216742926738179e-29
3.9599999999999999645 3.1837641801408001282e-30 -3.1837641801408001282e-30
3.9700000000000001954 2.5943667824651765209e-31 2.0029121969855619085e-06
3.9799999999999999822 2.0151433187161995599e-32 -2.0151433187161995599e-32
3.9900000000000002132 1.4919839478839495188e-33 -1.4919839478839495188e-33
4 1.0529447892914522247e-34 2.0029121969855619085e-06
4.0099999999999997868 7.0832064031397715429e-36 -7.0832064031397715429e-36
4.0200000000000004619 4.5418906489937523806e-37 -4.5418906489937523806e-37
4.0300000000000002487 2.7760391015624511844e-38 -2.7760391015624511844e-38
4.0400000000000000355 1.6173211996420009763e-39 -1.6173211996420009763e-39
4.0499999999999998224 8.9814913801203461382e-41 -8.9814913801203461382e-41
4.0600000000000004974 4.7542477705347370542e-42 2.0029121969855619085e-06
4.0700000000000002842 2.3988111218629390086e-43 -2.3988111218629390086e-43
4.0800000000000000711 1.1536947323491555119e-44 2.0029121969855619085e-06
4.0899999999999998579 5.2889092775995896945e-46 -5.2889092775995896945e-46
4.0999999999999996447 2.3111143120646748345e-47 -2.3111143120646748345e-47
4.1100000000000003197 9.6262380958965959645e-49 -9.6262380958965959645e-49
4.1200000000000001066 3.8218303581713486577e-50 -3.8218303581713486577e-50
4.1299999999999998934 1.446324116797253382e-51 -1.446324116797253382e-51
4.1399999999999996803 5.2172188669900236424e-53 -5.2172188669900236424e-53
4.1500000000000003553 1.7938721601410643368e-54 -1.7938721601410643368e-54
4.1600000000000001421 5.8792609533585674308e-56 2.0029121969855619085e-06
4.1699999999999999289 1.8366762610165669551e-57 4.0058243939711246639e-06
4.1799999999999997158 5.4691639238090510989e-59 -5.4691639238090510989e-59
4.1900000000000003908 1.5523425073993416437e-60 -1.5523425073993416437e-60
4.2000000000000001776 4.1998354761329197835e-62 -4.1998354761329197835e-62
4.2099999999999999645 1.0830661112771561715e-63 -1.0830661112771561715e-63
4.2199999999999997513 2.6622906509637215267e-65 -2.6622906509637215267e-65
4.2300000000000004263 6.23783140088232355e-67 -6.23783140088232355e-67
4.2400000000000002132 1.3931225525187997608e-68 -1.3931225525187997608e-68
4.25 2.9656671329360286392e-70 -2.9656671329360286392e-70
4.2599999999999997868 6.0177306673130226645e-72 -6.0177306673130226645e-72
4.2700000000000004619 1.1639122104102884239e-73 -1.1639122104102884239e-73
4.2800000000000002487 2.1457776499776512695e-75 -2.1457776499776512695e-75
4.2900000000000000355 3.7707358437529838146e-77 -3.7707358437529838146e-77
4.2999999999999998224 6.3160315019159038806e-79 -6.3160315019159038806e-79
4.3100000000000004974 1.0084146431066862669e-80 -1.0084146431066862669e-80
4.3200000000000002842 1.5346543416075674326e-82 -1.5346543416075674326e-82
4.3300000000000000711 2.2261707541599633064e-84 -2.2261707541599633064e-84
4.3399999999999998579 3.0781001593861388474e-86 -3.0781001593861388474e-86
4.3500000000000005329 4.0567972281063532781e-88 2.0029121969855619085e-06
4.3600000000000003197 5.0963593336395652503e-90 -5.0963593336395652503e-90
4.3700000000000001066 6.1025715651300732291e-92 -6.1025715651300732291e-92
4.3799999999999998934 6.9653305840821894243e-94 -6.9653305840821894243e-94
4.3899999999999996803 7.5778589183293565242e-96 -7.5778589183293565242e-96
4.4000000000000003553 7.8582736207318950398e-98 -7.8582736207318950398e-98
4.4100000000000001421 7.7675409019052555296e-100 2.0029121969855619085e-06
4.4199999999999999289 7.3183916320933374368e-102 -7.3183916320933374368e-102
4.4299999999999997158 6.5723905998825068014e-104 2.0029121969855619085e-06
4.4400000000000003908 5.6260894921910252858e-106 -5.6260894921910252858e-106
4.4500000000000001776 4.5905570382237464833e-108 -4.5905570382237464833e-108
4.4599999999999999645 3.5702576170458645335e-110 -3.5702576170458645335e-110
4.4699999999999997513 2.6467265280609870821e-112 -2.6467265280609870821e-112
4.4800000000000004263 1.8702250620996047219e-114 -1.8702250620996047219e-114
4.4900000000000002132 1.2596616264630416244e-116 -1.2596616264630416244e-116
4.5 8.0870306964352003926e-119 -8.0870306964352003926e-119
4.5099999999999997868 4.9487941672682335913e-121 -4.9487941672682335913e-121
4.5200000000000004619 2.8865875933443710516e-123 -2.8865875933443710516e-123
4.5300000000000002487 1.604889317814562359e-125 -1.604889317814562359e-125
4.5400000000000000355 8.5051186102694096205e-128 -8.5051186102694096205e-128
4.5499999999999998224 4.2962599727419622649e-130 -4.2962599727419622649e-130
4.5600000000000004974 2.0685954827289302159e-132 -2.0685954827289302159e-132
4.5700000000000002842 9.4936973231199683489e-135 -9.4936973231199683489e-135
4.5800000000000000711 4.1530765285593852506e-137 -4.1530765285593852506e-137
4.5899999999999998579 1.7317260204939545324e-139 -1.7317260204939545324e-139
4.6000000000000005329 6.8827672271754348742e-142 -6.8827672271754348742e-142
4.6100000000000003197 2.6074836155593241607e-144 -2.6074836155593241607e-144
4.6200000000000001066 9.4157443345041569241e-147 -9.4157443345041569241e-147
4.6299999999999998934 3.2408747588377511876e-149 -3.2408747588377511876e-149
4.6399999999999996803 1.0632718581242582398e-151 -1.0632718581242582398e-151
4.6500000000000003553 3.3250702929170207751e-154 -3.3250702929170207751e-154
4.6600000000000001421 9.911325600552691781e-157 -9.911325600552691781e-157
4.6699999999999999289 2.8160283290988234781e-159 -2.8160283290988234781e-159
4.6799999999999997158 7.6263480475102298146e-162 -7.6263480475102298146e-162
4.6900000000000003908 1.9686590760659567228e-164 -1.9686590760659567228e-164
4.7000000000000001776 4.8439389368418180267e-167 -4.8439389368418180267e-167
4.7099999999999999645 1.1360593647619086705e-169 -1.1360593647619086705e-169
4.7199999999999997513 2.5396716935190602892e-172 -2.5396716935190602892e-172
4.7300000000000004263 5.411632348379642226e-175 -5.411632348379642226e-175
4.7400000000000002132 1.0991402475266812209e-177 -1.0991402475266812209e-177
4.75 2.1279039812263452425e-180 -2.1279039812263452425e-180
4.7599999999999997868 3.9266754052277882904e-183 -3.9266754052277882904e-183
4.7700000000000004619 6.9067224834027316751e-186 -6.9067224834027316751e-186
4.7800000000000002487 1.1579585384269953707e-188 -1.1579585384269953707e-188
4.7900000000000000355 1.8504952874104640072e-191 -1.8504952874104640072e-191
4.7999999999999998224 2.8187522120190761519e-194 -2.8187522120190761519e-194
4.8100000000000004974 4.0926040696463484495e-197 -4.0926040696463484495e-197
4.8200000000000002842 5.663911408627819976e-200 -5.663911408627819976e-200
4.8300000000000000711 7.4714868038197997877e-203 -7.4714868038197997877e-203
4.8399999999999998579 9.3944520034070044394e-206 -9.3944520034070044394e-206
4.8500000000000005329 1.1259255674883133246e-208 -1.1259255674883133246e-208
4.8600000000000003197 1.2862390686602380961e-211 -1.2862390686602380961e-211
4.8700000000000001066 1.4005785628709267188e-214 -1.4005785628709267188e-214
4.8799999999999998934 1.4536738946721903297e-217 2.0029121969855619085e-06
4.8899999999999996803 1.438136879543223079e-220 -1.438136879543223079e-220
4.9000000000000003553 1.3561481891532419556e-223 2.0029121969855619085e-06
4.9100000000000001421 1.2189551988386363856e-226 -1.2189551988386363856e-226
4.9199999999999999289 1.0443401824949232689e-229 -1.0443401824949232689e-229
4.9299999999999997158 8.5284451462174360517e-233 -8.5284451462174360517e-233
4.9400000000000003908 6.6385210886727155934e-236 -6.6385210886727155934e-236
4.9500000000000001776 4.9254555508943882697e-239 -4.9254555508943882697e-239
4.9599999999999999645 3.4833333300867225666e-242 -3.4833333300867225666e-242
4.9699999999999997513 2.3481033759635842461e-245 2.0029121969855619085e-06
4.9800000000000004263 1.5087348347717499059e-248 -1.5087348347717499059e-248
4.9900000000000002132 9.2402161581743530988e-252 -9.2402161581743530988e-252
5 5.3941725384924602858e-255 -5.3941725384924602858e-255
5.0099999999999997868 3.0015183867757893067e-258 -3.0015183867757893067e-258
5.0200000000000004619 1.5919544460491260192e-261 -1.5919544460491260192e-261
5.0300000000000002487 8.0481062354358460238e-265 -8.0481062354358460238e-265
5.0400000000000000355 3.8781998365766457068e-268 -3.8781998365766457068e-268
5.0499999999999998224 1.7813123098211404606e-271 2.0029121969855619085e-06
5.0600000000000004974 7.7987202172869670177e-275 -7.7987202172869670177e-275
5.0700000000000002842 3.254467811070998534e-278 -3.254467811070998534e-278
5.0800000000000000711 1.2945236054587256501e-281 -1.2945236054587256501e-281
5.0899999999999998579 4.9080989028959450686e-285 -4.9080989028959450686e-285
5.1000000000000005329 1.7737399975455084143e-288 -1.7737399975455084143e-288
5.1100000000000003197 6.109981854599503327e-292 -6.109981854599503327e-292
5.1200000000000001066 2.0061489461286037197e-295 -2.0061489461286037197e-295
5.1299999999999998934 6.2785550340583735237e-299 2.0029121969855619085e-06
5.1399999999999996803 1.8729643035281556688e-302 -1.8729643035281556688e-302
5.1500000000000003553 5.3256490610024970717e-306 -5.3256490610024970717e-306
5.1600000000000001421 1.4434070591384656381e-309 -1.4434070591384656381e-309
5.1699999999999999289 3.728879311161006657e-313 -3.728879311161006657e-313
5.1799999999999997158 9.1820791005634190932e-317 -9.1820791005634190932e-317
5.1900000000000003908 2.1551143471595174257e-320 -2.1551143471595174257e-320
5.2000000000000001776 4.9406564584124654418e-324 -4.9406564584124654418e-324
5.2099999999999999645 0 2.0029121969855619085e-06
5.2199999999999997513 0 2.0029121969855619085e-06
5.2300000000000004263 0 0
5.2400000000000002132 0 2.0029121969855619085e-06
5.25 0 0
5.2599999999999997868 0 0
5.2700000000000004619 0 2.0029121969855619085e-06
5.2800000000000002487 0 0
5.2900000000000000355 0 0
5.2999999999999998224 0 0
5.3100000000000004974 0 0
5.3200000000000002842 0 2.0029121969855619085e-06
5.3300000000000000711 0 0
5.3399999999999998579 0 0
5.3500000000000005329 0 0
5.3600000000000003197 0 0
5.3700000000000001066 0 0
5.3799999999999998934 0 0
5.3899999999999996803 0 0
5.4000000000000003553 0 0
5.4100000000000001421 0 0
5.4199999999999999289 0 0
5.4299999999999997158 0 0
5.4400000000000003908 0 0
5.4500000000000001776 0 0
5.4599999999999999645 0 0
5.4699999999999997513 0 0
5.4800000000000004263 0 0
5.4900000000000002132 0 0
5.5 0 0
5.5099999999999997868 0 0
5.5200000000000004619 0 0
5.5300000000000002487 0 0
5.5400000000000000355 0 0
5.5499999999999998224 0 0
5.5600000000000004974 0 0
5.5700000000000002842 0 2.0029121969855619085e-06
5.5800000000000000711 0 0
5.5899999999999998579 0 2.0029121969855619085e-06
5.6000000000000005329 0 0
5.6100000000000003197 0 0
5.6200000000000001066 0 0
5.6299999999999998934 0 0
5.6399999999999996803 0 0
5.6500000000000003553 0 0
5.6600000000000001421 0 0
5.6699999999999999289 0 0
5.6799999999999997158 0 0
5.6900000000000003908 0 0
5.7000000000000001776 0 0
5.7099999999999999645 0 0
5.7199999999999997513 0 0
5.7300000000000004263 0 0
5.7400000000000002132 0 0
5.75 0 4.0058243939711246639e-06
5.7599999999999997868 0 2.0029121969855619085e-06
5.7700000000000004619 0 0
5.7800000000000002487 0 0
5.7900000000000000355 0 2.0029121969855619085e-06
5.7999999999999998224 0 0
5.8100000000000004974 0 0
5.8200000000000002842 0 0
5.8300000000000000711 0 0
5.8399999999999998579 0 0
5.8500000000000005329 0 0
5.8600000000000003197 0 2.0029121969855619085e-06
5.8700000000000001066 0 0
5.8799999999999998934 0 0
5.8899999999999996803 0 0
5.9000000000000003553 0 0
5.9100000000000001421 0 0
5.9199999999999999289 0 0
5.9299999999999997158 0 0
5.9400000000000003908 0 0
5.9500000000000001776 0 0
5.9599999999999999645 0 0
5.9699999999999997513 0 0
5.9800000000000004263 0 0
5.9900000000000002132 0 0
6 0 0
6.0099999999999997868 0 0
6.0200000000000004619 0 0
6.0300000000000002487 0 0
6.0400000000000000355 0 0
6.0499999999999998224 0 0
6.0600000000000004974 0 0
6.0700000000000002842 0 0
6.0800000000000000711 0 0
6.0899999999999998579 0 0
6.1000000000000005329 0 2.0029121969855619085e-06
6.1100000000000003197 0 0
6.1200000000000001066 0 0
6.1299999999999998934 0 0
6.1400000000000005684 0 0
6.1500000000000003553 0 0
6.1600000000000001421 0 2.0029121969855619085e-06
6.1699999999999999289 0 0
6.1799999999999997158 0 2.0029121969855619085e-06
6.1900000000000003908 0 2.0029121969855619085e-06
6.2000000000000001776 0 0
6.2099999999999999645 0 2.0029121969855619085e-06
6.2199999999999997513 0 0
6.2300000000000004263 0 0
6.2400000000000002132 0 0
6.25 0 0
6.2599999999999997868 0 0
6.2700000000000004619 0 0
6.2800000000000002487 0 0
6.2900000000000000355 0 0
6.2999999999999998224 0 0
6.3100000000000004974 0 0
6.3200000000000002842 0 0
6.3300000000000000711 0 0
6.3399999999999998579 0 2.0029121969855619085e-06
6.3500000000000005329 0 0
6.3600000000000003197 0 0
6.3700000000000001066 0 0
6.3799999999999998934 0 0
6.3900000000000005684 0 2.0029121969855619085e-06
6.4000000000000003553 0 0
6.4100000000000001421 0 0
6.4199999999999999289 0 0
6.4299999999999997158 0 0
6.4400000000000003908 0 0
6.4500000000000001776 0 2.0029121969855619085e-06
6.4599999999999999645 0 0
6.4699999999999997513 0 0
6.4800000000000004263 0 0
6.4900000000000002132 0 0
6.5 0 0
6.5099999999999997868 0 0
6.5200000000000004619 0 0
6.5300000000000002487 0 0
6.5400000000000000355 0 0
6.5499999999999998224 0 0
6.5600000000000004974 0 0
6.5700000000000002842 0 0
6.5800000000000000711 0 2.0029121969855619085e-06
6.5899999999999998579 0 0
6.6000000000000005329 0 0
6.6100000000000003197 0 2.0029121969855619085e-06
6.6200000000000001066 0 0
6.6299999999999998934 0 0
6.6400000000000005684 0 0
6.6500000000000003553 0 2.0029121969855619085e-06
6.6600000000000001421 0 2.0029121969855619085e-06
6.6699999999999999289 0 0
6.6799999999999997158 0 4.0058243939711246639e-06
6.6900000000000003908 0 4.0058243939711246639e-06
6.7000000000000001776 0 4.0058243939711246639e-06
6.7099999999999999645 0 0
6.7199999999999997513 0 2.0029121969855619085e-06
6.7300000000000004263 0 2.0029121969855619085e-06
6.7400000000000002132 0 6.0087368183303615921e-06
6.75 0 6.0087368183303615921e-06
6.7599999999999997868 0 4.0058243939711246639e-06
6.7700000000000004619 0 8.0116487879422493279e-06
6.7800000000000002487 0 1.0014560757554139605e-05
6.7900000000000000355 0 1.0014560757554139605e-05
6.7999999999999998224 0 1.0014560757554139605e-05
6.8100000000000004974 0 2.0029121515108269045e-05
6.8200000000000002842 0 1.8026210454991090706e-05
6.8300000000000000711 0 1.8026210454991090706e-05
6.8399999999999998579 0 1.4020385606272610073e-05
6.8500000000000005329 0 2.8040771212545220146e-05
6.8600000000000003197 0 4.005824303021653809e-05
6.8700000000000001066 0 2.6037858333438631484e-05
6.8799999999999998934 0 3.0043684091651808808e-05
6.8900000000000005684 0 2.0029121515108269045e-05
6.9000000000000003553 0 3.2046595151768997312e-05
6.9100000000000001421 0 2.0029121515108269045e-05
6.9199999999999999289 0 1.2017473636660719796e-05
6.9299999999999997158 0 2.2032034394214861095e-05
6.9400000000000003908 0 1.8026210454991090706e-05
6.9500000000000001776 0 1.4020385606272610073e-05
6.9599999999999999645 0 8.0116487879422493279e-06
6.9699999999999997513 0 1.2017473636660719796e-05
6.9800000000000004263 0 8.0116487879422493279e-06
6.9900000000000002132 0 8.0116487879422493279e-06
7 0 4.0058243939711246639e-06
7.0099999999999997868 0 2.0029121969855619085e-06
7.0200000000000004619 0 2.0029121969855619085e-06
7.0300000000000002487 0 6.0087368183303615921e-06
7.0400000000000000355 0 0
7.0499999999999998224 0 0
7.0600000000000004974 0 0
7.0700000000000002842 0 2.0029121969855619085e-06
7.0800000000000000711 0 2.0029121969855619085e-06
7.0899999999999998579 0 0
7.1000000000000005329 0 0
7.1100000000000003197 0 0
7.1200000000000001066 0 0
7.1299999999999998934 0 0
7.1400000000000005684 0 0
7.1500000000000003553 0 0
7.1600000000000001421 0 0
7.1699999999999999289 0 0
7.1799999999999997158 0 0
7.1900000000000003908 0 0
7.2000000000000001776 0 0
7.2099999999999999645 0 0
7.2199999999999997513 0 0
7.2300000000000004263 0 0
7.2400000000000002132 0 0
7.25 0 0
7.2599999999999997868 0 0
7.2700000000000004619 0 0
7.2800000000000002487 0 0
7.2900000000000000355 0 0
7.2999999999999998224 0 0
7.3100000000000004974 0 0
7.3200000000000002842 0 0
7.3300000000000000711 0 0
7.3399999999999998579 0 0
7.3500000000000005329 0 0
7.3600000000000003197 0 0
7.3700000000000001066 0 0
7.3799999999999998934 0 0
7.3900000000000005684 0 0
7.4000000000000003553 0 0
7.4100000000000001421 0 0
7.4199999999999999289 0 0
7.4299999999999997158 0 0
7.4400000000000003908 0 0
7.4500000000000001776 0 0
7.4599999999999999645 0 0
7.4699999999999997513 0 0
7.4800000000000004263 0 0
7.4900000000000002132 0 0
7.5 0 0
7.5099999999999997868 0 0
7.5200000000000004619 0 0
7.5300000000000002487 0 0
7.5400000000000000355 0 0
7.5499999999999998224 0 0
7.5600000000000004974 0 0
7.5700000000000002842 0 0
7.5800000000000000711 0 0
7.5899999999999998579 0 0
7.6000000000000005329 0 0
7.6100000000000003197 0 0
7.6200000000000001066 0 0
7.6299999999999998934 0 0
7.6400000000000005684 0 0
7.6500000000000003553 0 0
7.6600000000000001421 0 0
7.6699999999999999289 0 0
7.6799999999999997158 0 0
7.6900000000000003908 0 0
7.7000000000000001776 0 0
7.7099999999999999645 0 0
7.7199999999999997513 0 0
7.7300000000000004263 0 0
7.7400000000000002132 0 0
7.75 0 0
7.7599999999999997868 0 0
7.7700000000000004619 0 0
7.7800000000000002487 0 0
7.7900000000000000355 0 0
7.7999999999999998224 0 0
7.8100000000000004974 0 0
7.8200000000000002842 0 0
7.8300000000000000711 0 0
7.8399999999999998579 0 0
7.8500000000000005329 0 0
7.8600000000000003197 0 0
7.8700000000000001066 0 0
7.8799999999999998934 0 0
7.8900000000000005684 0 0
7.9000000000000003553 0 0
7.9100000000000001421 0 0
7.9199999999999999289 0 0
7.930000000000000604 0 0
7.9400000000000003908 0 0
7.9500000000000001776 0 0
7.9599999999999999645 0 0
7.9699999999999997513 0 0
7.9800000000000004263 0 0
7.9900000000000002132 0 0
8 0 0
8.0099999999999997868 0 0
8.0199999999999995737 0 0
8.0299999999999993605 0 0
8.0400000000000009237 0 0
8.0500000000000007105 0 0
8.0600000000000004974 0 0
8.0700000000000002842 0 0
8.0800000000000000711 0 0
8.0899999999999998579 0 0
8.0999999999999996447 0 0
8.1099999999999994316 0 0
8.1200000000000009948 0 0
8.1300000000000007816 0 0
8.1400000000000005684 0 0
8.1500000000000003553 0 0
8.1600000000000001421 0 0
8.1699999999999999289 0 0
8.1799999999999997158 0 0
8.1899999999999995026 0 0
8.1999999999999992895 0 0
8.2100000000000008527 0 0
8.2200000000000006395 0 0
8.2300000000000004263 0 0
8.2400000000000002132 0 0
8.25 0 0
8.2599999999999997868 0 0
8.2699999999999995737 0 0
8.2799999999999993605 0 0
8.2900000000000009237 0 0
8.3000000000000007105 0 0
8.3100000000000004974 0 0
8.3200000000000002842 0 0
8.3300000000000000711 0 0
8.3399999999999998579 0 0
8.3499999999999996447 0 0
8.3599999999999994316 0 0
8.3700000000000009948 0 0
8.3800000000000007816 0 0
8.3900000000000005684 0 0
8.4000000000000003553 0 0
8.4100000000000001421 0 0
8.4199999999999999289 0 0
8.4299999999999997158 0 0
8.4399999999999995026 0 0
8.4499999999999992895 0 0
8.4600000000000008527 0 0
8.4700000000000006395 0 0
8.4800000000000004263 0 0
8.4900000000000002132 0 0
8.5 0 0
8.5099999999999997868 0 0
8.5199999999999995737 0 0
8.5299999999999993605 0 0
8.5400000000000009237 0 0
8.5500000000000007105 0 0
8.5600000000000004974 0 0
8.5700000000000002842 0 0
8.5800000000000000711 0 0
8.5899999999999998579 0 0
8.5999999999999996447 0 0
8.6099999999999994316 0 0
8.6200000000000009948 0 0
8.6300000000000007816 0 0
8.6400000000000005684 0 0
8.6500000000000003553 0 0
8.6600000000000001421 0 0
8.6699999999999999289 0 0
8.6799999999999997158 0 0
8.6899999999999995026 0 0
8.7000000000000010658 0 0
8.7100000000000008527 0 0
8.7200000000000006395 0 0
8.7300000000000004263 0 0
8.7400000000000002132 0 0
8.75 0 0
8.7599999999999997868 0 0
8.7699999999999995737 0 0
8.7799999999999993605 0 0
8.7900000000000009237 0 0
8.8000000000000007105 0 0
8.8100000000000004974 0 0
8.8200000000000002842 0 0
8.8300000000000000711 0 0
8.8399999999999998579 0 0
8.8499999999999996447 0 0
8.8599999999999994316 0 0
8.8700000000000009948 0 0
8.8800000000000007816 0 0
8.8900000000000005684 0 0
8.9000000000000003553 0 0
8.9100000000000001421 0 0
8.9199999999999999289 0 0
8.9299999999999997158 0 0
8.9399999999999995026 0 0
8.9500000000000010658 0 0
8.9600000000000008527 0 0
8.9700000000000006395 0 0
8.9800000000000004263 0 0
8.9900000000000002132 0 0
9 0 0
9.0099999999999997868 0 0
9.0199999999999995737 0 0
9.0299999999999993605 0 0
9.0400000000000009237 0 0
9.0500000000000007105 0 0
9.0600000000000004974 0 0
9.0700000000000002842 0 0
9.0800000000000000711 0 0
9.0899999999999998579 0 0
9.0999999999999996447 0 0
9.1099999999999994316 0 0
9.1200000000000009948 0 0
9.1300000000000007816 0 0
9.1400000000000005684 0 0
9.1500000000000003553 0 0
9.1600000000000001421 0 0
9.1699999999999999289 0 0
9.1799999999999997158 0 0
9.1899999999999995026 0 0
9.2000000000000010658 0 0
9.2100000000000008527 0 0
9.2200000000000006395 0 0
9.2300000000000004263 0 0
9.2400000000000002132 0 0
9.25 0 0
9.2599999999999997868 0 0
9.2699999999999995737 0 0
9.2799999999999993605 0 0
9.2900000000000009237 0 0
9.3000000000000007105 0 0
9.3100000000000004974 0 0
9.3200000000000002842 0 0
9.3300000000000000711 0 0
9.3399999999999998579 0 0
9.3499999999999996447 0 0
9.3599999999999994316 0 0
9.3700000000000009948 0 0
9.3800000000000007816 0 0
9.3900000000000005684 0 0
9.4000000000000003553 0 0
9.4100000000000001421 0 0
9.4199999999999999289 0 0
9.4299999999999997158 0 0
9.4399999999999995026 0 0
9.4500000000000010658 0 0
9.4600000000000008527 0 0
9.4700000000000006395 0 0
9.4800000000000004263 0 0
9.4900000000000002132 0 0
9.5 0 0
9.5099999999999997868 0 0
9.5199999999999995737 0 0
9.5299999999999993605 0 0
9.5400000000000009237 0 0
9.5500000000000007105 0 0
9.5600000000000004974 0 0
9.5700000000000002842 0 0
9.5800000000000000711 0 0
9.5899999999999998579 0 0
9.5999999999999996447 0 0
9.6099999999999994316 0 0
9.6200000000000009948 0 0
9.6300000000000007816 0 0
9.6400000000000005684 0 0
9.6500000000000003553 0 0
9.6600000000000001421 0 0
9.6699999999999999289 0 0
9.6799999999999997158 0 0
9.6899999999999995026 0 0
9.7000000000000010658 0 0
9.7100000000000008527 0 0
9.7200000000000006395 0 0
9.7300000000000004263 0 0
9.7400000000000002132 0 0
9.75 0 0
9.7599999999999997868 0 0
9.7699999999999995737 0 0
9.7799999999999993605 0 0
9.7900000000000009237 0 0
9.8000000000000007105 0 0
9.8100000000000004974 0 0
9.8200000000000002842 0 0
9.8300000000000000711 0 0
9.8399999999999998579 0 0
9.8499999999999996447 0 0
9.8599999999999994316 0 0
9.8700000000000009948 0 0
9.8800000000000007816 0 0
9.8900000000000005684 0 0
9.9000000000000003553 0 0
9.9100000000000001421 0 0
9.9199999999999999289 0 0
9.9299999999999997158 0 0
9.9399999999999995026 0 0
9.9500000000000010658 0 0
9.9600000000000008527 0 0
9.9700000000000006395 0 0
9.9800000000000004263 0 0
9.9900000000000002132 0 0
10 0 0
10.009999999999999787 0 0
10.019999999999999574 0 0
10.029999999999999361 0 0
10.040000000000000924 0 0
10.050000000000000711 0 0
10.060000000000000497 0 0
10.070000000000000284 0 0
10.080000000000000071 0 0
10.089999999999999858 0 0
10.099999999999999645 0 0
10.109999999999999432 0 0
10.120000000000000995 0 0
10.130000000000000782 0 0
10.140000000000000568 0 0
10.150000000000000355 0 0
10.160000000000000142 0 0
10.169999999999999929 0 0
10.179999999999999716 0 0
10.189999999999999503 0 0
10.200000000000001066 0 0
10.210000000000000853 0 0
10.220000000000000639 0 0
10.230000000000000426 0 0
