0 3.5013443948380794275e-07 -3.5013443948380794275e-07
0.010000000000000000208 5.1456258786871162794e-07 -5.1456258786871162794e-07
0.020000000000000000416 7.4868418329291620689e-07 -7.4868418329291620689e-07
0.02999999999999999889 1.0784909205446667688e-06 -1.0784909205446667688e-06
0.040000000000000000833 1.5381397321039274105e-06 -1.5381397321039274105e-06
0.050000000000000002776 2.1720992989234608584e-06 -2.1720992989234608584e-06
0.05999999999999999778 3.0397046676445153934e-06 -3.0397046676445153934e-06
0.070000000000000006661 4.2390192228491853043e-06 -4.2390192228491853043e-06
0.080000000000000001665 6.0595639721800365757e-06 -6.0595639721800365757e-06
0.089999999999999996669 9.7833940918244722868e-06 -9.7833940918244722868e-06
0.10000000000000000555 2.082747159821048404e-05 -2.082747159821048404e-05
0.11000000000000000056 5.7386222295560400017e-05 -5.7386222295560400017e-05
0.11999999999999999556 0.00016472195104781666873 -0.00016472195104781666873
0.13000000000000000444 0.00041935460229474243784 -0.00041935460229474243784
0.14000000000000001332 0.00088749101541823820997 -0.00088749101541823820997
0.14999999999999999445 0.0015273906264619432991 -0.0013130807291881643837
0.16000000000000000333 0.0021222683858093732354 -0.0019480164186996334549
0.17000000000000001221 0.0023768366401715362336 -0.0022286223276684218909
0.17999999999999999334 0.0021498633984423712318 -0.0020216780364693612282
0.19000000000000000222 0.0015830800087197080626 -0.0014889438873861313237
0.2000000000000000111 0.00097224626902090262922 -0.00090815358803439762744
0.20999999999999999223 0.00053456564552517170288 -0.00047047296453866670109
0.22000000000000000111 0.00031211830823457334524 -0.0002620459028054820407
0.23000000000000000999 0.00023893537278286730748 -0.00021089482530601872008
0.23999999999999999112 0.00023861349003602013124 -0.0001965526706397366537
0.25 0.00026586997018663823325 -0.00023382362969338573236
0.26000000000000000888 0.00030234246846322354856 -0.00028231350701918278816
0.27000000000000001776 0.00034229401289640268161 -0.00032426794796056387796
0.28000000000000002665 0.00038397267695491009952 -0.00036995240321648580582
0.28999999999999998002 0.0004264787697091768125 -0.00040845270477333800885
0.2999999999999999889 0.00046898085803445053706 -0.00046697796175362225575
0.30999999999999999778 0.00051058744524817563197 -0.00047653820824672117433
0.32000000000000000666 0.00055035411391864813829 -0.00050428750150596074724
0.33000000000000001554 0.00058731535923652164379 -0.00055326612223506718615
0.34000000000000002442 0.00062052253065485575654 -0.00056844722871756249525
0.35000000000000003331 0.00064908385476600738342 -0.00059300275981231020863
0.35999999999999998668 0.00067220403265930877331 -0.00061011424818100572828
0.36999999999999999556 0.00068922095876308622081 -0.00065116593238320665676
0.38000000000000000444 0.00069963719964738057405 -0.00065757638025109709651
0.39000000000000001332 0.00070314414570462593825 -0.00064105436122632289322
0.4000000000000000222 0.00069963719964738057405 -0.00062953583641222731621
0.41000000000000003109 0.00068922095876308622081 -0.00065116593238320665676
0.41999999999999998446 0.00067220403265930877331 -0.00061211714832718649212
0.42999999999999999334 0.0006490838547660067329 -0.00059500565632051151486
0.44000000000000000222 0.000620522530654823881 -0.00058647329365336942335
0.4500000000000000111 0.00058731535923530115741 -0.00055727191706924001681
0.46000000000000001998 0.00055035411388121215515 -0.00050228460496032280736
0.47000000000000002887 0.00051058744432741715383 -0.00047653820732596269619
0.47999999999999998224 0.00046898083987587801816 -0.00044294318890723138752
0.48999999999999999112 0.00042647848256730300351 -0.00040444662461506028636
0.5 0.00038396903621072198468 -0.00036594297127488318103
0.51000000000000000888 0.00034225699918677377712 -0.00031421645170992518973
0.52000000000000001776 0.00030204074167022621237 -0.00028201178022618545197
0.53000000000000002665 0.00026389780197533176283 -0.00024587173703949295918
0.54000000000000003553 0.00022827748181158578292 -0.00020624562385934306578
0.55000000000000004441 0.00019550030010118157105 -0.0001774742351653427674
0.56000000000000005329 0.00016576347360308996462 -0.00015574899288106958443
0.57000000000000006217 0.00013915131170320500504 -0.00013113972657989187982
0.57999999999999996003 0.00011564925126017633762 -9.9626081013550087172e-05
0.58999999999999996891 9.5160212115101745507e-05 -7.9137041868475495061e-05
0.5999999999999999778 7.7522011428708613684e-05 -6.7507530706688233485e-05
0.60999999999999998668 6.2524714743153822234e-05 -4.4498649807315018585e-05
0.61999999999999999556 4.992699879571185057e-05 -4.5921206234055287959e-05
0.63000000000000000444 3.9470829857338764191e-05 -2.7453452627116423855e-05
0.64000000000000001332 3.089399765751167442e-05 -1.4870827410885423974e-05
0.6500000000000000222 2.3940268472776780163e-05 -9.9199947343524898539e-06
0.66000000000000003109 1.8367116416333745509e-05 -1.2358427801222577035e-05
0.67000000000000003997 1.3951149613874788956e-05 -9.945357052218226345e-06
0.68000000000000004885 1.0491463373776191623e-05 -2.4798782504630664006e-06
0.69000000000000005773 7.8112258805180340512e-06 -5.8083295996897527455e-06
0.70000000000000006661 5.7578371791826631163e-06 -3.7549408983543822341e-06
0.70999999999999996447 4.2020055132202503248e-06 7.8153717170020908583e-06
0.71999999999999997335 3.0360639234564242658e-06 9.6972863820013834564e-07
0.72999999999999998224 2.1718121570493638686e-06 1.8339804046071987428e-06
0.73999999999999999112 1.5381215735311645674e-06 4.470567041580002636e-06
0.75 1.0784899997862337304e-06 8.9359907222341466803e-06
0.76000000000000000888 7.4868414585699586032e-07 1.3271589592567294025e-05
0.77000000000000001776 5.1456258664828940512e-07 5.4941260284628785394e-06
0.78000000000000002665 3.5013443945190645849e-07 9.6643462825684742169e-06
0.79000000000000003553 2.3587858291234052075e-07 9.7786021391080399958e-06
0.80000000000000004441 1.5732554498068918994e-07 1.5865844701645562818e-05
0.81000000000000005329 1.0388839453461263681e-07 1.3916385343889677831e-05
0.82000000000000006217 6.7919093372378560883e-08 1.1949458136849961431e-05
0.83000000000000007105 4.3961629359914461408e-08 7.9676234939532103777e-06
0.83999999999999996891 2.8171679307768454565e-08 3.9776208823487937499e-06
0.8499999999999999778 1.7873464690502843126e-08 7.9937116586226225287e-06
0.85999999999999998668 1.122695062347233615e-08 8.0003581726896525112e-06
0.86999999999999999556 6.9818728224080763629e-09 1.0007498849197971782e-05
0.88000000000000000444 4.2987195249214026143e-09 8.0072864037882042769e-06
0.89000000000000001332 2.6203743610186961927e-09 8.00896474895210603e-06
0.9000000000000000222 1.5814105365808534337e-09 6.0071072045745864184e-06
0.91000000000000003109 9.4489373594260376442e-10 6.0077437213752251996e-06
0.92000000000000003997 5.5895695825344794878e-10 6.0081296581529139355e-06
0.93000000000000004885 3.2736392496179051617e-10 8.0112577593881626305e-06
0.94000000000000005773 1.8981928205097594481e-10 8.0113953040310742276e-06
0.95000000000000006661 1.0896998446568795395e-10 1.2017268260237874561e-05
0.95999999999999996447 6.1934196363085894192e-11 1.402021180422792733e-05
0.96999999999999997335 3.4850673839155152424e-11 8.011550272639286798e-06
0.97999999999999998224 1.9415514683900152196e-11 4.0057731461418784812e-06
0.98999999999999999112 1.0708871096704965225e-11 1.0014470013149283589e-05
1 5.8478406441192267063e-12 1.6023164398785606105e-05
1.0100000000000000089 3.161581801550488841e-12 4.0057894000747611653e-06
1.0200000000000000178 1.6922727917525957212e-12 1.0014479029747588371e-05
1.0300000000000000266 8.9679540911345891093e-13 8.0115842265177156836e-06
1.0400000000000000355 4.7051496167817073561e-13 8.0115846527981628497e-06
1.0500000000000000444 2.4440526990524058564e-13 1.0014480477615110047e-05
1.0600000000000000533 1.2569118313503931801e-13 2.002896155137097838e-06
1.0700000000000000622 6.3996539033730938319e-14 1.8026064871842262699e-05
1.0800000000000000711 3.2260218942205889808e-14 1.4020273706164071507e-05
1.0900000000000000799 1.6100782144751669054e-14 6.0086885990103858948e-06
1.1000000000000000888 7.9570051114540942794e-15 1.4020273730467284825e-05
1.1100000000000000977 3.8965123885765543831e-15 1.4020273734527777815e-05
1.1200000000000001066 1.897932070323056763e-15 4.0057925597586302861e-06
1.1300000000000001155 9.3848114532722049742e-16 4.0057925607180814461e-06
1.1400000000000001243 5.1942143809119041245e-16 1.6023170246106829514e-05
1.1500000000000001332 4.3332477080851334106e-16 1.2017377229789015221e-05
1.1599999999999999201 6.7852526622909278755e-16 4.0057925609780375517e-06
1.1699999999999999289 1.4960110609435301344e-15 1.0014480720524369242e-05
1.1799999999999999378 3.5734987053259758874e-15 1.0014480718446882026e-05
1.1899999999999999467 8.5673640533101594633e-15 8.01158511474576135e-06
1.1999999999999999556 2.0295511980551555332e-14 2.0028962605327688021e-06
1.2099999999999999645 4.7365739443271439019e-14 1.6023170199260510237e-05
1.2199999999999999734 1.0884255524223826405e-13 2.0028961719857258064e-06
1.2299999999999999822 2.4623957573326771983e-13 1.0014480475780804296e-05
1.2399999999999999911 5.4844505459193082497e-13 1.0014480173575325501e-05
1.25 1.2026047424699067577e-12 8.0115839207083827488e-06
1.2600000000000000089 2.5961328073524729947e-12 1.2017374634089533517e-05
1.2700000000000000178 5.5175343389833564738e-12 6.0086830975768283254e-06
1.2800000000000000266 1.1544558228814451327e-11 8.0115735787548962582e-06
1.2900000000000000355 2.3780650201537297162e-11 1.2017353449572138076e-05
1.3000000000000000444 4.8226335464544614449e-11 4.0057443353210983619e-06
1.3100000000000000533 9.6285066037403756181e-11 1.001438443695434278e-05
1.3200000000000000622 1.8925516213315430038e-10 8.0113958681509919984e-06
1.3300000000000000711 3.6622725980432802846e-10 1.0014114494760575268e-05
1.3400000000000000799 6.9769840890956174354e-10 1.2016679531813431197e-05
1.3500000000000000888 1.3085759354548317019e-09 1.6021861670690794278e-05
1.3600000000000000977 2.4162633024962341221e-09 6.0062723518086714213e-06
1.3700000000000001066 4.3924185638926373224e-09 8.0071927047492319528e-06
1.3800000000000001155 7.860991206441287414e-09 3.9979315704501211867e-06
1.3900000000000001243 1.3850486691524506844e-08 5.994838128419642996e-06
1.4000000000000001332 2.4025193265026484881e-08 7.9875599300480992906e-06
1.4099999999999999201 4.1028239054518589358e-08 9.9734524829658611795e-06
1.4199999999999999289 6.8978380945888838401e-08 9.9455023410744912811e-06
1.4299999999999999378 1.1417137917706233342e-07 5.8945172359341053994e-06
1.4399999999999999467 1.8604398353021905304e-07 7.8255411397829067522e-06
1.4499999999999999556 2.9846138112401961996e-07 1.1718915849098320134e-05
1.4599999999999999645 4.7138394913725079138e-07 5.5373046659739165709e-06
1.4699999999999999734 7.3295205765430505848e-07 1.1284425172568034854e-05
1.4799999999999999822 1.1219938542217718152e-06 1.6904071081617028869e-05
1.4899999999999999911 1.6909062113551860727e-06 6.3206789119579389385e-06
1.5 2.5087806575109930041e-06 5.5028044658021322188e-06
1.5100000000000000089 3.6645444805974311996e-06 3.4124808105913141191e-07
1.5200000000000000178 5.2697672514069093659e-06 -1.2639746897503467544e-06
1.5300000000000000266 7.4606557754000559616e-06 -1.4519671602888883347e-06
1.5400000000000000355 1.0398643822706879269e-05 -3.8416310068649907002e-07
1.5500000000000000444 1.4268901330921885502e-05 3.7571636049169147592e-06
1.5600000000000000533 1.9276070168141933259e-05 -9.2615894461215530597e-06
1.5700000000000000622 2.5636609841628561041e-05 -1.7625024718315435818e-05
1.5800000000000000711 3.356733178393631555e-05 -2.5555746660623190327e-05
1.5900000000000000799 4.3270028393978321251e-05 -4.1267132113150039945e-05
1.6000000000000000888 5.4912557484831707141e-05 -3.6886492548992910268e-05
1.6100000000000000977 6.8607294492396196607e-05 -6.0595709369083071384e-05
1.6200000000000001066 8.4388457297087843853e-05 -6.8365287050461593407e-05
1.6300000000000001155 0.00010219036106434555911 -9.0172983834123222164e-05
1.6400000000000001243 0.00012182907628484319039 -0.00011381749116153006517
1.6500000000000001332 0.00014299014313068767932 -0.00012896986939226338562
1.6600000000000001421 0.00016522485603959289214 -0.00015521037531757251194
1.6699999999999999289 0.00018795712575430363416 -0.00017193395550767738371
1.6799999999999999378 0.00021050205499615766403 -0.00018646730053571299013
1.6899999999999999467 0.00023209619275277231583 -0.00021206723130873155543
1.6999999999999999556 0.00025193808547043839742 -0.00022790333100999372352
1.7099999999999999645 0.00026923639372124197854 -0.00025321322347461572809
1.7199999999999999734 0.00028326168651508554014 -0.00026723851626845928969
1.7299999999999999822 0.00029339725082484769108 -0.00026535670334799910369
1.7399999999999999911 0.00029918400768906891875 -0.0002811579427532301151
1.75 0.00030035498372012691369 -0.00028232891878428811004
1.7600000000000000089 0.00029685573347171040001 -0.00028083256322508414957
1.7700000000000000178 0.00028884853678107740146 -0.00027082247184523859781
1.7800000000000000266 0.00027669992040144357915 -0.00025667095895740281875
1.7900000000000000355 0.0002609528403382063602 -0.0002369180858777616863
1.8000000000000000444 0.00024228646532255200584 -0.00023627777670744083737
1.8100000000000000533 0.00022146770831746789691 -0.00020945033108724555996
1.8200000000000000622 0.00019929931273288961028 -0.00019729641645206132897
1.8300000000000000711 0.00017656935159345314625 -0.00017056066297834197778
1.8400000000000000799 0.00015400647304274493786 -0.00014599488791943181264
1.8500000000000000888 0.00013224423834702780001 -0.00012423265322371467479
1.8600000000000000977 0.00011179662064694210913 -0.00010178213992492172893
1.8700000000000001066 9.3045360774703393583e-05 -8.7036672159592225109e-05
1.8800000000000001155 7.6238598501625101894e-05 -6.2218324763200808197e-05
1.8900000000000001243 6.149916449968386887e-05 -5.3487579376370743647e-05
1.9000000000000001332 4.8840225345043548823e-05 -3.4819951606619261903e-05
1.9100000000000001421 3.8185654099392109966e-05 -2.4165380360967819658e-05
1.9199999999999999289 2.939252803701522136e-05 -2.3383839421904052886e-05
1.9299999999999999378 2.2273464791412116403e-05 -2.0270568510583835098e-05
1.9399999999999999467 1.6617004987420734693e-05 -2.5967312489964443844e-06
1.9499999999999999556 1.2204833311691860582e-05 -1.8745608146952024635e-07
1.9599999999999999645 8.8252107700370395976e-06 -6.8223144892087582918e-06
1.9699999999999999734 6.2824993452246687606e-06 -2.7381073011350113362e-07
1.9799999999999999822 4.4030533680576639568e-06 1.6056352470535036701e-06
1.9899999999999999911 3.0380126552111189653e-06 2.9706759599000486617e-06
2 2.0636656701969322141e-06 1.9421268914596303973e-06
2.0100000000000002309 1.3800767273381172282e-06 1.2640197011086173716e-05
2.0200000000000000178 9.0861783406397372222e-07 7.1029672892491511831e-06
2.0300000000000002487 5.8894320167807157571e-07 7.4226419216350534355e-06
2.0400000000000000355 3.7581983794863399734e-07 1.1641557392273706921e-05
2.0499999999999998224 2.3610224720194853797e-07 7.7754828761111761026e-06
2.0600000000000000533 1.4602750741019600776e-07 9.8684532146101834236e-06
2.0699999999999998401 8.8916703934378424954e-08 3.9168758577221842262e-06
2.0800000000000000711 5.3302327138041341361e-08 3.9524902345185211708e-06
2.0899999999999998579 3.1457421183311641374e-08 5.9772311939278560848e-06
2.1000000000000000888 1.8277390707704415761e-08 7.9933077326054208998e-06
2.1099999999999998757 1.0454888510474628637e-08 1.0004025833509904794e-05
2.1200000000000001066 5.8876061183148703275e-09 8.0056975171948095899e-06
2.1299999999999998934 3.2641658865977114308e-09 6.0054244492245698121e-06
2.1400000000000001243 1.7816394776191403339e-09 6.0069069756335480656e-06
2.1499999999999999112 9.5737385809220532142e-10 6.0077312412530750469e-06
2.1600000000000001421 5.0647432413562080946e-10 1.0013974247696243755e-05
2.1699999999999999289 2.6378338337484644645e-10 1.2017113446838966195e-05
2.1800000000000001599 1.3525445130850842405e-10 1.4020138483972981424e-05
2.1899999999999999467 6.8276276928247819054e-11 8.0115168470361963575e-06
2.2000000000000001776 3.3931435033842764126e-11 2.002862349393246931e-06
2.2099999999999999645 1.66015544864887982e-11 1.2017360628667853536e-05
2.2200000000000001954 7.9966744265059940063e-12 4.0057845649821357143e-06
2.2299999999999999822 3.7921386340218441179e-12 1.2017373438083706251e-05
2.2400000000000002132 1.7704070449211282444e-12 8.0115833529060807193e-06
2.25 8.1372223623934955345e-13 8.0115843095908887257e-06
2.2600000000000002309 3.6820812752422951831e-13 8.0115847551049977285e-06
2.2700000000000000178 1.6403053027866924391e-13 8.011584959282594596e-06
2.2800000000000002487 7.1939951218659529676e-14 6.0086885431712160725e-06
2.2900000000000000355 3.1062021849715747655e-14 1.4020273707362269067e-05
2.3000000000000002665 1.3203936725308329775e-14 1.2017377217018402813e-05
2.3100000000000000533 5.5257506042878086807e-15 8.0115851177873753484e-06
2.3199999999999998401 2.2766342071871978268e-15 8.0115851210364903961e-06
2.3300000000000000711 9.2344145272625951499e-16 1.2017377229298898241e-05
2.3399999999999998579 3.6875643396675905985e-16 1.0014480721651624405e-05
2.3500000000000000888 1.4497194943856861662e-16 1.0014480721875408816e-05
2.3599999999999998757 5.6110286091272310061e-17 1.0014480721964269348e-05
2.3700000000000001066 2.1380365190545214006e-17 8.0115851232917444173e-06
2.3799999999999998934 8.0205081900740665674e-18 8.011585123305105515e-06
2.3900000000000001243 2.9621209383583021407e-18 8.0115851233101623017e-06
2.3999999999999999112 1.0770052423123094169e-18 6.008688615110090201e-06
2.4100000000000001421 3.8552005935543443477e-19 6.0086886151107822269e-06
2.4199999999999999289 1.3585958224529571799e-19 8.0115851233129896976e-06
2.4300000000000001599 4.7135454738513611729e-20 8.0115851233130777891e-06
2.4399999999999999467 1.6099754715722723681e-20 8.0115851233131082823e-06
2.4500000000000001776 5.413834177238884907e-21 8.0115851233131201407e-06
2.4599999999999999645 1.7922755124726650086e-21 1.0014480722020378505e-05
2.4700000000000001954 5.8414239185438461187e-22 6.0086886151111667799e-06
2.4799999999999999822 1.8743332515089460009e-22 6.0086886151111676269e-06
2.4900000000000002132 5.9209177316299567576e-23 1.2017377230222340336e-05
2.5 1.8413882837929171542e-23 1.0014480722020380199e-05
2.5100000000000002309 5.637880365733063343e-24 1.0014480722020380199e-05
2.5200000000000000178 1.6994189952397108839e-24 8.0115851233131252229e-06
2.5300000000000002487 5.0431189553070003655e-25 6.0086886151111676269e-06
2.5400000000000000355 1.473370900011248549e-25 6.0086886151111676269e-06
2.5500000000000002665 4.2377867184785894659e-26 1.6023170246626250446e-05
2.5600000000000000533 1.1999972058017053226e-26 6.0086886151111676269e-06
2.5699999999999998401 3.3453033528757210917e-27 1.8026064935838800261e-05
2.5800000000000000711 9.1813154400278145162e-28 4.0057925616565626115e-06
2.5899999999999998579 2.4807810918929400766e-28 6.0086886151111676269e-06
2.6000000000000000888 6.5991212711789467951e-29 8.0115851233131252229e-06
2.6099999999999998757 1.7282155459152302197e-29 1.0014480722020380199e-05
2.6200000000000001066 4.4557809997241056147e-30 1.0014480722020380199e-05
2.6299999999999998934 1.1310033695518230313e-30 8.0115851233131252229e-06
2.6400000000000001243 2.8262989170958391206e-31 8.0115851233131252229e-06
2.6499999999999999112 6.953227148480377409e-32 1.0014480722020380199e-05
2.6600000000000001421 1.6841038705843227972e-32 1.8026064935838800261e-05
2.6699999999999999289 4.0157388536377276015e-33 8.0115851233131252229e-06
2.6800000000000001599 9.4270580829125639702e-34 8.0115851233131252229e-06
2.6899999999999999467 2.1787180679565984183e-34 8.0115851233131252229e-06
2.7000000000000001776 4.9572408386785454146e-35 6.0086886151111676269e-06
2.7099999999999999645 1.1104349808359901272e-35 8.0115851233131252229e-06
2.7200000000000001954 2.4488398379642928738e-36 1.0014480722020380199e-05
2.7299999999999999822 5.3166951690916707593e-37 4.0057925616565626115e-06
2.7400000000000002132 1.1364158222971340726e-37 4.0057925616565626115e-06
2.75 2.391370758321234595e-38 6.0086886151111676269e-06
2.7600000000000002309 4.9541675320123643111e-39 8.0115851233131252229e-06
2.7700000000000000178 1.0104354973376776749e-39 2.0028962808282808822e-06
2.7800000000000002487 2.0288999562772451091e-40 8.0115851233131252229e-06
2.7900000000000000355 4.0107611768525761841e-41 8.0115851233131252229e-06
2.8000000000000002665 7.8056145913873914595e-42 1.0014480722020380199e-05
2.8100000000000000533 1.495552065547621204e-42 8.0115851233131252229e-06
2.8199999999999998401 2.8210455717496266521e-43 4.0057925616565626115e-06
2.8300000000000000711 5.2388118181404556277e-44 1.6023170246626250446e-05
2.8399999999999998579 9.5778851928063151107e-45 8.0115851233131252229e-06
2.8500000000000000888 1.7239338099074038772e-45 2.0028962808282808822e-06
2.8599999999999998757 3.054820378520487535e-46 1.0014480722020380199e-05
2.8700000000000001066 5.3292353840917202605e-47 8.0115851233131252229e-06
2.8799999999999998934 9.1528903205430711705e-48 1.2017377230222340336e-05
2.8900000000000001243 1.5476250314281010459e-48 1.4020273738424290309e-05
2.8999999999999999112 2.5762462010833220556e-49 1.2017377230222340336e-05
2.9100000000000001421 4.2220475007430903844e-50 1.2017377230222340336e-05
2.9199999999999999289 6.8119742491163795891e-51 8.0115851233131252229e-06
2.9300000000000001599 1.082024293907269994e-51 1.2017377230222340336e-05
2.9399999999999999467 1.6920576577115384834e-52 8.0115851233131252229e-06
2.9500000000000001776 2.6049982476447667929e-53 1.8026064935838800261e-05
2.9599999999999999645 3.9483336482590648945e-54 4.0057925616565626115e-06
2.9700000000000001954 5.8916153664722275265e-55 1.6023170246626250446e-05
2.9799999999999999822 8.6550395990099752087e-56 1.6023170246626250446e-05
2.9900000000000002132 1.2517507606534678676e-56 4.0057925616565626115e-06
3 1.7822999728915491072e-57 8.0115851233131252229e-06
3.0100000000000002309 2.4983763995418252206e-58 2.0028962808282808822e-06
3.0200000000000000178 3.4478555998347089107e-59 6.0086886151111676269e-06
3.0300000000000002487 4.6844046192451474119e-60 6.0086886151111676269e-06
3.0400000000000000355 6.2657615608936975387e-61 6.0086886151111676269e-06
3.0500000000000002665 8.2510165718791560863e-62 8.0115851233131252229e-06
3.0600000000000000533 1.0696832281212067173e-62 8.0115851233131252229e-06
3.0700000000000002842 1.3652652780628060736e-63 1.8026064935838800261e-05
3.0800000000000000711 1.7155091381138405481e-64 1.2017377230222340336e-05
3.0899999999999998579 2.1221845971558649348e-65 6.0086886151111676269e-06
3.1000000000000000888 2.5845647221918366759e-66 6.0086886151111676269e-06
3.1099999999999998757 3.0988874129788660575e-67 1.0014480722020380199e-05
3.1200000000000001066 3.6579546383421644341e-68 1.6023170246626250446e-05
3.1299999999999998934 4.2509399005287784707e-69 4.0057925616565626115e-06
3.1400000000000001243 4.8634649316186756181e-70 6.0086886151111676269e-06
3.1499999999999999112 5.4782306081729337781e-71 4.0057925616565626115e-06
3.1600000000000001421 6.1969182151056082827e-72 8.0115851233131252229e-06
3.1699999999999999289 6.4277621372702288883e-72 4.0057925616565626115e-06
3.1800000000000001599 2.5882452423660378359e-70 2.0028962808282808822e-06
3.1899999999999999467 1.1072272243269576313e-68 6.0086886151111676269e-06
3.2000000000000001776 4.5167234380383373199e-67 8.0115851233131252229e-06
3.2099999999999999645 1.7565017541544614625e-65 2.0028962808282808822e-06
3.2200000000000001954 6.5119858794516229769e-64 6.0086886151111676269e-06
3.2299999999999999822 2.3015471457869163046e-62 8.0115851233131252229e-06
3.2400000000000002132 7.7547843586582962474e-61 1.0014480722020380199e-05
3.25 2.4909495817121202665e-59 2.2031857952242720535e-05
3.2600000000000002309 7.6279445350591829758e-58 1.0014480722020380199e-05
3.2700000000000000178 2.2268942470258102738e-56 4.0057925616565626115e-06
3.2800000000000002487 6.1978823190499956516e-55 1.4020273738424290309e-05
3.2900000000000000355 1.6445269913535874407e-53 6.0086886151111676269e-06
3.3000000000000002665 4.1600161200187286715e-52 1.2017377230222340336e-05
3.3100000000000000533 1.0032469163191706803e-50 2.0028961444040760398e-05
3.3200000000000002842 2.3066519088088463402e-49 8.0115851233131252229e-06
3.3300000000000000711 5.0561553464692880535e-48 6.0086886151111676269e-06
3.3399999999999998579 1.0566367544590553025e-46 -1.0566367544590553025e-46
3.3500000000000000888 2.1052367518222389871e-45 1.6023170246626250446e-05
3.3599999999999998757 3.9989797668558193201e-44 6.0086886151111676269e-06
3.3700000000000001066 7.2422541652744090227e-43 1.2017377230222340336e-05
3.3799999999999998934 1.25048367242235159e-41 1.0014480722020380199e-05
3.3900000000000001243 2.0585697269302684459e-40 6.0086886151111676269e-06
3.3999999999999999112 3.2310240916763811514e-39 6.0086886151111676269e-06
3.4100000000000001421 4.8351040718376749437e-38 1.2017377230222340336e-05
3.4199999999999999289 6.8986900784713385357e-37 8.0115851233131252229e-06
3.4300000000000001599 9.384842837132745027e-36 6.0086886151111676269e-06
3.4399999999999999467 1.2172829857706252916e-34 8.0115851233131252229e-06
3.4500000000000001776 1.505445880620900779e-33 4.0057925616565626115e-06
3.4599999999999999645 1.7752230643585997622e-32 2.0028962808282808822e-06
3.4700000000000001954 1.9959990721320249348e-31 1.0014480722020380199e-05
3.4799999999999999822 2.139898138746317037e-30 1.4020273738424290309e-05
3.4900000000000002132 2.1875465823365803523e-29 1.2017377230222340336e-05
3.5 2.1323544894469097087e-28 4.0057925616565626115e-06
3.5100000000000002309 1.9820117360933984474e-27 4.0057925616565626115e-06
3.5200000000000000178 1.7567300090635972121e-26 4.0057925616565626115e-06
3.5300000000000002487 1.4847848206165755992e-25 1.0014480722020380199e-05
3.5400000000000000355 1.1967127977027487736e-24 6.0086886151111676269e-06
3.5500000000000002665 9.1979920032812275601e-24 6.0086886151111676269e-06
3.5600000000000000533 6.7418974558090938989e-23 6.0086886151111676269e-06
3.5700000000000002842 4.7126725928436507449e-22 6.0086886151111667799e-06
3.5800000000000000711 3.1416593644559248074e-21 4.0057925616565592233e-06
3.5899999999999998579 1.997418532777589964e-20 1.2017377230222320007e-05
3.6000000000000000888 1.2111822659630112699e-19 1.001448072202025992e-05
3.6099999999999998757 7.0047653807891260872e-19 4.0057925616558621152e-06
3.6200000000000001066 3.8639862519682824722e-18 6.0086886151073034626e-06
3.6299999999999998934 2.0330627488216806173e-17 4.0057925616362321267e-06
3.6400000000000001243 1.0203655789344912793e-16 2.0028962807262443288e-06
3.6499999999999999112 4.8850449128215005564e-16 2.0028962803397762292e-06
3.6600000000000001421 2.2310459635935373004e-15 1.0014480719789334379e-05
3.6699999999999999289 9.720683476937597969e-15 1.0014480712299696265e-05
3.6800000000000001599 4.0406982540969906501e-14 1.0014480681613396816e-05
3.6899999999999999467 1.6025532577237819862e-13 6.0086884548558416701e-06
3.7000000000000001776 6.0644636975667479666e-13 1.2017376623775971045e-05
3.7099999999999999645 2.189910098460889069e-12 1.8026062745928702111e-05
3.7200000000000001954 7.546527740289143228e-12 8.011577576785384677e-06
3.7299999999999999822 2.4819410104641575392e-11 6.0086637957010627218e-06
3.7400000000000002132 7.7911097779839346078e-11 1.0014402810922600168e-05
3.75 2.3346150505155601927e-10 2.0026628193232292776e-06
3.7600000000000002309 6.6786509328266867704e-10 8.010917258219841852e-06
3.7700000000000000178 1.8242096764391538006e-09 1.4018449528747850888e-05
3.7800000000000002487 4.7581135008744871763e-09 6.003930501610292976e-06
3.7900000000000000355 1.1853259198029419439e-08 5.9968353559131383051e-06
3.8000000000000002665 2.8207278512754165677e-08 7.9833778448003709315e-06
3.8100000000000000533 6.4134605350264423829e-08 1.1953242624872076111e-05
3.8200000000000002842 1.3935753728427662928e-07 1.9889603906756483107e-05
3.8300000000000000711 2.8945944748019521178e-07 1.1727917782742145177e-05
3.8399999999999998579 5.7490015098348159827e-07 7.4366849723296436246e-06
3.8500000000000000888 1.0921725248667423079e-06 6.9194125984463833386e-06
3.8599999999999998757 1.985421324840307438e-06 4.0232672902708597654e-06
3.8700000000000001066 3.4551817685989047117e-06 2.5535068465122629152e-06
3.8799999999999998934 5.7593096823372083007e-06 2.4937893277395932625e-07
3.8900000000000001243 9.2005063556965911237e-06 8.1397436632378907526e-07
3.8999999999999999112 1.4096060097445928976e-05 -2.0786828672235886401e-06
3.9100000000000001421 2.0729156908575641527e-05 -4.7059866619493910815e-06
3.9199999999999999289 2.9287058894369825279e-05 -1.927257817234944508e-05
3.9300000000000001599 3.9798051992743214327e-05 -3.1786466869430089104e-05
3.9399999999999999467 5.2083740589058417827e-05 -4.6075051973947249353e-05
3.9500000000000001776 6.574335304241211487e-05 -5.1723079303987821173e-05
3.9599999999999999645 8.0180830354642678207e-05 -7.4172141739531509733e-05
3.9700000000000001954 9.4674560446120646011e-05 -7.8651390199494395565e-05
3.9799999999999999822 0.00010847707753305526463 -0.0001004654924097421394
3.9900000000000002132 0.00012092247903616567997 -0.00011090799831414529977
4 0.00013151653596007076394 -0.00011349047102423196029
4.0099999999999997868 0.00013998969014068380896 -0.00013398100152557264049
4.0200000000000004619 0.00014630432273080335869 -0.00013428694550058102174
4.0300000000000002487 0.00015062054813814911903 -0.00014661475557649255642
4.0400000000000000355 0.00015323475691901615675 -0.00014322027619699577656
4.0499999999999998224 0.00015450929029737518945 -0.00014449480957535480925
4.0600000000000004974 0.0001548096917651272243 -0.00014479521104310684411
4.0700000000000002842 0.00015445991841244114252 -0.0001464483332891280173
4.0800000000000000711 0.00015371866240169754724 -0.00014971286984004098463
4.0899999999999998579 0.00015277408436744412687 -0.00013274512292340336648
4.0999999999999996447 0.00015175110074064774831 -0.00014574241212553657983
4.1100000000000003197 0.00015072487254033878432 -0.00014471618392522761585
4.1200000000000001066 0.00014973543659206544026 -0.00014372674797695427179
4.1299999999999998934 0.00014880040439132105981 -0.00013678302716109872286
4.1399999999999996803 0.00014792448116825705502 -0.0001439186886066004924
4.1500000000000003553 0.00014710580838189196554 -0.0001310826381352657151
4.1600000000000001421 0.00014633975753536025591 -0.00014233396497370369329
4.1699999999999999289 0.00014562095962800415401 -0.00013360358239778181706
4.1799999999999997158 0.00014494425231677523429 -0.00013693266719346210906
4.1900000000000003908 0.00014430503448773106582 -0.00013228765725750872887
4.2000000000000001776 0.00014369933397285447911 -0.00013568774884954135388
4.2099999999999999645 0.00014312375751781699295 -0.00013511217239450386773
4.2199999999999997513 0.00014257540585728818933 -0.00013856961329563162672
4.2300000000000004263 0.00014205178900346802809 -0.00013604310038835685961
4.2400000000000002132 0.00014155075350181625161 -0.00013153627277979587141
4.25 0.00014107042348538567774 -0.00013706463092372911513
4.2599999999999997868 0.00014060915396359109815 -0.00013660336140193453554
4.2700000000000004619 0.00014016549420327304213 -0.00013015101348125266193
4.2800000000000002487 0.00013973815959312325865 -0.00012571788585469896495
4.2900000000000000355 0.00013932601140467050288 -0.00012129994646883169923
4.2999999999999998224 0.00013892804526709968851 -0.00013291935665198852004
4.3100000000000004974 0.00013854339103455643812 -0.00013654049475372815681
4.3200000000000002842 0.00013817132906553084861 -0.00012615395183530851166
4.3300000000000000711 0.00013781133049337853996 -0.00013380553793172197735
4.3399999999999998579 0.00013746313106486975401 -0.00012344285732644546031
4.3500000000000005329 0.00013712684811078974215 -0.00012911526298747661693
4.3600000000000003197 0.0001368031461945006899 -0.00013079445757938952142
4.3700000000000001066 0.00013649344702605208926 -0.00012848186190273896403
4.3799999999999998934 0.00013620016261067257094 -0.00012818857748735944572
4.3899999999999996803 0.00013592690924902440597 -0.00012591242852700402577
4.4000000000000003553 0.00013567863949767567755 -0.00012165836575925138385
4.4100000000000001421 0.00013546161834807190637 -0.00011943844810144565592
4.4199999999999999289 0.0001352831782348304986 -0.0001252686975128101184
4.4299999999999997158 0.0001351512209554928286 -0.0001251367402334724484
4.4400000000000003908 0.00013507349088461839399 -0.00013106769832296183138
4.4500000000000001776 0.00013505671026907607344 -0.00012504222954705569324
4.4599999999999999645 0.00013510572306016453269 -0.00012709413793685140747
4.4699999999999997513 0.00013522281685009152844 -0.00013321992056926324714
4.4800000000000004263 0.00013540736963090816997 -0.00012138709589248387628
4.4900000000000002132 0.00013565590148714579805 -0.00012764431636383267283
4.5 0.00013596251966938247414 -0.00013195672710772591153
4.5099999999999997868 0.00013631965738024638267 -0.00012430228015002404572
4.5200000000000004619 0.00013671894924596265084 -0.00013071026063085148237
4.5300000000000002487 0.00013715207502095611274 -0.00013314628245929955013
4.5400000000000000355 0.00013761143575610838277 -0.00012559405852588604582
4.5499999999999998224 0.00013809058722767130248 -0.00013208189861256013401
4.5600000000000004974 0.00013858442139059098659 -0.00013257573277547981812
4.5700000000000002842 0.00013908913849958022221 -0.00013107755337626709699
4.5800000000000000711 0.00013960207999721507919 -0.00012758470276699274224
4.5899999999999998579 0.00014012149526945478356 -0.00012610122153103048986
4.6000000000000005329 0.00014064630116415361458 -0.00013263471604084048935
4.6100000000000003197 0.00014117587152928171555 -0.0001231498065934429119
4.6200000000000001066 0.00014170987320706422696 -0.00012969249597684189002
4.6299999999999998934 0.00014224814963767248963 -0.00011420760216082390223
4.6399999999999996803 0.00014279064467166566665 -0.0001267674744250394162
4.6500000000000003553 0.00014333735621582568954 -0.00012931708247740139584
4.6600000000000001421 0.00014388830988138569039 -0.00012385934843734492999
4.6699999999999999289 0.00014444354493640392955 -0.00012441458349236316915
4.6799999999999997158 0.00014500310726663586162 -0.00013098283352821156792
4.6900000000000003908 0.00014556704605568919399 -0.0001175264985788406066
4.7000000000000001776 0.00014613541231201272069 -0.00011809486483516413329
4.7099999999999999645 0.0001467082582567395127 -0.00011866771077989092531
4.7199999999999997513 0.0001472856370891807373 -0.00011523929659592823641
4.7300000000000004263 0.00014786760290862356474 -0.00012383284844817889084
4.7400000000000002132 0.00014845421069735424279 -0.00012041366322050565539
4.75 0.00014904551632651945629 -0.00011299338645484184899
4.7599999999999997868 0.00014964157657023345084 -0.00013762419934001111389
4.7700000000000004619 0.00015024244912270330425 -0.00012620769466225863036
4.7800000000000002487 0.00015084819261660929756 -0.00012481054164796266692
4.7900000000000000355 0.00015145886664218532829 -0.00012542121567353869765
4.7999999999999998224 0.00015207453176683882268 -0.00013204557032279806228
4.8100000000000004974 0.00015269524955527702457 -0.00013066339160303430743
4.8200000000000002842 0.00015332108259014291351 -0.00014330660186812253331
4.8300000000000000711 0.00015395209449317538881 -0.00013592602955733658517
4.8399999999999998579 0.00015458834994692339962 -0.00013656228501108459597
4.8500000000000005329 0.00015522991471706050612 -0.00011917778484538289882
4.8600000000000003197 0.00015587685567537926264 -0.00012383051518212676175
4.8700000000000001066 0.00015652924082363453106 -0.00013650027937959377067
4.8799999999999998934 0.00015718713931856759876 -0.00013315238485812292486
4.8899999999999996803 0.00015785062149880111455 -0.00013782166005476035415
4.9000000000000003553 0.00015851975891503116475 -0.00013448500445458649085
4.9100000000000001421 0.00015919462436641065861 -0.00014317145411978440817
4.9199999999999999289 0.00015987529194895797957 -0.00014385212170233172913
4.9299999999999997158 0.00016056183712753892929 -0.00013452418615889229865
4.9400000000000003908 0.00016125433685394591232 -0.00014322827191810710867
4.9500000000000001776 0.00016195286977425295684 -0.00013391232229740436944
4.9599999999999999645 0.00016265751660686435416 -0.00013661986563821772352
4.9699999999999997513 0.0001633683608420944029 -0.00013132202034884190201
4.9800000000000004263 0.00016408549003790384919 -0.00015206811280768151224
4.9900000000000002132 0.00016480899820289421484 -0.00015078872446446992114
5 0.00016553899012896572764 -0.00015151871639054143395
5.0099999999999997868 0.00016627558916027215309 -0.00014824952422443334944
5.0200000000000004619 0.0001670189509131669262 -0.0001269610280250854054
5.0300000000000002487 0.00016776928711938822762 -0.00013972873964253964022
5.0400000000000000355 0.00016852690637895583609 -0.00014849794493491507569
5.0499999999999998224 0.00016929228263862642939 -0.00014325463166997979875
5.0600000000000004974 0.00017006616827425327697 -0.00015003720683021251657
5.0700000000000002842 0.00017084977754672090117 -0.00013680054054526644353
5.0800000000000000711 0.00017164507888936116303 -0.00015161611744532040263
5.0899999999999998579 0.00017245525206156317867 -0.00016644656344645201019
5.1000000000000005329 0.00017328538976589069696 -0.00015525932483005189331
5.1100000000000003197 0.00017414355375976254864 -0.00015411459231572178824
5.1200000000000001066 0.00017504233312478874925 -0.00015501337168074798886
5.1299999999999998934 0.00017600109646036151941 -0.00015997792621373526896
5.1399999999999996803 0.00017704917791843880316 -0.00015702021647439804277
5.1500000000000003553 0.00017823028431835478166 -0.00016220711407172853122
5.1600000000000001421 0.00017960844898189004299 -0.00015557369452144536909
5.1699999999999999289 0.000181275875487124557 -0.0001612469140430837966
5.1799999999999997158 0.00018336299528325553467 -0.00016133113733101281753
5.1900000000000003908 0.00018605098750125816966 -0.00016802492256541936601
5.2000000000000001776 0.00018958685575713463958 -0.00015754051526388213869
5.2099999999999999645 0.00019430090450320123977 -0.00017026615004275656587
5.2199999999999997513 0.0002006260909049026645 -0.00017859423295265994735
5.2300000000000004263 0.00020911824251070612298 -0.00018508348805026144908
5.2400000000000002132 0.00022047553875428847476 -0.00019443788778564184412
5.25 0.00023555499208311597714 -0.00020551154991705483654
5.2599999999999997868 0.00025538299758603712165 -0.00023535403614199636125
5.2700000000000004619 0.00028115644420493988336 -0.00025712168974449520946
5.2800000000000002487 0.00031423051867150410743 -0.00029219866071926139028
5.2900000000000000355 0.00035608932449354729248 -0.00033005167352490066184
5.2999999999999998224 0.00040829592069482136029 -0.00037024089431494179624
5.3100000000000004974 0.00047241947085129059247 -0.00043436444447141102842
5.3200000000000002842 0.0005499389397662472756 -0.000519895497600186135
5.3300000000000000711 0.00064212515660232334907 -0.00061007881610907084818
5.3399999999999998579 0.00074990594614199464988 -0.00071385381627031704258
5.3500000000000005329 0.00087372216291452654922 -0.00082965844701004111492
5.3600000000000003197 0.0010133854847227524981 -0.00095129570024444945302
5.3700000000000001066 0.0011679512907045944831 -0.001113873092259099265
5.3799999999999998934 0.0013356213946082620258 -0.0012595113418485028977
5.3899999999999996803 0.0015136913993888325043 -0.0014335755536126694627
5.4000000000000003553 0.0016985556799668764544 -0.0016064224551415016724
5.4100000000000001421 0.0018857793802015199777 -0.0017716143010618812855
5.4199999999999999289 0.0020702414742888473539 -0.0019280358513103388815
5.4299999999999997158 0.0022463463131040342126 -0.0021161580546228222523
5.4400000000000003908 0.0024082938256646383747 -0.0022580766166533220753
5.4500000000000001776 0.0025503915303218085454 -0.0023641221841628570245
5.4599999999999999645 0.0026673856564607702734 -0.0024831192068100207092
5.4699999999999997513 0.0027547848475144628283 -0.0025885444664375308749
5.4800000000000004263 0.0028091487671160989686 -0.0026188736279407435342
5.4900000000000002132 0.0028283157958511090553 -0.0026140058985773301399
5.5 0.0028115488226209042061 -0.0026032476148717311609
5.5099999999999997868 0.0027595854285276145978 -0.0025733160823686630769
5.5200000000000004619 0.0026745877032981922247 -0.0025043415292048563578
5.5300000000000002487 0.0025599964542300152927 -0.002403770555694093123
5.5400000000000000355 0.0024203035097490332994 -0.0022520602321638993892
5.5499999999999998224 0.0022607631135686937808 -0.0020965256289999637841
5.5600000000000004974 0.0020870682219893978669 -0.0019348481164698796107
5.5700000000000002842 0.0019050193825134883151 -0.0018008687786389017925
5.5800000000000000711 0.0017202127229718193902 -0.0016280794981464446081
5.5899999999999998579 0.0015377697503815511947 -0.0014556510080971861963
5.6000000000000005329 0.0013621258049284149915 -0.0012980331239419099897
5.6100000000000003197 0.0011968869988969487502 -0.0011247827391535935356
5.6200000000000001066 0.0010447582200302028398 -0.00099268291809290957854
5.6299999999999998934 0.00090753814910906444816 -0.00086547732971278097062
5.6399999999999996803 0.00078617190569897328969 -0.0007581313582221247023
5.6500000000000003553 0.00068084831522392938105 -0.00063878749582764590351
5.6600000000000001421 0.00059112703126080101603 -0.00055507490138912340873
5.6699999999999999289 0.00051608074237519260211 -0.00049204598791474792822
5.6799999999999997158 0.00045443913836487874903 -0.00042840148739623211838
5.6900000000000003908 0.00040472377937774377385 -0.00038068902491729909995
5.7000000000000001776 0.00036536603316706002531 -0.00034733996823122122166
5.7099999999999999645 0.00033480337881293593429 -0.00032078310507451164059
5.7199999999999997513 0.00031155225809270257944 -0.00028751750363225790554
5.7300000000000004263 0.00029425803715844097048 -0.00026221169666518846959
5.7400000000000002132 0.00028172438797938111369 -0.00026369832304354231005
5.75 0.00027292548484599232729 -0.00026291100412397194709
5.7599999999999997868 0.00026700489361207885861 -0.00024497303565983614146
5.7700000000000004619 0.00026326502253461197449 -0.00025124764530438963754
5.7800000000000002487 0.00026115064162710157963 -0.00024312457669126277598
5.7900000000000000355 0.00026022940165474326996 -0.00024420623140811701952
5.7999999999999998224 0.00026017161697817006456 -0.00023813975902592734741
5.8100000000000004974 0.00026073091420755013575 -0.00023669615974710546185
5.8200000000000002842 0.00026172675640049025128 -0.00024370069146465144763
5.8300000000000000711 0.00026302936682731328137 -0.00024300040538327252098
5.8399999999999998579 0.0002645472097493821559 -0.00025653562462606903068
5.8500000000000005329 0.00026621693341489800072 -0.00024819086847905919707
5.8600000000000003197 0.00026799552693853646336 -0.00024796656549449570296
5.8700000000000001066 0.00026985436712404940393 -0.00025383119687742315349
5.8799999999999998934 0.00027177481203268720293 -0.00025374874709684839928
5.8899999999999996803 0.00027374501565867253531 -0.00025171315770642981816
5.9000000000000003553 0.00027575767647442932544 -0.00025572871503038856504
5.9100000000000001421 0.00027780847993026777567 -0.00024976793245341918828
5.9199999999999999289 0.00027989504314364886672 -0.00024584580614219440908
5.9299999999999997158 0.00028201621411676907909 -0.00025798145965632440519
5.9400000000000003908 0.00028417161545335261567 -0.00025412817328729147507
5.9500000000000001776 0.0002863613529793914347 -0.00026432949502714871755
5.9599999999999999645 0.00028858583323531202198 -0.00027055976829947321833
5.9699999999999997513 0.00029084565138397938666 -0.00026480800041533275602
5.9800000000000004263 0.00029314152376733643201 -0.00027711835352071018156
5.9900000000000002132 0.00029547424823595549699 -0.00028345687100573316005
6 0.00029784468143845033465 -0.0002818215111918240842
6.0099999999999997868 0.00030025372628724253258 -0.00028623345254881823888
6.0200000000000004619 0.00030270232543160632138 -0.00028868205169318202769
6.0300000000000002487 0.0003051914582266731981 -0.00028115670376622852421
6.0400000000000000355 0.00030772213971536321311 -0.00028969607477952440946
6.0499999999999998224 0.00031029542076468338624 -0.00028826356281244066909
6.0600000000000004974 0.00031291238886939506079 -0.00028687473790074843015
6.0700000000000002842 0.00031557416935281800818 -0.00029354231140057529103
6.0800000000000000711 0.00031828192681862310697 -0.00029625006886638038982
6.0899999999999998579 0.00032103686677721881421 -0.00029499921580857218356
6.1000000000000005329 0.00032384023740892920211 -0.00029579968993208061471
6.1100000000000003197 0.00032669333144720461362 -0.00030466147349496189647
6.1200000000000001066 0.00032959748817649141403 -0.00029755114768323891314
6.1299999999999998934 0.00033255409554555490819 -0.00031052223759331219104
6.1400000000000005684 0.00033556459240048066781 -0.00030752404492363208041
6.1500000000000003553 0.00033863047084356484974 -0.00030658413035031234885
6.1600000000000001421 0.0003417532787256361373 -0.00030570114885395853
6.1699999999999999289 0.00034493462228030343213 -0.00032290276432806071499
6.1799999999999997158 0.00034817616890948986479 -0.00031212403903781225749
6.1900000000000003908 0.00035147965013042912 -0.00031943330963717661911
6.2000000000000001776 0.00035484686469512834953 -0.00030878025228244095849
6.2099999999999999645 0.00035827968189421327116 -0.00032823623972815213056
6.2199999999999997513 0.00036178004505799918377 -0.00032973370456474668288
6.2300000000000004263 0.00036534997526871344558 -0.00032929784539703583829
6.2400000000000002132 0.00036899157529889911383 -0.00032492785939441367954
6.25 0.00037270703379228722722 -0.00034867227933184255333
6.2599999999999997868 0.00037649862970477959798 -0.00033243491380029416369
6.2700000000000004619 0.00038036873702466543392 -0.00033430212461197804288
6.2800000000000002487 0.00038431982979282878696 -0.00034426190690474726616
6.2900000000000000355 0.00038835448744549481807 -0.00034629366804921134053
6.2999999999999998224 0.0003924754005040085778 -0.00033839720205851335976
6.3100000000000004974 0.00039668537663831816365 -0.00034260717819282294561
6.3200000000000002842 0.000400987347133189816 -0.0003569236312287043817
6.3300000000000000711 0.00040538437378881501125 -0.0003352830105536617534
6.3399999999999998579 0.00040987965629033098298 -0.00034778987181202793795
6.3500000000000005329 0.0004144765400839802447 -0.00034237228034062503011
6.3600000000000003197 0.00041917852480114029283 -0.00034507136854958312148
6.3700000000000001066 0.00042398927327535649526 -0.00037591976435446714747
6.3799999999999998934 0.00042891262120181100842 -0.00034679387891744601008
6.3900000000000005684 0.00043395258749346005741 -0.00035784253473370092932
6.4000000000000003553 0.00043911338539337024757 -0.00034497726405979350873
6.4100000000000001421 0.00044439943440870827672 -0.00034625752005872762439
6.4199999999999999289 0.00044981537313839350381 -0.00034967056228021089473
6.4299999999999997158 0.00045536607307377556346 -0.00034921257269098708413
6.4400000000000003908 0.00046105665345988261147 -0.00036291473910990195914
6.4500000000000001776 0.00046689249731392929669 -0.00034271292835732320662
6.4599999999999999645 0.0004728792687080393773 -0.00032666785271312699136
6.4699999999999997513 0.00047902293143461114385 -0.00035484336247800505378
6.4800000000000004263 0.00048532976918568579514 -0.00037316757927829149978
6.4900000000000002132 0.00049180640739216558918 -0.00036362104541915558562
6.5 0.00049845983688512742003 -0.00035825711041482090433
6.5099999999999997868 0.00050529743955989134437 -0.0003771120775868813408
6.5200000000000004619 0.00051232701624440765004 -0.00037613006823858981947
6.5300000000000002487 0.00051955681699714572827 -0.00037334540100223334233
6.5400000000000000355 0.00052699557408648043961 -0.00034272912443573087544
6.5499999999999998224 0.00053465253793405118857 -0.0003664092603489172784
6.5600000000000004974 0.00054253751633928442525 -0.00036828554922954464482
6.5700000000000002842 0.00055066091734187186044 -0.00036839736419932425301
6.5800000000000000711 0.00055903379612431600663 -0.00034472389885053709123
6.5899999999999998579 0.00056766790640853795943 -0.00035736380215116295752
6.6000000000000005329 0.00057657575686018592166 -0.000356257170061801136
6.6100000000000003197 0.00058577067308290397141 -0.000395495533907548537
6.6200000000000001066 0.00059526686586403487929 -0.00040098593367227558558
6.6299999999999998934 0.00060507950642481192829 -0.00034870878247879192116
6.6400000000000005684 0.0006152248095343583207 -0.00035084249955553054078
6.6500000000000003553 0.00062572012547032745261 -0.00038737548465004028458
6.6600000000000001421 0.00063658404195305695692 -0.00036419014594142124159
6.6699999999999999289 0.00064783649734850672075 -0.00038145129086147692987
6.6799999999999997158 0.00065949890663277396276 -0.00037108186765935305016
6.6900000000000003908 0.00067159430184332992008 -0.00040320619884809822666
6.7000000000000001776 0.00068414748901634246919 -0.00036368410591169024861
6.7099999999999999645 0.00069718522393422317513 -0.0003907421163869846518
6.7199999999999997513 0.00071073640939342422416 -0.00038827012978057010104
6.7300000000000004263 0.00072483231716288798203 -0.00040436893405823576145
6.7400000000000002132 0.00073950683835474219883 -0.00041303476572548421643
6.75 0.00075479676659158162402 -0.0004323304869787275009
6.7599999999999997868 0.00077074211915485095828 -0.00044827583954199683516
6.7700000000000004619 0.00078738650226944115283 -0.00048294629123040464045
6.7800000000000002487 0.00080477752786236027727 -0.00044826200761007288943
6.7900000000000000355 0.00082296729058203908595 -0.00043640832270672240108
6.7999999999999998224 0.00084201291564855475485 -0.00050352346397008497774
6.8100000000000004974 0.0008619771903139195621 -0.00049945298053702619559
6.8200000000000002842 0.00088292929446326384735 -0.00051239349865356276226
6.8300000000000000711 0.00090494564933781766313 -0.0005203895779707028808
6.8399999999999998579 0.00092811090771619377069 -0.00053754614682447300969
6.8500000000000005329 0.00095251911443030581276 -0.00053191090591555580894
6.8600000000000003197 0.00097827507319495424221 -0.00052361762404077097366
6.8700000000000001066 0.0010054959649169129942 -0.00054082406232555039864
6.8799999999999998934 0.0010343132746472934354 -0.00060569348009973560457
6.8900000000000005684 0.0010648751001847624621 -0.00059820030108519790975
6.9000000000000003553 0.0010973489365425357408 -0.00059261907468330355352
6.9100000000000001421 0.001131925059402599798 -0.00060516336505697654324
6.9199999999999999289 0.0011688206712802795117 -0.00067009952804948365139
6.9299999999999997158 0.0012082850342502579263 -0.00064346833535262795006
6.9400000000000003908 0.0012506059108959852785 -0.00068578921199835530219
6.9500000000000001776 0.0012961178181158325168 -0.00067722288439291925162
6.9599999999999999645 0.0013452129973844082801 -0.00077839337287474589036
6.9699999999999997513 0.0013983569791948364473 -0.00073139252927507622005
6.9800000000000004263 0.0014561131175603969461 -0.00069501256085897520839
6.9900000000000002132 0.0015191868560411460158 -0.00070000232970569798915
7 0.001588516232089803859 -0.00069722743145908538942
7.0099999999999997868 0.0016654718572847546521 -0.00057990212446227661774
7.0200000000000004619 0.001752309618871563876 -0.00065071671398347083817
7.0300000000000002487 0.0018531802015879794438 -0.00060737874810934552004
7.0400000000000000355 0.0019762939445401492798 -0.00055624052395177535878
7.0499999999999998224 0.0021383200670315356817 -0.00033170770767167569518
7.0600000000000004974 0.0023727719712622894269 -0.00027173385430057138759
7.0700000000000002842 0.0027448638692387488519 -0.00026327547392632081116
7.0800000000000000711 0.0033757229467103150138 -0.00032330925028714206301
7.0899999999999998579 0.0044781442161633492477 -0.00071069643720824728084
7.1000000000000005329 0.0064032123124087032134 -0.0019247363021457370574
7.1100000000000003197 0.0096911050274030574592 -0.0042812822281376727851
7.1200000000000001066 0.015110188869021396602 -0.0082763072636048602704
7.1299999999999998934 0.023658115694737455459 -0.016011058165198585601
7.1400000000000005684 0.036491834353634754196 -0.027230442296692768112
7.1500000000000003553 0.054757253577296181868 -0.043863500778858109663
7.1600000000000001421 0.079310182482599023146 -0.066319397651253941817
7.1699999999999999289 0.11035934894569078557 -0.095720180899275933428
7.1799999999999997158 0.14711121562039083943 -0.13079762551104254231
7.1900000000000003908 0.18753578450166147329 -0.16958983551346223928
7.2000000000000001776 0.22837840841215192866 -0.20956921094160615993
7.2099999999999999645 0.26549749563372870842 -0.2453143105182721273
7.2199999999999997513 0.29451442819977680099 -0.27345798102165141952
7.2300000000000004263 0.31164816258686234285 -0.29038741862612416078
7.2400000000000002132 0.31451882646874851357 -0.29301573374764389168
7.25 0.30268556742011881733 -0.28213385051130629444
7.2599999999999997868 0.27775145848990090425 -0.25817114455402501161
7.2700000000000004619 0.24300156281246898526 -0.22457692147149799222
7.2800000000000002487 0.20268733602283403594 -0.18595914718029901702
7.2900000000000000355 0.16117271279611933288 -0.1463873326934252983
7.2999999999999998224 0.12217727186469021228 -0.10911037748990240481
7.3100000000000004974 0.088290299678768766056 -0.077124153653707158695
7.3200000000000002842 0.060820654074221616736 -0.051234792957573896399
7.3300000000000000711 0.039939096458506913312 -0.032221937347454161771
7.3399999999999998579 0.025000530466875541674 -0.018969810273936498629
7.3500000000000005329 0.014917629045834823742 -0.010168762152483745709
7.3600000000000003197 0.0084848951617222355404 -0.0047134415315430687465
7.3700000000000001066 0.0046003021127312528418 -0.0019384529734729877802
7.3799999999999998934 0.0023774806588755617066 -0.0003104916952417855619
7.3900000000000005684 0.0011712142425026211313 0.0004331056568403328106
7.4000000000000003553 0.00054997464150641694677 0.00048552264950718106162
7.4100000000000001421 0.00024616962174933514334 0.00043481507462400832437
7.4199999999999999289 0.00010502929131220608801 0.00039369185191858975872
7.4299999999999997158 4.2713924691463688022e-05 0.00032982476762643929283
7.4400000000000003908 1.6558104190715777646e-05 0.00017371703498463963306
7.4500000000000001776 6.1183311711716165322e-06 0.00013608729180733687963
7.4599999999999999645 2.1549432299151330319e-06 7.9963799054449865309e-05
7.4699999999999997513 7.2346662900003568779e-07 5.5357628324697134229e-05
7.4800000000000004263 2.3151567362628072764e-07 3.3817721327828175219e-05
7.4900000000000002132 7.0618906624477841268e-08 2.1961239045618242548e-05
7.5 2.0532404115527122681e-08 9.9939483179048522392e-06
7.5099999999999997868 5.690316399811420131e-09 1.9972059644284696565e-06
7.5200000000000004619 1.5031781040784805858e-09 4.0042893835524840792e-06
7.5300000000000002487 3.7849620867228046408e-10 2.002517784619608435e-06
7.5400000000000000355 9.0842562833409139331e-11 -9.0842562833409139331e-11
7.5499999999999998224 2.0782303715611942052e-11 4.0057717793528468774e-06
7.5600000000000004974 4.5318361589736547419e-12 -4.5318361589736547419e-12
7.5700000000000002842 9.4195613135619167924e-13 -9.4195613135619167924e-13
7.5800000000000000711 1.8662202570350610394e-13 -1.8662202570350610394e-13
7.5899999999999998579 3.524282100160471983e-14 -3.524282100160471983e-14
7.6000000000000005329 6.3438628655650839238e-15 2.0028962744844178829e-06
7.6100000000000003197 1.0884590493138301616e-15 -1.0884590493138301616e-15
7.6200000000000001066 1.7801042198752176896e-16 -1.7801042198752176896e-16
7.6299999999999998934 2.7749403079160338054e-17 -2.7749403079160338054e-17
7.6400000000000005684 4.1232209231921877013e-18 -4.1232209231921877013e-18
7.6500000000000003553 5.839749011138033989e-19 -5.839749011138033989e-19
7.6600000000000001421 7.8836304377915198312e-20 -7.8836304377915198312e-20
7.6699999999999999289 1.0144548486431681624e-20 -1.0144548486431681624e-20
7.6799999999999997158 1.2442666838957964692e-21 -1.2442666838957964692e-21
7.6900000000000003908 1.4546831651995594771e-22 -1.4546831651995594771e-22
7.7000000000000001776 1.6210538885331760703e-23 -1.6210538885331760703e-23
7.7099999999999999645 1.721870582857770394e-24 -1.721870582857770394e-24
7.7199999999999997513 1.7433215380313657682e-25 -1.7433215380313657682e-25
7.7300000000000004263 1.682396458128679396e-26 -1.682396458128679396e-26
7.7400000000000002132 1.5475795597032623642e-27 -1.5475795597032623642e-27
7.75 1.3569109528952964564e-28 -1.3569109528952964564e-28
7.7599999999999997868 1.1340269406537246486e-29 2.0028962808282808822e-06
7.7700000000000004619 9.033769344007974944e-31 -9.033769344007974944e-31
7.7800000000000002487 6.8594322184812279219e-32 -6.8594322184812279219e-32
7.7900000000000000355 4.9645607901185815415e-33 -4.9645607901185815415e-33
7.7999999999999998224 3.4248924590792764817e-34 -3.4248924590792764817e-34
7.8100000000000004974 2.2520936208417849616e-35 -2.2520936208417849616e-35
7.8200000000000002842 1.4115598311661675213e-36 -1.4115598311661675213e-36
7.8300000000000000711 8.4330650119706907364e-38 -8.4330650119706907364e-38
7.8399999999999998579 4.8022511738338835319e-39 -4.8022511738338835319e-39
7.8500000000000005329 2.6066187875641874357e-40 -2.6066187875641874357e-40
7.8600000000000003197 1.3486006378365216149e-41 2.0028962808282808822e-06
7.8700000000000001066 6.6506233805903078726e-43 -6.6506233805903078726e-43
7.8799999999999998934 3.1261835220504703343e-44 -3.1261835220504703343e-44
7.8900000000000005684 1.4006824046118657504e-45 -1.4006824046118657504e-45
7.9000000000000003553 5.9818832764133383972e-47 -5.9818832764133383972e-47
7.9100000000000001421 2.4350575199574593531e-48 -2.4350575199574593531e-48
7.9199999999999999289 9.4482965278930818647e-50 -9.4482965278930818647e-50
7.930000000000000604 3.4943852126951013055e-51 -3.4943852126951013055e-51
7.9400000000000003908 1.2318589715068208602e-52 2.0028962808282808822e-06
7.9500000000000001776 4.1392735266268141468e-54 -4.1392735266268141468e-54
7.9599999999999999645 1.3257454965933813049e-55 -1.3257454965933813049e-55
7.9699999999999997513 4.0473342488544359061e-57 -4.0473342488544359061e-57
7.9800000000000004263 1.1777438324958580181e-58 -1.1777438324958580181e-58
7.9900000000000002132 3.2666713181812854855e-60 -3.2666713181812854855e-60
8 8.6364020965319428023e-62 2.0028962808282808822e-06
8.0099999999999997868 2.1763716681808947318e-63 -2.1763716681808947318e-63
8.0199999999999995737 5.2276445369813753462e-65 -5.2276445369813753462e-65
8.0299999999999993605 1.1968832608116653806e-66 -1.1968832608116653806e-66
8.0400000000000009237 2.6119825907366272876e-68 -2.6119825907366272876e-68
8.0500000000000007105 5.4332725006658481287e-70 -5.4332725006658481287e-70
8.0600000000000004974 1.0772720814897723601e-71 -1.0772720814897723601e-71
8.0700000000000002842 2.0359261258431257859e-73 -2.0359261258431257859e-73
8.0800000000000000711 3.6675099786228458544e-75 -3.6675099786228458544e-75
8.0899999999999998579 6.2972836618790116775e-77 -6.2972836618790116775e-77
8.0999999999999996447 1.0306420530347078544e-78 -1.0306420530347078544e-78
8.1099999999999994316 1.6078113779398080904e-80 -1.6078113779398080904e-80
8.1200000000000009948 2.3907543796559441955e-82 -2.3907543796559441955e-82
8.1300000000000007816 3.3884995588431545718e-84 -3.3884995588431545718e-84
8.1400000000000005684 4.5777545797682439479e-86 -4.5777545797682439479e-86
8.1500000000000003553 5.8948148025504236713e-88 -5.8948148025504236713e-88
8.1600000000000001421 7.2353642715005014113e-90 -7.2353642715005014113e-90
8.1699999999999999289 8.4649266954983608006e-92 -8.4649266954983608006e-92
8.1799999999999997158 9.4397079158106416029e-94 -9.4397079158106416029e-94
8.1899999999999995026 1.0033823461283192071e-95 -1.0033823461283192071e-95
8.1999999999999992895 1.0165924708674570344e-97 2.0028962808282808822e-06
8.2100000000000008527 9.8174759641195364735e-100 -9.8174759641195364735e-100
8.2200000000000006395 9.0370215855366660032e-102 -9.0370215855366660032e-102
8.2300000000000004263 7.9290891105916824244e-104 -7.9290891105916824244e-104
8.2400000000000002132 6.6312251690680047242e-106 -6.6312251690680047242e-106
8.25 5.2861166198622742746e-108 -5.2861166198622742746e-108
8.2599999999999997868 4.0165408256692949501e-110 -4.0165408256692949501e-110
8.2699999999999995737 2.9089757684327883381e-112 -2.9089757684327883381e-112
8.2799999999999993605 2.008170052209609219e-114 -2.008170052209609219e-114
8.2900000000000009237 1.3213970280488693882e-116 -1.3213970280488693882e-116
8.3000000000000007105 8.2877876463390060989e-119 -8.2877876463390060989e-119
8.3100000000000004974 4.9546883940313671224e-121 -4.9546883940313671224e-121
8.3200000000000002842 2.8233616634285222858e-123 -2.8233616634285222858e-123
8.3300000000000000711 1.5335188160641210448e-125 -1.5335188160641210448e-125
8.3399999999999998579 7.9393349895541934731e-128 -7.9393349895541934731e-128
8.3499999999999996447 3.9178838809851770829e-130 -3.9178838809851770829e-130
8.3599999999999994316 1.8428560080600664407e-132 -1.8428560080600664407e-132
8.3700000000000009948 8.2623511555272844909e-135 -8.2623511555272844909e-135
8.3800000000000007816 3.5309233684264055864e-137 -3.5309233684264055864e-137
8.3900000000000005684 1.4382862449128853834e-139 -1.4382862449128853834e-139
8.4000000000000003553 5.5843772341771616151e-142 -5.5843772341771616151e-142
8.4100000000000001421 2.0666957636394402486e-144 -2.0666957636394402486e-144
8.4199999999999999289 7.2903893975399057958e-147 -7.2903893975399057958e-147
8.4299999999999997158 2.451304553708778354e-149 -2.451304553708778354e-149
8.4399999999999995026 7.8562660656554612672e-152 -7.8562660656554612672e-152
8.4499999999999992895 2.3999790692671796459e-154 -2.3999790692671796459e-154
8.4600000000000008527 6.9882925932792420806e-157 -6.9882925932792420806e-157
8.4700000000000006395 1.9395771386898855654e-159 -1.9395771386898855654e-159
8.4800000000000004263 5.1311578918736133789e-162 -5.1311578918736133789e-162
8.4900000000000002132 1.2938860838260972325e-164 -1.2938860838260972325e-164
8.5 3.1099187447575839946e-167 -3.1099187447575839946e-167
8.5099999999999997868 7.1248278386294529912e-170 -7.1248278386294529912e-170
8.5199999999999995737 1.5558654460302579418e-172 2.0028962808282808822e-06
8.5299999999999993605 3.2384859784304928803e-175 -3.2384859784304928803e-175
8.5400000000000009237 6.4251656168581826989e-178 -6.4251656168581826989e-178
8.5500000000000007105 1.215063426121365786e-180 -1.215063426121365786e-180
8.5600000000000004974 2.1902106337798583352e-183 -2.1902106337798583352e-183
8.5700000000000002842 3.763094517372670034e-186 -3.763094517372670034e-186
8.5800000000000000711 6.1627801521931325575e-189 -6.1627801521931325575e-189
8.5899999999999998579 9.6201207989066785127e-192 -9.6201207989066785127e-192
8.5999999999999996447 1.4313856990611036314e-194 -1.4313856990611036314e-194
8.6099999999999994316 2.0300424384916236446e-197 -2.0300424384916236446e-197
8.6200000000000009948 2.744263767102531995e-200 -2.744263767102531995e-200
8.6300000000000007816 3.5360538836304244533e-203 -3.5360538836304244533e-203
8.6400000000000005684 4.3429435260537648497e-206 -4.3429435260537648497e-206
8.6500000000000003553 5.0841899931911466975e-209 -5.0841899931911466975e-209
8.6600000000000001421 5.6732463161520221613e-212 -5.6732463161520221613e-212
8.6699999999999999289 6.0341177931147209226e-215 -6.0341177931147209226e-215
8.6799999999999997158 6.1174186218007371603e-218 -6.1174186218007371603e-218
8.6899999999999995026 5.9114618019524414364e-221 -5.9114618019524414364e-221
8.7000000000000010658 5.4449493183462877769e-224 -5.4449493183462877769e-224
8.7100000000000008527 4.7804090524906602232e-227 -4.7804090524906602232e-227
8.7200000000000006395 4.0004471773612783696e-230 -4.0004471773612783696e-230
8.7300000000000004263 3.1909814495951252909e-233 -3.1909814495951252909e-233
8.7400000000000002132 2.426119984025735179e-236 -2.426119984025735179e-236
8.75 1.7582172017838536123e-239 -1.7582172017838536123e-239
8.7599999999999997868 1.2145209922953237289e-242 -1.2145209922953237289e-242
8.7699999999999995737 7.9966810745528681083e-246 -7.9966810745528681083e-246
8.7799999999999993605 5.01864841938234724e-249 -5.01864841938234724e-249
8.7900000000000009237 3.0021750622486260275e-252 -3.0021750622486260275e-252
8.8000000000000007105 1.7118176341039688691e-255 -1.7118176341039688691e-255
8.8100000000000004974 9.3036040342440433912e-259 -9.3036040342440433912e-259
8.8200000000000002842 4.8196686112681720601e-262 -4.8196686112681720601e-262
8.8300000000000000711 2.3798817212312184155e-265 -2.3798817212312184155e-265
8.8399999999999998579 1.1201232239583798299e-268 -1.1201232239583798299e-268
8.8499999999999996447 5.0251434183281238196e-272 -5.0251434183281238196e-272
8.8599999999999994316 2.1488363870830722118e-275 -2.1488363870830722118e-275
8.8700000000000009948 8.7585147321396173646e-279 -8.7585147321396173646e-279
8.8800000000000007816 3.4027481390469121541e-282 -3.4027481390469121541e-282
8.8900000000000005684 1.2600894298154533795e-285 -1.2600894298154533795e-285
8.9000000000000003553 4.4477990019133718335e-289 -4.4477990019133718335e-289
8.9100000000000001421 1.4964463690534031327e-292 -1.4964463690534031327e-292
8.9199999999999999289 4.7989848403693038973e-296 -4.7989848403693038973e-296
8.9299999999999997158 1.4669314337460089487e-299 -1.4669314337460089487e-299
8.9399999999999995026 4.2740782154554324364e-303 -4.2740782154554324364e-303
8.9500000000000010658 1.1869907324962151682e-306 -1.1869907324962151682e-306
8.9600000000000008527 3.1421318234738203551e-310 -3.1421318234738203551e-310
8.9700000000000006395 7.9281833096175321957e-314 -7.9281833096175321957e-314
8.9800000000000004263 1.9067559461111020891e-317 -1.9067559461111020891e-317
8.9900000000000002132 4.372480965695031916e-321 -4.372480965695031916e-321
9 0 0
9.0099999999999997868 0 0
9.0199999999999995737 0 0
9.0299999999999993605 0 0
9.0400000000000009237 0 0
9.0500000000000007105 0 0
9.0600000000000004974 0 0
9.0700000000000002842 0 0
9.0800000000000000711 0 0
9.0899999999999998579 0 0
9.0999999999999996447 0 0
9.1099999999999994316 0 0
9.1200000000000009948 0 0
9.1300000000000007816 0 0
9.1400000000000005684 0 0
9.1500000000000003553 0 0
9.1600000000000001421 0 0
9.1699999999999999289 0 0
9.1799999999999997158 0 0
9.1899999999999995026 0 0
9.2000000000000010658 0 0
9.2100000000000008527 0 0
9.2200000000000006395 0 0
9.2300000000000004263 0 0
9.2400000000000002132 0 0
9.25 0 0
9.2599999999999997868 0 0
9.2699999999999995737 0 0
9.2799999999999993605 0 0
9.2900000000000009237 0 2.0028962808282808822e-06
9.3000000000000007105 0 0
9.3100000000000004974 0 0
9.3200000000000002842 0 0
9.3300000000000000711 0 0
9.3399999999999998579 0 0
9.3499999999999996447 0 0
9.3599999999999994316 0 0
9.3700000000000009948 0 0
9.3800000000000007816 0 0
9.3900000000000005684 0 0
9.4000000000000003553 0 0
9.4100000000000001421 0 0
9.4199999999999999289 0 0
9.4299999999999997158 0 0
9.4399999999999995026 0 0
9.4500000000000010658 0 0
9.4600000000000008527 0 0
9.4700000000000006395 0 0
9.4800000000000004263 0 0
9.4900000000000002132 0 0
9.5 0 0
9.5099999999999997868 0 0
9.5199999999999995737 0 0
9.5299999999999993605 0 0
9.5400000000000009237 0 0
9.5500000000000007105 0 0
9.5600000000000004974 0 0
9.5700000000000002842 0 0
9.5800000000000000711 0 0
9.5899999999999998579 0 0
9.5999999999999996447 0 0
9.6099999999999994316 0 0
9.6200000000000009948 0 0
9.6300000000000007816 0 0
9.6400000000000005684 0 0
9.6500000000000003553 0 0
9.6600000000000001421 0 0
9.6699999999999999289 0 0
9.6799999999999997158 0 0
9.6899999999999995026 0 0
9.7000000000000010658 0 0
9.7100000000000008527 0 0
9.7200000000000006395 0 0
9.7300000000000004263 0 0
9.7400000000000002132 0 0
9.75 0 0
9.7599999999999997868 0 0
9.7699999999999995737 0 0
9.7799999999999993605 0 0
9.7900000000000009237 0 0
9.8000000000000007105 0 0
9.8100000000000004974 0 0
9.8200000000000002842 0 0
9.8300000000000000711 0 0
9.8399999999999998579 0 0
9.8499999999999996447 0 0
9.8599999999999994316 0 0
9.8700000000000009948 0 0
9.8800000000000007816 0 0
9.8900000000000005684 0 0
9.9000000000000003553 0 0
9.9100000000000001421 0 0
9.9199999999999999289 0 0
9.9299999999999997158 0 0
9.9399999999999995026 0 0
9.9500000000000010658 0 0
9.9600000000000008527 0 2.0028962808282808822e-06
9.9700000000000006395 0 0
9.9800000000000004263 0 0
9.9900000000000002132 0 0
10 0 0
10.009999999999999787 0 0
10.019999999999999574 0 0
10.029999999999999361 0 0
10.040000000000000924 0 0
10.050000000000000711 0 0
10.060000000000000497 0 0
10.070000000000000284 0 0
10.080000000000000071 0 0
10.089999999999999858 0 0
10.099999999999999645 0 2.0028962808282808822e-06
10.109999999999999432 0 0
10.120000000000000995 0 0
10.130000000000000782 0 0
10.140000000000000568 0 0
10.150000000000000355 0 0
10.160000000000000142 0 0
10.169999999999999929 0 0
10.179999999999999716 0 0
10.189999999999999503 0 0
10.200000000000001066 0 0
10.210000000000000853 0 0
10.220000000000000639 0 0
10.230000000000000426 0 0
