0 7.212864665303501726e-98 -7.212864665303501726e-98
0.010000000000000000208 7.1058658810738611866e-96 -7.1058658810738611866e-96
0.020000000000000000416 6.6591664710324840151e-94 -6.6591664710324840151e-94
0.02999999999999999889 5.9363268962427011239e-92 -5.9363268962427011239e-92
0.040000000000000000833 5.0339893273014898146e-90 -5.0339893273014898146e-90
0.050000000000000002776 4.0607368168691369545e-88 -4.0607368168691369545e-88
0.05999999999999999778 3.1159970831517486373e-86 -3.1159970831517486373e-86
0.070000000000000006661 2.2745239765428101896e-84 -2.2745239765428101896e-84
0.080000000000000001665 1.5793811870569702175e-82 -1.5793811870569702175e-82
0.089999999999999996669 1.0432493262895270228e-80 -1.0432493262895270228e-80
0.10000000000000000555 6.5553484990239838762e-79 -6.5553484990239838762e-79
0.11000000000000000056 3.918427808184954452e-77 -3.918427808184954452e-77
0.11999999999999999556 2.2281183213650672525e-75 -2.2281183213650672525e-75
0.13000000000000000444 1.2052496046689932278e-73 -1.2052496046689932278e-73
0.14000000000000001332 6.2019774367877504349e-72 -6.2019774367877504349e-72
0.14999999999999999445 3.0359874318408505342e-70 0.00011017760698450730606
0.16000000000000000333 1.4138020589034171732e-68 8.4135623183101415634e-05
0.17000000000000001221 6.2632311476813694364e-67 9.4151771918404847383e-05
0.17999999999999999334 2.639562123094247026e-65 0.00011618729331530630589
0.19000000000000000222 1.0582577993501669696e-63 0.00010416792065370830624
0.2000000000000000111 4.0362665259119108245e-62 0.00010016145824920390142
0.20999999999999999223 1.4645347983933812057e-60 0.00010416792065370830624
0.22000000000000000111 5.0553811015931719079e-59 0.00010617114458000290124
0.23000000000000000999 1.6601426860049073542e-57 0.00010617114458000290124
0.23999999999999999112 5.1865352340745918963e-56 0.00014423250104300680487
0.25 1.5415331612275009716e-54 0.0001141840621130540967
0.26000000000000000888 4.3588848522457540172e-53 0.0001121808381867595017
0.27000000000000001776 1.1725960274721902652e-51 0.00016426479851361358705
0.28000000000000002665 3.0010664135598956959e-50 0.00010617114458000290124
0.28999999999999998002 7.3073649151133239536e-49 9.8158234322909265757e-05
0.2999999999999999889 1.6928091527136214865e-47 0.00012019375571981069715
0.30999999999999999778 3.7309670628523510533e-46 8.0129168054554611444e-05
0.32000000000000000666 7.8235785102804705555e-45 0.00013020989717915648761
0.33000000000000001554 1.5608626933961315941e-43 0.00012420020357239988716
0.34000000000000002442 2.9628114844327999078e-42 8.8142085587605834007e-05
0.35000000000000003331 5.3509202759527367865e-41 0.00010817437578225509688
0.35999999999999998668 9.1948239683388340375e-40 0.00012620343477465209635
0.36999999999999999556 1.5033304206734702395e-38 0.00013822282198816540568
0.38000000000000000444 2.3386620203722973139e-37 0.00012219698692206290634
0.39000000000000001332 3.4616940930187948304e-36 0.00013221312838140880522
0.4000000000000000222 4.8755618552975392881e-35 0.00016426479851361358705
0.41000000000000003109 6.5340480835783940155e-34 0.00016426479851361358705
0.41999999999999998446 8.3323777851068817348e-33 0.00019030677503906190395
0.42999999999999999334 1.011095701002490743e-31 0.00016426479851361358705
0.44000000000000000222 1.1675094967270683697e-30 0.00021234228916000569406
0.4500000000000000111 1.2828682872434193129e-29 0.00018229386478196829557
0.46000000000000001998 1.3414249165069382403e-28 0.00017628417117521169512
0.47000000000000002887 1.3348210417050107881e-27 0.00023638104903511700304
0.47999999999999998224 1.2640446813380014764e-26 0.0002023261477006599036
0.48999999999999999112 1.1391882627116993127e-25 0.00018229386478196829557
0.5 9.770886621850773301e-25 0.00021033907250966879456
0.51000000000000000888 7.9760950145380772181e-24 0.00018830354383680969477
0.52000000000000001776 6.1969480637927319806e-23 0.00019431323744356629522
0.53000000000000002665 4.5825881273625278934e-22 0.00023037135542836040258
0.54000000000000003553 3.2255551296471002176e-21 0.00023838428023736921223
0.55000000000000004441 2.1611013105621153265e-20 0.0002443939738441259211
0.56000000000000005329 1.3782891611497779807e-19 0.00026041979435831292102
0.57000000000000006217 8.367948014354001369e-19 0.00023838428023736837197
0.57999999999999996003 4.8365016208326610489e-18 0.00019431323744356147052
0.58999999999999996891 2.6613337737671907913e-17 0.00023437781783283817669
0.5999999999999999778 1.3942693300959237567e-16 0.00019831968529601608393
0.60999999999999998668 6.9550291518353699823e-16 0.00019831968529545999664
0.61999999999999999556 3.3035735696323670587e-15 0.00020633261010186073085
0.63000000000000000444 1.4942799236209385988e-14 0.00021634875154956739415
0.64000000000000001332 6.4368853490497548057e-14 0.00023037135536399153644
0.6500000000000000222 2.6408959770692873034e-13 0.00024840040688071018862
0.66000000000000003109 1.0320428987161320532e-12 0.00022636489199181312484
0.67000000000000003997 3.8420067222066900653e-12 0.0002263648891818493018
0.68000000000000004885 1.3626352356765019229e-11 0.0002604197807319607043
0.69000000000000005773 4.6048364340918512876e-11 0.00030449080565566683442
0.70000000000000006661 1.4829252694913049007e-10 0.00025440996701094471767
0.70999999999999996447 4.5515389431335815492e-10 0.00025841612255408176512
0.71999999999999997335 1.3316853575601554984e-09 0.00024639585880910521267
0.72999999999999998224 3.7147337970647177749e-09 0.00026442254202902045965
0.73999999999999999112 9.8815229578336929369e-09 0.00027443251669920546657
0.75 2.507194181763098989e-08 0.00031047545881705493082
0.76000000000000000888 6.069175266079855157e-08 0.00027638495222366999283
0.77000000000000001776 1.4020789881296973679e-07 0.00030034418140071386357
0.78000000000000002665 3.0921157008027022035e-07 0.00027813964905658739458
0.79000000000000003553 6.5123419402429444911e-07 0.00033388804188804436937
0.80000000000000004441 1.3103760384815747449e-06 0.00038731609884865101506
0.81000000000000005329 2.5202048182863627106e-06 0.00037408688285533303868
0.82000000000000006217 4.6354248521491951763e-06 0.00032790063457958251334
0.83000000000000007105 8.1587424791328384355e-06 0.00039248709051768255378
0.83999999999999996891 1.3751243058355703722e-05 0.00035283970315591790552
0.8499999999999999778 2.2212424060463068425e-05 0.00038243987134085682348
0.85999999999999998668 3.4418154927992582746e-05 0.00038225352768684055411
0.86999999999999999556 5.1212874417260045444e-05 0.00040352015738461937408
0.88000000000000000444 7.3265799713786902139e-05 0.00034540909955138316811
0.89000000000000001332 0.00010091638016689803725 0.00033979404777113115989
0.9000000000000000222 0.00013404584525476283784 0.00030466133692909884044
0.91000000000000003109 0.00017201338700705801369 0.0002306356917439248669
0.92000000000000003997 0.00021368400830632772159 0.00024104902349555168439
0.93000000000000004885 0.00025755227043331552867 0.00023323889390527318593
0.94000000000000005773 0.00030193927574474331999 0.00018284218043517359289
0.95000000000000006661 0.00034521900818890925667 0.00013755923134067062118
0.95999999999999996447 0.00038602266438723730835 8.4736187928829314383e-05
0.96999999999999997335 0.0004233784000699620468 8.7445047187318302936e-05
0.97999999999999998224 0.00045676498132382278589 1.8000333396748201004e-05
0.98999999999999999112 0.00048608269850982196341 8.0831164202859330081e-05
1 0.00051156468614231445733 1.9291044033657527533e-05
1.0100000000000000089 0.00053366093734376958847 -1.4824565277480401988e-05
1.0200000000000000178 0.00055292522977384514233 -2.2069499597873157466e-05
1.0300000000000000266 0.00056992543306743975381 7.0045711045873572387e-06
1.0400000000000000355 0.0005851854854438855039 1.1776801646833242286e-05
1.0500000000000000444 0.00059915717271099525488 -3.4246526648650942211e-05
1.0600000000000000533 0.00061221400034011338488 4.7805696692969964351e-06
1.0700000000000000622 0.00062465796081494033825 -7.5773164370613699074e-05
1.0800000000000000711 0.0006367314983039325943 -6.3807927432579444882e-05
1.0900000000000000799 0.0006486297289415342629 -6.5690016610835295918e-05
1.1000000000000000888 0.00066051063188588487411 -0.00010962261879122125411
1.1100000000000000977 0.00067250278395105452401 6.5919096724286569897e-06
1.1200000000000001066 0.0006847111455294080341 -3.5664876283962305796e-05
1.1300000000000001155 0.00069722163237528650588 -2.1010891337856513889e-06
1.1400000000000001243 0.00071010504559281169019 -8.9748524002998932361e-06
1.1500000000000001332 0.00072342065319389535754 7.7580225843148055767e-06
1.1599999999999999201 0.00073721948614982092413 -4.8108651066991925567e-05
1.1699999999999999289 0.00075154729133100747415 -0.00010650751359389662096
1.1799999999999999378 0.00076644706418844900549 -3.526838841023884237e-05
1.1899999999999999467 0.00078196112495531526314 -9.0847073222149283753e-05
1.1999999999999999556 0.00079813276098825614198 -6.0944435259035036404e-05
1.2099999999999999645 0.00081500750571377714084 -9.9854679553584651218e-05
1.2199999999999999734 0.00083263414964432564194 -6.3394124679069189382e-05
1.2299999999999999822 0.00085106558222198375706 -8.5832048765062179604e-05
1.2399999999999999911 0.00087035955242725576101 -6.3058178274953019006e-05
1.25 0.00089057941967760935464 -0.00011132325325300708452
1.2600000000000000089 0.00091179495091083418313 -8.4461293839839805993e-05
1.2700000000000000178 0.00093408320834016981757 -2.2613928086074024798e-05
1.2800000000000000266 0.00095752956626611964754 -2.4024728235334325346e-05
1.2900000000000000355 0.00098222889430144228254 -0.00013486295431175627027
1.3000000000000000444 0.0010082869477708808221 -9.6817667516785029316e-05
1.3100000000000000533 0.0010358220134169626812 -0.00018044314861826783215
1.3200000000000000622 0.0010649668698657051638 -0.00025365906241272846017
1.3300000000000000711 0.0010958711381513440951 -0.0001964212160069311007
1.3400000000000000799 0.0011287041192182690596 -0.00019720255604548163168
1.3500000000000000888 0.0011636582448361738277 -0.00017205977469965058092
1.3600000000000000977 0.0012009533092090889355 -0.00023940326345060314144
1.3700000000000001066 0.0012408417064335834114 -0.000145075388402928461
1.3800000000000001155 0.0012836149841759293168 -0.00021990024896598723593
1.3900000000000001243 0.0013296121573733732119 -0.00027991999692345112712
1.4000000000000001332 0.001379230454527019924 -0.00022537044618296591877
1.4099999999999999201 0.0014329396069751895552 -0.00032315059776919256504
1.4199999999999999289 0.0014913017179306617497 -0.00019120602099709379205
1.4299999999999999378 0.0015550008338779044027 -0.00027894385316370247548
1.4399999999999999467 0.0016248911121074954313 -0.00027671786631987445315
1.4499999999999999556 0.0017020831488783743236 -0.00016360309894786141845
1.4599999999999999645 0.0017881107276472574252 -0.00021156938673735936098
1.4699999999999999734 0.0018852651832530263696 4.184134156461961386e-05
1.4799999999999999822 0.0019972657332872180772 0.00011013145421397401574
1.4899999999999999911 0.002130564251673100918 0.0002693043130071182123
1.5 0.0022967593145266623073 0.00053380356573607063222
1.5100000000000000089 0.0025167716664025304926 0.0007384757048687225732
1.5200000000000000178 0.0028274879275076926673 0.00075027947815126724146
1.5300000000000000266 0.0032912856831413986151 0.0009996312738197563226
1.5400000000000000355 0.004007914358941461197 0.0010622588226519569243
1.5500000000000000444 0.0051263931401095003126 0.00059883601888803539293
1.5600000000000000533 0.0068520028648875169058 0.00064007420633216578765
1.5700000000000000622 0.009440842654019376487 -0.00014385544827558681413
1.5800000000000000711 0.013173331907549580555 -0.00088752753154345068176
1.5900000000000000799 0.018300457979487504134 -0.0016856744242182628013
1.6000000000000000888 0.024963958746613921363 -0.001880748755158839769
1.6100000000000000977 0.033103492090427011352 -0.0019252318683496416618
1.6200000000000001066 0.042376663999921765358 -0.0022920486501521730727
1.6300000000000001155 0.05212538304357069302 -0.0012754126134349660915
1.6400000000000001243 0.061417945429265444202 -0.0014152198578714775268
1.6500000000000001332 0.069177667387165991952 -0.00034671533886429517501
1.6600000000000001421 0.074379673775272908687 -0.0014701472483449606887
1.6699999999999999289 0.076268378852205054308 -0.0034269580825135870228
1.6799999999999999378 0.07453270237737413817 -0.005335159411961998277
1.6899999999999999467 0.069383431576085521919 -0.0084612261279348940923
1.6999999999999999556 0.061506755350681494021 -0.010242115406843374514
1.7099999999999999645 0.051908556074695848259 -0.011906072200136445793
1.7199999999999999734 0.041698718127974342129 -0.012265272122987582598
1.7299999999999999822 0.031879555383723071071 -0.011296374673049742327
1.7399999999999999911 0.023193162488981500929 -0.009851655545874851358
1.75 0.016055677622120078513 -0.0078504509995982012238
1.7600000000000000089 0.01057520547122116697 -0.0058375684654748023761
1.7700000000000000178 0.0066269990129045087957 -0.0041710399163535673284
1.7800000000000000266 0.0039508796924444420859 -0.0025105578986647112891
1.7900000000000000355 0.0022408039959022569079 -0.0016238094258928465266
1.8000000000000000444 0.0012090219139447853144 -0.00089852138318591268616
1.8100000000000000533 0.00062054592929501953269 -0.0004362488478627142563
1.8200000000000000622 0.00030298008236120482729 -0.00025289935323660289691
1.8300000000000000711 0.00014071711896797311526 -0.00010866545247374703211
1.8400000000000000799 6.2167863222766490765e-05 -5.2151717215947164335e-05
1.8500000000000000888 2.6125551214446568959e-05 -2.2119092902668308564e-05
1.8600000000000000977 1.0443369145004455418e-05 -8.4401399891153252209e-06
1.8700000000000001066 3.9708840556715851446e-06 -1.9676548997824549472e-06
1.8800000000000001155 1.436155581420473959e-06 5.6707357446865623847e-07
1.8900000000000001243 4.9406060684253328943e-07 -4.9406060684253328943e-07
1.9000000000000001332 1.6166668946473642985e-07 1.8415624664243938735e-06
1.9100000000000001421 5.0317597415395136521e-08 -5.0317597415395136521e-08
1.9199999999999999289 1.4896217748418576855e-08 -1.4896217748418576855e-08
1.9299999999999999378 4.1945643895030761611e-09 -4.1945643895030761611e-09
1.9399999999999999467 1.1234419513350163635e-09 -1.1234419513350163635e-09
1.9499999999999999556 2.8619740341382143658e-10 -2.8619740341382143658e-10
1.9599999999999999645 6.9347457362490613775e-11 4.0063889643208980859e-06
1.9699999999999999734 1.5982468449377379546e-11 -1.5982468449377379546e-11
1.9799999999999999822 3.5035184743907991772e-12 2.0032256523706557172e-06
1.9899999999999999911 7.3048466087314788085e-13 -7.3048466087314788085e-13
2 1.4486481247686095723e-13 2.0032290110243179298e-06
2.0100000000000002309 2.7324920473436363107e-14 -2.7324920473436363107e-14
2.0200000000000000178 4.9022814644947584416e-15 2.0032291509868486647e-06
2.0300000000000002487 8.3652732624955438746e-16 -8.3652732624955438746e-16
2.0400000000000000355 1.3577001081352351582e-16 -1.3577001081352351582e-16
2.0499999999999998224 2.0958912059307108817e-17 2.0032291558681712142e-06
2.0600000000000000533 3.0773306503314122619e-18 2.0032291558860529268e-06
2.0699999999999998401 4.2975363639864625433e-19 -4.2975363639864625433e-19
2.0800000000000000711 5.7082685403170538971e-20 -5.7082685403170538971e-20
2.0899999999999998579 7.2115426084370512664e-21 -7.2115426084370512664e-21
2.1000000000000000888 8.6654362550762531433e-22 2.0032291558891293504e-06
2.1099999999999998757 9.903546351922033009e-23 -9.903546351922033009e-23
2.1200000000000001066 1.0765363302624020962e-23 -1.0765363302624020962e-23
2.1299999999999998934 1.1130224150964635124e-24 -1.1130224150964635124e-24
2.1400000000000001243 1.0945007019397100651e-25 2.0032291558891301975e-06
2.1499999999999999112 1.0236812759278505535e-26 -1.0236812759278505535e-26
2.1600000000000001421 9.1064633517315352543e-28 2.0032291558891301975e-06
2.1699999999999999289 7.7049655946244947967e-29 -7.7049655946244947967e-29
2.1800000000000001599 6.2005092777484499921e-30 2.0032291558891301975e-06
2.1899999999999999467 4.7459095457864555521e-31 2.0032291558891301975e-06
2.2000000000000001776 3.4549895792229177406e-32 -3.4549895792229177406e-32
2.2099999999999999645 2.3922633357187858429e-33 -2.3922633357187858429e-33
2.2200000000000001954 1.5754548562675155187e-34 -1.5754548562675155187e-34
2.2299999999999999822 9.8681892529148570375e-36 2.0032291558891301975e-06
2.2400000000000002132 5.8789979119188628567e-37 2.0032291558891301975e-06
2.25 3.3312197570625367873e-38 -3.3312197570625367873e-38
2.2600000000000002309 1.7953007993737561157e-39 2.0032291558891301975e-06
2.2700000000000000178 9.2024816107145623922e-41 -9.2024816107145623922e-41
2.2800000000000002487 4.4864860755696434698e-42 -4.4864860755696434698e-42
2.2900000000000000355 2.0803728068288939169e-43 -2.0803728068288939169e-43
2.3000000000000002665 9.1750691118317740958e-45 -9.1750691118317740958e-45
2.3100000000000000533 3.8486703350154405887e-46 -3.8486703350154405887e-46
2.3199999999999998401 1.5354834485495936786e-47 -1.5354834485495936786e-47
2.3300000000000000711 5.8265636905852861078e-49 -5.8265636905852861078e-49
2.3399999999999998579 2.1028711699956096919e-50 -2.1028711699956096919e-50
2.3500000000000000888 7.2184762121873232497e-52 -7.2184762121873232497e-52
2.3599999999999998757 2.3567362121478745075e-53 -2.3567362121478745075e-53
2.3700000000000001066 7.3182778887072003261e-55 -7.3182778887072003261e-55
2.3799999999999998934 2.161420130817140855e-56 -2.161420130817140855e-56
2.3900000000000001243 6.0715805907821087521e-58 -6.0715805907821087521e-58
2.3999999999999999112 1.6221705716407468252e-59 -1.6221705716407468252e-59
2.4100000000000001421 4.1221459591969755722e-61 -4.1221459591969755722e-61
2.4199999999999999289 9.9628185005680035512e-63 -9.9628185005680035512e-63
2.4300000000000001599 2.2901978083082310193e-64 -2.2901978083082310193e-64
2.4399999999999999467 5.0072077892464597749e-66 -5.0072077892464597749e-66
2.4500000000000001776 1.0412379778043843401e-67 4.0064583117782603949e-06
2.4599999999999999645 2.0593780459178411073e-69 -2.0593780459178411073e-69
2.4700000000000001954 3.8739479272587591041e-71 -3.8739479272587591041e-71
2.4799999999999999822 6.9311138394253340464e-73 -6.9311138394253340464e-73
2.4900000000000002132 1.1794615082632770037e-74 -1.1794615082632770037e-74
2.5 1.9089560779467393425e-76 2.0032291558891301975e-06
2.5100000000000002309 2.9385931513563159295e-78 -2.9385931513563159295e-78
2.5200000000000000178 4.3024347353887303316e-80 -4.3024347353887303316e-80
2.5300000000000002487 5.9912903388502006148e-82 -5.9912903388502006148e-82
2.5400000000000000355 7.9351955147038805094e-84 2.0032291558891301975e-06
2.5500000000000002665 9.995995108876513742e-86 -9.995995108876513742e-86
2.5600000000000000533 1.1976378808555992771e-87 -1.1976378808555992771e-87
2.5699999999999998401 1.3647592594787555767e-89 -1.3647592594787555767e-89
2.5800000000000000711 1.4791682051803474489e-91 2.0032291558891301975e-06
2.5899999999999998579 1.5247899404602868634e-93 4.0064583117782603949e-06
2.6000000000000000888 1.4949730706029192901e-95 -1.4949730706029192901e-95
2.6099999999999998757 1.3940796062849028099e-97 -1.3940796062849028099e-97
2.6200000000000001066 1.2364386976669639077e-99 2.0032291558891301975e-06
2.6299999999999998934 1.0430097630863648989e-101 -1.0430097630863648989e-101
2.6400000000000001243 8.3682546649846658989e-104 2.0032291558891301975e-06
2.6499999999999999112 6.3857526821554247123e-106 2.0032291558891301975e-06
2.6600000000000001421 4.6346821459972439543e-108 -4.6346821459972439543e-108
2.6699999999999999289 3.1993255430064202032e-110 2.0032291558891301975e-06
2.6800000000000001599 2.1005232590732703906e-112 4.0064583117782603949e-06
2.6899999999999999467 1.3116776096835988116e-114 -1.3116776096835988116e-114
2.7000000000000001776 7.7903546921774273122e-117 -7.7903546921774273122e-117
2.7099999999999999645 4.4006602586587630746e-119 -4.4006602586587630746e-119
2.7200000000000001954 2.3643344143470594112e-121 2.0032291558891301975e-06
2.7299999999999999822 1.2081765115899705439e-123 -1.2081765115899705439e-123
2.7400000000000002132 5.871948873162716385e-126 -5.871948873162716385e-126
2.75 2.7143416257316133719e-128 -2.7143416257316133719e-128
2.7600000000000002309 1.1933754088412106067e-130 -1.1933754088412106067e-130
2.7700000000000000178 4.9902231998667482857e-133 -4.9902231998667482857e-133
2.7800000000000002487 1.984692096387395271e-135 2.0032291558891301975e-06
2.7900000000000000355 7.5075211874523570604e-138 6.0096876950410660356e-06
2.8000000000000002665 2.7010350813041985826e-140 -2.7010350813041985826e-140
2.8100000000000000533 9.2425985710990791002e-143 -9.2425985710990791002e-143
2.8199999999999998401 3.0080714038481058511e-145 -3.0080714038481058511e-145
2.8300000000000000711 9.3113435824980183754e-148 -9.3113435824980183754e-148
2.8399999999999998579 2.7413639771738079953e-150 -2.7413639771738079953e-150
2.8500000000000000888 7.6762863634364223126e-153 2.0032291558891301975e-06
2.8599999999999998757 2.044399325189301067e-155 -2.044399325189301067e-155
2.8700000000000001066 5.1785761221845548887e-158 -5.1785761221845548887e-158
2.8799999999999998934 1.2476278312292622882e-160 -1.2476278312292622882e-160
2.8900000000000001243 2.8588395260280645338e-163 2.0032291558891301975e-06
2.8999999999999999112 6.2305231888488345449e-166 -6.2305231888488345449e-166
2.9100000000000001421 1.291484658269146792e-168 -1.291484658269146792e-168
2.9199999999999999289 2.5461498736925265513e-171 -2.5461498736925265513e-171
2.9300000000000001599 4.7742882470981411132e-174 2.0032291558891301975e-06
2.9399999999999999467 8.5145803879049915082e-177 -8.5145803879049915082e-177
2.9500000000000001776 1.4442680011704095852e-179 2.0032291558891301975e-06
2.9599999999999999645 2.3300338835277788332e-182 2.0032291558891301975e-06
2.9700000000000001954 3.575251321830366844e-185 2.0032291558891301975e-06
2.9799999999999999822 5.2177202565423129922e-188 4.0064583117782603949e-06
2.9900000000000002132 7.2424393428487335275e-191 2.0032291558891301975e-06
3 9.5613405547423594115e-194 2.0032291558891301975e-06
3.0100000000000002309 1.2005563185926846305e-196 -1.2005563185926846305e-196
3.0200000000000000178 1.4337588249158448752e-199 2.0032291558891301975e-06
3.0300000000000002487 1.6285439052646619786e-202 -1.6285439052646619786e-202
3.0400000000000000355 1.7593515438033996266e-205 2.0032291558891301975e-06
3.0500000000000002665 1.8077382816833099367e-208 4.0064583117782603949e-06
3.0600000000000000533 1.7666407502764205915e-211 2.0032291558891301975e-06
3.0700000000000002842 1.6420662692557041073e-214 -1.6420662692557041073e-214
3.0800000000000000711 1.451653116244900296e-217 -1.451653116244900296e-217
3.0899999999999998579 1.2205757671183766124e-220 4.0064583117782603949e-06
3.1000000000000000888 9.7610456922194337309e-224 6.0096876950410660356e-06
3.1099999999999998757 7.4243364701431197464e-227 4.0064583117782603949e-06
3.1200000000000001066 5.3709193607514119153e-230 2.0032291558891301975e-06
3.1299999999999998934 3.695466693673915565e-233 -3.695466693673915565e-233
3.1400000000000001243 2.4183525674178981109e-236 2.0032291558891301975e-06
3.1499999999999999112 1.5052186547773594418e-239 2.0032291558891301975e-06
3.1600000000000001421 8.9106463862128281538e-243 2.0032291558891301975e-06
3.1699999999999999289 5.0170503234888954749e-246 2.0032291558891301975e-06
3.1800000000000001599 2.6866885565162028033e-249 2.0032291558891301975e-06
3.1899999999999999467 1.3684086284727618244e-252 4.0064583117782603949e-06
3.2000000000000001776 6.6289368619472596292e-256 4.0064583117782603949e-06
3.2099999999999999645 3.0542286837930846196e-259 1.602583324711304158e-05
3.2200000000000001954 1.3384088548597038531e-262 8.0129166235565207899e-06
3.2299999999999999822 5.5783482374121740261e-266 4.0064583117782603949e-06
3.2400000000000002132 2.2113220959469740987e-269 6.0096876950410660356e-06
3.25 8.337348238847537775e-273 1.2019375390082130377e-05
3.2600000000000002309 2.9897400011020707317e-276 6.0096876950410660356e-06
3.2700000000000000178 1.019690651970929955e-279 1.2019375390082130377e-05
3.2800000000000002487 3.3077523039123903183e-283 2.2035521396901458502e-05
3.2900000000000000355 1.020532974417260147e-286 2.6041980163427069783e-05
3.3000000000000002665 2.9946813168056919897e-290 2.8045209546689878812e-05
3.3100000000000000533 8.3580253999686337682e-294 1.602583324711304158e-05
3.3200000000000002842 2.2186370147951590375e-297 3.6058125260751687665e-05
3.3300000000000000711 5.6014222006031738698e-301 2.6041980163427069783e-05
3.3399999999999998579 1.345054373929920299e-304 3.2051666494226083159e-05
3.3500000000000000888 3.0719266740256528383e-308 3.4054897696478292346e-05
3.3599999999999998757 6.6728492366454170592e-312 1.602583324711304158e-05
3.3700000000000001066 1.3786094049869034377e-315 1.8029062630375850609e-05
3.3799999999999998934 2.7089619361475548017e-319 2.8045209546689878812e-05
3.3900000000000001243 4.9406564584124654418e-323 1.2019375390082130377e-05
3.3999999999999999112 0 1.8029062630375850609e-05
3.4100000000000001421 0 1.0016146006819329819e-05
3.4199999999999999289 0 8.0129166235565207899e-06
3.4300000000000001599 0 4.0064583117782603949e-06
3.4399999999999999467 0 2.0032291558891301975e-06
3.4500000000000001776 0 4.0064583117782603949e-06
3.4599999999999999645 0 0
3.4700000000000001954 0 0
3.4799999999999999822 0 0
3.4900000000000002132 0 0
3.5 0 0
3.5100000000000002309 0 0
3.5200000000000000178 0 0
3.5300000000000002487 0 0
3.5400000000000000355 0 0
3.5500000000000002665 0 0
3.5600000000000000533 0 0
3.5700000000000002842 0 0
3.5800000000000000711 0 0
3.5899999999999998579 0 0
3.6000000000000000888 0 0
3.6099999999999998757 0 0
3.6200000000000001066 0 0
3.6299999999999998934 0 0
3.6400000000000001243 0 0
3.6499999999999999112 0 0
3.6600000000000001421 0 0
3.6699999999999999289 0 0
3.6800000000000001599 0 0
3.6899999999999999467 0 0
3.7000000000000001776 0 0
3.7099999999999999645 0 0
3.7200000000000001954 0 0
3.7299999999999999822 0 0
3.7400000000000002132 0 0
3.75 0 0
3.7600000000000002309 0 0
3.7700000000000000178 0 0
3.7800000000000002487 0 0
3.7900000000000000355 0 0
3.8000000000000002665 0 0
3.8100000000000000533 0 0
3.8200000000000002842 0 0
3.8300000000000000711 0 0
3.8399999999999998579 0 0
3.8500000000000000888 0 0
3.8599999999999998757 0 0
3.8700000000000001066 0 0
3.8799999999999998934 0 0
3.8900000000000001243 0 0
3.8999999999999999112 0 0
3.9100000000000001421 0 0
3.9199999999999999289 0 0
3.9300000000000001599 0 0
3.9399999999999999467 0 0
3.9500000000000001776 0 0
3.9599999999999999645 0 0
3.9700000000000001954 0 0
3.9799999999999999822 0 0
3.9900000000000002132 0 0
4 0 0
4.0099999999999997868 0 0
4.0200000000000004619 0 0
4.0300000000000002487 0 0
4.0400000000000000355 0 0
4.0499999999999998224 0 0
4.0600000000000004974 0 0
4.0700000000000002842 0 0
4.0800000000000000711 0 0
4.0899999999999998579 0 0
4.0999999999999996447 0 0
4.1100000000000003197 0 0
4.1200000000000001066 0 0
4.1299999999999998934 0 0
4.1399999999999996803 0 0
4.1500000000000003553 0 0
4.1600000000000001421 0 0
4.1699999999999999289 0 0
4.1799999999999997158 0 0
4.1900000000000003908 0 0
4.2000000000000001776 0 0
4.2099999999999999645 0 0
4.2199999999999997513 0 0
4.2300000000000004263 0 0
4.2400000000000002132 0 0
4.25 0 0
4.2599999999999997868 0 0
4.2700000000000004619 0 0
4.2800000000000002487 0 0
4.2900000000000000355 0 0
4.2999999999999998224 0 0
4.3100000000000004974 0 0
4.3200000000000002842 0 0
4.3300000000000000711 0 0
4.3399999999999998579 0 0
4.3500000000000005329 0 0
4.3600000000000003197 0 0
4.3700000000000001066 0 0
4.3799999999999998934 0 0
4.3899999999999996803 0 0
4.4000000000000003553 0 0
4.4100000000000001421 0 0
4.4199999999999999289 0 0
4.4299999999999997158 0 0
4.4400000000000003908 0 0
4.4500000000000001776 0 0
4.4599999999999999645 0 0
4.4699999999999997513 0 0
4.4800000000000004263 0 0
4.4900000000000002132 0 0
4.5 0 0
4.5099999999999997868 0 0
4.5200000000000004619 0 0
4.5300000000000002487 0 0
4.5400000000000000355 0 0
4.5499999999999998224 0 0
4.5600000000000004974 0 0
4.5700000000000002842 0 0
4.5800000000000000711 0 0
4.5899999999999998579 0 0
4.6000000000000005329 0 0
4.6100000000000003197 0 0
4.6200000000000001066 0 0
4.6299999999999998934 0 0
4.6399999999999996803 0 0
4.6500000000000003553 0 0
4.6600000000000001421 0 0
4.6699999999999999289 0 0
4.6799999999999997158 0 0
4.6900000000000003908 0 0
4.7000000000000001776 0 0
4.7099999999999999645 0 0
4.7199999999999997513 0 0
4.7300000000000004263 0 0
4.7400000000000002132 0 0
4.75 0 0
4.7599999999999997868 0 0
4.7700000000000004619 0 0
4.7800000000000002487 0 0
4.7900000000000000355 0 0
4.7999999999999998224 0 0
4.8100000000000004974 0 0
4.8200000000000002842 0 0
4.8300000000000000711 0 0
4.8399999999999998579 0 0
4.8500000000000005329 0 0
4.8600000000000003197 0 0
4.8700000000000001066 0 0
4.8799999999999998934 0 0
4.8899999999999996803 0 0
4.9000000000000003553 0 0
4.9100000000000001421 0 0
4.9199999999999999289 0 0
4.9299999999999997158 0 0
4.9400000000000003908 0 0
4.9500000000000001776 0 0
4.9599999999999999645 0 0
4.9699999999999997513 0 0
4.9800000000000004263 0 0
4.9900000000000002132 0 0
5 0 0
5.0099999999999997868 0 0
5.0200000000000004619 0 0
5.0300000000000002487 0 0
5.0400000000000000355 0 0
5.0499999999999998224 0 0
5.0600000000000004974 0 0
5.0700000000000002842 0 0
5.0800000000000000711 0 0
5.0899999999999998579 0 0
5.1000000000000005329 0 0
5.1100000000000003197 0 0
5.1200000000000001066 0 0
5.1299999999999998934 0 0
5.1399999999999996803 0 0
5.1500000000000003553 0 0
5.1600000000000001421 0 0
5.1699999999999999289 0 0
5.1799999999999997158 0 0
5.1900000000000003908 0 0
5.2000000000000001776 0 0
5.2099999999999999645 0 0
5.2199999999999997513 0 0
5.2300000000000004263 0 0
5.2400000000000002132 0 0
5.25 0 0
5.2599999999999997868 0 0
5.2700000000000004619 0 0
5.2800000000000002487 0 0
5.2900000000000000355 0 0
5.2999999999999998224 0 0
5.3100000000000004974 0 0
5.3200000000000002842 0 0
5.3300000000000000711 0 0
5.3399999999999998579 0 0
5.3500000000000005329 0 0
5.3600000000000003197 0 0
5.3700000000000001066 0 0
5.3799999999999998934 0 0
5.3899999999999996803 0 0
5.4000000000000003553 0 0
5.4100000000000001421 0 0
5.4199999999999999289 0 0
5.4299999999999997158 0 0
5.4400000000000003908 0 0
5.4500000000000001776 0 0
5.4599999999999999645 0 0
5.4699999999999997513 0 0
5.4800000000000004263 0 0
5.4900000000000002132 0 0
5.5 0 0
5.5099999999999997868 0 0
5.5200000000000004619 0 0
5.5300000000000002487 0 0
5.5400000000000000355 0 0
5.5499999999999998224 0 0
5.5600000000000004974 0 0
5.5700000000000002842 0 0
5.5800000000000000711 0 0
5.5899999999999998579 0 0
5.6000000000000005329 0 0
5.6100000000000003197 0 0
5.6200000000000001066 0 0
5.6299999999999998934 0 0
5.6399999999999996803 0 0
5.6500000000000003553 0 0
5.6600000000000001421 0 0
5.6699999999999999289 0 0
5.6799999999999997158 0 0
5.6900000000000003908 0 0
5.7000000000000001776 0 0
5.7099999999999999645 0 0
5.7199999999999997513 0 0
5.7300000000000004263 0 0
5.7400000000000002132 0 0
5.75 0 0
5.7599999999999997868 0 0
5.7700000000000004619 0 0
5.7800000000000002487 0 0
5.7900000000000000355 0 0
5.7999999999999998224 0 0
5.8100000000000004974 0 0
5.8200000000000002842 0 0
5.8300000000000000711 0 0
5.8399999999999998579 0 0
5.8500000000000005329 0 0
5.8600000000000003197 0 0
5.8700000000000001066 0 0
5.8799999999999998934 0 0
5.8899999999999996803 0 0
5.9000000000000003553 0 0
5.9100000000000001421 0 0
5.9199999999999999289 0 0
5.9299999999999997158 0 0
5.9400000000000003908 0 0
5.9500000000000001776 0 0
5.9599999999999999645 0 0
5.9699999999999997513 0 0
5.9800000000000004263 0 0
5.9900000000000002132 0 0
6 0 0
6.0099999999999997868 0 0
6.0200000000000004619 0 0
6.0300000000000002487 0 0
6.0400000000000000355 0 0
6.0499999999999998224 0 0
6.0600000000000004974 0 0
6.0700000000000002842 0 0
6.0800000000000000711 0 0
6.0899999999999998579 0 0
6.1000000000000005329 0 0
6.1100000000000003197 0 0
6.1200000000000001066 0 0
6.1299999999999998934 0 0
6.1400000000000005684 0 0
6.1500000000000003553 0 0
6.1600000000000001421 0 0
6.1699999999999999289 0 0
6.1799999999999997158 0 0
6.1900000000000003908 0 0
6.2000000000000001776 0 0
6.2099999999999999645 0 0
6.2199999999999997513 0 0
6.2300000000000004263 0 0
6.2400000000000002132 0 0
6.25 0 0
6.2599999999999997868 0 0
6.2700000000000004619 0 0
6.2800000000000002487 0 0
6.2900000000000000355 0 0
6.2999999999999998224 0 0
6.3100000000000004974 0 0
6.3200000000000002842 0 0
6.3300000000000000711 0 0
6.3399999999999998579 0 0
6.3500000000000005329 0 0
6.3600000000000003197 0 0
6.3700000000000001066 0 0
6.3799999999999998934 0 0
6.3900000000000005684 0 0
6.4000000000000003553 0 0
6.4100000000000001421 0 0
6.4199999999999999289 0 0
6.4299999999999997158 0 0
6.4400000000000003908 0 0
6.4500000000000001776 0 0
6.4599999999999999645 0 0
6.4699999999999997513 0 0
6.4800000000000004263 0 0
6.4900000000000002132 0 0
6.5 0 0
6.5099999999999997868 0 0
6.5200000000000004619 0 0
6.5300000000000002487 0 0
6.5400000000000000355 0 0
6.5499999999999998224 0 0
6.5600000000000004974 0 0
6.5700000000000002842 0 0
6.5800000000000000711 0 0
6.5899999999999998579 0 0
6.6000000000000005329 0 0
6.6100000000000003197 0 0
6.6200000000000001066 0 0
6.6299999999999998934 0 0
6.6400000000000005684 0 0
6.6500000000000003553 0 0
6.6600000000000001421 0 0
6.6699999999999999289 0 0
6.6799999999999997158 0 0
6.6900000000000003908 0 0
6.7000000000000001776 0 0
6.7099999999999999645 0 0
6.7199999999999997513 0 0
6.7300000000000004263 0 0
6.7400000000000002132 0 0
6.75 0 0
6.7599999999999997868 0 0
6.7700000000000004619 0 0
6.7800000000000002487 0 0
6.7900000000000000355 0 0
6.7999999999999998224 0 0
6.8100000000000004974 0 0
6.8200000000000002842 0 0
6.8300000000000000711 0 0
6.8399999999999998579 0 0
6.8500000000000005329 0 0
6.8600000000000003197 0 0
6.8700000000000001066 0 0
6.8799999999999998934 0 0
6.8900000000000005684 0 0
6.9000000000000003553 0 0
6.9100000000000001421 0 0
6.9199999999999999289 0 0
6.9299999999999997158 0 0
6.9400000000000003908 0 0
6.9500000000000001776 0 0
6.9599999999999999645 0 0
6.9699999999999997513 0 0
6.9800000000000004263 0 0
6.9900000000000002132 0 0
7 0 0
7.0099999999999997868 0 0
7.0200000000000004619 0 0
7.0300000000000002487 0 0
7.0400000000000000355 0 0
7.0499999999999998224 0 0
7.0600000000000004974 0 0
7.0700000000000002842 0 0
7.0800000000000000711 0 0
7.0899999999999998579 0 0
7.1000000000000005329 0 0
7.1100000000000003197 0 0
7.1200000000000001066 0 0
7.1299999999999998934 0 0
7.1400000000000005684 0 0
7.1500000000000003553 0 0
7.1600000000000001421 0 0
7.1699999999999999289 0 0
7.1799999999999997158 0 0
7.1900000000000003908 0 0
7.2000000000000001776 0 0
7.2099999999999999645 0 0
7.2199999999999997513 0 0
7.2300000000000004263 0 0
7.2400000000000002132 0 0
7.25 0 0
7.2599999999999997868 0 0
7.2700000000000004619 0 0
7.2800000000000002487 0 0
7.2900000000000000355 0 0
7.2999999999999998224 0 0
7.3100000000000004974 0 0
7.3200000000000002842 0 0
7.3300000000000000711 0 0
7.3399999999999998579 0 0
7.3500000000000005329 0 0
7.3600000000000003197 0 0
7.3700000000000001066 0 0
7.3799999999999998934 0 0
7.3900000000000005684 0 0
7.4000000000000003553 0 0
7.4100000000000001421 0 0
7.4199999999999999289 0 0
7.4299999999999997158 0 0
7.4400000000000003908 0 0
7.4500000000000001776 0 0
7.4599999999999999645 0 0
7.4699999999999997513 0 0
7.4800000000000004263 0 0
7.4900000000000002132 0 0
7.5 0 0
7.5099999999999997868 0 0
7.5200000000000004619 0 0
7.5300000000000002487 0 0
7.5400000000000000355 0 0
7.5499999999999998224 0 0
7.5600000000000004974 0 0
7.5700000000000002842 0 0
7.5800000000000000711 0 0
7.5899999999999998579 0 0
7.6000000000000005329 0 0
7.6100000000000003197 0 0
7.6200000000000001066 0 0
7.6299999999999998934 0 0
7.6400000000000005684 0 0
7.6500000000000003553 0 0
7.6600000000000001421 0 0
7.6699999999999999289 0 0
7.6799999999999997158 0 0
7.6900000000000003908 0 0
7.7000000000000001776 0 0
7.7099999999999999645 0 0
7.7199999999999997513 0 0
7.7300000000000004263 0 0
7.7400000000000002132 0 0
7.75 0 0
7.7599999999999997868 0 0
7.7700000000000004619 0 0
7.7800000000000002487 0 0
7.7900000000000000355 0 0
7.7999999999999998224 0 0
7.8100000000000004974 0 0
7.8200000000000002842 0 0
7.8300000000000000711 0 0
7.8399999999999998579 0 0
7.8500000000000005329 0 0
7.8600000000000003197 0 0
7.8700000000000001066 0 0
7.8799999999999998934 0 0
7.8900000000000005684 0 0
7.9000000000000003553 0 0
7.9100000000000001421 0 0
7.9199999999999999289 0 0
7.930000000000000604 0 0
7.9400000000000003908 0 0
7.9500000000000001776 0 0
7.9599999999999999645 0 0
7.9699999999999997513 0 0
7.9800000000000004263 0 0
7.9900000000000002132 0 0
8 0 0
8.0099999999999997868 0 0
8.0199999999999995737 0 0
8.0299999999999993605 0 0
8.0400000000000009237 0 0
8.0500000000000007105 0 0
8.0600000000000004974 0 0
8.0700000000000002842 0 0
8.0800000000000000711 0 0
8.0899999999999998579 0 0
8.0999999999999996447 0 0
8.1099999999999994316 0 0
8.1200000000000009948 0 0
8.1300000000000007816 0 0
8.1400000000000005684 0 0
8.1500000000000003553 0 0
8.1600000000000001421 0 0
8.1699999999999999289 0 0
8.1799999999999997158 0 0
8.1899999999999995026 0 0
8.1999999999999992895 0 0
8.2100000000000008527 0 0
8.2200000000000006395 0 0
8.2300000000000004263 0 0
8.2400000000000002132 0 0
8.25 0 0
8.2599999999999997868 0 0
8.2699999999999995737 0 0
8.2799999999999993605 0 0
8.2900000000000009237 0 0
8.3000000000000007105 0 0
8.3100000000000004974 0 0
8.3200000000000002842 0 0
8.3300000000000000711 0 0
8.3399999999999998579 0 0
8.3499999999999996447 0 0
8.3599999999999994316 0 0
8.3700000000000009948 0 0
8.3800000000000007816 0 0
8.3900000000000005684 0 0
8.4000000000000003553 0 0
8.4100000000000001421 0 0
8.4199999999999999289 0 0
8.4299999999999997158 0 0
8.4399999999999995026 0 0
8.4499999999999992895 0 0
8.4600000000000008527 0 0
8.4700000000000006395 0 0
8.4800000000000004263 0 0
8.4900000000000002132 0 0
8.5 0 0
8.5099999999999997868 0 0
8.5199999999999995737 0 0
8.5299999999999993605 0 0
8.5400000000000009237 0 0
8.5500000000000007105 0 0
8.5600000000000004974 0 0
8.5700000000000002842 0 0
8.5800000000000000711 0 0
8.5899999999999998579 0 0
8.5999999999999996447 0 0
8.6099999999999994316 0 0
8.6200000000000009948 0 0
8.6300000000000007816 0 0
8.6400000000000005684 0 0
8.6500000000000003553 0 0
8.6600000000000001421 0 0
8.6699999999999999289 0 0
8.6799999999999997158 0 0
8.6899999999999995026 0 0
8.7000000000000010658 0 0
8.7100000000000008527 0 0
8.7200000000000006395 0 0
8.7300000000000004263 0 0
8.7400000000000002132 0 0
8.75 0 0
8.7599999999999997868 0 0
8.7699999999999995737 0 0
8.7799999999999993605 0 0
8.7900000000000009237 0 0
8.8000000000000007105 0 0
8.8100000000000004974 0 0
8.8200000000000002842 0 0
8.8300000000000000711 0 0
8.8399999999999998579 0 0
8.8499999999999996447 0 0
8.8599999999999994316 0 0
8.8700000000000009948 0 0
8.8800000000000007816 0 0
8.8900000000000005684 0 0
8.9000000000000003553 0 0
8.9100000000000001421 0 0
8.9199999999999999289 0 0
8.9299999999999997158 0 0
8.9399999999999995026 0 0
8.9500000000000010658 0 0
8.9600000000000008527 0 0
8.9700000000000006395 0 0
8.9800000000000004263 0 0
8.9900000000000002132 0 0
9 0 0
9.0099999999999997868 0 0
9.0199999999999995737 0 0
9.0299999999999993605 0 0
9.0400000000000009237 0 0
9.0500000000000007105 0 0
9.0600000000000004974 0 0
9.0700000000000002842 0 0
9.0800000000000000711 0 0
9.0899999999999998579 0 0
9.0999999999999996447 0 0
9.1099999999999994316 0 0
9.1200000000000009948 0 0
9.1300000000000007816 0 0
9.1400000000000005684 0 0
9.1500000000000003553 0 0
9.1600000000000001421 0 0
9.1699999999999999289 0 0
9.1799999999999997158 0 0
9.1899999999999995026 0 0
9.2000000000000010658 0 0
9.2100000000000008527 0 0
9.2200000000000006395 0 0
9.2300000000000004263 0 0
9.2400000000000002132 0 0
9.25 0 0
9.2599999999999997868 0 0
9.2699999999999995737 0 0
9.2799999999999993605 0 0
9.2900000000000009237 0 0
9.3000000000000007105 0 0
9.3100000000000004974 0 0
9.3200000000000002842 0 0
9.3300000000000000711 0 0
9.3399999999999998579 0 0
9.3499999999999996447 0 0
9.3599999999999994316 0 0
9.3700000000000009948 0 0
9.3800000000000007816 0 0
9.3900000000000005684 0 0
9.4000000000000003553 0 0
9.4100000000000001421 0 0
9.4199999999999999289 0 0
9.4299999999999997158 0 0
9.4399999999999995026 0 0
9.4500000000000010658 0 0
9.4600000000000008527 0 0
9.4700000000000006395 0 0
9.4800000000000004263 0 0
9.4900000000000002132 0 0
9.5 0 0
9.5099999999999997868 0 0
9.5199999999999995737 0 0
9.5299999999999993605 0 0
9.5400000000000009237 0 0
9.5500000000000007105 0 0
9.5600000000000004974 0 0
9.5700000000000002842 0 0
9.5800000000000000711 0 0
9.5899999999999998579 0 0
9.5999999999999996447 0 0
9.6099999999999994316 0 0
9.6200000000000009948 0 0
9.6300000000000007816 0 0
9.6400000000000005684 0 0
9.6500000000000003553 0 0
9.6600000000000001421 0 0
9.6699999999999999289 0 0
9.6799999999999997158 0 0
9.6899999999999995026 0 0
9.7000000000000010658 0 0
9.7100000000000008527 0 0
9.7200000000000006395 0 0
9.7300000000000004263 0 0
9.7400000000000002132 0 0
9.75 0 0
9.7599999999999997868 0 0
9.7699999999999995737 0 0
9.7799999999999993605 0 0
9.7900000000000009237 0 0
9.8000000000000007105 0 0
9.8100000000000004974 0 0
9.8200000000000002842 0 0
9.8300000000000000711 0 0
9.8399999999999998579 0 0
9.8499999999999996447 0 0
9.8599999999999994316 0 0
9.8700000000000009948 0 0
9.8800000000000007816 0 0
9.8900000000000005684 0 0
9.9000000000000003553 0 0
9.9100000000000001421 0 0
9.9199999999999999289 0 0
9.9299999999999997158 0 0
9.9399999999999995026 0 0
9.9500000000000010658 0 0
9.9600000000000008527 0 0
9.9700000000000006395 0 0
9.9800000000000004263 0 0
9.9900000000000002132 0 0
10 0 0
10.009999999999999787 0 0
10.019999999999999574 0 0
10.029999999999999361 0 0
10.040000000000000924 0 0
10.050000000000000711 0 0
10.060000000000000497 0 0
10.070000000000000284 0 0
10.080000000000000071 0 0
10.089999999999999858 0 0
10.099999999999999645 0 0
10.109999999999999432 0 0
10.120000000000000995 0 0
10.130000000000000782 0 0
10.140000000000000568 0 0
10.150000000000000355 0 0
10.160000000000000142 0 0
10.169999999999999929 0 0
10.179999999999999716 0 0
10.189999999999999503 0 0
10.200000000000001066 0 0
10.210000000000000853 0 0
10.220000000000000639 0 0
10.230000000000000426 0 0
