0 1.059746264680513934e-80 -1.059746264680513934e-80
0.010000000000000000208 7.0966393861125469417e-79 -7.0966393861125469417e-79
0.020000000000000000416 4.5137419550627953939e-77 -4.5137419550627953939e-77
0.02999999999999999889 2.726816414347245112e-75 -2.726816414347245112e-75
0.040000000000000000833 1.5646325637323986944e-73 -1.5646325637323986944e-73
0.050000000000000002776 8.5272366024849879441e-72 -8.5272366024849879441e-72
0.05999999999999999778 4.4141391573397478993e-70 -4.4141391573397478993e-70
0.070000000000000006661 2.1703403693750326882e-68 -2.1703403693750326882e-68
0.080000000000000001665 1.0135758493789798294e-66 -1.0135758493789798294e-66
0.089999999999999996669 4.4960775170600142514e-65 -4.4960775170600142514e-65
0.10000000000000000555 1.8943626143268119475e-63 -1.8943626143268119475e-63
0.11000000000000000056 7.5813577565258367614e-62 -7.5813577565258367614e-62
0.11999999999999999556 2.8819623346309526844e-60 -2.8819623346309526844e-60
0.13000000000000000444 1.040614908430652009e-58 -1.040614908430652009e-58
0.14000000000000001332 3.5690723220849113816e-57 -3.5690723220849113816e-57
0.14999999999999999445 1.1627530262159852366e-55 0.0001158283412223681943
0.16000000000000000333 3.5982376214394529471e-54 0.00013380170275922859255
0.17000000000000001221 1.0577084898528073565e-52 0.00013979282812215390532
0.17999999999999999334 2.9533821573000624037e-51 0.00013380170275922859255
0.19000000000000000222 7.8334792387992932188e-50 0.00012381649867165831001
0.2000000000000000111 1.9736730347555648222e-48 0.00016974842583294960587
0.20999999999999999223 4.7237340471116491004e-47 0.0001437869068467990106
0.22000000000000000111 1.0739643142646185532e-45 0.000113831301860045601
0.23000000000000000999 2.3194933095236412168e-44 0.00016176026838365939529
0.23999999999999999112 4.7588297438899804736e-43 0.0001158283412223681943
0.25 9.2750473505109959168e-42 0.00012181946658529339866
0.26000000000000000888 1.7173010894428441095e-40 0.00016375731502193960278
0.27000000000000001776 3.0206248750024509536e-39 0.00012381649867165831001
0.28000000000000002665 5.0474634081444617267e-38 0.00014178986020851880312
0.28999999999999998002 8.0127559701626721868e-37 0.00014578395348507910967
0.2999999999999999889 1.208452728375532943e-35 0.00013979282812215390532
0.30999999999999999778 1.7315038368609996227e-34 0.00012781059194821858946
0.32000000000000000666 2.3570604223411847111e-33 0.00012381649867165831001
0.33000000000000001554 3.0484514882836763504e-32 0.00011782538058469070629
0.34000000000000002442 3.7459112479147339311e-31 0.00015576914302073419094
0.35000000000000003331 4.3733486565690738581e-30 0.00014178986020851880312
0.35999999999999998668 4.8513038625076856682e-29 0.0001437869068467990106
0.36999999999999999556 5.1132911203282853365e-28 0.00013979282812215390532
0.38000000000000000444 5.1209526512183717215e-27 0.00011183426249772310257
0.39000000000000001332 4.8732692584909193202e-26 0.00015776618965901429001
0.4000000000000000222 4.4067803355328776836e-25 0.00015377211093436929314
0.41000000000000003109 3.7867486876800265402e-24 0.00016974842583294960587
0.41999999999999998446 3.0922119631934728757e-23 0.00019171588064637040552
0.42999999999999999334 2.3996299445267752899e-22 0.00017573955119587481022
0.44000000000000000222 1.7697304385991072871e-21 0.00017374251910950991242
0.4500000000000000111 1.2404364470054559326e-20 0.00019570995937101540239
0.46000000000000001998 8.2635075054778335398e-20 0.00016775139374658462675
0.47000000000000002887 5.2323425247740772867e-19 0.00020569516345858519703
0.47999999999999998224 3.1491298170644873341e-18 0.00015576914302073104675
0.48999999999999999112 1.8016486364732360478e-17 0.00020569516345856768717
0.5 9.7984882086624362625e-17 0.00019770699145728242384
0.51000000000000000888 5.0662174728731503131e-16 0.00019171588064586378495
0.52000000000000001776 2.4904219838352247703e-15 0.00017374251910701950003
0.53000000000000002665 1.1640121036778604564e-14 0.00017573955118423468017
0.54000000000000003553 5.1733440911560661702e-14 0.00022167147830543266758
0.55000000000000004441 2.1865103562169590659e-13 0.00019371291251408427831
0.56000000000000005329 8.788980489052145507e-13 0.00023964483901512843508
0.57000000000000006217 3.3602892277091671291e-12 0.00019770698809709117533
0.57999999999999996003 1.2221228037952879059e-11 0.00014378689462557096629
0.58999999999999996891 4.2287001364406034795e-11 0.00020968919989622941571
0.5999999999999999778 1.3922341021359191769e-10 0.00022366838577203597958
0.60999999999999998668 4.3621127477984771966e-10 0.00022566512087053631932
0.61999999999999999556 1.3008702159921579628e-09 0.00025162578974966096253
0.63000000000000000444 3.6932193259801664089e-09 0.00025961155484984112631
0.64000000000000001332 9.9839277105491373007e-09 0.00027957567231659725699
0.6500000000000000222 2.5705443801622964834e-08 0.00024161618108850508408
0.66000000000000003109 6.3050851010210878356e-08 0.00022160842750615589256
0.67000000000000003997 1.473765594481604722e-07 0.00023949746333457833341
0.68000000000000004885 3.2838542423843751303e-07 0.00020736381012071225332
0.69000000000000005773 6.9778778831725542256e-07 0.00020300032903198836983
0.70000000000000006661 1.4146069105697029786e-06 0.00025021248370930729114
0.70999999999999996447 2.7373894550838632609e-06 0.00028683347087679427184
0.71999999999999997335 5.0590887098269032051e-06 0.00027053247425792051025
0.72999999999999998224 8.9356367511436809889e-06 0.0003145849000161751079
0.73999999999999999112 1.5094575706952899401e-05 0.00029444669280006576222
0.75 2.4407993430064416025e-05 0.00027914213516211383321
0.76000000000000000888 3.7817181493112233452e-05 0.00032364712498620762209
0.77000000000000001776 5.6206609938562056457e-05 0.00028728433500389746183
0.78000000000000002665 8.0240985057113831049e-05 0.00028721443223321606146
0.79000000000000003553 0.00011019675556409501362 0.00025526164419178515525
0.80000000000000004441 0.00014583127487949776487 0.00025956791212283325358
0.81000000000000005329 0.00018633201851326960268 0.00015316483315262960905
0.82000000000000006217 0.00023037193015557083263 0.00018301544339988074471
0.83000000000000007105 0.00027626877932933037669 0.00014710376920986110777
0.83999999999999996891 0.00032221593299871771707 7.9189189830883505768e-05
0.8499999999999999778 0.00036653077036466496542 4.4859556552506512847e-05
0.85999999999999998668 0.00040786333892081980254 -6.458216091218579695e-06
0.86999999999999999556 0.00044532270250226399164 2.014347488628418642e-06
0.88000000000000000444 0.00047850515083690779716 -2.5176990035005383795e-05
0.89000000000000001332 0.00050743630690368855037 -6.8087414362086242248e-05
0.9000000000000000222 0.00053245847209942214016 -4.5180605758248545533e-05
0.91000000000000003109 0.00055410053150153654612 -0.00011475163895993423799
0.92000000000000003997 0.00057296158501679073961 -0.00012562453502589832934
0.93000000000000004885 0.00058962642756062784866 -0.00016825089655588606075
0.94000000000000005773 0.00060461723183114163358 -0.00015128907102923922021
0.95000000000000006661 0.00061837572657713005958 -0.00018302092731208816643
0.95999999999999996447 0.00063126545765178115801 -0.00014398759131060756339
0.96999999999999997335 0.00064358365800885658416 -0.0001223561152322421566
0.97999999999999998224 0.00065557495013402833448 -0.00020424383597040602018
0.98999999999999999112 0.00066744262804930469882 -0.00015620026025643012416
1 0.00067935628096739246462 -0.00012218201511705710505
1.0100000000000000089 0.00069145642616668800007 -0.00016623479011351326596
1.0200000000000000178 0.00070385758347483681242 -0.0001606625858848016123
1.0300000000000000266 0.00071665113629626399534 -0.00014949169546218878286
1.0400000000000000355 0.00072990878058399157394 -0.00016474632818053560127
1.0500000000000000444 0.00074368672636574068881 -0.00022845032350396672106
1.0600000000000000533 0.00075803033707037218835 -0.00014294189333289512422
1.0700000000000000622 0.00077297868018495990809 -0.00019982809943604423579
1.0800000000000000711 0.00078856850310939617405 -0.00020942678244564004193
1.0900000000000000799 0.0008048373453816044798 -0.00021571044973410849477
1.1000000000000000888 0.00082182573638464432881 -0.00023469588737542849705
1.1100000000000000977 0.00083957861628723392308 -0.00023048131246459731877
1.1200000000000001066 0.00085814621627199559866 -0.00024705186581107884108
1.1300000000000001155 0.00087758464641102143598 -0.00023254061951466389966
1.1400000000000001243 0.00089795639640541803205 -0.00026289754449280034864
1.1500000000000001332 0.00091933089124610143771 -0.00027029277107318359485
1.1599999999999999201 0.00094178518686900962887 -0.00022085362054864992199
1.1699999999999999289 0.00096540485260051872498 -0.00027243182280075933701
1.1799999999999999378 0.00099028506909284129411 -0.00030929431912276282579
1.1899999999999999467 0.0010165319682214231638 -0.00033753826488962484879
1.1999999999999999556 0.001044264249569937025 -0.00037325867458359840954
1.2099999999999999645 0.001073615122617362647 -0.00028478414521846046915
1.2199999999999999734 0.001104734642762607473 -0.00034386226009196652759
1.2299999999999999822 0.0011377925331224668457 -0.00040288169854180697939
1.2399999999999999911 0.0011729816145094225377 -0.0003621832405047605008
1.25 0.0012105220065495049791 -0.00033382126810458062453
1.2600000000000000089 0.0012506663189741434265 -0.00042389157186324016337
1.2700000000000000178 0.00129370613286402137 -0.00049089588720481903278
1.2800000000000000266 0.0013399801943927357965 -0.00044730314104923112918
1.2900000000000000355 0.0013898849458939541764 -0.00052516648727871074152
1.3000000000000000444 0.0014438883900373402584 -0.00045535338909469280123
1.3100000000000000533 0.0015025490440831027784 -0.00041815615374897387863
1.3200000000000000622 0.0015665434393235611391 -0.00044220973263915013332
1.3300000000000000711 0.0016367095483424921529 -0.00042450602240439805693
1.3400000000000000799 0.0017141225295101557725 -0.00034814693629343874612
1.3500000000000000888 0.0018002389902913309375 -0.00040231076727745285204
1.3600000000000000977 0.0018971867743712471713 -0.00015976167058764012205
1.3700000000000001066 0.0020083543239081897216 -3.3281310453513613529e-05
1.3800000000000001155 0.0021395637971628024901 -2.0703891413243521308e-05
1.3900000000000001243 0.0023013009061945591087 0.00014107950721848868184
1.4000000000000001332 0.002512688444280532403 0.00040099357878276963713
1.4099999999999999201 0.0028080154165902896854 0.00047711600062458033381
1.4199999999999999289 0.0032464368625944482402 0.00063780668345931896407
1.4299999999999999378 0.0039246021417257007449 0.00067857609863312788601
1.4399999999999999467 0.0049901351552199225622 0.00051370791758190582216
1.4499999999999999556 0.0066510713642782600535 0.00019678007975750932274
1.4599999999999999645 0.0091732411091746575427 -0.00017857145569937296625
1.4699999999999999734 0.012855810503832342667 -0.0011012306617417325083
1.4799999999999999822 0.017977074531471154417 -0.0017251603283041927472
1.4899999999999999911 0.024710104745182776692 -0.0023192883844707253005
1.5 0.033020899590603718099 -0.0024182525989931875909
1.5100000000000000089 0.042576672606224517936 -0.0016812813506073762126
1.5200000000000000178 0.052701837359508459102 -0.0012281229482497615924
1.5300000000000000266 0.062416292223323691091 -0.00097934106289278288759
1.5400000000000000355 0.07057070403422033289 -0.00070424794281637170812
1.5500000000000000444 0.076060442444297340914 -0.00048044901749756674381
1.5600000000000000533 0.078065853989649353073 -0.002775434828329620407
1.5700000000000000622 0.076247643026154818258 -0.0053247542107518336385
1.5800000000000000711 0.070833665621877248131 -0.0076592912203078816757
1.5900000000000000799 0.062567163795588756625 -0.010642115563510204379
1.6000000000000000888 0.052533173489699123981 -0.012528461891541241291
1.6100000000000000977 0.041919596843190354285 -0.012369390927024045274
1.6200000000000001066 0.031785805123840479847 -0.012146909135376120908
1.6300000000000001155 0.022899875444400360353 -0.010288565446662950933
1.6400000000000001243 0.01567395979988456603 -0.0079134606614995085805
1.6500000000000001332 0.010191543784565933878 -0.005826013453878172571
1.6600000000000001421 0.0062949577923319234921 -0.0039843821077994003368
1.6699999999999999289 0.0036933276401894497842 -0.002517070837325077054
1.6799999999999999378 0.0020582547737513601054 -0.0014531515632052838076
1.6899999999999999467 0.0010894908764019814017 -0.00081989042424524395496
1.6999999999999999556 0.00054774738873280539794 -0.00045588353441022291465
1.7099999999999999645 0.00026155324560673344535 -0.00020563611435787189407
1.7199999999999999734 0.00011861926426076257514 -9.0660698636331799494e-05
1.7299999999999999822 5.1092720936948361938e-05 -3.511639694342103148e-05
1.7399999999999999911 2.0900941301211858897e-05 -1.4909820031012785418e-05
1.75 8.1202753600902017835e-06 -2.129154089891129152e-06
1.7600000000000000089 2.9961910078959269622e-06 -9.9915050870501107846e-07
1.7700000000000000178 1.0499251417607068781e-06 9.4711535743020900566e-07
1.7800000000000000266 3.4940892902930816991e-07 1.647631570161607608e-06
1.7900000000000000355 1.1043165897188746581e-07 -1.1043165897188746581e-07
1.8000000000000000444 3.3146262537929457533e-08 3.9609347358439031173e-06
1.8100000000000000533 9.4483207240080265264e-09 -9.4483207240080265264e-09
1.8200000000000000622 2.5577125945067521293e-09 1.9944827865964091837e-06
1.8300000000000000711 6.5754288547648644765e-10 -6.5754288547648644765e-10
1.8400000000000000799 1.6053510087694965069e-10 -1.6053510087694965069e-10
1.8500000000000000888 3.7220998799825203109e-11 -3.7220998799825203109e-11
1.8600000000000000977 8.1955252087853236993e-12 1.9970323036657069885e-06
1.8700000000000001066 1.7137011391659798297e-12 -1.7137011391659798297e-12
1.8800000000000001155 3.4029987854331984096e-13 -3.4029987854331984096e-13
1.8900000000000001243 6.4173525572073139607e-14 -6.4173525572073139607e-14
1.9000000000000001332 1.1492551789142462271e-14 -1.1492551789142462271e-14
1.9100000000000001421 1.954531391050763097e-15 -1.954531391050763097e-15
1.9199999999999999289 3.1567024981918841068e-16 1.9970404988752457626e-06
1.9299999999999999378 4.8415983322289966507e-17 -4.8415983322289966507e-17
1.9399999999999999467 7.0519185656809499618e-18 -7.0519185656809499618e-18
1.9499999999999999556 9.7541320197437352885e-19 -9.7541320197437352885e-19
1.9599999999999999645 1.2812450618307373927e-19 -1.2812450618307373927e-19
1.9699999999999999734 1.5982233820851011334e-20 1.9970404991908997901e-06
1.9799999999999999822 1.8932325355345696219e-21 -1.8932325355345696219e-21
1.9899999999999999911 2.1297625152860622276e-22 -2.1297625152860622276e-22
2 2.2751954317754485549e-23 -2.2751954317754485549e-23
2.0100000000000002309 2.3081612165303926029e-24 -2.3081612165303926029e-24
2.0200000000000000178 2.2236841360920334129e-25 1.9970404991909158838e-06
2.0300000000000002487 2.0344134931925408891e-26 -2.0344134931925408891e-26
2.0400000000000000355 1.7675194276596048523e-27 -1.7675194276596048523e-27
2.0499999999999998224 1.4583027346225993511e-28 -1.4583027346225993511e-28
2.0600000000000000533 1.1425873609709524495e-29 1.9970404991909158838e-06
2.0699999999999998401 8.5013734659790880216e-31 -8.5013734659790880216e-31
2.0800000000000000711 6.0068455737298202359e-32 -6.0068455737298202359e-32
2.0899999999999998579 4.030521891903792335e-33 -4.030521891903792335e-33
2.1000000000000000888 2.5682264451228567113e-34 -2.5682264451228567113e-34
2.1099999999999998757 1.5540405038176424865e-35 -1.5540405038176424865e-35
2.1200000000000001066 8.9299316739088209925e-37 -8.9299316739088209925e-37
2.1299999999999998934 4.8729339136151566331e-38 -4.8729339136151566331e-38
2.1400000000000001243 2.5251623329052498061e-39 7.9881619967636652291e-06
2.1499999999999999112 1.2426370550131525874e-40 1.9970404991909158838e-06
2.1600000000000001421 5.8070470426521794479e-42 -5.8070470426521794479e-42
2.1699999999999999289 2.577046610833535128e-43 3.9940809983818326145e-06
2.1800000000000001599 1.0860377827227213095e-44 -1.0860377827227213095e-44
2.1899999999999999467 4.3463348272644357753e-46 1.9970404991909158838e-06
2.2000000000000001776 1.6517977505199474097e-47 -1.6517977505199474097e-47
2.2099999999999999645 5.9613671820538828454e-49 -5.9613671820538828454e-49
2.2200000000000001954 2.0431020462763438866e-50 -2.0431020462763438866e-50
2.2299999999999999822 6.6495048591634775118e-52 -6.6495048591634775118e-52
2.2400000000000002132 2.0551498937347225592e-53 -2.0551498937347225592e-53
2.25 6.0318777792647779608e-55 1.9970404991909158838e-06
2.2600000000000002309 1.6811880392877777537e-56 -1.6811880392877777537e-56
2.2700000000000000178 4.4497404162795428225e-58 1.9970404991909158838e-06
2.2800000000000002487 1.118426862706577159e-59 -1.118426862706577159e-59
2.2900000000000000355 2.669530808109097894e-61 1.9970404991909158838e-06
2.3000000000000002665 6.0508533786924920847e-63 1.9970404991909158838e-06
2.3100000000000000533 1.3024245673239766553e-64 -1.3024245673239766553e-64
2.3199999999999998401 2.6622124166690690348e-66 1.9970404991909158838e-06
2.3300000000000000711 5.1675766211418404338e-68 3.9940809983818326145e-06
2.3399999999999998579 9.525442572356016909e-70 -9.525442572356016909e-70
2.3500000000000000888 1.6673905880472860306e-71 1.9970404991909158838e-06
2.3599999999999998757 2.7716820006542620901e-73 -2.7716820006542620901e-73
2.3700000000000001066 4.3752539144543588766e-75 1.9970404991909158838e-06
2.3799999999999998934 6.5586863300620621886e-77 1.9970404991909158838e-06
2.3900000000000001243 9.3365007286960118953e-79 3.9940809983818326145e-06
2.3999999999999999112 1.2621327131770271532e-80 -1.2621327131770271532e-80
2.4100000000000001421 1.6202404328794711057e-82 -1.6202404328794711057e-82
2.4199999999999999289 1.9751833019625851187e-84 -1.9751833019625851187e-84
2.4300000000000001599 2.2865925666044280924e-86 1.9970404991909158838e-06
2.4399999999999999467 2.51375853436906211e-88 -2.51375853436906211e-88
2.4500000000000001776 2.624289036925237117e-90 -2.624289036925237117e-90
2.4599999999999999645 2.6016751081758658754e-92 -2.6016751081758658754e-92
2.4700000000000001954 2.4493322277283086903e-94 -2.4493322277283086903e-94
2.4799999999999999822 2.1897549904356100423e-96 1.9970404991909158838e-06
2.4900000000000002132 1.8590732435977468991e-98 -1.8590732435977468991e-98
2.5 1.4988237980755104384e-100 -1.4988237980755104384e-100
2.5100000000000002309 1.1475132837588419593e-102 -1.1475132837588419593e-102
2.5200000000000000178 8.3429162529887484866e-105 -8.3429162529887484866e-105
2.5300000000000002487 5.7601133233657736472e-107 3.9940809983818326145e-06
2.5400000000000000355 3.7765663057191858384e-109 -3.7765663057191858384e-109
2.5500000000000002665 2.3513436484328146601e-111 -2.3513436484328146601e-111
2.5600000000000000533 1.3902341960667082081e-113 -1.3902341960667082081e-113
2.5699999999999998401 7.8057144874076170161e-116 -7.8057144874076170161e-116
2.5800000000000000711 4.1618857786745354065e-118 -4.1618857786745354065e-118
2.5899999999999998579 2.1072711386011800895e-120 1.9970404991909158838e-06
2.6000000000000000888 1.01321921180154616e-122 3.9940809983818326145e-06
2.6099999999999998757 4.6263567192040134316e-125 -4.6263567192040134316e-125
2.6200000000000001066 2.005984117226002345e-127 1.9970404991909158838e-06
2.6299999999999998934 8.2597805243651682072e-130 1.9970404991909158838e-06
2.6400000000000001243 3.2296996776843248158e-132 -3.2296996776843248158e-132
2.6499999999999999112 1.1992462248207377609e-134 1.9970404991909158838e-06
2.6600000000000001421 4.2287025725571327895e-137 -4.2287025725571327895e-137
2.6699999999999999289 1.4159843508073887742e-139 -1.4159843508073887742e-139
2.6800000000000001599 4.5025886824982629095e-142 1.9970404991909158838e-06
2.6899999999999999467 1.3596232426914714722e-144 -1.3596232426914714722e-144
2.7000000000000001776 3.898767559550841788e-147 -3.898767559550841788e-147
2.7099999999999999645 1.0616675477410224905e-149 -1.0616675477410224905e-149
2.7200000000000001954 2.7453780237678631498e-152 3.9940809983818326145e-06
2.7299999999999999822 6.7416802859718411273e-155 1.9970404991909158838e-06
2.7400000000000002132 1.572122996415085917e-157 1.9970404991909158838e-06
2.75 3.4814265269611416728e-160 1.9970404991909158838e-06
2.7600000000000002309 7.3211663202539093941e-163 -7.3211663202539093941e-163
2.7700000000000000178 1.462027754559385435e-165 -1.462027754559385435e-165
2.7800000000000002487 2.7725746390333060682e-168 -2.7725746390333060682e-168
2.7900000000000000355 4.9930181122536588528e-171 -4.9930181122536588528e-171
2.8000000000000002665 8.5387693700515906583e-174 1.9970404991909158838e-06
2.8100000000000000533 1.3866908636712457128e-176 1.9970404991909158838e-06
2.8199999999999998401 2.1385343744316638521e-179 1.9970404991909158838e-06
2.8300000000000000711 3.1318792521195930097e-182 -3.1318792521195930097e-182
2.8399999999999998579 4.3555796489835218098e-185 -4.3555796489835218098e-185
2.8500000000000000888 5.7522674380399324625e-188 -5.7522674380399324625e-188
2.8599999999999998757 7.2141359374211245564e-191 1.9970404991909158838e-06
2.8700000000000001066 8.5917513660545632298e-194 1.9970404991909158838e-06
2.8799999999999998934 9.7169773618737996261e-197 -9.7169773618737996261e-197
2.8900000000000001243 1.0435968924367422131e-199 1.9970404991909158838e-06
2.8999999999999999112 1.06435485263813314e-202 -1.06435485263813314e-202
2.9100000000000001421 1.0308421744109500203e-205 -1.0308421744109500203e-205
2.9199999999999999289 9.4809086991496997191e-209 -9.4809086991496997191e-209
2.9300000000000001599 8.280561529994322285e-212 1.9970404991909158838e-06
2.9399999999999999467 6.8678632243951322424e-215 -6.8678632243951322424e-215
2.9500000000000001776 5.4092306174470830392e-218 5.9911212701990726315e-06
2.9599999999999999645 4.0457715477767039238e-221 3.9940809983818326145e-06
2.9700000000000001954 2.8735529195309363994e-224 3.9940809983818326145e-06
2.9799999999999999822 1.938157276770659033e-227 -1.938157276770659033e-227
2.9900000000000002132 1.2413972908188537187e-230 3.9940809983818326145e-06
3 7.5506531197612654632e-234 5.9911212701990726315e-06
3.0100000000000002309 4.3612419587905258573e-237 5.9911212701990726315e-06
3.0200000000000000178 2.3921464807365646809e-240 1.1982242540398150345e-05
3.0300000000000002487 1.2459977894314255815e-243 1.1982242540398150345e-05
3.0400000000000000355 6.1630923721659675025e-247 7.9881619967636652291e-06
3.0500000000000002665 2.8948893885076961041e-250 7.9881619967636652291e-06
3.0600000000000000533 1.2912702737930869479e-253 2.1967443899484351277e-05
3.0700000000000002842 5.4695828288359219877e-257 1.1982242540398150345e-05
3.0800000000000000711 2.2001035139846095871e-260 2.3964485080796290526e-05
3.0899999999999998579 8.4039580704589258122e-264 2.9955604986753311345e-05
3.1000000000000000888 3.0484317793587178013e-267 2.1967443899484351277e-05
3.1099999999999998757 1.05007644239897217e-270 2.1967443899484351277e-05
3.1200000000000001066 3.4349243199451152535e-274 1.9970404537161808798e-05
3.1299999999999998934 1.0670020239613259202e-277 4.5931927161291241646e-05
3.1400000000000001243 3.1474954971108057396e-281 1.5976323993527330458e-05
3.1499999999999999112 8.8169176953313013956e-285 2.3964485080796290526e-05
3.1600000000000001421 2.3454179376826911975e-288 2.7958565624430779031e-05
3.1699999999999999289 5.9248242956494630297e-292 2.1967443899484351277e-05
3.1800000000000001599 1.4212892728889790392e-295 9.9852022685809060931e-06
3.1899999999999999467 3.2377345670467693408e-299 9.9852022685809060931e-06
3.2000000000000001776 7.004090656035666681e-303 1.3979282812215389515e-05
3.2099999999999999645 1.4388450279369397175e-306 -1.4388450279369397175e-306
3.2200000000000001954 2.8069069726437663843e-310 5.9911212701990726315e-06
3.2299999999999999822 5.199885107514193986e-314 1.9970404991909158838e-06
3.2400000000000002132 9.147684720628180715e-318 -9.147684720628180715e-318
3.25 1.5266628456494518215e-321 1.9970404991909158838e-06
3.2600000000000002309 0 0
3.2700000000000000178 0 0
3.2800000000000002487 0 0
3.2900000000000000355 0 0
3.3000000000000002665 0 0
3.3100000000000000533 0 0
3.3200000000000002842 0 0
3.3300000000000000711 0 0
3.3399999999999998579 0 0
3.3500000000000000888 0 0
3.3599999999999998757 0 0
3.3700000000000001066 0 0
3.3799999999999998934 0 0
3.3900000000000001243 0 0
3.3999999999999999112 0 0
3.4100000000000001421 0 0
3.4199999999999999289 0 0
3.4300000000000001599 0 0
3.4399999999999999467 0 0
3.4500000000000001776 0 0
3.4599999999999999645 0 0
3.4700000000000001954 0 0
3.4799999999999999822 0 0
3.4900000000000002132 0 0
3.5 0 0
3.5100000000000002309 0 0
3.5200000000000000178 0 0
3.5300000000000002487 0 0
3.5400000000000000355 0 0
3.5500000000000002665 0 0
3.5600000000000000533 0 0
3.5700000000000002842 0 0
3.5800000000000000711 0 0
3.5899999999999998579 0 0
3.6000000000000000888 0 0
3.6099999999999998757 0 0
3.6200000000000001066 0 0
3.6299999999999998934 0 0
3.6400000000000001243 0 0
3.6499999999999999112 0 0
3.6600000000000001421 0 0
3.6699999999999999289 0 0
3.6800000000000001599 0 0
3.6899999999999999467 0 0
3.7000000000000001776 0 0
3.7099999999999999645 0 0
3.7200000000000001954 0 0
3.7299999999999999822 0 0
3.7400000000000002132 0 0
3.75 0 0
3.7600000000000002309 0 0
3.7700000000000000178 0 0
3.7800000000000002487 0 0
3.7900000000000000355 0 0
3.8000000000000002665 0 0
3.8100000000000000533 0 0
3.8200000000000002842 0 0
3.8300000000000000711 0 0
3.8399999999999998579 0 0
3.8500000000000000888 0 0
3.8599999999999998757 0 0
3.8700000000000001066 0 0
3.8799999999999998934 0 0
3.8900000000000001243 0 0
3.8999999999999999112 0 0
3.9100000000000001421 0 0
3.9199999999999999289 0 0
3.9300000000000001599 0 0
3.9399999999999999467 0 0
3.9500000000000001776 0 0
3.9599999999999999645 0 0
3.9700000000000001954 0 0
3.9799999999999999822 0 0
3.9900000000000002132 0 0
4 0 0
4.0099999999999997868 0 0
4.0200000000000004619 0 0
4.0300000000000002487 0 0
4.0400000000000000355 0 0
4.0499999999999998224 0 0
4.0600000000000004974 0 0
4.0700000000000002842 0 0
4.0800000000000000711 0 0
4.0899999999999998579 0 0
4.0999999999999996447 0 0
4.1100000000000003197 0 0
4.1200000000000001066 0 0
4.1299999999999998934 0 0
4.1399999999999996803 0 0
4.1500000000000003553 0 0
4.1600000000000001421 0 0
4.1699999999999999289 0 0
4.1799999999999997158 0 0
4.1900000000000003908 0 0
4.2000000000000001776 0 0
4.2099999999999999645 0 0
4.2199999999999997513 0 0
4.2300000000000004263 0 0
4.2400000000000002132 0 0
4.25 0 0
4.2599999999999997868 0 0
4.2700000000000004619 0 0
4.2800000000000002487 0 0
4.2900000000000000355 0 0
4.2999999999999998224 0 0
4.3100000000000004974 0 0
4.3200000000000002842 0 0
4.3300000000000000711 0 0
4.3399999999999998579 0 0
4.3500000000000005329 0 0
4.3600000000000003197 0 0
4.3700000000000001066 0 0
4.3799999999999998934 0 0
4.3899999999999996803 0 0
4.4000000000000003553 0 0
4.4100000000000001421 0 0
4.4199999999999999289 0 0
4.4299999999999997158 0 0
4.4400000000000003908 0 0
4.4500000000000001776 0 0
4.4599999999999999645 0 0
4.4699999999999997513 0 0
4.4800000000000004263 0 0
4.4900000000000002132 0 0
4.5 0 0
4.5099999999999997868 0 0
4.5200000000000004619 0 0
4.5300000000000002487 0 0
4.5400000000000000355 0 0
4.5499999999999998224 0 0
4.5600000000000004974 0 0
4.5700000000000002842 0 0
4.5800000000000000711 0 0
4.5899999999999998579 0 0
4.6000000000000005329 0 0
4.6100000000000003197 0 0
4.6200000000000001066 0 0
4.6299999999999998934 0 0
4.6399999999999996803 0 0
4.6500000000000003553 0 0
4.6600000000000001421 0 0
4.6699999999999999289 0 0
4.6799999999999997158 0 0
4.6900000000000003908 0 0
4.7000000000000001776 0 0
4.7099999999999999645 0 0
4.7199999999999997513 0 0
4.7300000000000004263 0 0
4.7400000000000002132 0 0
4.75 0 0
4.7599999999999997868 0 0
4.7700000000000004619 0 0
4.7800000000000002487 0 0
4.7900000000000000355 0 0
4.7999999999999998224 0 0
4.8100000000000004974 0 0
4.8200000000000002842 0 0
4.8300000000000000711 0 0
4.8399999999999998579 0 0
4.8500000000000005329 0 0
4.8600000000000003197 0 0
4.8700000000000001066 0 0
4.8799999999999998934 0 0
4.8899999999999996803 0 0
4.9000000000000003553 0 0
4.9100000000000001421 0 0
4.9199999999999999289 0 0
4.9299999999999997158 0 0
4.9400000000000003908 0 0
4.9500000000000001776 0 0
4.9599999999999999645 0 0
4.9699999999999997513 0 0
4.9800000000000004263 0 0
4.9900000000000002132 0 0
5 0 0
5.0099999999999997868 0 0
5.0200000000000004619 0 0
5.0300000000000002487 0 0
5.0400000000000000355 0 0
5.0499999999999998224 0 0
5.0600000000000004974 0 0
5.0700000000000002842 0 0
5.0800000000000000711 0 0
5.0899999999999998579 0 0
5.1000000000000005329 0 0
5.1100000000000003197 0 0
5.1200000000000001066 0 0
5.1299999999999998934 0 0
5.1399999999999996803 0 0
5.1500000000000003553 0 0
5.1600000000000001421 0 0
5.1699999999999999289 0 0
5.1799999999999997158 0 0
5.1900000000000003908 0 0
5.2000000000000001776 0 0
5.2099999999999999645 0 0
5.2199999999999997513 0 0
5.2300000000000004263 0 0
5.2400000000000002132 0 0
5.25 0 0
5.2599999999999997868 0 0
5.2700000000000004619 0 0
5.2800000000000002487 0 0
5.2900000000000000355 0 0
5.2999999999999998224 0 0
5.3100000000000004974 0 0
5.3200000000000002842 0 0
5.3300000000000000711 0 0
5.3399999999999998579 0 0
5.3500000000000005329 0 0
5.3600000000000003197 0 0
5.3700000000000001066 0 0
5.3799999999999998934 0 0
5.3899999999999996803 0 0
5.4000000000000003553 0 0
5.4100000000000001421 0 0
5.4199999999999999289 0 0
5.4299999999999997158 0 0
5.4400000000000003908 0 0
5.4500000000000001776 0 0
5.4599999999999999645 0 0
5.4699999999999997513 0 0
5.4800000000000004263 0 0
5.4900000000000002132 0 0
5.5 0 0
5.5099999999999997868 0 0
5.5200000000000004619 0 0
5.5300000000000002487 0 0
5.5400000000000000355 0 0
5.5499999999999998224 0 0
5.5600000000000004974 0 0
5.5700000000000002842 0 0
5.5800000000000000711 0 0
5.5899999999999998579 0 0
5.6000000000000005329 0 0
5.6100000000000003197 0 0
5.6200000000000001066 0 0
5.6299999999999998934 0 0
5.6399999999999996803 0 0
5.6500000000000003553 0 0
5.6600000000000001421 0 0
5.6699999999999999289 0 0
5.6799999999999997158 0 0
5.6900000000000003908 0 0
5.7000000000000001776 0 0
5.7099999999999999645 0 0
5.7199999999999997513 0 0
5.7300000000000004263 0 0
5.7400000000000002132 0 0
5.75 0 0
5.7599999999999997868 0 0
5.7700000000000004619 0 0
5.7800000000000002487 0 0
5.7900000000000000355 0 0
5.7999999999999998224 0 0
5.8100000000000004974 0 0
5.8200000000000002842 0 0
5.8300000000000000711 0 0
5.8399999999999998579 0 0
5.8500000000000005329 0 0
5.8600000000000003197 0 0
5.8700000000000001066 0 0
5.8799999999999998934 0 0
5.8899999999999996803 0 0
5.9000000000000003553 0 0
5.9100000000000001421 0 0
5.9199999999999999289 0 0
5.9299999999999997158 0 0
5.9400000000000003908 0 0
5.9500000000000001776 0 0
5.9599999999999999645 0 0
5.9699999999999997513 0 0
5.9800000000000004263 0 0
5.9900000000000002132 0 0
6 0 0
6.0099999999999997868 0 0
6.0200000000000004619 0 0
6.0300000000000002487 0 0
6.0400000000000000355 0 0
6.0499999999999998224 0 0
6.0600000000000004974 0 0
6.0700000000000002842 0 0
6.0800000000000000711 0 0
6.0899999999999998579 0 0
6.1000000000000005329 0 0
6.1100000000000003197 0 0
6.1200000000000001066 0 0
6.1299999999999998934 0 0
6.1400000000000005684 0 0
6.1500000000000003553 0 0
6.1600000000000001421 0 0
6.1699999999999999289 0 0
6.1799999999999997158 0 0
6.1900000000000003908 0 0
6.2000000000000001776 0 0
6.2099999999999999645 0 0
6.2199999999999997513 0 0
6.2300000000000004263 0 0
6.2400000000000002132 0 0
6.25 0 0
6.2599999999999997868 0 0
6.2700000000000004619 0 0
6.2800000000000002487 0 0
6.2900000000000000355 0 0
6.2999999999999998224 0 0
6.3100000000000004974 0 0
6.3200000000000002842 0 0
6.3300000000000000711 0 0
6.3399999999999998579 0 0
6.3500000000000005329 0 0
6.3600000000000003197 0 0
6.3700000000000001066 0 0
6.3799999999999998934 0 0
6.3900000000000005684 0 0
6.4000000000000003553 0 0
6.4100000000000001421 0 0
6.4199999999999999289 0 0
6.4299999999999997158 0 0
6.4400000000000003908 0 0
6.4500000000000001776 0 0
6.4599999999999999645 0 0
6.4699999999999997513 0 0
6.4800000000000004263 0 0
6.4900000000000002132 0 0
6.5 0 0
6.5099999999999997868 0 0
6.5200000000000004619 0 0
6.5300000000000002487 0 0
6.5400000000000000355 0 0
6.5499999999999998224 0 0
6.5600000000000004974 0 0
6.5700000000000002842 0 0
6.5800000000000000711 0 0
6.5899999999999998579 0 0
6.6000000000000005329 0 0
6.6100000000000003197 0 0
6.6200000000000001066 0 0
6.6299999999999998934 0 0
6.6400000000000005684 0 0
6.6500000000000003553 0 0
6.6600000000000001421 0 0
6.6699999999999999289 0 0
6.6799999999999997158 0 0
6.6900000000000003908 0 0
6.7000000000000001776 0 0
6.7099999999999999645 0 0
6.7199999999999997513 0 0
6.7300000000000004263 0 0
6.7400000000000002132 0 0
6.75 0 0
6.7599999999999997868 0 0
6.7700000000000004619 0 0
6.7800000000000002487 0 0
6.7900000000000000355 0 0
6.7999999999999998224 0 0
6.8100000000000004974 0 0
6.8200000000000002842 0 0
6.8300000000000000711 0 0
6.8399999999999998579 0 0
6.8500000000000005329 0 0
6.8600000000000003197 0 0
6.8700000000000001066 0 0
6.8799999999999998934 0 0
6.8900000000000005684 0 0
6.9000000000000003553 0 0
6.9100000000000001421 0 0
6.9199999999999999289 0 0
6.9299999999999997158 0 0
6.9400000000000003908 0 0
6.9500000000000001776 0 0
6.9599999999999999645 0 0
6.9699999999999997513 0 0
6.9800000000000004263 0 0
6.9900000000000002132 0 0
7 0 0
7.0099999999999997868 0 0
7.0200000000000004619 0 0
7.0300000000000002487 0 0
7.0400000000000000355 0 0
7.0499999999999998224 0 0
7.0600000000000004974 0 0
7.0700000000000002842 0 0
7.0800000000000000711 0 0
7.0899999999999998579 0 0
7.1000000000000005329 0 0
7.1100000000000003197 0 0
7.1200000000000001066 0 0
7.1299999999999998934 0 0
7.1400000000000005684 0 0
7.1500000000000003553 0 0
7.1600000000000001421 0 0
7.1699999999999999289 0 0
7.1799999999999997158 0 0
7.1900000000000003908 0 0
7.2000000000000001776 0 0
7.2099999999999999645 0 0
7.2199999999999997513 0 0
7.2300000000000004263 0 0
7.2400000000000002132 0 0
7.25 0 0
7.2599999999999997868 0 0
7.2700000000000004619 0 0
7.2800000000000002487 0 0
7.2900000000000000355 0 0
7.2999999999999998224 0 0
7.3100000000000004974 0 0
7.3200000000000002842 0 0
7.3300000000000000711 0 0
7.3399999999999998579 0 0
7.3500000000000005329 0 0
7.3600000000000003197 0 0
7.3700000000000001066 0 0
7.3799999999999998934 0 0
7.3900000000000005684 0 0
7.4000000000000003553 0 0
7.4100000000000001421 0 0
7.4199999999999999289 0 0
7.4299999999999997158 0 0
7.4400000000000003908 0 0
7.4500000000000001776 0 0
7.4599999999999999645 0 0
7.4699999999999997513 0 0
7.4800000000000004263 0 0
7.4900000000000002132 0 0
7.5 0 0
7.5099999999999997868 0 0
7.5200000000000004619 0 0
7.5300000000000002487 0 0
7.5400000000000000355 0 0
7.5499999999999998224 0 0
7.5600000000000004974 0 0
7.5700000000000002842 0 0
7.5800000000000000711 0 0
7.5899999999999998579 0 0
7.6000000000000005329 0 0
7.6100000000000003197 0 0
7.6200000000000001066 0 0
7.6299999999999998934 0 0
7.6400000000000005684 0 0
7.6500000000000003553 0 0
7.6600000000000001421 0 0
7.6699999999999999289 0 0
7.6799999999999997158 0 0
7.6900000000000003908 0 0
7.7000000000000001776 0 0
7.7099999999999999645 0 0
7.7199999999999997513 0 0
7.7300000000000004263 0 0
7.7400000000000002132 0 0
7.75 0 0
7.7599999999999997868 0 0
7.7700000000000004619 0 0
7.7800000000000002487 0 0
7.7900000000000000355 0 0
7.7999999999999998224 0 0
7.8100000000000004974 0 0
7.8200000000000002842 0 0
7.8300000000000000711 0 0
7.8399999999999998579 0 0
7.8500000000000005329 0 0
7.8600000000000003197 0 0
7.8700000000000001066 0 0
7.8799999999999998934 0 0
7.8900000000000005684 0 0
7.9000000000000003553 0 0
7.9100000000000001421 0 0
7.9199999999999999289 0 0
7.930000000000000604 0 0
7.9400000000000003908 0 0
7.9500000000000001776 0 0
7.9599999999999999645 0 0
7.9699999999999997513 0 0
7.9800000000000004263 0 0
7.9900000000000002132 0 0
8 0 0
8.0099999999999997868 0 0
8.0199999999999995737 0 0
8.0299999999999993605 0 0
8.0400000000000009237 0 0
8.0500000000000007105 0 0
8.0600000000000004974 0 0
8.0700000000000002842 0 0
8.0800000000000000711 0 0
8.0899999999999998579 0 0
8.0999999999999996447 0 0
8.1099999999999994316 0 0
8.1200000000000009948 0 0
8.1300000000000007816 0 0
8.1400000000000005684 0 0
8.1500000000000003553 0 0
8.1600000000000001421 0 0
8.1699999999999999289 0 0
8.1799999999999997158 0 0
8.1899999999999995026 0 0
8.1999999999999992895 0 0
8.2100000000000008527 0 0
8.2200000000000006395 0 0
8.2300000000000004263 0 0
8.2400000000000002132 0 0
8.25 0 0
8.2599999999999997868 0 0
8.2699999999999995737 0 0
8.2799999999999993605 0 0
8.2900000000000009237 0 0
8.3000000000000007105 0 0
8.3100000000000004974 0 0
8.3200000000000002842 0 0
8.3300000000000000711 0 0
8.3399999999999998579 0 0
8.3499999999999996447 0 0
8.3599999999999994316 0 0
8.3700000000000009948 0 0
8.3800000000000007816 0 0
8.3900000000000005684 0 0
8.4000000000000003553 0 0
8.4100000000000001421 0 0
8.4199999999999999289 0 0
8.4299999999999997158 0 0
8.4399999999999995026 0 0
8.4499999999999992895 0 0
8.4600000000000008527 0 0
8.4700000000000006395 0 0
8.4800000000000004263 0 0
8.4900000000000002132 0 0
8.5 0 0
8.5099999999999997868 0 0
8.5199999999999995737 0 0
8.5299999999999993605 0 0
8.5400000000000009237 0 0
8.5500000000000007105 0 0
8.5600000000000004974 0 0
8.5700000000000002842 0 0
8.5800000000000000711 0 0
8.5899999999999998579 0 0
8.5999999999999996447 0 0
8.6099999999999994316 0 0
8.6200000000000009948 0 0
8.6300000000000007816 0 0
8.6400000000000005684 0 0
8.6500000000000003553 0 0
8.6600000000000001421 0 0
8.6699999999999999289 0 0
8.6799999999999997158 0 0
8.6899999999999995026 0 0
8.7000000000000010658 0 0
8.7100000000000008527 0 0
8.7200000000000006395 0 0
8.7300000000000004263 0 0
8.7400000000000002132 0 0
8.75 0 0
8.7599999999999997868 0 0
8.7699999999999995737 0 0
8.7799999999999993605 0 0
8.7900000000000009237 0 0
8.8000000000000007105 0 0
8.8100000000000004974 0 0
8.8200000000000002842 0 0
8.8300000000000000711 0 0
8.8399999999999998579 0 0
8.8499999999999996447 0 0
8.8599999999999994316 0 0
8.8700000000000009948 0 0
8.8800000000000007816 0 0
8.8900000000000005684 0 0
8.9000000000000003553 0 0
8.9100000000000001421 0 0
8.9199999999999999289 0 0
8.9299999999999997158 0 0
8.9399999999999995026 0 0
8.9500000000000010658 0 0
8.9600000000000008527 0 0
8.9700000000000006395 0 0
8.9800000000000004263 0 0
8.9900000000000002132 0 0
9 0 0
9.0099999999999997868 0 0
9.0199999999999995737 0 0
9.0299999999999993605 0 0
9.0400000000000009237 0 0
9.0500000000000007105 0 0
9.0600000000000004974 0 0
9.0700000000000002842 0 0
9.0800000000000000711 0 0
9.0899999999999998579 0 0
9.0999999999999996447 0 0
9.1099999999999994316 0 0
9.1200000000000009948 0 0
9.1300000000000007816 0 0
9.1400000000000005684 0 0
9.1500000000000003553 0 0
9.1600000000000001421 0 0
9.1699999999999999289 0 0
9.1799999999999997158 0 0
9.1899999999999995026 0 0
9.2000000000000010658 0 0
9.2100000000000008527 0 0
9.2200000000000006395 0 0
9.2300000000000004263 0 0
9.2400000000000002132 0 0
9.25 0 0
9.2599999999999997868 0 0
9.2699999999999995737 0 0
9.2799999999999993605 0 0
9.2900000000000009237 0 0
9.3000000000000007105 0 0
9.3100000000000004974 0 0
9.3200000000000002842 0 0
9.3300000000000000711 0 0
9.3399999999999998579 0 0
9.3499999999999996447 0 0
9.3599999999999994316 0 0
9.3700000000000009948 0 0
9.3800000000000007816 0 0
9.3900000000000005684 0 0
9.4000000000000003553 0 0
9.4100000000000001421 0 0
9.4199999999999999289 0 0
9.4299999999999997158 0 0
9.4399999999999995026 0 0
9.4500000000000010658 0 0
9.4600000000000008527 0 0
9.4700000000000006395 0 0
9.4800000000000004263 0 0
9.4900000000000002132 0 0
9.5 0 0
9.5099999999999997868 0 0
9.5199999999999995737 0 0
9.5299999999999993605 0 0
9.5400000000000009237 0 0
9.5500000000000007105 0 0
9.5600000000000004974 0 0
9.5700000000000002842 0 0
9.5800000000000000711 0 0
9.5899999999999998579 0 0
9.5999999999999996447 0 0
9.6099999999999994316 0 0
9.6200000000000009948 0 0
9.6300000000000007816 0 0
9.6400000000000005684 0 0
9.6500000000000003553 0 0
9.6600000000000001421 0 0
9.6699999999999999289 0 0
9.6799999999999997158 0 0
9.6899999999999995026 0 0
9.7000000000000010658 0 0
9.7100000000000008527 0 0
9.7200000000000006395 0 0
9.7300000000000004263 0 0
9.7400000000000002132 0 0
9.75 0 0
9.7599999999999997868 0 0
9.7699999999999995737 0 0
9.7799999999999993605 0 0
9.7900000000000009237 0 0
9.8000000000000007105 0 0
9.8100000000000004974 0 0
9.8200000000000002842 0 0
9.8300000000000000711 0 0
9.8399999999999998579 0 0
9.8499999999999996447 0 0
9.8599999999999994316 0 0
9.8700000000000009948 0 0
9.8800000000000007816 0 0
9.8900000000000005684 0 0
9.9000000000000003553 0 0
9.9100000000000001421 0 0
9.9199999999999999289 0 0
9.9299999999999997158 0 0
9.9399999999999995026 0 0
9.9500000000000010658 0 0
9.9600000000000008527 0 0
9.9700000000000006395 0 0
9.9800000000000004263 0 0
9.9900000000000002132 0 0
10 0 0
10.009999999999999787 0 0
10.019999999999999574 0 0
10.029999999999999361 0 0
10.040000000000000924 0 0
10.050000000000000711 0 0
10.060000000000000497 0 0
10.070000000000000284 0 0
10.080000000000000071 0 0
10.089999999999999858 0 0
10.099999999999999645 0 0
10.109999999999999432 0 0
10.120000000000000995 0 0
10.130000000000000782 0 0
10.140000000000000568 0 0
10.150000000000000355 0 0
10.160000000000000142 0 0
10.169999999999999929 0 0
10.179999999999999716 0 0
10.189999999999999503 0 0
10.200000000000001066 0 0
10.210000000000000853 0 0
10.220000000000000639 0 0
10.230000000000000426 0 0
