0 1.1129982218105503166e-104 -1.1129982218105503166e-104
0.010000000000000000208 5.8196879031568005721e-103 -5.8196879031568005721e-103
0.020000000000000000416 2.940973298063983868e-101 -2.940973298063983868e-101
0.02999999999999999889 1.4363776196112615547e-99 -1.4363776196112615547e-99
0.040000000000000000833 6.78004130765453174e-98 -6.78004130765453174e-98
0.050000000000000002776 3.093016322059147278e-96 -3.093016322059147278e-96
0.05999999999999999778 1.3636981321462623038e-94 -1.3636981321462623038e-94
0.070000000000000006661 5.8108603901285904585e-93 -5.8108603901285904585e-93
0.080000000000000001665 2.3930336133205237811e-91 -2.3930336133205237811e-91
0.089999999999999996669 9.5245248295651851983e-90 -9.5245248295651851983e-90
0.10000000000000000555 3.6637345461737270243e-88 -3.6637345461737270243e-88
0.11000000000000000056 1.362043075680816759e-86 -1.362043075680816759e-86
0.11999999999999999556 4.8937733059752113934e-85 -4.8937733059752113934e-85
0.13000000000000000444 1.6993506991030020292e-83 -1.6993506991030020292e-83
0.14000000000000001332 5.7030652860386051817e-82 -5.7030652860386051817e-82
0.14999999999999999445 1.8497789533546227314e-80 9.0044122771359980106e-05
0.16000000000000000333 5.7985243623547604406e-79 8.4041181253269314766e-05
0.17000000000000001221 1.7567149629491835309e-77 6.6032356698997318745e-05
0.17999999999999999334 5.1436484277282935519e-76 7.2035298217087984085e-05
0.19000000000000000222 1.4555509583881729424e-74 8.6042164184618741274e-05
0.2000000000000000111 3.9807940944664225229e-73 7.4036281148437410593e-05
0.20999999999999999223 1.0521997059544069154e-71 9.4046081358101218939e-05
0.22000000000000000111 2.6878980959586537895e-70 5.8028432249557226896e-05
0.23000000000000000999 6.63611013437902779e-69 8.2040198321919888258e-05
0.23999999999999999112 1.5834360647892176822e-67 8.0039222666528075933e-05
0.25 3.6515196449193404385e-66 9.4046081358101218939e-05
0.26000000000000000888 8.1382853337744044695e-65 6.4031373767647892237e-05
0.27000000000000001776 1.7529855867263150631e-63 5.8028432249557226896e-05
0.28000000000000002665 3.6493031331277593973e-62 9.0044122771359980106e-05
0.28999999999999998002 7.3422251244088168021e-61 8.2040198321919888258e-05
0.2999999999999999889 1.427682430375001917e-59 6.6032356698997318745e-05
0.30999999999999999778 2.6830063171555421203e-58 8.4041181253269314766e-05
0.32000000000000000666 4.8730171221614774884e-57 7.4036281148437410593e-05
0.33000000000000001554 8.5538246143043860882e-56 9.0044122771359980106e-05
0.34000000000000002442 1.4511386426668216964e-54 9.0044122771359980106e-05
0.35000000000000003331 2.3792694862640169975e-53 9.0044122771359980106e-05
0.35999999999999998668 3.7702011749666847985e-52 0.00010205000580754129723
0.36999999999999999556 5.7739308166412117275e-51 7.0034315285738557577e-05
0.38000000000000000444 8.5460374006939871622e-50 6.8033339630346745253e-05
0.39000000000000001332 1.2224867600173071816e-48 9.4046081358101218939e-05
0.4000000000000000222 1.6900894907167848359e-47 6.2030398112256079912e-05
0.41000000000000003109 2.2581947847869653215e-46 9.8048039944842457771e-05
0.41999999999999998446 2.9160788350323510911e-45 8.4041181253269314766e-05
0.42999999999999999334 3.639345468179949391e-44 5.8028432249557226896e-05
0.44000000000000000222 4.3896861218860869422e-43 6.8033339630346745253e-05
0.4500000000000000111 5.1171696336799870167e-42 6.6032356698997318745e-05
0.46000000000000001998 5.7651727096159768411e-41 7.6037256803829222918e-05
0.47000000000000002887 6.2774171874354129593e-40 8.8043139840010553598e-05
0.47999999999999998224 6.6059582407832719438e-39 0.00010004902287619189783
0.48999999999999999112 6.7185695561506972328e-38 6.6032356698997318745e-05
0.5 6.6039529924995839679e-37 9.0044122771359980106e-05
0.51000000000000000888 6.2736067275256640766e-36 6.8033339630346745253e-05
0.52000000000000001776 5.7599242233057178597e-35 7.2035298217087984085e-05
0.53000000000000002665 5.1109591648911397679e-34 6.0029415180906646628e-05
0.54000000000000003553 4.3830276872627453292e-33 7.4036281148437410593e-05
0.55000000000000004441 3.6327221244433669067e-32 6.2030398112256079912e-05
0.56000000000000005329 2.9098882148688675455e-31 9.2045105702709406614e-05
0.57000000000000006217 2.2527167808019200702e-30 7.8038239735178649426e-05
0.57999999999999996003 1.6854778308282130128e-29 5.002451143809594214e-05
0.58999999999999996891 1.2187809484691721657e-28 6.6032356698997318745e-05
0.5999999999999999778 8.5175448880269419584e-28 7.4036281148437410593e-05
0.60999999999999998668 5.7529336734164666214e-27 7.4036281148437410593e-05
0.61999999999999999556 3.75535039095479063e-26 9.0044122771359980106e-05
0.63000000000000000444 2.3691781821288029888e-25 6.2030398112256079912e-05
0.64000000000000001332 1.444545235224715496e-24 9.8048039944842457771e-05
0.6500000000000000222 8.5123746464520667306e-24 7.8038239735178649426e-05
0.66000000000000003109 4.8479315008198438724e-23 8.2040198321919888258e-05
0.67000000000000003997 2.6683843320537880394e-22 9.2045105702709406614e-05
0.68000000000000004885 1.4194707603597171974e-21 9.0044122771359980106e-05
0.69000000000000005773 7.2977785694078717955e-21 0.00010605196439428248186
0.70000000000000006661 3.6261108347099463918e-20 7.003431528573851692e-05
0.70999999999999996447 1.7413161544413941347e-19 7.403628114843723441e-05
0.71999999999999997335 8.0816557199191628417e-19 8.6042164184617928122e-05
0.72999999999999998224 3.6250101234636889924e-18 7.8038239735175030901e-05
0.73999999999999999112 1.5714633757702016908e-17 9.4046081358085498007e-05
0.75 6.5839339574775372397e-17 5.8028432249491388719e-05
0.76000000000000000888 2.6659550937042623689e-16 9.804803994457586601e-05
0.77000000000000001776 1.0432931488296126938e-15 8.8043139838967266505e-05
0.78000000000000002665 3.9458997107659679021e-15 8.4041181249323415169e-05
0.79000000000000003553 1.4423540967828712326e-14 8.2040198307496353734e-05
0.80000000000000004441 5.0954659488378328036e-14 6.8033339579392089176e-05
0.81000000000000005329 1.7397308985507335367e-13 8.4041181079296228395e-05
0.82000000000000006217 5.740720619787539097e-13 8.6042163610546674264e-05
0.83000000000000007105 1.830783158562317168e-12 8.2040196491136723215e-05
0.83999999999999996891 5.6427858339939033408e-12 8.6042158541832901449e-05
0.8499999999999999778 1.6808787545377550867e-11 0.00010204998899875375397
0.85999999999999998668 4.8391086185123254198e-11 7.2035249826001801986e-05
0.86999999999999999556 1.3464198776839632741e-10 7.6037122161841451222e-05
0.88000000000000000444 3.6206106186899288636e-10 7.2034936156026120667e-05
0.89000000000000001332 9.4095594132065478399e-10 6.2029457156314755386e-05
0.9000000000000000222 2.3634309509286610622e-09 8.0036859235577142665e-05
0.91000000000000003109 5.7372359404803889037e-09 8.4035444017328836007e-05
0.92000000000000003997 1.346011169961276727e-08 6.8019879518647135218e-05
0.93000000000000004885 3.0519736474875376583e-08 0.00010802242758915713244
0.94000000000000005773 6.6880429991358621575e-08 0.00010598508396429113631
0.95000000000000006661 1.4164573286907129254e-07 5.3884827929946918783e-05
0.95999999999999996447 2.8993062835024098131e-07 0.00010576203376593225141
0.96999999999999997335 5.7354943941212798384e-07 8.5468614745206619113e-05
0.97999999999999998224 1.0965634959194492276e-06 9.0948542206789961622e-05
0.98999999999999999112 2.0262026121172923818e-06 8.8017920159242686454e-05
1 3.6184128690104447017e-06 0.00010043256859392265385
1.0100000000000000089 6.2451019078827090948e-06 0.00011581470410932240072
1.0200000000000000178 1.0417106440600826974e-05 9.7635840885031171177e-05
1.0300000000000000266 1.6793485195253644014e-05 0.00010126436223521024984
1.0400000000000000355 2.6164999549585037347e-05 0.00011590462122919916593
1.0500000000000000444 3.9399144274164216541e-05 0.00011267536933349416831
1.0600000000000000533 5.7337533764111336964e-05 0.00015876836088715267628
1.0700000000000000622 8.0644989612422995928e-05 0.00016747660283660133727
1.0800000000000000711 0.00010962306324667935498 0.00014650243182391225463
1.0900000000000000799 0.00014401662819389966113 0.00017413925771299031933
1.1000000000000000888 0.00018285612229065022075 0.00030938505308895388043
1.1100000000000000977 0.00022438433523561511778 0.00036790591395188419407
1.1200000000000001066 0.00026611032495672197039 0.00048025536983808188741
1.1300000000000001155 0.00030501210665800291806 0.00050338397897309945968
1.1400000000000001243 0.00033787697110625793681 0.00058057309571352914285
1.1500000000000001332 0.00036173144944929387298 0.00064075976951993222734
1.1599999999999999201 0.00037428300422167329808 0.0006982425082054186799
1.1699999999999999289 0.00037428300422167291861 0.00064221507343912610788
1.1799999999999999378 0.00036173144944929224668 0.00065676757476306770172
1.1899999999999999467 0.00033787697110625533473 0.00059858190571588851259
1.1999999999999999556 0.00030501210665799971967 0.00050538498373232487292
1.2099999999999999645 0.00026611032495671828411 0.0004802553698380855737
1.2199999999999999734 0.00022438433523561143149 0.00033388924049873570064
1.2299999999999999822 0.0001828561222906467242 0.00025335761832266472365
1.2399999999999999911 0.00014401662819389692352 0.00019815102378535577252
1.25 0.00010962306324667935498 0.00013849852920234495112
1.2600000000000000089 8.0644989612435667541e-05 0.00013946285634961193647
1.2700000000000000178 5.7337533764185984284e-05 9.6737970050779509019e-05
1.2800000000000000266 3.9399144274534769739e-05 7.4656744569187837848e-05
1.2900000000000000355 2.6164999551310131752e-05 6.9882064738140513695e-05
1.3000000000000000444 1.679348520289855682e-05 9.3260437778125245185e-05
1.3100000000000000533 1.0417106472925615097e-05 8.1627999229783791517e-05
1.3200000000000000622 6.245102038345811066e-06 7.1793137696832840054e-05
1.3300000000000000711 3.6184133716912045731e-06 6.8416884845396786288e-05
1.3400000000000000799 2.0262044613731770486e-06 7.8013018205154899308e-05
1.3500000000000000888 1.0965699919889227172e-06 6.4935786707008390098e-05
1.3600000000000000977 5.7357123186333159382e-07 6.7459768398483410906e-05
1.3700000000000001066 2.9000045501052294067e-07 8.775313938500002727e-05
1.3800000000000001155 1.4185946021035745705e-07 7.7896380274968294536e-05
1.3900000000000001243 6.7505448682141657352e-08 7.5969751355147075887e-05
1.4000000000000001332 3.226635485676470687e-08 9.4013815003244453352e-05
1.4099999999999999201 1.812521920524759632e-08 7.0016190066533314732e-05
1.4199999999999999289 1.7649109888491917596e-08 6.8015690520458255337e-05
1.4299999999999999378 3.1447861143261061462e-08 7.0002867424595298785e-05
1.4399999999999999467 6.8864902833904032622e-08 7.1966433314254074811e-05
1.4499999999999999556 1.5213747526442172639e-07 6.5880219223732902709e-05
1.4599999999999999645 3.2473344606481599682e-07 8.3716447807204494693e-05
1.4699999999999999734 6.647537537616202909e-07 9.1380351948947791617e-05
1.4799999999999999822 1.3039034772245777984e-06 7.4733353326604645543e-05
1.4899999999999999911 2.4513007194134769107e-06 6.9583997497674508021e-05
1.5 4.4191842747975157145e-06 7.5620038391730561066e-05
1.5100000000000000089 7.6446477029632374717e-06 5.8387708996034077885e-05
1.5200000000000000178 1.2698680834154380014e-05 5.5334658796192365238e-05
1.5300000000000000266 2.0272398425111758986e-05 7.177270727759764424e-05
1.5400000000000000355 3.1131917718406249853e-05 4.4905339085422973065e-05
1.5500000000000000444 4.6038909596115166274e-05 2.1994430034231578978e-05
1.5600000000000000533 6.5643022772528066455e-05 4.3912925132104911217e-06
1.5700000000000000622 9.036296219881168859e-05 -1.2324722463633039165e-05
1.5800000000000000711 0.00012028129904868854522 -2.6235217690587326277e-05
1.5900000000000000799 0.0001550802144465814633 -6.7037074606570909701e-05
1.6000000000000000888 0.00019403906666591789316 -9.7992002376467247709e-05
1.6100000000000000977 0.00023610072132996371579 -0.00012604679834893990024
1.6200000000000001066 0.00027999604440331215703 -0.00015393427252340815777
1.6300000000000001155 0.00032440072245207442593 -0.00017232620884441603431
1.6400000000000001243 0.00036809094343538846777 -0.00020801249810233226169
1.6500000000000001332 0.00041006686593666184012 -0.00015994429783224576236
1.6600000000000001421 0.00044962380955141116514 -0.00023151693924475537346
1.6699999999999999289 0.00048636627896307416943 -0.00024824960844675454229
1.6799999999999999378 0.00052017392170988655063 -0.00030206705140323078605
1.6899999999999999467 0.00055113724666922111941 -0.00030501665897941901461
1.6999999999999999556 0.00057948294424187802524 -0.00035737410807252340764
1.7099999999999999645 0.00060550508110503414427 -0.00036538742038140753065
1.7199999999999999734 0.00062951193521955427571 -0.00038139034277052995606
1.7299999999999999822 0.00065179156432859121622 -0.00037565625449642061056
1.7399999999999999911 0.00067259425509758486578 -0.00040446287699081196615
1.75 0.00069212745085665101311 -0.00049002842944887543223
1.7600000000000000089 0.00071055829186859268548 -0.00048244651418114740254
1.7700000000000000178 0.00072801973198940495881 -0.00049790697864656786355
1.7800000000000000266 0.00074461751169192455253 -0.00053051260724796764096
1.7900000000000000355 0.00076043650749368961808 -0.0005423296371870338535
1.8000000000000000444 0.00077554588004668308533 -0.00050341252152529610431
1.8100000000000000533 0.00079000297296652477463 -0.00053187650224054139336
1.8200000000000000622 0.00080385615459074063593 -0.0006197659431853218227
1.8300000000000000711 0.00081714685661282736914 -0.00058503312761459846155
1.8400000000000000799 0.00082991103886048624323 -0.00059179436834416667031
1.8500000000000000888 0.00084218025662947091931 -0.00063607926935899648541
1.8600000000000000977 0.00085398245505184731518 -0.00065988735081755421196
1.8700000000000001066 0.00086534257434134939212 -0.0006812523629359305789
1.8800000000000001155 0.0008762830213643329905 -0.00063816635084801341758
1.8900000000000001243 0.0008868240443176988487 -0.0006807230570472244148
1.9000000000000001332 0.0008969840353521601941 -0.0006608683404912324335
1.9100000000000001421 0.00090677977835482463046 -0.00069467584956625953122
1.9199999999999999289 0.00091622665416033117515 -0.00072413252558142988426
1.9299999999999999378 0.0009253388121675955964 -0.00074525056662487563618
1.9399999999999999467 0.00093412931508069353779 -0.00072602735215482739999
1.9499999999999999556 0.00094261026189793842463 -0.0007345082989720721784
1.9599999999999999645 0.00095079289311903163878 -0.00073468699846776768653
1.9699999999999999734 0.00095868768128697719622 -0.00076659355270807590533
1.9799999999999999822 0.00096630440933966673268 -0.00074419557317031211508
1.9899999999999999911 0.00097365223875618938775 -0.00075754634410492532708
2 0.00098073976910423928295 -0.00074062210838061266933
2.0100000000000002309 0.00098757509029906366711 -0.00077347018585510675555
2.0200000000000000178 0.00099416582865079856576 -0.00080007072441650546255
2.0300000000000002487 0.0010005191875910720775 -0.00079441820032059764362
2.0400000000000000355 0.0010066419838204313311 -0.00080654393806804756256
2.0499999999999998224 0.0010125406794974439132 -0.00079043184332808929561
2.0600000000000000533 0.0010182214109920040279 -0.00081212042372152959402
2.0699999999999998401 0.0010236900146448541828 -0.00080158117847549956517
2.0800000000000000711 0.0010289520499089431591 -0.00080884420394689558222
2.0899999999999998579 0.0010340128201932355465 -0.00086392948203130510466
2.1000000000000000888 0.0010388773916837669171 -0.00083077542875790067085
2.1099999999999998757 0.0010435506103783956898 -0.00081143688138016678221
2.1200000000000001066 0.0010480371175394288547 -0.00088595769655098089053
2.1299999999999998934 0.0010523413637410939259 -0.00083023252757173930834
2.1400000000000001243 0.0010564676216657169043 -0.00087637937612299694409
2.1499999999999999112 0.0010604199977828168179 -0.00084431410313155286565
2.1600000000000001421 0.001064202443028537887 -0.0008721083144496365961
2.1699999999999999289 0.0010678187625884349998 -0.00087172268269875008428
2.1800000000000001599 0.0010712726248742528851 -0.00084716281304950645514
2.1899999999999999467 0.0010745675697746437122 -0.00089648029988731556435
2.2000000000000001776 0.0010777070162505274133 -0.00085759917028847983643
2.2099999999999999645 0.0010806942693377655142 -0.00090260699945043736635
2.2200000000000001954 0.001083532526612821607 -0.00087943251499773898543
2.2299999999999999822 0.0010862248841710000873 -0.0009001336971101894617
2.2400000000000002132 0.0010887743421615012074 -0.00088467433054641858581
2.25 0.0010911838099188484776 -0.00086507302243871023531
2.2600000000000002309 0.0010934561107261418257 -0.00089936100649184872249
2.2700000000000000178 0.001095593986241937684 -0.00088349005745337258477
2.2800000000000002487 0.0010976001006193798065 -0.0008894981376935135603
2.2900000000000000355 0.0010994770443433447143 -0.00088337114969208076209
2.3000000000000002665 0.001101227337808863109 -0.00087911850163950849141
2.3100000000000000533 0.0011028534346618371152 -0.00092076421346372534261
2.3199999999999998401 0.0011043577249210951956 -0.00089825673765062076168
2.3300000000000000711 0.001105742537899024637 -0.00088763566759236887244
2.3399999999999998579 0.0011070101449364700124 -0.00090891307483947805616
2.3500000000000000888 0.0011081627619661342781 -0.00090206177469565984421
2.3599999999999998757 0.0011092025519174727663 -0.00090510254030239014472
2.3700000000000001066 0.0011101316269749128378 -0.00086601201494050259952
2.3799999999999998934 0.0011109520507002416511 -0.00088284027301279636817
2.3900000000000001243 0.0011116658400291831114 -0.00088955700385982849378
2.3999999999999999112 0.001112274967151736637 -0.00090817495553665401539
2.4100000000000001421 0.0011127813612866273209 -0.00087466469077030774802
2.4199999999999999289 0.0011131869103647295139 -0.00088707612288459127166
2.4300000000000001599 0.0011134934626529859221 -0.00088538168496554063916
2.4399999999999999467 0.0011137028284036642935 -0.00085557635767768091227
2.4500000000000001776 0.0011138167817718921254 -0.0008897069699471456955
2.4599999999999999645 0.0011138370636843974992 -0.00082969782212682918754
2.4700000000000001954 0.0011137653874928202333 -0.00083562910200525781536
2.4799999999999999822 0.0011136034520695496652 -0.00091150443066177408435
2.4900000000000002132 0.0011133529735012812848 -0.00085522650277529790354
2.5 0.0011130157604936075089 -0.00084088240197222052785
2.5100000000000002309 0.0011125938864851860847 -0.0008804801574869571771
2.5200000000000000178 0.0011120900629603457446 -0.00080393905533041477157
2.5300000000000002487 0.0011115084055358767819 -0.00086538781784607473127
2.5400000000000000355 0.0011108559173656107778 -0.00083071865622265654745
2.5500000000000002665 0.0011101451929510547552 -0.00081199909270191330049
2.5600000000000000533 0.001109399044662165738 -0.00079324413441066751566
2.5699999999999998401 0.0011086579090731384697 -0.00077049220840466939829
2.5800000000000000711 0.0011079908876216616048 -0.00082185067040870148081
2.5899999999999998579 0.0011075109699091702578 -0.00072532368840675948835
2.6000000000000000888 0.0011073942492478253304 -0.00076722757292396444664
2.6099999999999998757 0.0011079017437921477758 -0.00070170269621737434498
2.6200000000000001066 0.0011094009590488116898 -0.00072521270189100910802
2.6299999999999998934 0.0011123830011778384173 -0.00068217218753070232515
2.6400000000000001243 0.0011174705135639760329 -0.00071727442205920849579
2.6499999999999999112 0.0011254126193471695842 -0.00068319592266385216137
2.6600000000000001421 0.0011370658098791123786 -0.00058679619497399343638
2.6699999999999999289 0.001153364233590258069 -0.00058308480392356008999
2.6800000000000001599 0.0011752885258536681454 -0.00051496498796752541473
2.6899999999999999467 0.001203848435536541495 -0.00051951313157803610289
2.7000000000000001776 0.0012401007643080452954 -0.000379679137013773111
2.7099999999999999645 0.0012852312729534219778 -0.00027073414184418387318
2.7200000000000001954 0.0013407388915416330096 -8.0121143638763048234e-05
2.7299999999999999822 0.0014087740063832266367 -9.8131779784069563324e-05
2.7400000000000002132 0.0014926974126643120875 0.00014810658287791591756
2.75 0.0015979322959504224134 0.00037303358495019856705
2.7600000000000002309 0.0017331560530938639603 0.0008020863014034491055
2.7700000000000000178 0.0019117887269747314838 0.0012317516237455544519
2.7800000000000002487 0.0021535477472464032225 0.0018804289529105238862
2.7900000000000000355 0.0024855484199502279885 0.0030231510344169328086
2.8000000000000002665 0.0029420927690244746272 0.0046896468324684071477
2.8100000000000000533 0.0035620538025211358375 0.0069410929948974537523
2.8199999999999998401 0.0043828567148033901676 0.0096560227095301813527
2.8300000000000000711 0.0054307121603695152762 0.013818719628551844394
2.8399999999999998579 0.006708048893742563773 0.019172632457084656799
2.8500000000000000888 0.0081807893528337994465 0.024869405029833743792
2.8599999999999998757 0.0097695986123148611385 0.030816288074725466106
2.8700000000000001066 0.011349668267518630768 0.038194610264747984318
2.8799999999999998934 0.012762273506882375676 0.043431260777947719443
2.8900000000000001243 0.013838186137002403062 0.048770495482164923085
2.8999999999999999112 0.01442887106620762902 0.051849608927135720782
2.9100000000000001421 0.014437823637675418348 0.052140802995015014809
2.9199999999999999289 0.013843107406746688742 0.05027430933271712088
2.9300000000000001599 0.012704048947810658854 0.046727071805477610189
2.9399999999999999467 0.011149698082606110741 0.041081896837552284163
2.9500000000000001776 0.0093523390621283418456 0.03466522916850062197
2.9599999999999999645 0.0074937949277548102783 0.028854015251240323903
2.9700000000000001954 0.0057338132334796409334 0.021725642420545442091
2.9799999999999999822 0.0041880957358180906716 0.016197894183486761382
2.9900000000000002132 0.0029195690647222938274 0.011221360030724766149
3 0.0019420840987697206553 0.0076145986816152965229
3.0100000000000002309 0.0012325315351432691423 0.0050245345023625957379
3.0200000000000000178 0.0007461986662770418938 0.0030276505583946792394
3.0300000000000002487 0.00043091587590487226379 0.0018822174532481885951
3.0400000000000000355 0.00023734211316027553477 0.0011133197429620393139
3.0500000000000002665 0.00012467233278708447146 0.00060968750807536848529
3.0600000000000000533 6.2452792620697514898e-05 0.00035575213799025732792
3.0700000000000002842 2.9833045700587327393e-05 0.00017826891722527886462
3.0800000000000000711 1.3589014298004334081e-05 0.00011447373323729148089
3.0899999999999998579 5.9020962313836603801e-06 3.611849439525099785e-05
3.1000000000000000888 2.4442078314355332912e-06 2.1567558240927129341e-05
3.1099999999999998757 9.6509682079804795824e-07 1.9044708845833971449e-05
3.1200000000000001066 3.6332350687612298304e-07 3.6386373536018703347e-06
3.1299999999999998934 1.3040559839026162339e-07 3.8715552620877314826e-06
3.1400000000000001243 4.4624204916704155328e-08 1.9563562253222930131e-06
3.1499999999999999112 1.4558231203165121888e-08 -1.4558231203165121888e-08
3.1600000000000001421 4.5279724498163985611e-09 3.9974328880281764675e-06
3.1699999999999999289 1.3426099840251831726e-09 -1.3426099840251831726e-09
3.1800000000000001599 3.7952589495143131061e-10 -3.7952589495143131061e-10
3.1899999999999999467 1.0227593284353446312e-10 -1.0227593284353446312e-10
3.2000000000000001776 2.6274926289522759602e-11 -2.6274926289522759602e-11
3.2099999999999999645 6.4348958969035483632e-12 -6.4348958969035483632e-12
3.2200000000000001954 1.502345479156539531e-12 -1.502345479156539531e-12
3.2299999999999999822 3.3436669059682146037e-13 2.0009800958723065994e-06
3.2400000000000002132 7.0941117233556627727e-14 -7.0941117233556627727e-14
3.25 1.4348022330262915863e-14 -1.4348022330262915863e-14
3.2600000000000002309 2.7663203727573523469e-15 -2.7663203727573523469e-15
3.2700000000000000178 5.0842503963284674618e-16 -5.0842503963284674618e-16
3.2800000000000002487 8.907651354071050217e-17 -8.907651354071050217e-17
3.2900000000000000355 1.4876791546547324328e-17 -1.4876791546547324328e-17
3.3000000000000002665 2.3684446964500665574e-18 -2.3684446964500665574e-18
3.3100000000000000533 3.5943749047473411994e-19 -3.5943749047473411994e-19
3.3200000000000002842 5.1998166176149112784e-20 2.0009804302389449634e-06
3.3300000000000000711 7.1706033163209368297e-21 -7.1706033163209368297e-21
3.3399999999999998579 9.4259465450864939386e-22 -9.4259465450864939386e-22
3.3500000000000000888 1.1811213898885834185e-22 -1.1811213898885834185e-22
3.3599999999999998757 1.4107925298141670242e-23 -1.4107925298141670242e-23
3.3700000000000001066 1.6063111310097366907e-24 -1.6063111310097366907e-24
3.3799999999999998934 1.7433837935448269613e-25 -1.7433837935448269613e-25
3.3900000000000001243 1.8036494842154664147e-26 -1.8036494842154664147e-26
3.3999999999999999112 1.7787140091526333928e-27 -1.7787140091526333928e-27
3.4100000000000001421 1.6720684637711388544e-28 -1.6720684637711388544e-28
3.4199999999999999289 1.4982872545941527492e-29 -1.4982872545941527492e-29
3.4300000000000001599 1.2797596514909339077e-30 -1.2797596514909339077e-30
3.4399999999999999467 1.0419653708759622403e-31 -1.0419653708759622403e-31
3.4500000000000001776 8.0866563435914152297e-33 -8.0866563435914152297e-33
3.4599999999999999645 5.9823916667246806099e-34 -5.9823916667246806099e-34
3.4700000000000001954 4.2186181006950573234e-35 -4.2186181006950573234e-35
3.4799999999999999822 2.8356621541346117371e-36 -2.8356621541346117371e-36
3.4900000000000002132 1.8168835481184431889e-37 -1.8168835481184431889e-37
3.5 1.1096537387147591901e-38 2.0009804302389970559e-06
3.5100000000000002309 6.4600388786747378138e-40 -6.4600388786747378138e-40
3.5200000000000000178 3.5848381304233536775e-41 2.0009804302389970559e-06
3.5300000000000002487 1.8962267340258753347e-42 -1.8962267340258753347e-42
3.5400000000000000355 9.5608571004512802394e-44 -9.5608571004512802394e-44
3.5500000000000002665 4.5950348315629844301e-45 -4.5950348315629844301e-45
3.5600000000000000533 2.1050663954521864716e-46 2.0009804302389970559e-06
3.5700000000000002842 9.1923681320006006002e-48 -9.1923681320006006002e-48
3.5800000000000000711 3.8262493160230742837e-49 -3.8262493160230742837e-49
3.5899999999999998579 1.5181091962544565349e-50 -1.5181091962544565349e-50
3.6000000000000000888 5.7413801762617092075e-52 -5.7413801762617092075e-52
3.6099999999999998757 2.0697258368324428861e-53 -2.0697258368324428861e-53
3.6200000000000001066 7.1120081368567444468e-55 -7.1120081368567444468e-55
3.6299999999999998934 2.3294547381955934446e-56 -2.3294547381955934446e-56
3.6400000000000001243 7.2727494784939593804e-58 -7.2727494784939593804e-58
3.6499999999999999112 2.1643376917492809563e-59 -2.1643376917492809563e-59
3.6600000000000001421 6.1395027121322647056e-61 -6.1395027121322647056e-61
3.6699999999999999289 1.6600565835612475426e-62 -1.6600565835612475426e-62
3.6800000000000001599 4.2785229411304131263e-64 -4.2785229411304131263e-64
3.6899999999999999467 1.0511044643340036992e-65 -1.0511044643340036992e-65
3.7000000000000001776 2.4613802499634192747e-67 -2.4613802499634192747e-67
3.7099999999999999645 5.4940440746986103154e-69 2.0009804302389970559e-06
3.7200000000000001954 1.168923132288647528e-70 -1.168923132288647528e-70
3.7299999999999999822 2.3706091201157290161e-72 2.0009804302389970559e-06
3.7400000000000002132 4.5826209571902627267e-74 -4.5826209571902627267e-74
3.75 8.4439902414731409003e-76 -8.4439902414731409003e-76
3.7600000000000002309 1.4830682127243394024e-77 -1.4830682127243394024e-77
3.7700000000000000178 2.4828699534140032768e-79 -2.4828699534140032768e-79
3.7800000000000002487 3.9621060176524393655e-81 -3.9621060176524393655e-81
3.7900000000000000355 6.026668738224409299e-83 -6.026668738224409299e-83
3.8000000000000002665 8.7379086530794152479e-85 -8.7379086530794152479e-85
3.8100000000000000533 1.2075815743800060728e-86 -1.2075815743800060728e-86
3.8200000000000002842 1.5907579614084094751e-88 -1.5907579614084094751e-88
3.8300000000000000711 1.9974238906797693921e-90 -1.9974238906797693921e-90
3.8399999999999998579 2.3906430894387594039e-92 -2.3906430894387594039e-92
3.8500000000000000888 2.7273286854306086581e-94 -2.7273286854306086581e-94
3.8599999999999998757 2.9657758330502960809e-96 -2.9657758330502960809e-96
3.8700000000000001066 3.0740939918698941221e-98 -3.0740939918698941221e-98
3.8799999999999998934 3.0372029906065011106e-100 -3.0372029906065011106e-100
3.8900000000000001243 2.8602779218972233514e-102 -2.8602779218972233514e-102
3.8999999999999999112 2.5675580568421629529e-104 -2.5675580568421629529e-104
3.9100000000000001421 2.1968976463610610243e-106 -2.1968976463610610243e-106
3.9199999999999999289 1.7917473841866955053e-108 -1.7917473841866955053e-108
3.9300000000000001599 1.3929035150047491592e-110 -1.3929035150047491592e-110
3.9399999999999999467 1.0321492172322038433e-112 -1.0321492172322038433e-112
3.9500000000000001776 7.2902268073862532621e-115 -7.2902268073862532621e-115
3.9599999999999999645 4.9081360837430285757e-117 -4.9081360837430285757e-117
3.9700000000000001954 3.1496990619496658163e-119 2.0009804302389970559e-06
3.9799999999999999822 1.9266301218229458946e-121 -1.9266301218229458946e-121
3.9900000000000002132 1.123322252126488835e-123 -1.123322252126488835e-123
4 6.2429092735504269466e-126 -6.2429092735504269466e-126
4.0099999999999997868 3.307091774292746253e-128 -3.307091774292746253e-128
4.0200000000000004619 1.6698672667669127423e-130 -1.6698672667669127423e-130
4.0300000000000002487 8.0370016627935624001e-133 -8.0370016627935624001e-133
4.0400000000000000355 3.6870793982575956518e-135 -3.6870793982575956518e-135
4.0499999999999998224 1.6123048927318359473e-137 2.0009804302389970559e-06
4.0600000000000004974 6.7202902603876287891e-140 -6.7202902603876287891e-140
4.0700000000000002842 2.6699614889598314965e-142 -2.6699614889598314965e-142
4.0800000000000000711 1.0111090564102439207e-144 2.0009804302389970559e-06
4.0899999999999998579 3.6497824057409725951e-147 -3.6497824057409725951e-147
4.0999999999999996447 1.2557750504420222121e-149 2.0009804302389970559e-06
4.1100000000000003197 4.1184383315158217389e-152 2.0009804302389970559e-06
4.1200000000000001066 1.2874461175327642254e-154 4.0019608604779932648e-06
4.1299999999999998934 3.8362002829224142672e-157 2.0009804302389970559e-06
4.1399999999999996803 1.089554957876914449e-159 -1.089554957876914449e-159
4.1500000000000003553 2.9496644125837806131e-162 2.0009804302389970559e-06
4.1600000000000001421 7.6115239489537504966e-165 2.0009804302389970559e-06
4.1699999999999999289 1.8721735919846566107e-167 2.0009804302389970559e-06
4.1799999999999997158 4.3893078823617536736e-170 -4.3893078823617536736e-170
4.1900000000000003908 9.8089236769974085444e-173 -9.8089236769974085444e-173
4.2000000000000001776 2.0894019448132031436e-175 2.0009804302389970559e-06
4.2099999999999999645 4.242266158424397369e-178 -4.242266158424397369e-178
4.2199999999999997513 8.2101115887154423901e-181 4.0019608604779932648e-06
4.2300000000000004263 1.5145213111204809862e-183 -1.5145213111204809862e-183
4.2400000000000002132 2.6630348632628353365e-186 -2.6630348632628353365e-186
4.25 4.4632725098603118588e-189 -4.4632725098603118588e-189
4.2599999999999997868 7.1302539774771258198e-192 -7.1302539774771258198e-192
4.2700000000000004619 1.0857543924356499351e-194 -1.0857543924356499351e-194
4.2800000000000002487 1.5759162991057591098e-197 -1.5759162991057591098e-197
4.2900000000000000355 2.1802666637951065648e-200 -2.1802666637951065648e-200
4.2999999999999998224 2.8751529673618758941e-203 -2.8751529673618758941e-203
4.3100000000000004974 3.613991527726961939e-206 -3.613991527726961939e-206
4.3200000000000002842 4.3300020201510260679e-209 -4.3300020201510260679e-209
4.3300000000000000711 4.9449718490208260278e-212 -4.9449718490208260278e-212
4.3399999999999998579 5.3828746448758817411e-215 -5.3828746448758817411e-215
4.3500000000000005329 5.5852084950012573031e-218 -5.5852084950012573031e-218
4.3600000000000003197 5.5238154263062366923e-221 -5.5238154263062366923e-221
4.3700000000000001066 5.2073112471133466411e-224 2.0009804302389970559e-06
4.3799999999999998934 4.6791017549296211649e-227 -4.6791017549296211649e-227
4.3899999999999996803 4.0076149092946601216e-230 -4.0076149092946601216e-230
4.4000000000000003553 3.2717791843203839411e-233 2.0009804302389970559e-06
4.4100000000000001421 2.5459886387269367063e-236 -2.5459886387269367063e-236
4.4199999999999999289 1.8884408247264741574e-239 -1.8884408247264741574e-239
4.4299999999999997158 1.3351335563553792204e-242 -1.3351335563553792204e-242
4.4400000000000003908 8.9974703237984367015e-246 -8.9974703237984367015e-246
4.4500000000000001776 5.7795028891417145663e-249 -5.7795028891417145663e-249
4.4599999999999999645 3.5386276654463506873e-252 4.0019608604779932648e-06
4.4699999999999997513 2.0651592365533110893e-255 -2.0651592365533110893e-255
4.4800000000000004263 1.1488054395938447795e-258 -1.1488054395938447795e-258
4.4900000000000002132 6.0913514609702028612e-262 -6.0913514609702028612e-262
4.5 3.0786125946800880737e-265 -3.0786125946800880737e-265
4.5099999999999997868 1.4831005869704642653e-268 -1.4831005869704642653e-268
4.5200000000000004619 6.8102072243940603971e-272 -6.8102072243940603971e-272
4.5300000000000002487 2.9807405562290846042e-275 -2.9807405562290846042e-275
4.5400000000000000355 1.2435467885333578787e-278 2.0009804302389970559e-06
4.5499999999999998224 4.9450895766886239411e-282 -4.9450895766886239411e-282
4.5600000000000004974 1.8743912584130977138e-285 -1.8743912584130977138e-285
4.5700000000000002842 6.7720533059600927947e-289 -6.7720533059600927947e-289
4.5800000000000000711 2.3321393281271734324e-292 -2.3321393281271734324e-292
4.5899999999999998579 7.6553068143792566086e-296 -7.6553068143792566086e-296
4.6000000000000005329 2.3952159273731750885e-299 -2.3952159273731750885e-299
4.6100000000000003197 7.1433294330160038835e-303 -7.1433294330160038835e-303
4.6200000000000001066 2.0306290935141868684e-306 2.0009804302389970559e-06
4.6299999999999998934 5.5021753169447827296e-310 2.0009804302389970559e-06
4.6399999999999996803 1.4210590288898289641e-313 -1.4210590288898289641e-313
4.6500000000000003553 3.4983533455278231027e-317 2.0009804302389970559e-06
4.6600000000000001421 8.2064303774231050988e-321 -8.2064303774231050988e-321
4.6699999999999999289 0 0
4.6799999999999997158 0 0
4.6900000000000003908 0 0
4.7000000000000001776 0 4.0019608604779932648e-06
4.7099999999999999645 0 0
4.7199999999999997513 0 0
4.7300000000000004263 0 0
4.7400000000000002132 0 0
4.75 0 2.0009804302389970559e-06
4.7599999999999997868 0 0
4.7700000000000004619 0 0
4.7800000000000002487 0 0
4.7900000000000000355 0 0
4.7999999999999998224 0 0
4.8100000000000004974 0 0
4.8200000000000002842 0 0
4.8300000000000000711 0 0
4.8399999999999998579 0 2.0009804302389970559e-06
4.8500000000000005329 0 2.0009804302389970559e-06
4.8600000000000003197 0 0
4.8700000000000001066 0 0
4.8799999999999998934 0 0
4.8899999999999996803 0 0
4.9000000000000003553 0 0
4.9100000000000001421 0 2.0009804302389970559e-06
4.9199999999999999289 0 2.0009804302389970559e-06
4.9299999999999997158 0 0
4.9400000000000003908 0 0
4.9500000000000001776 0 0
4.9599999999999999645 0 0
4.9699999999999997513 0 0
4.9800000000000004263 0 0
4.9900000000000002132 0 2.0009804302389970559e-06
5 0 2.0009804302389970559e-06
5.0099999999999997868 0 0
5.0200000000000004619 0 0
5.0300000000000002487 0 0
5.0400000000000000355 0 0
5.0499999999999998224 0 0
5.0600000000000004974 0 0
5.0700000000000002842 0 2.0009804302389970559e-06
5.0800000000000000711 0 2.0009804302389970559e-06
5.0899999999999998579 0 0
5.1000000000000005329 0 0
5.1100000000000003197 0 0
5.1200000000000001066 0 0
5.1299999999999998934 0 0
5.1399999999999996803 0 0
5.1500000000000003553 0 0
5.1600000000000001421 0 0
5.1699999999999999289 0 0
5.1799999999999997158 0 2.0009804302389970559e-06
5.1900000000000003908 0 0
5.2000000000000001776 0 0
5.2099999999999999645 0 0
5.2199999999999997513 0 0
5.2300000000000004263 0 0
5.2400000000000002132 0 0
5.25 0 0
5.2599999999999997868 0 0
5.2700000000000004619 0 0
5.2800000000000002487 0 0
5.2900000000000000355 0 0
5.2999999999999998224 0 0
5.3100000000000004974 0 0
5.3200000000000002842 0 0
5.3300000000000000711 0 2.0009804302389970559e-06
5.3399999999999998579 0 0
5.3500000000000005329 0 0
5.3600000000000003197 0 0
5.3700000000000001066 0 0
5.3799999999999998934 0 2.0009804302389970559e-06
5.3899999999999996803 0 0
5.4000000000000003553 0 0
5.4100000000000001421 0 0
5.4199999999999999289 0 0
5.4299999999999997158 0 0
5.4400000000000003908 0 0
5.4500000000000001776 0 2.0009804302389970559e-06
5.4599999999999999645 0 2.0009804302389970559e-06
5.4699999999999997513 0 0
5.4800000000000004263 0 0
5.4900000000000002132 0 2.0009804302389970559e-06
5.5 0 0
5.5099999999999997868 0 2.0009804302389970559e-06
5.5200000000000004619 0 0
5.5300000000000002487 0 0
5.5400000000000000355 0 0
5.5499999999999998224 0 2.0009804302389970559e-06
5.5600000000000004974 0 0
5.5700000000000002842 0 0
5.5800000000000000711 0 2.0009804302389970559e-06
5.5899999999999998579 0 0
5.6000000000000005329 0 0
5.6100000000000003197 0 0
5.6200000000000001066 0 6.0029415180906653404e-06
5.6299999999999998934 0 6.0029415180906653404e-06
5.6399999999999996803 0 0
5.6500000000000003553 0 2.0009804302389970559e-06
5.6600000000000001421 0 8.0039217209559865296e-06
5.6699999999999999289 0 2.0009804302389970559e-06
5.6799999999999997158 0 4.0019608604779932648e-06
5.6900000000000003908 0 0
5.7000000000000001776 0 4.0019608604779932648e-06
5.7099999999999999645 0 4.0019608604779932648e-06
5.7199999999999997513 0 8.0039217209559865296e-06
5.7300000000000004263 0 8.0039217209559865296e-06
5.7400000000000002132 0 2.6012745365733280778e-05
5.75 0 1.4006863239046650176e-05
5.7599999999999997868 0 2.6012745365733280778e-05
5.7700000000000004619 0 4.4021569920005276799e-05
5.7800000000000002487 0 2.0009805666632018983e-05
5.7900000000000000355 0 3.4016669815173372626e-05
5.7999999999999998224 0 2.0009805666632018983e-05
5.8100000000000004974 0 2.0009805666632018983e-05
5.8200000000000002842 0 2.0009805666632018983e-05
5.8300000000000000711 0 8.0039217209559865296e-06
5.8399999999999998579 0 2.8013726478093300352e-05
5.8500000000000005329 0 2.0009805666632018983e-05
5.8600000000000003197 0 1.8008824554271999409e-05
5.8700000000000001066 0 1.4006863239046650176e-05
5.8799999999999998934 0 1.6007843441911969671e-05
5.8899999999999996803 0 1.8008824554271999409e-05
5.9000000000000003553 0 6.0029415180906653404e-06
5.9100000000000001421 0 1.0004902833316009492e-05
5.9199999999999999289 0 1.0004902833316009492e-05
5.9299999999999997158 0 8.0039217209559865296e-06
5.9400000000000003908 0 2.0009804302389970559e-06
5.9500000000000001776 0 4.0019608604779932648e-06
5.9599999999999999645 0 4.0019608604779932648e-06
5.9699999999999997513 0 2.0009804302389970559e-06
5.9800000000000004263 0 2.0009804302389970559e-06
5.9900000000000002132 0 0
6 0 0
6.0099999999999997868 0 0
6.0200000000000004619 0 0
6.0300000000000002487 0 0
6.0400000000000000355 0 0
6.0499999999999998224 0 0
6.0600000000000004974 0 0
6.0700000000000002842 0 0
6.0800000000000000711 0 0
6.0899999999999998579 0 0
6.1000000000000005329 0 0
6.1100000000000003197 0 0
6.1200000000000001066 0 0
6.1299999999999998934 0 0
6.1400000000000005684 0 0
6.1500000000000003553 0 0
6.1600000000000001421 0 0
6.1699999999999999289 0 0
6.1799999999999997158 0 0
6.1900000000000003908 0 0
6.2000000000000001776 0 0
6.2099999999999999645 0 0
6.2199999999999997513 0 0
6.2300000000000004263 0 0
6.2400000000000002132 0 0
6.25 0 0
6.2599999999999997868 0 0
6.2700000000000004619 0 0
6.2800000000000002487 0 0
6.2900000000000000355 0 0
6.2999999999999998224 0 0
6.3100000000000004974 0 0
6.3200000000000002842 0 0
6.3300000000000000711 0 0
6.3399999999999998579 0 0
6.3500000000000005329 0 0
6.3600000000000003197 0 0
6.3700000000000001066 0 0
6.3799999999999998934 0 0
6.3900000000000005684 0 0
6.4000000000000003553 0 0
6.4100000000000001421 0 0
6.4199999999999999289 0 0
6.4299999999999997158 0 0
6.4400000000000003908 0 0
6.4500000000000001776 0 0
6.4599999999999999645 0 0
6.4699999999999997513 0 0
6.4800000000000004263 0 0
6.4900000000000002132 0 0
6.5 0 0
6.5099999999999997868 0 0
6.5200000000000004619 0 0
6.5300000000000002487 0 0
6.5400000000000000355 0 0
6.5499999999999998224 0 0
6.5600000000000004974 0 0
6.5700000000000002842 0 0
6.5800000000000000711 0 0
6.5899999999999998579 0 0
6.6000000000000005329 0 0
6.6100000000000003197 0 0
6.6200000000000001066 0 0
6.6299999999999998934 0 0
6.6400000000000005684 0 0
6.6500000000000003553 0 0
6.6600000000000001421 0 0
6.6699999999999999289 0 0
6.6799999999999997158 0 0
6.6900000000000003908 0 0
6.7000000000000001776 0 0
6.7099999999999999645 0 0
6.7199999999999997513 0 0
6.7300000000000004263 0 0
6.7400000000000002132 0 0
6.75 0 0
6.7599999999999997868 0 0
6.7700000000000004619 0 0
6.7800000000000002487 0 0
6.7900000000000000355 0 0
6.7999999999999998224 0 0
6.8100000000000004974 0 0
6.8200000000000002842 0 0
6.8300000000000000711 0 0
6.8399999999999998579 0 0
6.8500000000000005329 0 0
6.8600000000000003197 0 0
6.8700000000000001066 0 0
6.8799999999999998934 0 0
6.8900000000000005684 0 0
6.9000000000000003553 0 0
6.9100000000000001421 0 0
6.9199999999999999289 0 0
6.9299999999999997158 0 0
6.9400000000000003908 0 0
6.9500000000000001776 0 0
6.9599999999999999645 0 0
6.9699999999999997513 0 0
6.9800000000000004263 0 0
6.9900000000000002132 0 0
7 0 0
7.0099999999999997868 0 0
7.0200000000000004619 0 0
7.0300000000000002487 0 0
7.0400000000000000355 0 0
7.0499999999999998224 0 0
7.0600000000000004974 0 0
7.0700000000000002842 0 0
7.0800000000000000711 0 0
7.0899999999999998579 0 0
7.1000000000000005329 0 0
7.1100000000000003197 0 0
7.1200000000000001066 0 0
7.1299999999999998934 0 0
7.1400000000000005684 0 0
7.1500000000000003553 0 0
7.1600000000000001421 0 0
7.1699999999999999289 0 0
7.1799999999999997158 0 0
7.1900000000000003908 0 0
7.2000000000000001776 0 0
7.2099999999999999645 0 0
7.2199999999999997513 0 0
7.2300000000000004263 0 0
7.2400000000000002132 0 0
7.25 0 0
7.2599999999999997868 0 0
7.2700000000000004619 0 0
7.2800000000000002487 0 0
7.2900000000000000355 0 0
7.2999999999999998224 0 0
7.3100000000000004974 0 0
7.3200000000000002842 0 0
7.3300000000000000711 0 0
7.3399999999999998579 0 0
7.3500000000000005329 0 0
7.3600000000000003197 0 0
7.3700000000000001066 0 0
7.3799999999999998934 0 0
7.3900000000000005684 0 0
7.4000000000000003553 0 0
7.4100000000000001421 0 0
7.4199999999999999289 0 0
7.4299999999999997158 0 0
7.4400000000000003908 0 0
7.4500000000000001776 0 0
7.4599999999999999645 0 0
7.4699999999999997513 0 0
7.4800000000000004263 0 0
7.4900000000000002132 0 0
7.5 0 0
7.5099999999999997868 0 0
7.5200000000000004619 0 0
7.5300000000000002487 0 0
7.5400000000000000355 0 0
7.5499999999999998224 0 0
7.5600000000000004974 0 0
7.5700000000000002842 0 0
7.5800000000000000711 0 0
7.5899999999999998579 0 0
7.6000000000000005329 0 0
7.6100000000000003197 0 0
7.6200000000000001066 0 0
7.6299999999999998934 0 0
7.6400000000000005684 0 0
7.6500000000000003553 0 0
7.6600000000000001421 0 0
7.6699999999999999289 0 0
7.6799999999999997158 0 0
7.6900000000000003908 0 0
7.7000000000000001776 0 0
7.7099999999999999645 0 0
7.7199999999999997513 0 0
7.7300000000000004263 0 0
7.7400000000000002132 0 0
7.75 0 0
7.7599999999999997868 0 0
7.7700000000000004619 0 0
7.7800000000000002487 0 0
7.7900000000000000355 0 0
7.7999999999999998224 0 0
7.8100000000000004974 0 0
7.8200000000000002842 0 0
7.8300000000000000711 0 0
7.8399999999999998579 0 0
7.8500000000000005329 0 0
7.8600000000000003197 0 0
7.8700000000000001066 0 0
7.8799999999999998934 0 0
7.8900000000000005684 0 0
7.9000000000000003553 0 0
7.9100000000000001421 0 0
7.9199999999999999289 0 0
7.930000000000000604 0 0
7.9400000000000003908 0 0
7.9500000000000001776 0 0
7.9599999999999999645 0 0
7.9699999999999997513 0 0
7.9800000000000004263 0 0
7.9900000000000002132 0 0
8 0 0
8.0099999999999997868 0 0
8.0199999999999995737 0 0
8.0299999999999993605 0 0
8.0400000000000009237 0 0
8.0500000000000007105 0 0
8.0600000000000004974 0 0
8.0700000000000002842 0 0
8.0800000000000000711 0 0
8.0899999999999998579 0 0
8.0999999999999996447 0 0
8.1099999999999994316 0 0
8.1200000000000009948 0 0
8.1300000000000007816 0 0
8.1400000000000005684 0 0
8.1500000000000003553 0 0
8.1600000000000001421 0 0
8.1699999999999999289 0 0
8.1799999999999997158 0 0
8.1899999999999995026 0 0
8.1999999999999992895 0 0
8.2100000000000008527 0 0
8.2200000000000006395 0 0
8.2300000000000004263 0 0
8.2400000000000002132 0 0
8.25 0 0
8.2599999999999997868 0 0
8.2699999999999995737 0 0
8.2799999999999993605 0 0
8.2900000000000009237 0 0
8.3000000000000007105 0 0
8.3100000000000004974 0 0
8.3200000000000002842 0 0
8.3300000000000000711 0 0
8.3399999999999998579 0 0
8.3499999999999996447 0 0
8.3599999999999994316 0 0
8.3700000000000009948 0 0
8.3800000000000007816 0 0
8.3900000000000005684 0 0
8.4000000000000003553 0 0
8.4100000000000001421 0 0
8.4199999999999999289 0 0
8.4299999999999997158 0 0
8.4399999999999995026 0 0
8.4499999999999992895 0 0
8.4600000000000008527 0 0
8.4700000000000006395 0 0
8.4800000000000004263 0 0
8.4900000000000002132 0 0
8.5 0 0
8.5099999999999997868 0 0
8.5199999999999995737 0 0
8.5299999999999993605 0 0
8.5400000000000009237 0 0
8.5500000000000007105 0 0
8.5600000000000004974 0 0
8.5700000000000002842 0 0
8.5800000000000000711 0 0
8.5899999999999998579 0 0
8.5999999999999996447 0 0
8.6099999999999994316 0 0
8.6200000000000009948 0 0
8.6300000000000007816 0 0
8.6400000000000005684 0 0
8.6500000000000003553 0 0
8.6600000000000001421 0 0
8.6699999999999999289 0 0
8.6799999999999997158 0 0
8.6899999999999995026 0 0
8.7000000000000010658 0 0
8.7100000000000008527 0 0
8.7200000000000006395 0 0
8.7300000000000004263 0 0
8.7400000000000002132 0 0
8.75 0 0
8.7599999999999997868 0 0
8.7699999999999995737 0 0
8.7799999999999993605 0 0
8.7900000000000009237 0 0
8.8000000000000007105 0 0
8.8100000000000004974 0 0
8.8200000000000002842 0 0
8.8300000000000000711 0 0
8.8399999999999998579 0 0
8.8499999999999996447 0 0
8.8599999999999994316 0 0
8.8700000000000009948 0 0
8.8800000000000007816 0 0
8.8900000000000005684 0 0
8.9000000000000003553 0 0
8.9100000000000001421 0 0
8.9199999999999999289 0 0
8.9299999999999997158 0 0
8.9399999999999995026 0 0
8.9500000000000010658 0 0
8.9600000000000008527 0 0
8.9700000000000006395 0 0
8.9800000000000004263 0 0
8.9900000000000002132 0 0
9 0 0
9.0099999999999997868 0 0
9.0199999999999995737 0 0
9.0299999999999993605 0 0
9.0400000000000009237 0 0
9.0500000000000007105 0 0
9.0600000000000004974 0 0
9.0700000000000002842 0 0
9.0800000000000000711 0 0
9.0899999999999998579 0 0
9.0999999999999996447 0 0
9.1099999999999994316 0 0
9.1200000000000009948 0 0
9.1300000000000007816 0 0
9.1400000000000005684 0 0
9.1500000000000003553 0 0
9.1600000000000001421 0 0
9.1699999999999999289 0 0
9.1799999999999997158 0 0
9.1899999999999995026 0 0
9.2000000000000010658 0 0
9.2100000000000008527 0 0
9.2200000000000006395 0 0
9.2300000000000004263 0 0
9.2400000000000002132 0 0
9.25 0 0
9.2599999999999997868 0 0
9.2699999999999995737 0 0
9.2799999999999993605 0 0
9.2900000000000009237 0 0
9.3000000000000007105 0 0
9.3100000000000004974 0 0
9.3200000000000002842 0 0
9.3300000000000000711 0 0
9.3399999999999998579 0 0
9.3499999999999996447 0 0
9.3599999999999994316 0 0
9.3700000000000009948 0 0
9.3800000000000007816 0 0
9.3900000000000005684 0 0
9.4000000000000003553 0 0
9.4100000000000001421 0 0
9.4199999999999999289 0 0
9.4299999999999997158 0 0
9.4399999999999995026 0 0
9.4500000000000010658 0 0
9.4600000000000008527 0 0
9.4700000000000006395 0 0
9.4800000000000004263 0 0
9.4900000000000002132 0 0
9.5 0 0
9.5099999999999997868 0 0
9.5199999999999995737 0 0
9.5299999999999993605 0 0
9.5400000000000009237 0 0
9.5500000000000007105 0 0
9.5600000000000004974 0 0
9.5700000000000002842 0 0
9.5800000000000000711 0 0
9.5899999999999998579 0 0
9.5999999999999996447 0 0
9.6099999999999994316 0 0
9.6200000000000009948 0 0
9.6300000000000007816 0 0
9.6400000000000005684 0 0
9.6500000000000003553 0 0
9.6600000000000001421 0 0
9.6699999999999999289 0 0
9.6799999999999997158 0 0
9.6899999999999995026 0 0
9.7000000000000010658 0 0
9.7100000000000008527 0 0
9.7200000000000006395 0 0
9.7300000000000004263 0 0
9.7400000000000002132 0 0
9.75 0 0
9.7599999999999997868 0 0
9.7699999999999995737 0 0
9.7799999999999993605 0 0
9.7900000000000009237 0 0
9.8000000000000007105 0 0
9.8100000000000004974 0 0
9.8200000000000002842 0 0
9.8300000000000000711 0 0
9.8399999999999998579 0 0
9.8499999999999996447 0 0
9.8599999999999994316 0 0
9.8700000000000009948 0 0
9.8800000000000007816 0 0
9.8900000000000005684 0 0
9.9000000000000003553 0 0
9.9100000000000001421 0 0
9.9199999999999999289 0 0
9.9299999999999997158 0 0
9.9399999999999995026 0 0
9.9500000000000010658 0 0
9.9600000000000008527 0 0
9.9700000000000006395 0 0
9.9800000000000004263 0 0
9.9900000000000002132 0 0
10 0 0
10.009999999999999787 0 0
10.019999999999999574 0 0
10.029999999999999361 0 0
10.040000000000000924 0 0
10.050000000000000711 0 0
10.060000000000000497 0 0
10.070000000000000284 0 0
10.080000000000000071 0 0
10.089999999999999858 0 0
10.099999999999999645 0 0
10.109999999999999432 0 0
10.120000000000000995 0 0
10.130000000000000782 0 0
10.140000000000000568 0 0
10.150000000000000355 0 0
10.160000000000000142 0 0
10.169999999999999929 0 0
10.179999999999999716 0 0
10.189999999999999503 0 0
10.200000000000001066 0 0
10.210000000000000853 0 0
10.220000000000000639 0 0
10.230000000000000426 0 0
