0 1.0082999791031015652e-21 -1.0082999791031015652e-21
0.010000000000000000208 9.6328521254669192138e-21 -9.6328521254669192138e-21
0.020000000000000000416 8.6361557772973797844e-20 -8.6361557772973797844e-20
0.02999999999999999889 7.2663159980004273952e-19 -7.2663159980004273952e-19
0.040000000000000000833 5.7380782831394316244e-18 -5.7380782831394316244e-18
0.050000000000000002776 4.2531408416669298938e-17 -4.2531408416669298938e-17
0.05999999999999999778 2.9592372908755328907e-16 -2.9592372908755328907e-16
0.070000000000000006661 1.9329267753751446013e-15 -1.9329267753751446013e-15
0.080000000000000001665 1.1853840153324896589e-14 -1.1853840153324896589e-14
0.089999999999999996669 6.8258590020774196654e-14 -6.8258590020774196654e-14
0.10000000000000000555 3.6911461327956397506e-13 -3.6911461327956397506e-13
0.11000000000000000056 1.8746798053183603037e-12 -1.8746798053183603037e-12
0.11999999999999999556 8.9436952701683169205e-12 -8.9436952701683169205e-12
0.13000000000000000444 4.0086638742133267422e-11 -4.0086638742133267422e-11
0.14000000000000001332 1.6883066238635267791e-10 -1.6883066238635267791e-10
0.14999999999999999445 6.6827766108704840863e-10 0.00035803299508274091453
0.16000000000000000333 2.4866307039596399112e-09 0.00041603662422915203747
0.17000000000000001221 8.7000254936322710061e-09 0.00035602477348293886349
0.17999999999999999334 2.8628850443325926915e-08 0.00044201292098118544855
0.19000000000000000222 8.8633087177366139764e-08 0.00038394746924499739346
0.2000000000000000111 2.5825483093264391469e-07 0.00041178047632498432926
0.20999999999999999223 7.0849069844635206251e-07 0.00037932723192978944245
0.22000000000000000111 1.8308357455876137266e-06 0.00040220713600245150843
0.23000000000000000999 4.4588053550165650325e-06 0.00035957542756129382304
0.23999999999999999112 1.0239970043503632309e-05 0.00035379426287280674136
0.25 2.2191441096263838734e-05 0.00039184747991162261231
0.26000000000000000888 4.5417137663985858269e-05 0.00031061633584444664925
0.27000000000000001776 8.786082581228376535e-05 0.00032417790534363321534
0.28000000000000002665 0.00016083037426659659973 0.00018720233983395798572
0.28999999999999998002 0.00027891171183779418091 9.3123251382563713985e-05
0.2999999999999999889 0.0004588854018429648499 -7.884967921472903294e-05
0.30999999999999999778 0.00071744810133176197074 -0.00024940411252836038134
0.32000000000000000666 0.0010679370404812903346 -0.00052388592461453985585
0.33000000000000001554 0.0015167457318378931366 -0.00090868859891578019489
0.34000000000000002442 0.0020604806642721034196 -0.001274406750940028539
0.35000000000000003331 0.0026849096721045032088 -0.001816828091257001454
0.35999999999999998668 0.0033662975151345572722 -0.0023522021333009443533
0.36999999999999999556 0.0040749489626059681377 -0.0029188402759055048427
0.38000000000000000444 0.0047800126975735008489 -0.0035819000821893398102
0.39000000000000001332 0.0054541916564280401233 -0.0042700803118000041012
0.4000000000000000222 0.0060771329981454957903 -0.0048690194917091478288
0.41000000000000003109 0.0066368404204350849376 -0.0054647302149188657985
0.41999999999999998446 0.0071291693271099496748 -0.0059250560839622188475
0.42999999999999999334 0.0075560145422507874607 -0.0064539109233458392262
0.44000000000000000222 0.0079230039326350538975 -0.0067928976558025329358
0.4500000000000000111 0.0082373868795061529896 -0.0071532850274765909931
0.46000000000000001998 0.0085065045728773200362 -0.0074124017133802497237
0.47000000000000002887 0.0087369219676936317465 -0.0075648117621774126074
0.47999999999999998224 0.0089340983417570771913 -0.0076739798991695227365
0.48999999999999999112 0.0091023984608145040026 -0.0080162963607253116122
0.5 0.0092452642933819086102 -0.0081591621932927162197
0.51000000000000000888 0.00936542584623029431 -0.0082453205768652816643
0.52000000000000001776 0.0094650891001444633494 -0.0084389926956143553743
0.53000000000000002665 0.0095460806700319554563 -0.0085019824986264612432
0.54000000000000003553 0.009609950713592010918 -0.0085518512714303912547
0.55000000000000004441 0.0096580434683367286097 -0.0086199459246948037516
0.56000000000000005329 0.0096915452842137751049 -0.0086834505301437315411
0.57000000000000006217 0.0097115178326697623734 -0.0086834211800800240044
0.57999999999999996003 0.009718921707779880001 -0.0086368199873946265716
0.58999999999999996891 0.0097146337320351203171 -0.0086485335304656227318
0.5999999999999999778 0.0096994600283842446337 -0.0086013567891832353601
0.60999999999999998668 0.0096741461750743731884 -0.0085640417967615470318
0.61999999999999999556 0.0096393853942717024064 -0.0083952684704999037957
0.63000000000000000444 0.009595825784322302085 -0.0083837118981820151625
0.64000000000000001332 0.0095440785448401149749 -0.0082619580720885571479
0.6500000000000000222 0.0094847324057192594626 -0.00824661599329570838
0.66000000000000003109 0.0094183887125275089769 -0.0079542511378697111635
0.67000000000000003997 0.0093457547843883662791 -0.0078576149315069346996
0.68000000000000004885 0.0092678846948398129618 -0.0076657340786037819064
0.69000000000000005773 0.009186756712004015557 -0.0072885782305071450393
0.70000000000000006661 0.009106540125245926251 -0.0070383457973699544569
0.70999999999999996447 0.0090361089574010344805 -0.0066598855087370845141
0.71999999999999997335 0.0089934910232666066821 -0.0063172394460532001192
0.72999999999999998224 0.0090127338522084290279 -0.0060504554172016913188
0.73999999999999999112 0.0091527299425592685556 -0.0056884043785771394586
0.75 0.0095055550981569675306 -0.0055051791195083049635
0.76000000000000000888 0.010199044190145311814 -0.0048305395169027428443
0.77000000000000001776 0.011385912789976887494 -0.0041312307743492648893
0.78000000000000002665 0.013212108451247806667 -0.0024810996161109162561
0.79000000000000003553 0.015762753775152793523 0.00037276373263872564223
0.80000000000000004441 0.0189955182780001397 0.0043826788257386416203
0.81000000000000005329 0.022684814253667268807 0.0090741721598115825109
0.82000000000000006217 0.026407896763523685396 0.01470596786693705374
0.83000000000000007105 0.029597320033727076566 0.019267271833004560172
0.83999999999999996891 0.031660779736263168493 0.022754334487693893274
0.8499999999999999778 0.032137307516910240679 0.022761852301977469892
0.85999999999999998668 0.030834823982842391593 0.019559912247530990975
0.86999999999999999556 0.027894007666437802689 0.014323962227971376998
0.88000000000000000444 0.023750926627317064943 0.0084520994885772526839
0.89000000000000001332 0.019013092067897613413 0.0039030628680583878687
0.9000000000000000222 0.014298360396737673506 0.0003710188226751266749
0.91000000000000003109 0.010095852629132985936 -0.0015210464753587244618
0.92000000000000003997 0.0066904315247807424547 -0.0021160013496551435472
0.93000000000000004885 0.0041600418042677268088 -0.0019538343183981999457
0.94000000000000005773 0.0024265219236766478149 -0.0013704226131593367187
0.95000000000000006661 0.0013275381102097894969 -0.00091749956890584192896
0.95999999999999996447 0.00068113868793519174571 -0.00049112082662107383723
0.96999999999999997335 0.00032772617500097272385 -0.00028372203827541103054
0.97999999999999998224 0.00014785758454342840884 -0.00012985589224660771613
0.98999999999999999112 6.2547398756914677348e-05 -5.0546270559034215536e-05
1 2.480785187247953755e-05 -2.2807663839499460581e-05
1.0100000000000000089 9.2250366388043262926e-06 -5.2246605728441723553e-06
1.0200000000000000178 3.216130613875428867e-06 -3.216130613875428867e-06
1.0300000000000000266 1.051176665353218396e-06 -1.051176665353218396e-06
1.0400000000000000355 3.2209631569273909875e-07 1.6780917172873379229e-06
1.0500000000000000444 9.2524501756998380266e-08 1.9076635312230787472e-06
1.0600000000000000533 2.4916254352899337945e-08 -2.4916254352899337945e-08
1.0700000000000000622 6.2901167570554316442e-09 -6.2901167570554316442e-09
1.0800000000000000711 1.4886077966703691258e-09 -1.4886077966703691258e-09
1.0900000000000000799 3.3025072916064485747e-10 -3.3025072916064485747e-10
1.1000000000000000888 6.8682481035394780281e-11 -6.8682481035394780281e-11
1.1100000000000000977 1.3390107205170044205e-11 -1.3390107205170044205e-11
1.1200000000000001066 2.4471216912301293125e-12 -2.4471216912301293125e-12
1.1300000000000001155 4.1923578905054135483e-13 -4.1923578905054135483e-13
1.1400000000000001243 6.7327190450145984721e-14 -6.7327190450145984721e-14
1.1500000000000001332 1.0135619346949801201e-14 4.0003760558245348206e-06
1.1599999999999999201 1.4303299514635076899e-15 -1.4303299514635076899e-15
1.1699999999999999289 1.8921125034819210402e-16 2.0001880327908659019e-06
1.1799999999999999378 2.3462875531785203241e-17 -2.3462875531785203241e-17
1.1899999999999999467 2.7273317729350376861e-18 2.0001880329773495226e-06
1.1999999999999999556 2.9717766153122579727e-19 -2.9717766153122579727e-19
1.2099999999999999645 3.0353927634762739401e-20 2.0001880329800464755e-06
1.2199999999999999734 2.9062524974623941652e-21 -2.9062524974623941652e-21
1.2299999999999999822 2.6083793309220950546e-22 -2.6083793309220950546e-22
1.2399999999999999911 2.1944536872743038148e-23 4.0003760659601539373e-06
1.25 1.7306120110069649737e-24 2.0001880329800769687e-06
1.2600000000000000089 1.279351972574243581e-25 2.0001880329800769687e-06
1.2700000000000000178 8.8653699820487581506e-27 -8.8653699820487581506e-27
1.2800000000000000266 5.7586366368839301124e-28 -5.7586366368839301124e-28
1.2900000000000000355 3.5063721610799241189e-29 2.0001880329800769687e-06
1.3000000000000000444 2.0012964830301266817e-30 -2.0012964830301266817e-30
1.3100000000000000533 1.0707289371712239485e-31 -1.0707289371712239485e-31
1.3200000000000000622 5.3698475494973782062e-33 -5.3698475494973782062e-33
1.3300000000000000711 2.5244009157180892677e-34 -2.5244009157180892677e-34
1.3400000000000000799 1.1124188234186592803e-35 -1.1124188234186592803e-35
1.3500000000000000888 4.5950648756395786971e-37 -4.5950648756395786971e-37
1.3600000000000000977 1.7792132093180170073e-38 -1.7792132093180170073e-38
1.3700000000000001066 6.4576885739844433172e-40 2.0001880329800769687e-06
1.3800000000000001155 2.1970437207013166652e-41 2.0001880329800769687e-06
1.3900000000000001243 7.0066844517732011722e-43 2.0001880329800769687e-06
1.4000000000000001332 2.0945872171205713762e-44 -2.0945872171205713762e-44
1.4099999999999999201 5.8694330351542322256e-46 -5.8694330351542322256e-46
1.4199999999999999289 1.5417198542502760553e-47 -1.5417198542502760553e-47
1.4299999999999999378 3.7959999255888003523e-49 2.0001880329800769687e-06
1.4399999999999999467 8.7610903460755030562e-51 -8.7610903460755030562e-51
1.4499999999999999556 1.8954013363609502697e-52 -1.8954013363609502697e-52
1.4599999999999999645 3.8437497161458791558e-54 2.0001880329800769687e-06
1.4699999999999999734 7.3066744495622753612e-56 -7.3066744495622753612e-56
1.4799999999999999822 1.3019520901855563177e-57 2.0001880329800769687e-06
1.4899999999999999911 2.1746065675324687687e-59 -2.1746065675324687687e-59
1.5 3.4046831285436312779e-61 -3.4046831285436312779e-61
1.5100000000000000089 4.9966954967071216327e-63 2.0001880329800769687e-06
1.5200000000000000178 6.8738353911232018243e-65 -6.8738353911232018243e-65
1.5300000000000000266 8.8639094816119589092e-67 -8.8639094816119589092e-67
1.5400000000000000355 1.0714238880410095542e-68 6.000564098940230906e-06
1.5500000000000000444 1.2139674937792548608e-70 -1.2139674937792548608e-70
1.5600000000000000533 1.2893250120136025731e-72 4.0003760659601539373e-06
1.5700000000000000622 1.2835928102985773014e-74 -1.2835928102985773014e-74
1.5800000000000000711 1.1978476008374137112e-76 -1.1978476008374137112e-76
1.5900000000000000799 1.0478163996653540592e-78 6.000564098940230906e-06
1.6000000000000000888 8.5916793591269920107e-81 8.0007521319203078747e-06
1.6100000000000000977 6.6035898568330232261e-83 8.0007521319203078747e-06
1.6200000000000001066 4.7576359137641371734e-85 -4.7576359137641371734e-85
1.6300000000000001155 3.2130043953194503314e-87 1.2001128197880460118e-05
1.6400000000000001243 2.0339504319761276251e-89 6.000564098940230906e-06
1.6500000000000001332 1.2069193987480446654e-91 1.2001128197880460118e-05
1.6600000000000001421 6.7131284865196988002e-94 1.4001316230860540475e-05
1.6699999999999999289 3.5000993638937062276e-96 1.2001128197880460118e-05
1.6799999999999999378 1.7105841605304644704e-98 6.000564098940230906e-06
1.6899999999999999467 7.8364093777235189845e-101 1.2001128197880460118e-05
1.6999999999999999556 3.3651026941943077713e-103 8.0007521319203078747e-06
1.7099999999999999645 1.3545280681054300261e-105 8.0007521319203078747e-06
1.7199999999999999734 5.1107674441907272633e-108 1.6001504263840619137e-05
1.7299999999999999822 1.8075594974825960584e-110 1.2001128197880460118e-05
1.7399999999999999911 5.992491163486672575e-113 1.4001316230860540475e-05
1.75 1.8622177948719182771e-115 4.0003760659601539373e-06
1.7600000000000000089 5.4245256009699673272e-118 6.000564098940230906e-06
1.7700000000000000178 1.481157452497535789e-120 4.0003760659601539373e-06
1.7800000000000000266 3.7909566807268428115e-123 -3.7909566807268428115e-123
1.7900000000000000355 9.0950376340939282312e-126 6.000564098940230906e-06
1.8000000000000000444 2.0453527627232794315e-128 4.0003760659601539373e-06
1.8100000000000000533 4.3116147055603844193e-131 -4.3116147055603844193e-131
1.8200000000000000622 8.5196083191509513209e-134 -8.5196083191509513209e-134
1.8300000000000000711 1.5780008634295129067e-136 -1.5780008634295129067e-136
1.8400000000000000799 2.7396982337252903671e-139 -2.7396982337252903671e-139
1.8500000000000000888 4.458677620829623023e-142 -4.458677620829623023e-142
1.8600000000000000977 6.8016961848552482923e-145 -6.8016961848552482923e-145
1.8700000000000001066 9.7260425667091447182e-148 -9.7260425667091447182e-148
1.8800000000000001155 1.303655525070184219e-150 -1.303655525070184219e-150
1.8900000000000001243 1.6379372049705730864e-153 -1.6379372049705730864e-153
1.9000000000000001332 1.9290315438761457482e-156 -1.9290315438761457482e-156
1.9100000000000001421 2.1295559941531513998e-159 -2.1295559941531513998e-159
1.9199999999999999289 2.2036693010832283676e-162 -2.2036693010832283676e-162
1.9299999999999999378 2.1375258427135058248e-165 -2.1375258427135058248e-165
1.9399999999999999467 1.9434970831747371991e-168 -1.9434970831747371991e-168
1.9499999999999999556 1.6563951561045570491e-171 -1.6563951561045570491e-171
1.9599999999999999645 1.3232793139995578542e-174 -1.3232793139995578542e-174
1.9699999999999999734 9.9093822747825080852e-178 -9.9093822747825080852e-178
1.9799999999999999822 6.955832315019243714e-181 -6.955832315019243714e-181
1.9899999999999999911 4.5767697374895683456e-184 -4.5767697374895683456e-184
2 2.8227761316494808403e-187 -2.8227761316494808403e-187
2.0100000000000002309 1.6319287780349766076e-190 -1.6319287780349766076e-190
2.0200000000000000178 8.8436863998768484807e-194 -8.8436863998768484807e-194
2.0300000000000002487 4.4923420200978627055e-197 -4.4923420200978627055e-197
2.0400000000000000355 2.1390435073549975772e-200 -2.1390435073549975772e-200
2.0499999999999998224 9.5471495797995038173e-204 -9.5471495797995038173e-204
2.0600000000000000533 3.9942488579405449772e-207 -3.9942488579405449772e-207
2.0699999999999998401 1.5664039748434498793e-210 -1.5664039748434498793e-210
2.0800000000000000711 5.7581062988595049406e-214 -5.7581062988595049406e-214
2.0899999999999998579 1.9840965653051791036e-217 -1.9840965653051791036e-217
2.1000000000000000888 6.4084520616071753442e-221 -6.4084520616071753442e-221
2.1099999999999998757 1.9402186010749074472e-224 -1.9402186010749074472e-224
2.1200000000000001066 5.5062428222691878531e-228 -5.5062428222691878531e-228
2.1299999999999998934 1.4647624901390110366e-231 -1.4647624901390110366e-231
2.1400000000000001243 3.6524661366471958386e-235 -3.6524661366471958386e-235
2.1499999999999999112 8.5371381187430238009e-239 -8.5371381187430238009e-239
2.1600000000000001421 1.8704474998423105638e-242 -1.8704474998423105638e-242
2.1699999999999999289 3.8413672349466890667e-246 -3.8413672349466890667e-246
2.1800000000000001599 7.3949153534523580732e-250 -7.3949153534523580732e-250
2.1899999999999999467 1.3344049558158099936e-253 -1.3344049558158099936e-253
2.2000000000000001776 2.2570913180601739444e-257 -2.2570913180601739444e-257
2.2099999999999999645 3.5786369764357941441e-261 -3.5786369764357941441e-261
2.2200000000000001954 5.3185491432587392691e-265 -5.3185491432587392691e-265
2.2299999999999999822 7.4092749456518149579e-269 -7.4092749456518149579e-269
2.2400000000000002132 9.6753177175356339383e-273 -9.6753177175356339383e-273
2.25 1.1843000186715596178e-276 -1.1843000186715596178e-276
2.2600000000000002309 1.3588302322334746062e-280 -1.3588302322334746062e-280
2.2700000000000000178 1.4614219189024151389e-284 -1.4614219189024151389e-284
2.2800000000000002487 1.4733060481917939488e-288 -1.4733060481917939488e-288
2.2900000000000000355 1.3922500868897348765e-292 -1.3922500868897348765e-292
2.3000000000000002665 1.2332424087862991491e-296 -1.2332424087862991491e-296
2.3100000000000000533 1.0239683937644564299e-300 -1.0239683937644564299e-300
2.3199999999999998401 7.9695086260158371507e-305 -7.9695086260158371507e-305
2.3300000000000000711 5.8141123502828871103e-309 -5.8141123502828871103e-309
2.3399999999999998579 3.9759614495899155252e-313 -3.9759614495899155252e-313
2.3500000000000000888 2.5486356578094869331e-317 -2.5486356578094869331e-317
2.3599999999999998757 1.5316035021078642869e-321 -1.5316035021078642869e-321
2.3700000000000001066 0 0
2.3799999999999998934 0 0
2.3900000000000001243 0 0
2.3999999999999999112 0 0
2.4100000000000001421 0 0
2.4199999999999999289 0 0
2.4300000000000001599 0 0
2.4399999999999999467 0 0
2.4500000000000001776 0 0
2.4599999999999999645 0 0
2.4700000000000001954 0 0
2.4799999999999999822 0 0
2.4900000000000002132 0 0
2.5 0 0
2.5100000000000002309 0 0
2.5200000000000000178 0 0
2.5300000000000002487 0 0
2.5400000000000000355 0 0
2.5500000000000002665 0 0
2.5600000000000000533 0 0
2.5699999999999998401 0 0
2.5800000000000000711 0 0
2.5899999999999998579 0 0
2.6000000000000000888 0 0
2.6099999999999998757 0 0
2.6200000000000001066 0 0
2.6299999999999998934 0 0
2.6400000000000001243 0 0
2.6499999999999999112 0 0
2.6600000000000001421 0 0
2.6699999999999999289 0 0
2.6800000000000001599 0 0
2.6899999999999999467 0 0
2.7000000000000001776 0 0
2.7099999999999999645 0 0
2.7200000000000001954 0 0
2.7299999999999999822 0 0
2.7400000000000002132 0 0
2.75 0 0
2.7600000000000002309 0 0
2.7700000000000000178 0 0
2.7800000000000002487 0 0
2.7900000000000000355 0 0
2.8000000000000002665 0 0
2.8100000000000000533 0 0
2.8199999999999998401 0 0
2.8300000000000000711 0 0
2.8399999999999998579 0 0
2.8500000000000000888 0 0
2.8599999999999998757 0 0
2.8700000000000001066 0 0
2.8799999999999998934 0 0
2.8900000000000001243 0 0
2.8999999999999999112 0 0
2.9100000000000001421 0 0
2.9199999999999999289 0 0
2.9300000000000001599 0 0
2.9399999999999999467 0 0
2.9500000000000001776 0 0
2.9599999999999999645 0 0
2.9700000000000001954 0 0
2.9799999999999999822 0 0
2.9900000000000002132 0 0
3 0 0
3.0100000000000002309 0 0
3.0200000000000000178 0 0
3.0300000000000002487 0 0
3.0400000000000000355 0 0
3.0500000000000002665 0 0
3.0600000000000000533 0 0
3.0700000000000002842 0 0
3.0800000000000000711 0 0
3.0899999999999998579 0 0
3.1000000000000000888 0 0
3.1099999999999998757 0 0
3.1200000000000001066 0 0
3.1299999999999998934 0 0
3.1400000000000001243 0 0
3.1499999999999999112 0 0
3.1600000000000001421 0 0
3.1699999999999999289 0 0
3.1800000000000001599 0 0
3.1899999999999999467 0 0
3.2000000000000001776 0 0
3.2099999999999999645 0 0
3.2200000000000001954 0 0
3.2299999999999999822 0 0
3.2400000000000002132 0 0
3.25 0 0
3.2600000000000002309 0 0
3.2700000000000000178 0 0
3.2800000000000002487 0 0
3.2900000000000000355 0 0
3.3000000000000002665 0 0
3.3100000000000000533 0 0
3.3200000000000002842 0 0
3.3300000000000000711 0 0
3.3399999999999998579 0 0
3.3500000000000000888 0 0
3.3599999999999998757 0 0
3.3700000000000001066 0 0
3.3799999999999998934 0 0
3.3900000000000001243 0 0
3.3999999999999999112 0 0
3.4100000000000001421 0 0
3.4199999999999999289 0 0
3.4300000000000001599 0 0
3.4399999999999999467 0 0
3.4500000000000001776 0 0
3.4599999999999999645 0 0
3.4700000000000001954 0 0
3.4799999999999999822 0 0
3.4900000000000002132 0 0
3.5 0 0
3.5100000000000002309 0 0
3.5200000000000000178 0 0
3.5300000000000002487 0 0
3.5400000000000000355 0 0
3.5500000000000002665 0 0
3.5600000000000000533 0 0
3.5700000000000002842 0 0
3.5800000000000000711 0 0
3.5899999999999998579 0 0
3.6000000000000000888 0 0
3.6099999999999998757 0 0
3.6200000000000001066 0 0
3.6299999999999998934 0 0
3.6400000000000001243 0 0
3.6499999999999999112 0 0
3.6600000000000001421 0 0
3.6699999999999999289 0 0
3.6800000000000001599 0 0
3.6899999999999999467 0 0
3.7000000000000001776 0 0
3.7099999999999999645 0 0
3.7200000000000001954 0 0
3.7299999999999999822 0 0
3.7400000000000002132 0 0
3.75 0 0
3.7600000000000002309 0 0
3.7700000000000000178 0 0
3.7800000000000002487 0 0
3.7900000000000000355 0 0
3.8000000000000002665 0 0
3.8100000000000000533 0 0
3.8200000000000002842 0 0
3.8300000000000000711 0 0
3.8399999999999998579 0 0
3.8500000000000000888 0 0
3.8599999999999998757 0 0
3.8700000000000001066 0 0
3.8799999999999998934 0 0
3.8900000000000001243 0 0
3.8999999999999999112 0 0
3.9100000000000001421 0 0
3.9199999999999999289 0 0
3.9300000000000001599 0 0
3.9399999999999999467 0 0
3.9500000000000001776 0 0
3.9599999999999999645 0 0
3.9700000000000001954 0 0
3.9799999999999999822 0 0
3.9900000000000002132 0 0
4 0 0
4.0099999999999997868 0 0
4.0200000000000004619 0 0
4.0300000000000002487 0 0
4.0400000000000000355 0 0
4.0499999999999998224 0 0
4.0600000000000004974 0 0
4.0700000000000002842 0 0
4.0800000000000000711 0 0
4.0899999999999998579 0 0
4.0999999999999996447 0 0
4.1100000000000003197 0 0
4.1200000000000001066 0 0
4.1299999999999998934 0 0
4.1399999999999996803 0 0
4.1500000000000003553 0 0
4.1600000000000001421 0 0
4.1699999999999999289 0 0
4.1799999999999997158 0 0
4.1900000000000003908 0 0
4.2000000000000001776 0 0
4.2099999999999999645 0 0
4.2199999999999997513 0 0
4.2300000000000004263 0 0
4.2400000000000002132 0 0
4.25 0 0
4.2599999999999997868 0 0
4.2700000000000004619 0 0
4.2800000000000002487 0 0
4.2900000000000000355 0 0
4.2999999999999998224 0 0
4.3100000000000004974 0 0
4.3200000000000002842 0 0
4.3300000000000000711 0 0
4.3399999999999998579 0 0
4.3500000000000005329 0 0
4.3600000000000003197 0 0
4.3700000000000001066 0 0
4.3799999999999998934 0 0
4.3899999999999996803 0 0
4.4000000000000003553 0 0
4.4100000000000001421 0 0
4.4199999999999999289 0 0
4.4299999999999997158 0 0
4.4400000000000003908 0 0
4.4500000000000001776 0 0
4.4599999999999999645 0 0
4.4699999999999997513 0 0
4.4800000000000004263 0 0
4.4900000000000002132 0 0
4.5 0 0
4.5099999999999997868 0 0
4.5200000000000004619 0 0
4.5300000000000002487 0 0
4.5400000000000000355 0 0
4.5499999999999998224 0 0
4.5600000000000004974 0 0
4.5700000000000002842 0 0
4.5800000000000000711 0 0
4.5899999999999998579 0 0
4.6000000000000005329 0 0
4.6100000000000003197 0 0
4.6200000000000001066 0 0
4.6299999999999998934 0 0
4.6399999999999996803 0 0
4.6500000000000003553 0 0
4.6600000000000001421 0 0
4.6699999999999999289 0 0
4.6799999999999997158 0 0
4.6900000000000003908 0 0
4.7000000000000001776 0 0
4.7099999999999999645 0 0
4.7199999999999997513 0 0
4.7300000000000004263 0 0
4.7400000000000002132 0 0
4.75 0 0
4.7599999999999997868 0 0
4.7700000000000004619 0 0
4.7800000000000002487 0 0
4.7900000000000000355 0 0
4.7999999999999998224 0 0
4.8100000000000004974 0 0
4.8200000000000002842 0 0
4.8300000000000000711 0 0
4.8399999999999998579 0 0
4.8500000000000005329 0 0
4.8600000000000003197 0 0
4.8700000000000001066 0 0
4.8799999999999998934 0 0
4.8899999999999996803 0 0
4.9000000000000003553 0 0
4.9100000000000001421 0 0
4.9199999999999999289 0 0
4.9299999999999997158 0 0
4.9400000000000003908 0 0
4.9500000000000001776 0 0
4.9599999999999999645 0 0
4.9699999999999997513 0 0
4.9800000000000004263 0 0
4.9900000000000002132 0 0
5 0 0
5.0099999999999997868 0 0
5.0200000000000004619 0 0
5.0300000000000002487 0 0
5.0400000000000000355 0 0
5.0499999999999998224 0 0
5.0600000000000004974 0 0
5.0700000000000002842 0 0
5.0800000000000000711 0 0
5.0899999999999998579 0 0
5.1000000000000005329 0 0
5.1100000000000003197 0 0
5.1200000000000001066 0 0
5.1299999999999998934 0 0
5.1399999999999996803 0 0
5.1500000000000003553 0 0
5.1600000000000001421 0 0
5.1699999999999999289 0 0
5.1799999999999997158 0 0
5.1900000000000003908 0 0
5.2000000000000001776 0 0
5.2099999999999999645 0 0
5.2199999999999997513 0 0
5.2300000000000004263 0 0
5.2400000000000002132 0 0
5.25 0 0
5.2599999999999997868 0 0
5.2700000000000004619 0 0
5.2800000000000002487 0 0
5.2900000000000000355 0 0
5.2999999999999998224 0 0
5.3100000000000004974 0 0
5.3200000000000002842 0 0
5.3300000000000000711 0 0
5.3399999999999998579 0 0
5.3500000000000005329 0 0
5.3600000000000003197 0 0
5.3700000000000001066 0 0
5.3799999999999998934 0 0
5.3899999999999996803 0 0
5.4000000000000003553 0 0
5.4100000000000001421 0 0
5.4199999999999999289 0 0
5.4299999999999997158 0 0
5.4400000000000003908 0 0
5.4500000000000001776 0 0
5.4599999999999999645 0 0
5.4699999999999997513 0 0
5.4800000000000004263 0 0
5.4900000000000002132 0 0
5.5 0 0
5.5099999999999997868 0 0
5.5200000000000004619 0 0
5.5300000000000002487 0 0
5.5400000000000000355 0 0
5.5499999999999998224 0 0
5.5600000000000004974 0 0
5.5700000000000002842 0 0
5.5800000000000000711 0 0
5.5899999999999998579 0 0
5.6000000000000005329 0 0
5.6100000000000003197 0 0
5.6200000000000001066 0 0
5.6299999999999998934 0 0
5.6399999999999996803 0 0
5.6500000000000003553 0 0
5.6600000000000001421 0 0
5.6699999999999999289 0 0
5.6799999999999997158 0 0
5.6900000000000003908 0 0
5.7000000000000001776 0 0
5.7099999999999999645 0 0
5.7199999999999997513 0 0
5.7300000000000004263 0 0
5.7400000000000002132 0 0
5.75 0 0
5.7599999999999997868 0 0
5.7700000000000004619 0 0
5.7800000000000002487 0 0
5.7900000000000000355 0 0
5.7999999999999998224 0 0
5.8100000000000004974 0 0
5.8200000000000002842 0 0
5.8300000000000000711 0 0
5.8399999999999998579 0 0
5.8500000000000005329 0 0
5.8600000000000003197 0 0
5.8700000000000001066 0 0
5.8799999999999998934 0 0
5.8899999999999996803 0 0
5.9000000000000003553 0 0
5.9100000000000001421 0 0
5.9199999999999999289 0 0
5.9299999999999997158 0 0
5.9400000000000003908 0 0
5.9500000000000001776 0 0
5.9599999999999999645 0 0
5.9699999999999997513 0 0
5.9800000000000004263 0 0
5.9900000000000002132 0 0
6 0 0
6.0099999999999997868 0 0
6.0200000000000004619 0 0
6.0300000000000002487 0 0
6.0400000000000000355 0 0
6.0499999999999998224 0 0
6.0600000000000004974 0 0
6.0700000000000002842 0 0
6.0800000000000000711 0 0
6.0899999999999998579 0 0
6.1000000000000005329 0 0
6.1100000000000003197 0 0
6.1200000000000001066 0 0
6.1299999999999998934 0 0
6.1400000000000005684 0 0
6.1500000000000003553 0 0
6.1600000000000001421 0 0
6.1699999999999999289 0 0
6.1799999999999997158 0 0
6.1900000000000003908 0 0
6.2000000000000001776 0 0
6.2099999999999999645 0 0
6.2199999999999997513 0 0
6.2300000000000004263 0 0
6.2400000000000002132 0 0
6.25 0 0
6.2599999999999997868 0 0
6.2700000000000004619 0 0
6.2800000000000002487 0 0
6.2900000000000000355 0 0
6.2999999999999998224 0 0
6.3100000000000004974 0 0
6.3200000000000002842 0 0
6.3300000000000000711 0 0
6.3399999999999998579 0 0
6.3500000000000005329 0 0
6.3600000000000003197 0 0
6.3700000000000001066 0 0
6.3799999999999998934 0 0
6.3900000000000005684 0 0
6.4000000000000003553 0 0
6.4100000000000001421 0 0
6.4199999999999999289 0 0
6.4299999999999997158 0 0
6.4400000000000003908 0 0
6.4500000000000001776 0 0
6.4599999999999999645 0 0
6.4699999999999997513 0 0
6.4800000000000004263 0 0
6.4900000000000002132 0 0
6.5 0 0
6.5099999999999997868 0 0
6.5200000000000004619 0 0
6.5300000000000002487 0 0
6.5400000000000000355 0 0
6.5499999999999998224 0 0
6.5600000000000004974 0 0
6.5700000000000002842 0 0
6.5800000000000000711 0 0
6.5899999999999998579 0 0
6.6000000000000005329 0 0
6.6100000000000003197 0 0
6.6200000000000001066 0 0
6.6299999999999998934 0 0
6.6400000000000005684 0 0
6.6500000000000003553 0 0
6.6600000000000001421 0 0
6.6699999999999999289 0 0
6.6799999999999997158 0 0
6.6900000000000003908 0 0
6.7000000000000001776 0 0
6.7099999999999999645 0 0
6.7199999999999997513 0 0
6.7300000000000004263 0 0
6.7400000000000002132 0 0
6.75 0 0
6.7599999999999997868 0 0
6.7700000000000004619 0 0
6.7800000000000002487 0 0
6.7900000000000000355 0 0
6.7999999999999998224 0 0
6.8100000000000004974 0 0
6.8200000000000002842 0 0
6.8300000000000000711 0 0
6.8399999999999998579 0 0
6.8500000000000005329 0 0
6.8600000000000003197 0 0
6.8700000000000001066 0 0
6.8799999999999998934 0 0
6.8900000000000005684 0 0
6.9000000000000003553 0 0
6.9100000000000001421 0 0
6.9199999999999999289 0 0
6.9299999999999997158 0 0
6.9400000000000003908 0 0
6.9500000000000001776 0 0
6.9599999999999999645 0 0
6.9699999999999997513 0 0
6.9800000000000004263 0 0
6.9900000000000002132 0 0
7 0 0
7.0099999999999997868 0 0
7.0200000000000004619 0 0
7.0300000000000002487 0 0
7.0400000000000000355 0 0
7.0499999999999998224 0 0
7.0600000000000004974 0 0
7.0700000000000002842 0 0
7.0800000000000000711 0 0
7.0899999999999998579 0 0
7.1000000000000005329 0 0
7.1100000000000003197 0 0
7.1200000000000001066 0 0
7.1299999999999998934 0 0
7.1400000000000005684 0 0
7.1500000000000003553 0 0
7.1600000000000001421 0 0
7.1699999999999999289 0 0
7.1799999999999997158 0 0
7.1900000000000003908 0 0
7.2000000000000001776 0 0
7.2099999999999999645 0 0
7.2199999999999997513 0 0
7.2300000000000004263 0 0
7.2400000000000002132 0 0
7.25 0 0
7.2599999999999997868 0 0
7.2700000000000004619 0 0
7.2800000000000002487 0 0
7.2900000000000000355 0 0
7.2999999999999998224 0 0
7.3100000000000004974 0 0
7.3200000000000002842 0 0
7.3300000000000000711 0 0
7.3399999999999998579 0 0
7.3500000000000005329 0 0
7.3600000000000003197 0 0
7.3700000000000001066 0 0
7.3799999999999998934 0 0
7.3900000000000005684 0 0
7.4000000000000003553 0 0
7.4100000000000001421 0 0
7.4199999999999999289 0 0
7.4299999999999997158 0 0
7.4400000000000003908 0 0
7.4500000000000001776 0 0
7.4599999999999999645 0 0
7.4699999999999997513 0 0
7.4800000000000004263 0 0
7.4900000000000002132 0 0
7.5 0 0
7.5099999999999997868 0 0
7.5200000000000004619 0 0
7.5300000000000002487 0 0
7.5400000000000000355 0 0
7.5499999999999998224 0 0
7.5600000000000004974 0 0
7.5700000000000002842 0 0
7.5800000000000000711 0 0
7.5899999999999998579 0 0
7.6000000000000005329 0 0
7.6100000000000003197 0 0
7.6200000000000001066 0 0
7.6299999999999998934 0 0
7.6400000000000005684 0 0
7.6500000000000003553 0 0
7.6600000000000001421 0 0
7.6699999999999999289 0 0
7.6799999999999997158 0 0
7.6900000000000003908 0 0
7.7000000000000001776 0 0
7.7099999999999999645 0 0
7.7199999999999997513 0 0
7.7300000000000004263 0 0
7.7400000000000002132 0 0
7.75 0 0
7.7599999999999997868 0 0
7.7700000000000004619 0 0
7.7800000000000002487 0 0
7.7900000000000000355 0 0
7.7999999999999998224 0 0
7.8100000000000004974 0 0
7.8200000000000002842 0 0
7.8300000000000000711 0 0
7.8399999999999998579 0 0
7.8500000000000005329 0 0
7.8600000000000003197 0 0
7.8700000000000001066 0 0
7.8799999999999998934 0 0
7.8900000000000005684 0 0
7.9000000000000003553 0 0
7.9100000000000001421 0 0
7.9199999999999999289 0 0
7.930000000000000604 0 0
7.9400000000000003908 0 0
7.9500000000000001776 0 0
7.9599999999999999645 0 0
7.9699999999999997513 0 0
7.9800000000000004263 0 0
7.9900000000000002132 0 0
8 0 0
8.0099999999999997868 0 0
8.0199999999999995737 0 0
8.0299999999999993605 0 0
8.0400000000000009237 0 0
8.0500000000000007105 0 0
8.0600000000000004974 0 0
8.0700000000000002842 0 0
8.0800000000000000711 0 0
8.0899999999999998579 0 0
8.0999999999999996447 0 0
8.1099999999999994316 0 0
8.1200000000000009948 0 0
8.1300000000000007816 0 0
8.1400000000000005684 0 0
8.1500000000000003553 0 0
8.1600000000000001421 0 0
8.1699999999999999289 0 0
8.1799999999999997158 0 0
8.1899999999999995026 0 0
8.1999999999999992895 0 0
8.2100000000000008527 0 0
8.2200000000000006395 0 0
8.2300000000000004263 0 0
8.2400000000000002132 0 0
8.25 0 0
8.2599999999999997868 0 0
8.2699999999999995737 0 0
8.2799999999999993605 0 0
8.2900000000000009237 0 0
8.3000000000000007105 0 0
8.3100000000000004974 0 0
8.3200000000000002842 0 0
8.3300000000000000711 0 0
8.3399999999999998579 0 0
8.3499999999999996447 0 0
8.3599999999999994316 0 0
8.3700000000000009948 0 0
8.3800000000000007816 0 0
8.3900000000000005684 0 0
8.4000000000000003553 0 0
8.4100000000000001421 0 0
8.4199999999999999289 0 0
8.4299999999999997158 0 0
8.4399999999999995026 0 0
8.4499999999999992895 0 0
8.4600000000000008527 0 0
8.4700000000000006395 0 0
8.4800000000000004263 0 0
8.4900000000000002132 0 0
8.5 0 0
8.5099999999999997868 0 0
8.5199999999999995737 0 0
8.5299999999999993605 0 0
8.5400000000000009237 0 0
8.5500000000000007105 0 0
8.5600000000000004974 0 0
8.5700000000000002842 0 0
8.5800000000000000711 0 0
8.5899999999999998579 0 0
8.5999999999999996447 0 0
8.6099999999999994316 0 0
8.6200000000000009948 0 0
8.6300000000000007816 0 0
8.6400000000000005684 0 0
8.6500000000000003553 0 0
8.6600000000000001421 0 0
8.6699999999999999289 0 0
8.6799999999999997158 0 0
8.6899999999999995026 0 0
8.7000000000000010658 0 0
8.7100000000000008527 0 0
8.7200000000000006395 0 0
8.7300000000000004263 0 0
8.7400000000000002132 0 0
8.75 0 0
8.7599999999999997868 0 0
8.7699999999999995737 0 0
8.7799999999999993605 0 0
8.7900000000000009237 0 0
8.8000000000000007105 0 0
8.8100000000000004974 0 0
8.8200000000000002842 0 0
8.8300000000000000711 0 0
8.8399999999999998579 0 0
8.8499999999999996447 0 0
8.8599999999999994316 0 0
8.8700000000000009948 0 0
8.8800000000000007816 0 0
8.8900000000000005684 0 0
8.9000000000000003553 0 0
8.9100000000000001421 0 0
8.9199999999999999289 0 0
8.9299999999999997158 0 0
8.9399999999999995026 0 0
8.9500000000000010658 0 0
8.9600000000000008527 0 0
8.9700000000000006395 0 0
8.9800000000000004263 0 0
8.9900000000000002132 0 0
9 0 0
9.0099999999999997868 0 0
9.0199999999999995737 0 0
9.0299999999999993605 0 0
9.0400000000000009237 0 0
9.0500000000000007105 0 0
9.0600000000000004974 0 0
9.0700000000000002842 0 0
9.0800000000000000711 0 0
9.0899999999999998579 0 0
9.0999999999999996447 0 0
9.1099999999999994316 0 0
9.1200000000000009948 0 0
9.1300000000000007816 0 0
9.1400000000000005684 0 0
9.1500000000000003553 0 0
9.1600000000000001421 0 0
9.1699999999999999289 0 0
9.1799999999999997158 0 0
9.1899999999999995026 0 0
9.2000000000000010658 0 0
9.2100000000000008527 0 0
9.2200000000000006395 0 0
9.2300000000000004263 0 0
9.2400000000000002132 0 0
9.25 0 0
9.2599999999999997868 0 0
9.2699999999999995737 0 0
9.2799999999999993605 0 0
9.2900000000000009237 0 0
9.3000000000000007105 0 0
9.3100000000000004974 0 0
9.3200000000000002842 0 0
9.3300000000000000711 0 0
9.3399999999999998579 0 0
9.3499999999999996447 0 0
9.3599999999999994316 0 0
9.3700000000000009948 0 0
9.3800000000000007816 0 0
9.3900000000000005684 0 0
9.4000000000000003553 0 0
9.4100000000000001421 0 0
9.4199999999999999289 0 0
9.4299999999999997158 0 0
9.4399999999999995026 0 0
9.4500000000000010658 0 0
9.4600000000000008527 0 0
9.4700000000000006395 0 0
9.4800000000000004263 0 0
9.4900000000000002132 0 0
9.5 0 0
9.5099999999999997868 0 0
9.5199999999999995737 0 0
9.5299999999999993605 0 0
9.5400000000000009237 0 0
9.5500000000000007105 0 0
9.5600000000000004974 0 0
9.5700000000000002842 0 0
9.5800000000000000711 0 0
9.5899999999999998579 0 0
9.5999999999999996447 0 0
9.6099999999999994316 0 0
9.6200000000000009948 0 0
9.6300000000000007816 0 0
9.6400000000000005684 0 0
9.6500000000000003553 0 0
9.6600000000000001421 0 0
9.6699999999999999289 0 0
9.6799999999999997158 0 0
9.6899999999999995026 0 0
9.7000000000000010658 0 0
9.7100000000000008527 0 0
9.7200000000000006395 0 0
9.7300000000000004263 0 0
9.7400000000000002132 0 0
9.75 0 0
9.7599999999999997868 0 0
9.7699999999999995737 0 0
9.7799999999999993605 0 0
9.7900000000000009237 0 0
9.8000000000000007105 0 0
9.8100000000000004974 0 0
9.8200000000000002842 0 0
9.8300000000000000711 0 0
9.8399999999999998579 0 0
9.8499999999999996447 0 0
9.8599999999999994316 0 0
9.8700000000000009948 0 0
9.8800000000000007816 0 0
9.8900000000000005684 0 0
9.9000000000000003553 0 0
9.9100000000000001421 0 0
9.9199999999999999289 0 0
9.9299999999999997158 0 0
9.9399999999999995026 0 0
9.9500000000000010658 0 0
9.9600000000000008527 0 0
9.9700000000000006395 0 0
9.9800000000000004263 0 0
9.9900000000000002132 0 0
10 0 0
10.009999999999999787 0 0
10.019999999999999574 0 0
10.029999999999999361 0 0
10.040000000000000924 0 0
10.050000000000000711 0 0
10.060000000000000497 0 0
10.070000000000000284 0 0
10.080000000000000071 0 0
10.089999999999999858 0 0
10.099999999999999645 0 0
10.109999999999999432 0 0
10.120000000000000995 0 0
10.130000000000000782 0 0
10.140000000000000568 0 0
10.150000000000000355 0 0
10.160000000000000142 0 0
10.169999999999999929 0 0
10.179999999999999716 0 0
10.189999999999999503 0 0
10.200000000000001066 0 0
10.210000000000000853 0 0
10.220000000000000639 0 0
10.230000000000000426 0 0
