0 3.1578446729740470272e-23 -3.1578446729740470272e-23
0.010000000000000000208 3.1937371911687152735e-22 -3.1937371911687152735e-22
0.020000000000000000416 3.0355884450879812728e-21 -3.0355884450879812728e-21
0.02999999999999999889 2.7117275561674618493e-20 -2.7117275561674618493e-20
0.040000000000000000833 2.2768517259997476806e-19 -2.2768517259997476806e-19
0.050000000000000002776 1.7969550157275608548e-18 -1.7969550157275608548e-18
0.05999999999999999778 1.3331653955995923361e-17 -1.3331653955995923361e-17
0.070000000000000006661 9.2984055968338711241e-17 -9.2984055968338711241e-17
0.080000000000000001665 6.0974292677243002666e-16 -6.0974292677243002666e-16
0.089999999999999996669 3.7595718103227901883e-15 -3.7595718103227901883e-15
0.10000000000000000555 2.1798495125785059782e-14 -2.1798495125785059782e-14
0.11000000000000000056 1.1886622858781764612e-13 -1.1886622858781764612e-13
0.11999999999999999556 6.096580146805054612e-13 -6.096580146805054612e-13
0.13000000000000000444 2.941488673017173616e-12 -2.941488673017173616e-12
0.14000000000000001332 1.3352555115997320247e-11 -1.3352555115997320247e-11
0.14999999999999999445 5.7035843875419041354e-11 0.00031916945707819333478
0.16000000000000000333 2.292954071218057999e-10 0.0003411122051029758049
0.17000000000000001221 8.6774743966924417825e-10 0.00036903890386529394387
0.17999999999999999334 3.0919925121462284644e-09 0.00038698995951406679706
0.19000000000000000222 1.0376212268844021782e-08 0.00042887368111583617494
0.2000000000000000111 3.280319782938098503e-08 0.00036900696841490421372
0.20999999999999999223 9.7725414755725035087e-08 0.00035298354284363708464
0.22000000000000000111 2.7445295324619631095e-07 0.00035879126133898204491
0.23000000000000000999 7.2689767207278586191e-07 0.00034038553672631011258
0.23999999999999999112 1.816452038358680096e-06 0.00034927001057669912519
0.25 4.2849786809052692237e-06 0.00040864057529285891445
0.26000000000000000888 9.5479382839155788271e-06 0.00037943991886599834178
0.27000000000000001776 2.0109810322997873528e-05 0.00036688324118358105891
0.28000000000000002665 4.0067370586344571413e-05 0.00036487896081407962317
0.28999999999999998002 7.558906555888795988e-05 0.00025953892280565954475
0.2999999999999999889 0.00013516863298451247928 0.00020993341270054044663
0.30999999999999999778 0.00022939202031438429125 0.00010374116240682821504
0.32000000000000000666 0.00036998768931026756361 -2.48856436252146377e-05
0.33000000000000001554 0.00056809470672736792421 -0.00015716395839693872785
0.34000000000000002442 0.00083196659269948970358 -0.00039909292408471481539
0.35000000000000003331 0.0011646375940526335242 -0.00068388850268632757692
0.35999999999999998668 0.0015622616434222418198 -0.0010037149573428887257
0.36999999999999999556 0.0020137608335577027521 -0.0014053439190834836683
0.38000000000000000444 0.0025020639430114754477 -0.0017001505027839669028
0.39000000000000001332 0.0030066973103422410703 -0.0020771160761106498456
0.4000000000000000222 0.0035070313455635307789 -0.0026512580656544862748
0.41000000000000003109 0.0039852919841394272502 -0.0030437419160478261168
0.41999999999999998446 0.0044285941032337601889 -0.0034870440351421590555
0.42999999999999999334 0.0048296532905884722794 -0.0038202797142081602703
0.44000000000000000222 0.0051862870187450128487 -0.0041709289963308649948
0.4500000000000000111 0.0055001367868638354613 -0.0044728098723820167854
0.46000000000000001998 0.0057751379784975716628 -0.0047936917393316099203
0.47000000000000002887 0.0060161616093450057813 -0.005114507712327765257
0.47999999999999998224 0.0062280524723529887346 -0.0051967360047921610025
0.48999999999999999112 0.0064150966746974171992 -0.0055294012810345174666
0.5 0.0065808304119401609886 -0.0056552387889952397335
0.51000000000000000888 0.0067280607969911233879 -0.005816432842653377483
0.52000000000000001776 0.0068589845109915323351 -0.0059034707742927558516
0.53000000000000002665 0.0069753283631418718652 -0.006041757517623610671
0.54000000000000003553 0.0070784734412069312895 -0.0060990219785804740751
0.55000000000000004441 0.0071695505645373008158 -0.0062599174449467203524
0.56000000000000005329 0.0072495083562452026019 -0.0062521035555172391543
0.57000000000000006217 0.0073191600966337980877 -0.0064234906456503929745
0.57999999999999996003 0.0073792157757498347617 -0.0065294269418746256686
0.58999999999999996891 0.0074303043484557846146 -0.0065645570112262347298
0.5999999999999999778 0.0074729896059709264092 -0.0065733305437008513264
0.60999999999999998668 0.0075077818439677444784 -0.0066559981753453699438
0.61999999999999999556 0.0075351466874082218689 -0.0067212644133207034153
0.63000000000000000444 0.0075555119272779280512 -0.0065820449106853062479
0.64000000000000001332 0.0075692729218189841456 -0.00667958785866175353
0.6500000000000000222 0.0075767969327644145439 -0.0066033299161717927406
0.66000000000000003109 0.0075784266560061383858 -0.0065271620738043007598
0.67000000000000003997 0.007574483142937390133 -0.0065990212915976028882
0.68000000000000004885 0.0075652682998755072311 -0.0065898064485357199863
0.69000000000000005773 0.0075510672696516914493 -0.0065257351317093773013
0.70000000000000006661 0.0075321514966561493171 -0.0064010944558902677787
0.70999999999999996447 0.007508784918127718068 -0.0064156293301043526567
0.71999999999999997335 0.0074812405432549680326 -0.0062404690465865100477
0.72999999999999998224 0.0074498474734733003896 -0.0060654496212387588872
0.73999999999999999112 0.007415119003589504959 -0.0059210066954523861427
0.75 0.0073780775294294822717 -0.0057782403184687960648
0.76000000000000000888 0.0073410125665404188031 -0.0055636373331807839268
0.77000000000000001776 0.0073090942684060807022 -0.0053023160077131266388
0.78000000000000002665 0.0072934777423601989538 -0.0049994467705350761205
0.79000000000000003553 0.0073166262587043969998 -0.0047951870360854603748
0.80000000000000004441 0.007420250929586064137 -0.0045836318914512508282
0.81000000000000005329 0.0076750988551968733764 -0.0040964106043422619796
0.82000000000000006217 0.0081895536039465529482 -0.003703227010040865616
0.83000000000000007105 0.0091110009161956655166 -0.003344006596339498677
0.83999999999999996891 0.010611632590323190686 -0.0023371630657012271853
0.8499999999999999778 0.012851350220128374829 -0.00075083619563229460347
0.85999999999999998668 0.015917120581433800292 0.0022156982813620294814
0.86999999999999999556 0.019750612399985042339 0.0060562374224169580883
0.88000000000000000444 0.02408990442739615892 0.011307990253103871597
0.89000000000000001332 0.028458123774487281699 0.017227003603022789102
0.9000000000000000222 0.03222371070755795236 0.022100934841500954886
0.91000000000000003109 0.034731763665876713709 0.024687626148261698766
0.92000000000000003997 0.035472548878623916258 0.02411640124873928176
0.93000000000000004885 0.034228989062101568275 0.021406247141568933434
0.94000000000000005773 0.031145556635170556364 0.016007748627156630911
0.95000000000000006661 0.026689770003073817056 0.010266070882565373618
0.95999999999999996447 0.021521248970353751978 0.0043095395675061681784
0.96999999999999997335 0.016319559061594809957 0.00063831627958218020713
0.97999999999999998224 0.011632931107549255093 -0.0017446602376981427268
0.98999999999999999112 0.0077926051624997039885 -0.0023128633209450622649
1 0.004904525249332354099 -0.0019940981986673331564
1.0100000000000000089 0.00289977483180522402 -0.001627086328428084018
1.0200000000000000178 0.001610400136695164415 -0.0010398846167558014122
1.0300000000000000266 0.00083997606941598693814 -0.00062653145812551717247
1.0400000000000000355 0.00041146585389019153757 -0.0003276838567990546648
1.0500000000000000444 0.00018928278750153740436 -0.00015537102608122413546
1.0600000000000000533 8.1767436192104793208e-05 -6.7803769403918846565e-05
1.0700000000000000622 3.3168568578938635854e-05 -2.9178949561563701225e-05
1.0800000000000000711 1.2633920045717282791e-05 -8.6443010283423481628e-06
1.0900000000000000799 4.518608203117671121e-06 -4.518608203117671121e-06
1.1000000000000000888 1.5174634363414864221e-06 -1.5174634363414864221e-06
1.1100000000000000977 4.7848897231252643289e-07 -4.7848897231252643289e-07
1.1200000000000001066 1.4166416765631880805e-07 -1.4166416765631880805e-07
1.1300000000000001155 3.9380169348915737743e-08 -3.9380169348915737743e-08
1.1400000000000001243 1.0278279731960453242e-08 -1.0278279731960453242e-08
1.1500000000000001332 2.5187493884106077993e-09 -2.5187493884106077993e-09
1.1599999999999999201 5.79519446953882797e-10 3.9890394979279803582e-06
1.1699999999999999289 1.2518919877703834413e-10 -1.2518919877703834413e-10
1.1799999999999999378 2.5390958019290368409e-11 1.9947841177294476527e-06
1.1899999999999999467 4.8350678281234403261e-12 -4.8350678281234403261e-12
1.1999999999999999556 8.6444113352778797365e-13 1.9948086442463332329e-06
1.2099999999999999645 1.4510285775539158631e-13 -1.4510285775539158631e-13
1.2199999999999999734 2.2867710769686325284e-14 -2.2867710769686325284e-14
1.2299999999999999822 3.3835628308061535096e-15 1.9948095053039039975e-06
1.2399999999999999911 4.7003414677209103439e-16 -4.7003414677209103439e-16
1.25 6.1303755002181811326e-17 -6.1303755002181811326e-17
1.2600000000000000089 7.5066513154502345056e-18 -7.5066513154502345056e-18
1.2700000000000000178 8.6299045670267806568e-19 -8.6299045670267806568e-19
1.2800000000000000266 9.3146274504485568437e-20 1.9948095086873737172e-06
1.2900000000000000355 9.4389560767650515454e-21 -9.4389560767650515454e-21
1.3000000000000000444 8.9800905363117310044e-22 1.9948095086874660438e-06
1.3100000000000000533 8.0211214119352066914e-23 1.9948095086874668908e-06
1.3200000000000000622 6.726458856214745246e-24 -6.726458856214745246e-24
1.3300000000000000711 5.2958339585504557088e-25 1.9948095086874668908e-06
1.3400000000000000799 3.9145170181019205008e-26 1.9948095086874668908e-06
1.3500000000000000888 2.7165486549510818019e-27 1.9948095086874668908e-06
1.3600000000000000977 1.7699126049144632899e-28 3.9896190173749346286e-06
1.3700000000000001066 1.0826317846214485902e-29 -1.0826317846214485902e-29
1.3800000000000001155 6.2173304866000032804e-31 -6.2173304866000032804e-31
1.3900000000000001243 3.3521311308534754837e-32 3.9896190173749346286e-06
1.4000000000000001332 1.6968035791487390883e-33 -1.6968035791487390883e-33
1.4099999999999999201 8.0637183644100623229e-35 1.9948095086874668908e-06
1.4199999999999999289 3.5977587497737921609e-36 1.9948095086874668908e-06
1.4299999999999999378 1.5070281011014146756e-37 -1.5070281011014146756e-37
1.4399999999999999467 5.9265646037426051767e-39 -5.9265646037426051767e-39
1.4499999999999999556 2.1881485614030977312e-40 -2.1881485614030977312e-40
1.4599999999999999645 7.584770751267899763e-42 3.9896190173749346286e-06
1.4699999999999999734 2.468310338158790312e-43 3.9896190173749346286e-06
1.4799999999999999822 7.541339681525347195e-45 1.9948095086874668908e-06
1.4899999999999999911 2.1631591885635443053e-46 -2.1631591885635443053e-46
1.5 5.8253162164766507139e-48 -5.8253162164766507139e-48
1.5100000000000000089 1.4727919310017449912e-49 5.9844282986887256526e-06
1.5200000000000000178 3.4958595982758704479e-51 1.9948095086874668908e-06
1.5300000000000000266 7.7903523353304817546e-53 1.9948095086874668908e-06
1.5400000000000000355 1.6298611014766126896e-54 -1.6298611014766126896e-54
1.5500000000000000444 3.2013585616105371428e-56 -3.2013585616105371428e-56
1.5600000000000000533 5.9034804835595016738e-58 -5.9034804835595016738e-58
1.5700000000000000622 1.0220494262729997057e-59 -1.0220494262729997057e-59
1.5800000000000000711 1.6612136529613336201e-61 1.9948095086874668908e-06
1.5900000000000000799 2.5349464440837542173e-63 3.9896190173749346286e-06
1.6000000000000000888 3.6316306405665126852e-65 1.9948095086874668908e-06
1.6100000000000000977 4.8845440387763392117e-67 1.9948095086874668908e-06
1.6200000000000001066 6.1678777172915788335e-69 -6.1678777172915788335e-69
1.6300000000000001155 7.3120094698713385512e-71 -7.3120094698713385512e-71
1.6400000000000001243 8.1381727038569776064e-73 1.9948095086874668908e-06
1.6500000000000001332 8.5036647662055804818e-75 -8.5036647662055804818e-75
1.6600000000000001421 8.342079833192134055e-77 -8.342079833192134055e-77
1.6699999999999999289 7.6830108636951990453e-79 -7.6830108636951990453e-79
1.6799999999999999378 6.6432005623294757605e-81 1.9948095086874668908e-06
1.6899999999999999467 5.3927714192693488729e-83 -5.3927714192693488729e-83
1.6999999999999999556 4.1099384194709657159e-85 -4.1099384194709657159e-85
1.7099999999999999645 2.9406761343932814114e-87 -2.9406761343932814114e-87
1.7199999999999999734 1.9753660604230010135e-89 1.9948095086874668908e-06
1.7299999999999999822 1.2457658406843607821e-91 1.9948095086874668908e-06
1.7399999999999999911 7.375876259501319898e-94 3.9896190173749346286e-06
1.75 4.0999554329245675524e-96 5.9844282986887256526e-06
1.7600000000000000089 2.1396015197288846312e-98 5.9844282986887256526e-06
1.7700000000000000178 1.0482740819038925991e-100 1.1968856597377449611e-05
1.7800000000000000266 4.82175267495452486e-103 7.9792380347498692572e-06
1.7900000000000000355 2.0822030966184677909e-105 1.5958476069499738514e-05
1.8000000000000000444 8.4416874498477900739e-108 2.3937713194754909387e-05
1.8100000000000000533 3.2130939173723319422e-110 9.9740473160636611283e-06
1.8200000000000000622 1.1481681420292669838e-112 1.5958476069499738514e-05
1.8300000000000000711 3.851903847459587726e-115 1.9948094632127318868e-05
1.8400000000000000799 1.213202254630852164e-117 7.9792380347498692572e-06
1.8500000000000000888 3.5873913836177822962e-120 2.3937713194754909387e-05
1.8600000000000000977 9.9589155511623045762e-123 1.5958476069499738514e-05
1.8700000000000001066 2.5955717181094890048e-125 5.9844282986887256526e-06
1.8800000000000001155 6.3509935345918023351e-128 9.9740473160636611283e-06
1.8900000000000001243 1.4589416465764463633e-130 3.9896190173749346286e-06
1.9000000000000001332 3.1464566168419118224e-133 7.9792380347498692572e-06
1.9100000000000001421 6.370787398506772726e-136 1.9948095086874668908e-06
1.9199999999999999289 1.2110218477394380579e-138 7.9792380347498692572e-06
1.9299999999999999378 2.1612166789005463718e-141 1.9948095086874668908e-06
1.9399999999999999467 3.621029600606618118e-144 -3.621029600606618118e-144
1.9499999999999999556 5.6957804247652511645e-147 -5.6957804247652511645e-147
1.9599999999999999645 8.4112737818605824198e-150 -8.4112737818605824198e-150
1.9699999999999999734 1.1661586429772373514e-152 1.9948095086874668908e-06
1.9799999999999999822 1.5178917719897978335e-155 -1.5178917719897978335e-155
1.9899999999999999911 1.8548605044807297477e-158 -1.8548605044807297477e-158
2 2.1279868895042384402e-161 -2.1279868895042384402e-161
2.0100000000000002309 2.2919960300091992899e-164 -2.2919960300091992899e-164
2.0200000000000000178 2.3176399375969297116e-167 -2.3176399375969297116e-167
2.0300000000000002487 2.2002155840726330128e-170 -2.2002155840726330128e-170
2.0400000000000000355 1.9609731469930122564e-173 -1.9609731469930122564e-173
2.0499999999999998224 1.6408359831638224469e-176 -1.6408359831638224469e-176
2.0600000000000000533 1.2889788358648000898e-179 -1.2889788358648000898e-179
2.0699999999999998401 9.5063427423657865979e-183 -9.5063427423657865979e-183
2.0800000000000000711 6.5821563402276306334e-186 -6.5821563402276306334e-186
2.0899999999999998579 4.2786813056310286489e-189 -4.2786813056310286489e-189
2.1000000000000000888 2.6111912672319290814e-192 -2.6111912672319290814e-192
2.1099999999999998757 1.496078587719137171e-195 -1.496078587719137171e-195
2.1200000000000001066 8.0474277549303188082e-199 -8.0474277549303188082e-199
2.1299999999999998934 4.0639345236388400825e-202 -4.0639345236388400825e-202
2.1400000000000001243 1.9267405353238725089e-205 -1.9267405353238725089e-205
2.1499999999999999112 8.5760373454272529188e-209 -8.5760373454272529188e-209
2.1600000000000001421 3.5837439354893503577e-212 -3.5837439354893503577e-212
2.1699999999999999289 1.4059637982742230893e-215 -1.4059637982742230893e-215
2.1800000000000001599 5.1784304458948386593e-219 -5.1784304458948386593e-219
2.1899999999999999467 1.7906428820358189469e-222 -1.7906428820358189469e-222
2.2000000000000001776 5.8130843003158781905e-226 -5.8130843003158781905e-226
2.2099999999999999645 1.7717035351183676365e-229 -1.7717035351183676365e-229
2.2200000000000001954 5.0694664862905389664e-233 -5.0694664862905389664e-233
2.2299999999999999822 1.3618216017582353681e-236 -1.3618216017582353681e-236
2.2400000000000002132 3.4345110949260689599e-240 -3.4345110949260689599e-240
2.25 8.1319810046474688243e-244 -8.1319810046474688243e-244
2.2600000000000002309 1.8076506406302935172e-247 -1.8076506406302935172e-247
2.2700000000000000178 3.7724139382529860475e-251 -3.7724139382529860475e-251
2.2800000000000002487 7.3911304150519664786e-255 -7.3911304150519664786e-255
2.2900000000000000355 1.3595308258778651047e-258 -1.3595308258778651047e-258
2.3000000000000002665 2.3477611325366008249e-262 -2.3477611325366008249e-262
2.3100000000000000533 3.806320904188119182e-266 -3.806320904188119182e-266
2.3199999999999998401 5.7935334761996551766e-270 -5.7935334761996551766e-270
2.3300000000000000711 8.2788165218325883871e-274 -8.2788165218325883871e-274
2.3399999999999998579 1.1106560801357589677e-277 -1.1106560801357589677e-277
2.3500000000000000888 1.3988705611654197513e-281 -1.3988705611654197513e-281
2.3599999999999998757 1.6541010692599493279e-285 -1.6541010692599493279e-285
2.3700000000000001066 1.8362555516894969443e-289 -1.8362555516894969443e-289
2.3799999999999998934 1.9137744733002953817e-293 -1.9137744733002953817e-293
2.3900000000000001243 1.8725565330930297777e-297 -1.8725565330930297777e-297
2.3999999999999999112 1.7201473570557632143e-301 -1.7201473570557632143e-301
2.4100000000000001421 1.4834840797056811248e-305 -1.4834840797056811248e-305
2.4199999999999999289 1.2011206674144722341e-309 -1.2011206674144722341e-309
2.4300000000000001599 9.1301285371275711719e-314 -9.1301285371275711719e-314
2.4399999999999999467 6.5155895176606070506e-318 -6.5155895176606070506e-318
2.4500000000000001776 4.3477776834029695888e-322 -4.3477776834029695888e-322
2.4599999999999999645 0 0
2.4700000000000001954 0 0
2.4799999999999999822 0 0
2.4900000000000002132 0 0
2.5 0 0
2.5100000000000002309 0 0
2.5200000000000000178 0 0
2.5300000000000002487 0 0
2.5400000000000000355 0 0
2.5500000000000002665 0 0
2.5600000000000000533 0 0
2.5699999999999998401 0 0
2.5800000000000000711 0 0
2.5899999999999998579 0 0
2.6000000000000000888 0 0
2.6099999999999998757 0 0
2.6200000000000001066 0 0
2.6299999999999998934 0 0
2.6400000000000001243 0 0
2.6499999999999999112 0 0
2.6600000000000001421 0 0
2.6699999999999999289 0 0
2.6800000000000001599 0 0
2.6899999999999999467 0 0
2.7000000000000001776 0 0
2.7099999999999999645 0 0
2.7200000000000001954 0 0
2.7299999999999999822 0 0
2.7400000000000002132 0 0
2.75 0 0
2.7600000000000002309 0 0
2.7700000000000000178 0 0
2.7800000000000002487 0 0
2.7900000000000000355 0 0
2.8000000000000002665 0 0
2.8100000000000000533 0 0
2.8199999999999998401 0 0
2.8300000000000000711 0 0
2.8399999999999998579 0 0
2.8500000000000000888 0 0
2.8599999999999998757 0 0
2.8700000000000001066 0 0
2.8799999999999998934 0 0
2.8900000000000001243 0 0
2.8999999999999999112 0 0
2.9100000000000001421 0 0
2.9199999999999999289 0 0
2.9300000000000001599 0 0
2.9399999999999999467 0 0
2.9500000000000001776 0 0
2.9599999999999999645 0 0
2.9700000000000001954 0 0
2.9799999999999999822 0 0
2.9900000000000002132 0 0
3 0 0
3.0100000000000002309 0 0
3.0200000000000000178 0 0
3.0300000000000002487 0 0
3.0400000000000000355 0 0
3.0500000000000002665 0 0
3.0600000000000000533 0 0
3.0700000000000002842 0 0
3.0800000000000000711 0 0
3.0899999999999998579 0 0
3.1000000000000000888 0 0
3.1099999999999998757 0 0
3.1200000000000001066 0 0
3.1299999999999998934 0 0
3.1400000000000001243 0 0
3.1499999999999999112 0 0
3.1600000000000001421 0 0
3.1699999999999999289 0 0
3.1800000000000001599 0 0
3.1899999999999999467 0 0
3.2000000000000001776 0 0
3.2099999999999999645 0 0
3.2200000000000001954 0 0
3.2299999999999999822 0 0
3.2400000000000002132 0 0
3.25 0 0
3.2600000000000002309 0 0
3.2700000000000000178 0 0
3.2800000000000002487 0 0
3.2900000000000000355 0 0
3.3000000000000002665 0 0
3.3100000000000000533 0 0
3.3200000000000002842 0 0
3.3300000000000000711 0 0
3.3399999999999998579 0 0
3.3500000000000000888 0 0
3.3599999999999998757 0 0
3.3700000000000001066 0 0
3.3799999999999998934 0 0
3.3900000000000001243 0 0
3.3999999999999999112 0 0
3.4100000000000001421 0 0
3.4199999999999999289 0 0
3.4300000000000001599 0 0
3.4399999999999999467 0 0
3.4500000000000001776 0 0
3.4599999999999999645 0 0
3.4700000000000001954 0 0
3.4799999999999999822 0 0
3.4900000000000002132 0 0
3.5 0 0
3.5100000000000002309 0 0
3.5200000000000000178 0 0
3.5300000000000002487 0 0
3.5400000000000000355 0 0
3.5500000000000002665 0 0
3.5600000000000000533 0 0
3.5700000000000002842 0 0
3.5800000000000000711 0 0
3.5899999999999998579 0 0
3.6000000000000000888 0 0
3.6099999999999998757 0 0
3.6200000000000001066 0 0
3.6299999999999998934 0 0
3.6400000000000001243 0 0
3.6499999999999999112 0 0
3.6600000000000001421 0 0
3.6699999999999999289 0 0
3.6800000000000001599 0 0
3.6899999999999999467 0 0
3.7000000000000001776 0 0
3.7099999999999999645 0 0
3.7200000000000001954 0 0
3.7299999999999999822 0 0
3.7400000000000002132 0 0
3.75 0 0
3.7600000000000002309 0 0
3.7700000000000000178 0 0
3.7800000000000002487 0 0
3.7900000000000000355 0 0
3.8000000000000002665 0 0
3.8100000000000000533 0 0
3.8200000000000002842 0 0
3.8300000000000000711 0 0
3.8399999999999998579 0 0
3.8500000000000000888 0 0
3.8599999999999998757 0 0
3.8700000000000001066 0 0
3.8799999999999998934 0 0
3.8900000000000001243 0 0
3.8999999999999999112 0 0
3.9100000000000001421 0 0
3.9199999999999999289 0 0
3.9300000000000001599 0 0
3.9399999999999999467 0 0
3.9500000000000001776 0 0
3.9599999999999999645 0 0
3.9700000000000001954 0 0
3.9799999999999999822 0 0
3.9900000000000002132 0 0
4 0 0
4.0099999999999997868 0 0
4.0200000000000004619 0 0
4.0300000000000002487 0 0
4.0400000000000000355 0 0
4.0499999999999998224 0 0
4.0600000000000004974 0 0
4.0700000000000002842 0 0
4.0800000000000000711 0 0
4.0899999999999998579 0 0
4.0999999999999996447 0 0
4.1100000000000003197 0 0
4.1200000000000001066 0 0
4.1299999999999998934 0 0
4.1399999999999996803 0 0
4.1500000000000003553 0 0
4.1600000000000001421 0 0
4.1699999999999999289 0 0
4.1799999999999997158 0 0
4.1900000000000003908 0 0
4.2000000000000001776 0 0
4.2099999999999999645 0 0
4.2199999999999997513 0 0
4.2300000000000004263 0 0
4.2400000000000002132 0 0
4.25 0 0
4.2599999999999997868 0 0
4.2700000000000004619 0 0
4.2800000000000002487 0 0
4.2900000000000000355 0 0
4.2999999999999998224 0 0
4.3100000000000004974 0 0
4.3200000000000002842 0 0
4.3300000000000000711 0 0
4.3399999999999998579 0 0
4.3500000000000005329 0 0
4.3600000000000003197 0 0
4.3700000000000001066 0 0
4.3799999999999998934 0 0
4.3899999999999996803 0 0
4.4000000000000003553 0 0
4.4100000000000001421 0 0
4.4199999999999999289 0 0
4.4299999999999997158 0 0
4.4400000000000003908 0 0
4.4500000000000001776 0 0
4.4599999999999999645 0 0
4.4699999999999997513 0 0
4.4800000000000004263 0 0
4.4900000000000002132 0 0
4.5 0 0
4.5099999999999997868 0 0
4.5200000000000004619 0 0
4.5300000000000002487 0 0
4.5400000000000000355 0 0
4.5499999999999998224 0 0
4.5600000000000004974 0 0
4.5700000000000002842 0 0
4.5800000000000000711 0 0
4.5899999999999998579 0 0
4.6000000000000005329 0 0
4.6100000000000003197 0 0
4.6200000000000001066 0 0
4.6299999999999998934 0 0
4.6399999999999996803 0 0
4.6500000000000003553 0 0
4.6600000000000001421 0 0
4.6699999999999999289 0 0
4.6799999999999997158 0 0
4.6900000000000003908 0 0
4.7000000000000001776 0 0
4.7099999999999999645 0 0
4.7199999999999997513 0 0
4.7300000000000004263 0 0
4.7400000000000002132 0 0
4.75 0 0
4.7599999999999997868 0 0
4.7700000000000004619 0 0
4.7800000000000002487 0 0
4.7900000000000000355 0 0
4.7999999999999998224 0 0
4.8100000000000004974 0 0
4.8200000000000002842 0 0
4.8300000000000000711 0 0
4.8399999999999998579 0 0
4.8500000000000005329 0 0
4.8600000000000003197 0 0
4.8700000000000001066 0 0
4.8799999999999998934 0 0
4.8899999999999996803 0 0
4.9000000000000003553 0 0
4.9100000000000001421 0 0
4.9199999999999999289 0 0
4.9299999999999997158 0 0
4.9400000000000003908 0 0
4.9500000000000001776 0 0
4.9599999999999999645 0 0
4.9699999999999997513 0 0
4.9800000000000004263 0 0
4.9900000000000002132 0 0
5 0 0
5.0099999999999997868 0 0
5.0200000000000004619 0 0
5.0300000000000002487 0 0
5.0400000000000000355 0 0
5.0499999999999998224 0 0
5.0600000000000004974 0 0
5.0700000000000002842 0 0
5.0800000000000000711 0 0
5.0899999999999998579 0 0
5.1000000000000005329 0 0
5.1100000000000003197 0 0
5.1200000000000001066 0 0
5.1299999999999998934 0 0
5.1399999999999996803 0 0
5.1500000000000003553 0 0
5.1600000000000001421 0 0
5.1699999999999999289 0 0
5.1799999999999997158 0 0
5.1900000000000003908 0 0
5.2000000000000001776 0 0
5.2099999999999999645 0 0
5.2199999999999997513 0 0
5.2300000000000004263 0 0
5.2400000000000002132 0 0
5.25 0 0
5.2599999999999997868 0 0
5.2700000000000004619 0 0
5.2800000000000002487 0 0
5.2900000000000000355 0 0
5.2999999999999998224 0 0
5.3100000000000004974 0 0
5.3200000000000002842 0 0
5.3300000000000000711 0 0
5.3399999999999998579 0 0
5.3500000000000005329 0 0
5.3600000000000003197 0 0
5.3700000000000001066 0 0
5.3799999999999998934 0 0
5.3899999999999996803 0 0
5.4000000000000003553 0 0
5.4100000000000001421 0 0
5.4199999999999999289 0 0
5.4299999999999997158 0 0
5.4400000000000003908 0 0
5.4500000000000001776 0 0
5.4599999999999999645 0 0
5.4699999999999997513 0 0
5.4800000000000004263 0 0
5.4900000000000002132 0 0
5.5 0 0
5.5099999999999997868 0 0
5.5200000000000004619 0 0
5.5300000000000002487 0 0
5.5400000000000000355 0 0
5.5499999999999998224 0 0
5.5600000000000004974 0 0
5.5700000000000002842 0 0
5.5800000000000000711 0 0
5.5899999999999998579 0 0
5.6000000000000005329 0 0
5.6100000000000003197 0 0
5.6200000000000001066 0 0
5.6299999999999998934 0 0
5.6399999999999996803 0 0
5.6500000000000003553 0 0
5.6600000000000001421 0 0
5.6699999999999999289 0 0
5.6799999999999997158 0 0
5.6900000000000003908 0 0
5.7000000000000001776 0 0
5.7099999999999999645 0 0
5.7199999999999997513 0 0
5.7300000000000004263 0 0
5.7400000000000002132 0 0
5.75 0 0
5.7599999999999997868 0 0
5.7700000000000004619 0 0
5.7800000000000002487 0 0
5.7900000000000000355 0 0
5.7999999999999998224 0 0
5.8100000000000004974 0 0
5.8200000000000002842 0 0
5.8300000000000000711 0 0
5.8399999999999998579 0 0
5.8500000000000005329 0 0
5.8600000000000003197 0 0
5.8700000000000001066 0 0
5.8799999999999998934 0 0
5.8899999999999996803 0 0
5.9000000000000003553 0 0
5.9100000000000001421 0 0
5.9199999999999999289 0 0
5.9299999999999997158 0 0
5.9400000000000003908 0 0
5.9500000000000001776 0 0
5.9599999999999999645 0 0
5.9699999999999997513 0 0
5.9800000000000004263 0 0
5.9900000000000002132 0 0
6 0 0
6.0099999999999997868 0 0
6.0200000000000004619 0 0
6.0300000000000002487 0 0
6.0400000000000000355 0 0
6.0499999999999998224 0 0
6.0600000000000004974 0 0
6.0700000000000002842 0 0
6.0800000000000000711 0 0
6.0899999999999998579 0 0
6.1000000000000005329 0 0
6.1100000000000003197 0 0
6.1200000000000001066 0 0
6.1299999999999998934 0 0
6.1400000000000005684 0 0
6.1500000000000003553 0 0
6.1600000000000001421 0 0
6.1699999999999999289 0 0
6.1799999999999997158 0 0
6.1900000000000003908 0 0
6.2000000000000001776 0 0
6.2099999999999999645 0 0
6.2199999999999997513 0 0
6.2300000000000004263 0 0
6.2400000000000002132 0 0
6.25 0 0
6.2599999999999997868 0 0
6.2700000000000004619 0 0
6.2800000000000002487 0 0
6.2900000000000000355 0 0
6.2999999999999998224 0 0
6.3100000000000004974 0 0
6.3200000000000002842 0 0
6.3300000000000000711 0 0
6.3399999999999998579 0 0
6.3500000000000005329 0 0
6.3600000000000003197 0 0
6.3700000000000001066 0 0
6.3799999999999998934 0 0
6.3900000000000005684 0 0
6.4000000000000003553 0 0
6.4100000000000001421 0 0
6.4199999999999999289 0 0
6.4299999999999997158 0 0
6.4400000000000003908 0 0
6.4500000000000001776 0 0
6.4599999999999999645 0 0
6.4699999999999997513 0 0
6.4800000000000004263 0 0
6.4900000000000002132 0 0
6.5 0 0
6.5099999999999997868 0 0
6.5200000000000004619 0 0
6.5300000000000002487 0 0
6.5400000000000000355 0 0
6.5499999999999998224 0 0
6.5600000000000004974 0 0
6.5700000000000002842 0 0
6.5800000000000000711 0 0
6.5899999999999998579 0 0
6.6000000000000005329 0 0
6.6100000000000003197 0 0
6.6200000000000001066 0 0
6.6299999999999998934 0 0
6.6400000000000005684 0 0
6.6500000000000003553 0 0
6.6600000000000001421 0 0
6.6699999999999999289 0 0
6.6799999999999997158 0 0
6.6900000000000003908 0 0
6.7000000000000001776 0 0
6.7099999999999999645 0 0
6.7199999999999997513 0 0
6.7300000000000004263 0 0
6.7400000000000002132 0 0
6.75 0 0
6.7599999999999997868 0 0
6.7700000000000004619 0 0
6.7800000000000002487 0 0
6.7900000000000000355 0 0
6.7999999999999998224 0 0
6.8100000000000004974 0 0
6.8200000000000002842 0 0
6.8300000000000000711 0 0
6.8399999999999998579 0 0
6.8500000000000005329 0 0
6.8600000000000003197 0 0
6.8700000000000001066 0 0
6.8799999999999998934 0 0
6.8900000000000005684 0 0
6.9000000000000003553 0 0
6.9100000000000001421 0 0
6.9199999999999999289 0 0
6.9299999999999997158 0 0
6.9400000000000003908 0 0
6.9500000000000001776 0 0
6.9599999999999999645 0 0
6.9699999999999997513 0 0
6.9800000000000004263 0 0
6.9900000000000002132 0 0
7 0 0
7.0099999999999997868 0 0
7.0200000000000004619 0 0
7.0300000000000002487 0 0
7.0400000000000000355 0 0
7.0499999999999998224 0 0
7.0600000000000004974 0 0
7.0700000000000002842 0 0
7.0800000000000000711 0 0
7.0899999999999998579 0 0
7.1000000000000005329 0 0
7.1100000000000003197 0 0
7.1200000000000001066 0 0
7.1299999999999998934 0 0
7.1400000000000005684 0 0
7.1500000000000003553 0 0
7.1600000000000001421 0 0
7.1699999999999999289 0 0
7.1799999999999997158 0 0
7.1900000000000003908 0 0
7.2000000000000001776 0 0
7.2099999999999999645 0 0
7.2199999999999997513 0 0
7.2300000000000004263 0 0
7.2400000000000002132 0 0
7.25 0 0
7.2599999999999997868 0 0
7.2700000000000004619 0 0
7.2800000000000002487 0 0
7.2900000000000000355 0 0
7.2999999999999998224 0 0
7.3100000000000004974 0 0
7.3200000000000002842 0 0
7.3300000000000000711 0 0
7.3399999999999998579 0 0
7.3500000000000005329 0 0
7.3600000000000003197 0 0
7.3700000000000001066 0 0
7.3799999999999998934 0 0
7.3900000000000005684 0 0
7.4000000000000003553 0 0
7.4100000000000001421 0 0
7.4199999999999999289 0 0
7.4299999999999997158 0 0
7.4400000000000003908 0 0
7.4500000000000001776 0 0
7.4599999999999999645 0 0
7.4699999999999997513 0 0
7.4800000000000004263 0 0
7.4900000000000002132 0 0
7.5 0 0
7.5099999999999997868 0 0
7.5200000000000004619 0 0
7.5300000000000002487 0 0
7.5400000000000000355 0 0
7.5499999999999998224 0 0
7.5600000000000004974 0 0
7.5700000000000002842 0 0
7.5800000000000000711 0 0
7.5899999999999998579 0 0
7.6000000000000005329 0 0
7.6100000000000003197 0 0
7.6200000000000001066 0 0
7.6299999999999998934 0 0
7.6400000000000005684 0 0
7.6500000000000003553 0 0
7.6600000000000001421 0 0
7.6699999999999999289 0 0
7.6799999999999997158 0 0
7.6900000000000003908 0 0
7.7000000000000001776 0 0
7.7099999999999999645 0 0
7.7199999999999997513 0 0
7.7300000000000004263 0 0
7.7400000000000002132 0 0
7.75 0 0
7.7599999999999997868 0 0
7.7700000000000004619 0 0
7.7800000000000002487 0 0
7.7900000000000000355 0 0
7.7999999999999998224 0 0
7.8100000000000004974 0 0
7.8200000000000002842 0 0
7.8300000000000000711 0 0
7.8399999999999998579 0 0
7.8500000000000005329 0 0
7.8600000000000003197 0 0
7.8700000000000001066 0 0
7.8799999999999998934 0 0
7.8900000000000005684 0 0
7.9000000000000003553 0 0
7.9100000000000001421 0 0
7.9199999999999999289 0 0
7.930000000000000604 0 0
7.9400000000000003908 0 0
7.9500000000000001776 0 0
7.9599999999999999645 0 0
7.9699999999999997513 0 0
7.9800000000000004263 0 0
7.9900000000000002132 0 0
8 0 0
8.0099999999999997868 0 0
8.0199999999999995737 0 0
8.0299999999999993605 0 0
8.0400000000000009237 0 0
8.0500000000000007105 0 0
8.0600000000000004974 0 0
8.0700000000000002842 0 0
8.0800000000000000711 0 0
8.0899999999999998579 0 0
8.0999999999999996447 0 0
8.1099999999999994316 0 0
8.1200000000000009948 0 0
8.1300000000000007816 0 0
8.1400000000000005684 0 0
8.1500000000000003553 0 0
8.1600000000000001421 0 0
8.1699999999999999289 0 0
8.1799999999999997158 0 0
8.1899999999999995026 0 0
8.1999999999999992895 0 0
8.2100000000000008527 0 0
8.2200000000000006395 0 0
8.2300000000000004263 0 0
8.2400000000000002132 0 0
8.25 0 0
8.2599999999999997868 0 0
8.2699999999999995737 0 0
8.2799999999999993605 0 0
8.2900000000000009237 0 0
8.3000000000000007105 0 0
8.3100000000000004974 0 0
8.3200000000000002842 0 0
8.3300000000000000711 0 0
8.3399999999999998579 0 0
8.3499999999999996447 0 0
8.3599999999999994316 0 0
8.3700000000000009948 0 0
8.3800000000000007816 0 0
8.3900000000000005684 0 0
8.4000000000000003553 0 0
8.4100000000000001421 0 0
8.4199999999999999289 0 0
8.4299999999999997158 0 0
8.4399999999999995026 0 0
8.4499999999999992895 0 0
8.4600000000000008527 0 0
8.4700000000000006395 0 0
8.4800000000000004263 0 0
8.4900000000000002132 0 0
8.5 0 0
8.5099999999999997868 0 0
8.5199999999999995737 0 0
8.5299999999999993605 0 0
8.5400000000000009237 0 0
8.5500000000000007105 0 0
8.5600000000000004974 0 0
8.5700000000000002842 0 0
8.5800000000000000711 0 0
8.5899999999999998579 0 0
8.5999999999999996447 0 0
8.6099999999999994316 0 0
8.6200000000000009948 0 0
8.6300000000000007816 0 0
8.6400000000000005684 0 0
8.6500000000000003553 0 0
8.6600000000000001421 0 0
8.6699999999999999289 0 0
8.6799999999999997158 0 0
8.6899999999999995026 0 0
8.7000000000000010658 0 0
8.7100000000000008527 0 0
8.7200000000000006395 0 0
8.7300000000000004263 0 0
8.7400000000000002132 0 0
8.75 0 0
8.7599999999999997868 0 0
8.7699999999999995737 0 0
8.7799999999999993605 0 0
8.7900000000000009237 0 0
8.8000000000000007105 0 0
8.8100000000000004974 0 0
8.8200000000000002842 0 0
8.8300000000000000711 0 0
8.8399999999999998579 0 0
8.8499999999999996447 0 0
8.8599999999999994316 0 0
8.8700000000000009948 0 0
8.8800000000000007816 0 0
8.8900000000000005684 0 0
8.9000000000000003553 0 0
8.9100000000000001421 0 0
8.9199999999999999289 0 0
8.9299999999999997158 0 0
8.9399999999999995026 0 0
8.9500000000000010658 0 0
8.9600000000000008527 0 0
8.9700000000000006395 0 0
8.9800000000000004263 0 0
8.9900000000000002132 0 0
9 0 0
9.0099999999999997868 0 0
9.0199999999999995737 0 0
9.0299999999999993605 0 0
9.0400000000000009237 0 0
9.0500000000000007105 0 0
9.0600000000000004974 0 0
9.0700000000000002842 0 0
9.0800000000000000711 0 0
9.0899999999999998579 0 0
9.0999999999999996447 0 0
9.1099999999999994316 0 0
9.1200000000000009948 0 0
9.1300000000000007816 0 0
9.1400000000000005684 0 0
9.1500000000000003553 0 0
9.1600000000000001421 0 0
9.1699999999999999289 0 0
9.1799999999999997158 0 0
9.1899999999999995026 0 0
9.2000000000000010658 0 0
9.2100000000000008527 0 0
9.2200000000000006395 0 0
9.2300000000000004263 0 0
9.2400000000000002132 0 0
9.25 0 0
9.2599999999999997868 0 0
9.2699999999999995737 0 0
9.2799999999999993605 0 0
9.2900000000000009237 0 0
9.3000000000000007105 0 0
9.3100000000000004974 0 0
9.3200000000000002842 0 0
9.3300000000000000711 0 0
9.3399999999999998579 0 0
9.3499999999999996447 0 0
9.3599999999999994316 0 0
9.3700000000000009948 0 0
9.3800000000000007816 0 0
9.3900000000000005684 0 0
9.4000000000000003553 0 0
9.4100000000000001421 0 0
9.4199999999999999289 0 0
9.4299999999999997158 0 0
9.4399999999999995026 0 0
9.4500000000000010658 0 0
9.4600000000000008527 0 0
9.4700000000000006395 0 0
9.4800000000000004263 0 0
9.4900000000000002132 0 0
9.5 0 0
9.5099999999999997868 0 0
9.5199999999999995737 0 0
9.5299999999999993605 0 0
9.5400000000000009237 0 0
9.5500000000000007105 0 0
9.5600000000000004974 0 0
9.5700000000000002842 0 0
9.5800000000000000711 0 0
9.5899999999999998579 0 0
9.5999999999999996447 0 0
9.6099999999999994316 0 0
9.6200000000000009948 0 0
9.6300000000000007816 0 0
9.6400000000000005684 0 0
9.6500000000000003553 0 0
9.6600000000000001421 0 0
9.6699999999999999289 0 0
9.6799999999999997158 0 0
9.6899999999999995026 0 0
9.7000000000000010658 0 0
9.7100000000000008527 0 0
9.7200000000000006395 0 0
9.7300000000000004263 0 0
9.7400000000000002132 0 0
9.75 0 0
9.7599999999999997868 0 0
9.7699999999999995737 0 0
9.7799999999999993605 0 0
9.7900000000000009237 0 0
9.8000000000000007105 0 0
9.8100000000000004974 0 0
9.8200000000000002842 0 0
9.8300000000000000711 0 0
9.8399999999999998579 0 0
9.8499999999999996447 0 0
9.8599999999999994316 0 0
9.8700000000000009948 0 0
9.8800000000000007816 0 0
9.8900000000000005684 0 0
9.9000000000000003553 0 0
9.9100000000000001421 0 0
9.9199999999999999289 0 0
9.9299999999999997158 0 0
9.9399999999999995026 0 0
9.9500000000000010658 0 0
9.9600000000000008527 0 0
9.9700000000000006395 0 0
9.9800000000000004263 0 0
9.9900000000000002132 0 0
10 0 0
10.009999999999999787 0 0
10.019999999999999574 0 0
10.029999999999999361 0 0
10.040000000000000924 0 0
10.050000000000000711 0 0
10.060000000000000497 0 0
10.070000000000000284 0 0
10.080000000000000071 0 0
10.089999999999999858 0 0
10.099999999999999645 0 0
10.109999999999999432 0 0
10.120000000000000995 0 0
10.130000000000000782 0 0
10.140000000000000568 0 0
10.150000000000000355 0 0
10.160000000000000142 0 0
10.169999999999999929 0 0
10.179999999999999716 0 0
10.189999999999999503 0 0
10.200000000000001066 0 0
10.210000000000000853 0 0
10.220000000000000639 0 0
10.230000000000000426 0 0
