0 1.5370221259162835379e-43 -1.5370221259162835379e-43
0.010000000000000000208 1.9244241639841222351e-42 -1.9244241639841222351e-42
0.020000000000000000416 2.3246222799258727772e-41 -2.3246222799258727772e-41
0.02999999999999999889 2.7091615464491431417e-40 -2.7091615464491431417e-40
0.040000000000000000833 3.0461292135682278415e-39 -3.0461292135682278415e-39
0.050000000000000002776 3.3044003011133345261e-38 -3.3044003011133345261e-38
0.05999999999999999778 3.4583416633499389403e-37 -3.4583416633499389403e-37
0.070000000000000006661 3.4919985341153462567e-36 -3.4919985341153462567e-36
0.080000000000000001665 3.4018183620754790475e-35 -3.4018183620754790475e-35
0.089999999999999996669 3.197268446016547408e-34 -3.197268446016547408e-34
0.10000000000000000555 2.8991987886487178532e-33 -2.8991987886487178532e-33
0.11000000000000000056 2.5363419205679635218e-32 -2.5363419205679635218e-32
0.11999999999999999556 2.1407626416463132807e-31 -2.1407626416463132807e-31
0.13000000000000000444 1.7432518996958515286e-30 -1.7432518996958515286e-30
0.14000000000000001332 1.3695651276130716387e-29 -1.3695651276130716387e-29
0.14999999999999999445 1.0380927160880403859e-28 9.1953101218678057194e-05
0.16000000000000000333 7.5913761403927485089e-28 8.595616236561909318e-05
0.17000000000000001221 5.3559410662437411221e-27 9.9949029390700161457e-05
0.17999999999999999334 3.6457088376237482951e-26 7.79602414695546031e-05
0.19000000000000000222 2.3941926032786419212e-25 0.00010194800415774810044
0.2000000000000000111 1.5169354502379372409e-24 0.000113941889139823602
0.20999999999999999223 9.2726961530049736773e-24 9.395208326168358326e-05
0.22000000000000000111 5.4685963685080115585e-23 0.00010794495028676470575
0.23000000000000000999 3.1115488432862647642e-22 7.9959223512560129166e-05
0.23999999999999999112 1.7080803162042747585e-21 6.996432057349011302e-05
0.25 9.0462974893173247601e-21 0.00012393679935485119167
0.26000000000000000888 4.6223662697623194014e-20 8.7955144408624578588e-05
0.27000000000000001776 2.2787084225775191181e-19 0.00010194800415774787005
0.28000000000000002665 1.083787336203419475e-18 0.00010594596824375801416
0.28999999999999998002 4.9731355748756154215e-18 7.9959223512555155388e-05
0.2999999999999999889 2.2016457335865823551e-17 8.5956162365597070323e-05
0.30999999999999999778 9.4036290608321136499e-17 9.7950047347600594405e-05
0.32000000000000000666 3.8750245043760677048e-16 7.7960241469167095691e-05
0.33000000000000001554 1.5405802615845013121e-15 0.00011993882799134202315
0.34000000000000002442 5.9091514040892410824e-15 9.1953101212768911408e-05
0.35000000000000003331 2.1867383339140583524e-14 9.7950047325827253354e-05
0.35999999999999998668 7.8072741771564234555e-14 0.00011993882791480985875
0.36999999999999999556 2.6892610175751425886e-13 8.5956162096692990005e-05
0.38000000000000000444 8.9371159840735344643e-13 8.595616147190748835e-05
0.39000000000000001332 2.8654494017743897869e-12 0.00010394698333530419875
0.4000000000000000222 8.8637807758747576994e-12 0.00011594086231904832498
0.41000000000000003109 2.6453076070972566611e-11 0.00010794492383368863443
0.41999999999999998446 7.616654705582451709e-11 0.00011194283093027104813
0.42999999999999999334 2.1158421612425711859e-10 0.00012593555526172535864
0.44000000000000000222 5.6706543795576005716e-10 9.7949480282256680495e-05
0.4500000000000000111 1.466270179317165423e-09 0.0001159394049126497852
0.46000000000000001998 3.6578487035466850842e-09 0.00010594231039505554767
0.47000000000000002887 8.8037638891340924091e-09 9.7941243583805499807e-05
0.47999999999999998224 2.0442873783619662571e-08 0.00010792450741298109033
0.48999999999999999112 4.5797990247582728689e-08 0.00012588996885569390147
0.5 9.8987830412687440078e-08 0.00010584698041334641679
0.51000000000000000888 2.0641825543736126792e-07 0.00012373038109941383628
0.52000000000000001776 4.1528410920191425798e-07 9.9533745281498242435e-05
0.53000000000000002665 8.0607125730193984745e-07 0.00011713378196853275039
0.54000000000000003553 1.5094977500408358833e-06 0.00014841403906005177539
0.55000000000000004441 2.7272340902528991664e-06 0.00013720140705672729045
0.56000000000000005329 4.7538259398390059183e-06 9.9193160260914589252e-05
0.57000000000000006217 7.9945688600110188262e-06 0.00012793610820095819235
0.57999999999999996003 1.2971127594003435706e-05 0.00014894630147412236563
0.58999999999999996891 2.0304454561444668553e-05 0.00014561092404077692944
0.5999999999999999778 3.0664496347391840463e-05 0.00015723967017597535994
0.60999999999999998668 4.4679803733050901858e-05 0.00019319888476162399345
0.61999999999999999556 6.2808379689031855453e-05 0.00017507030880564304664
0.63000000000000000444 8.5183373453344394415e-05 0.000280630063930277496
0.64000000000000001332 0.00011146101480135778034 0.00033231264949990353902
0.6500000000000000222 0.00014070906032642070899 0.00034904117641205246797
0.66000000000000003109 0.00017137680622497482243 0.0004702959493665965357
0.67000000000000003997 0.0002013784249047215918 0.00062220153652928515339
0.68000000000000004885 0.00022829938763249549641 0.00074520412516351905094
0.69000000000000005773 0.00024970513064305428557 0.00079975967068333974133
0.70000000000000006661 0.00026350028989252194216 0.00080795327025118702374
0.70999999999999996447 0.00026826600460619587319 0.00087115291589587111852
0.71999999999999997335 0.00026350028989252096637 0.00087192069562736505047
0.72999999999999998224 0.00024970513064305244243 0.00085373214218874564525
0.73999999999999999112 0.00022829938763249302985 0.00075519902082663394657
0.75 0.00020137842490471869156 0.00059221684953995076643
0.76000000000000000888 0.00017137680622497170535 0.00050627759703686858392
0.77000000000000001776 0.00014070906032641764612 0.00040101468042636877892
0.78000000000000002665 0.00011146101480135497497 0.00025835038666827798114
0.79000000000000003553 8.5183373453341927855e-05 0.00026463820758623578114
0.80000000000000004441 6.2808379689029836127e-05 0.00016307641654761186891
0.81000000000000005329 4.467980373304930266e-05 0.0001312304850841999155
0.82000000000000006217 3.0664496347390627511e-05 0.00012325700454871306617
0.83000000000000007105 2.0304454561443791027e-05 7.9644574829256377206e-05
0.83999999999999996891 1.2971127594002902075e-05 7.8981973624675153424e-05
0.8499999999999999778 7.9945688600106139444e-06 8.5957514401672967621e-05
0.85999999999999998668 4.7538259398387484203e-06 7.9203354382774814458e-05
0.86999999999999999556 2.7272340902527420418e-06 6.5238104440231841101e-05
0.88000000000000000444 1.5094977500407446155e-06 8.2447682572572822922e-05
0.89000000000000001332 8.0607125730188764905e-07 9.1147029961376167004e-05
0.9000000000000000222 4.1528410920188662353e-07 0.00010153272004854620853
0.91000000000000003109 2.0641825543734657719e-07 0.00010374056794531625757
0.92000000000000003997 9.8987830412680041775e-08 9.7851059517281953814e-05
0.93000000000000004885 4.5797990247579082477e-08 5.7924637601166989681e-05
0.94000000000000005773 2.0442873783618008209e-08 7.9938780638776513751e-05
0.95000000000000006661 8.803763889133652349e-09 6.5957552723589925304e-05
0.95999999999999996447 3.6578487035488014258e-09 7.9955565663856578468e-05
0.96999999999999997335 1.466270179332696773e-09 8.9952660181450816001e-05
0.97999999999999998224 5.6706543805228024732e-10 8.395661325717551735e-05
0.98999999999999999112 2.1158421669248281748e-10 0.00010194779257353141406
1 7.6166550246088137838e-11 7.1963219173987785153e-05
1.0100000000000000089 2.645309316129779449e-11 0.00010794492383367154469
1.0200000000000000178 8.8638681392594127685e-12 6.9964311709621977448e-05
1.0300000000000000266 2.8658755800708398762e-12 7.9959220646684555744e-05
1.0400000000000000355 8.9569570386752905066e-13 7.396227648784784261e-05
1.0500000000000000444 2.7774228983756378565e-13 0.00010394698592301130627
1.0600000000000000533 1.1546428431802416809e-13 0.00010794495017130042698
1.0700000000000000622 1.7325106720726539996e-13 8.5956162192368031245e-05
1.0800000000000000711 5.9101965818031162936e-13 8.1958197688588376199e-05
1.0900000000000000799 2.1607437412031467197e-12 9.7950045186950897053e-05
1.1000000000000000888 7.6087927072432420498e-12 7.596125181775637144e-05
1.1100000000000000977 2.5603078596811891623e-11 9.7950021744616045326e-05
1.1200000000000001066 8.2289035876826066792e-11 0.00010194792186871221777
1.1300000000000001155 2.5264499880793824198e-10 0.00010394673355575479216
1.1400000000000001243 7.410831473238673975e-10 9.3951342178536260616e-05
1.1500000000000001332 2.0772454473105957753e-09 7.795816422410729613e-05
1.1599999999999999201 5.5649207630884359035e-09 6.396180952371044177e-05
1.1699999999999999289 1.4251994880227551951e-08 8.7940892413744384997e-05
1.1799999999999999378 3.490148806375634136e-08 7.9924322024496372388e-05
1.1899999999999999467 8.1748990073253291729e-08 8.1876449289534789172e-05
1.1999999999999999556 1.8319929594125825178e-07 9.5767866008747846627e-05
1.2099999999999999645 3.9293186948131394102e-07 7.5568327557067765422e-05
1.2199999999999999734 8.0692017713953161378e-07 8.5149242188479565166e-05
1.2299999999999999822 1.5872783053646817788e-06 0.00010635767198140002037
1.2399999999999999911 2.9922563630612056711e-06 0.00010695166869075139798
1.25 5.4089149740165996252e-06 6.0557441513462464651e-05
1.2600000000000000089 9.3812814138241203788e-06 0.00010056264363998847862
1.2700000000000000178 1.5623098948778969158e-05 9.0322869294980122432e-05
1.2800000000000000266 2.5002313708067951163e-05 7.2947733639626687616e-05
1.2900000000000000355 3.848616412794095119e-05 8.5450635226910233704e-05
1.3000000000000000444 5.7042492976163051846e-05 6.2896335016719554824e-05
1.3100000000000000533 8.1504358881511013656e-05 0.00010040286151283957467
1.3200000000000000622 0.00011241852385278652772 8.747953492861376809e-05
1.3300000000000000711 0.00014990931258713639579 0.00010596018519075768929
1.3400000000000000799 0.00019359267137712893921 8.4265614321910758434e-05
1.3500000000000000888 0.0002425679072421100071 5.3281202292064196776e-05
1.3600000000000000977 0.00029549729770763440324 7.4314103761998579964e-05
1.3700000000000001066 0.00035076145650738842132 -2.0929666794035502696e-05
1.3800000000000001155 0.00040665847460538419008 -8.0824648978042269373e-05
1.3900000000000001243 0.00046160434224979312928 -0.00013177255253644021065
1.4000000000000001332 0.00051429438944082853623 -0.0001824636322363853199
1.4099999999999999201 0.00056379896534306092517 -0.00029193761122112263156
1.4199999999999999289 0.00060958583216229713167 -0.00029774486628407871927
1.4299999999999999378 0.00065147990726409257638 -0.00032964404572276176202
1.4399999999999999467 0.00068958267496507395702 -0.00033976109392549623447
1.4499999999999999556 0.00072417671327061671014 -0.00045231535914867841653
1.4599999999999999645 0.00075563659898500706164 -0.00047577931669104655535
1.4699999999999999734 0.00078435927040292410806 -0.00046852034043869458932
1.4799999999999999822 0.00081071832091189524171 -0.00051287021478280017499
1.4899999999999999911 0.00083504018409635025286 -0.00055118493771637874865
1.5 0.00085759670894741083392 -0.00048778530747777785071
1.5100000000000000089 0.00087860787965401206546 -0.00059275366578295026355
1.5200000000000000178 0.00089824941792025520416 -0.00058241048795602563121
1.5300000000000000266 0.0009166616724730575292 -0.00064679931494603993582
1.5400000000000000355 0.00093395780626522376371 -0.00060012805246585968454
1.5500000000000000444 0.0009502304781800493096 -0.0005944119364595398889
1.5600000000000000533 0.00096555692337817525511 -0.00068370067359312461375
1.5700000000000000622 0.00098000266431227619525 -0.00069414845044121439334
1.5800000000000000711 0.0009936241751021634809 -0.00068977913739596717277
1.5900000000000000799 0.0010064707954553200799 -0.00071861761409316798031
1.6000000000000000888 0.0010185861239620430316 -0.00072673497851387987984
1.6100000000000000977 0.0010300090537152775845 -0.00071017215966503706784
1.6200000000000001066 0.0010407745602852478371 -0.00075691931390527633292
1.6300000000000001155 0.0010509143148753519355 -0.00073107742082511141882
1.6400000000000001243 0.0010604571709472902872 -0.00079059481342027269381
1.6500000000000001332 0.0010694295568840529731 -0.00078757330709900222332
1.6600000000000001421 0.001077855797226394451 -0.00079200158335533264904
1.6699999999999999289 0.0010857583785194851057 -0.00080390212873443435589
1.6799999999999999378 0.0010931581714867628311 -0.00081130192170171208134
1.6899999999999999467 0.0011000746182899174587 -0.00080022754466973220269
1.6999999999999999556 0.0011065258915489083972 -0.00079668392226561073922
1.7099999999999999645 0.0011125290302886829252 -0.0008026870610053852672
1.7199999999999999734 0.0011181000568663082301 -0.00078427030306694425939
1.7299999999999999822 0.001123254078095794117 -0.00080341718404555360032
1.7399999999999999911 0.0011280053731499053559 -0.00078418072368742898319
1.75 0.0011323674703253964764 -0.00080853261218914490756
1.7600000000000000089 0.0011363532143731128968 -0.00081651632032287238018
1.7700000000000000178 0.0011399748257906994718 -0.00077815935249308859287
1.7800000000000000266 0.0011432439532338785002 -0.00084539584710478354185
1.7900000000000000355 0.00114617172000831 -0.00087431036588637165222
1.8000000000000000444 0.0011487687654471987787 -0.00081094104756182375585
1.8100000000000000533 0.0011510452818521837992 -0.00087518596364423439926
1.8200000000000000622 0.0011530110475704820686 -0.00081318436219401674797
1.8300000000000000711 0.001154675456695099028 -0.00082884163106775716155
1.8400000000000000799 0.0011560475458035487321 -0.00088218722419052008656
1.8500000000000000888 0.0011571360180910588312 -0.00085928791196196387288
1.8600000000000000977 0.0011579492652044910943 -0.00083411440706823952555
1.8700000000000001066 0.0011584953870413853237 -0.00084865341775808766575
1.8800000000000001155 0.0011587822097432051369 -0.00085293820454591853103
1.8900000000000001243 0.0011588173020819195116 -0.00088295798387397011163
1.9000000000000001332 0.001158607990413590633 -0.00087675174062853988323
1.9100000000000001421 0.0011581613723508348435 -0.00081033875880234741869
1.9199999999999999289 0.0011574843292873890962 -0.00082965153616895693199
1.9299999999999999378 0.0011565835378919498214 -0.00082075481660149555291
1.9399999999999999467 0.0011554654806746030363 -0.00085561840705441778027
1.9499999999999999556 0.001154136455717194934 -0.00080431487467761721144
1.9599999999999999645 0.0011526025856486020633 -0.00084475958385639470308
1.9699999999999999734 0.0011508698259369359255 -0.00085302171980784096718
1.9799999999999999822 0.0011489439725632765842 -0.00082910707851303606757
1.9899999999999999911 0.0011468306691363508703 -0.00087297034752332222478
2 0.0011445354135075161157 -0.00085868119963645431376
2.0100000000000002309 0.0011420635639599698886 -0.00081822870582371831985
2.0200000000000000178 0.0011394203451033882869 -0.00082158244764806852463
2.0300000000000002487 0.0011366108537834080424 -0.00082876785199120068214
2.0400000000000000355 0.0011336400658177227946 -0.00080380827610436987596
2.0499999999999998224 0.0011305128456886445135 -0.00077269533647704468672
2.0600000000000000533 0.0011272339645606371458 -0.0007974021748472842272
2.0699999999999998401 0.0011238081394407991968 -0.00077198756180630071985
2.0800000000000000711 0.0011202401223009738132 -0.00078641036850160984245
2.0899999999999998579 0.0011165348999426570435 -0.00070674388671674399573
2.1000000000000000888 0.001112698124414066795 -0.00075088265111645591601
2.1099999999999998757 0.001108736993688209764 -0.0006949480163762856641
2.1200000000000001066 0.001104661955075404451 -0.00070286687002151350748
2.1299999999999998934 0.001100489809670073026 -0.00064672122060186886146
2.1400000000000001243 0.001096249027688829189 -0.00069045597854892719336
2.1499999999999999112 0.0010919882695981540308 -0.00062422682078082641216
2.1600000000000001421 0.0010877891209865675828 -0.00059404094926591381048
2.1699999999999999289 0.0010837837288520026785 -0.00062601717569778746186
2.1800000000000001599 0.0010801772345234853575 -0.00054045251946945017073
2.1899999999999999467 0.0010772736181012204995 -0.00055553972688231981897
2.2000000000000001776 0.0010755020241534208984 -0.00047580787691305038642
2.2099999999999999645 0.0010754393634271090189 -0.00048773907934094120654
2.2200000000000001954 0.00107782478997874606 -0.00042615713872406232703
2.2299999999999999822 0.0010835634368334084825 -0.00035193656206616462032
2.2400000000000002132 0.0010937212478478043187 -0.0003580964380983798611
2.25 0.001109520044062653173 -0.00024396147427744566301
2.2600000000000002309 0.0011323515437938773062 -0.00012886334400852533615
2.2700000000000000178 0.0011638394453736009091 2.3554927745276068099e-05
2.2800000000000002487 0.0012059871901776073305 0.00023127974914206265306
2.2900000000000000355 0.0012614510388841845227 0.00033373537996951542148
2.3000000000000002665 0.001333966107357089162 0.0005170898965859969422
2.3100000000000000533 0.0014289163949691163508 0.00098785101782750063711
2.3199999999999998401 0.001553967464368808879 0.0012705921105779522523
2.3300000000000000711 0.0017195683446271678267 0.0019265721078471883046
2.3399999999999998579 0.0019389935500216286864 0.0029525119148898319732
2.3500000000000000888 0.0022274861664164998139 0.0050308121747683551273
2.3599999999999998757 0.0026000634141976203262 0.0073288727245515022934
2.3700000000000001066 0.0030677542674352668677 0.010947097965795802091
2.3799999999999998934 0.0036325111564175197217 0.015731613007567729623
2.3900000000000001243 0.0042817207374060096622 0.021966892635039099446
2.3999999999999999112 0.0049839222411350407593 0.028353074791030486584
2.4100000000000001421 0.0056876884998288464862 0.036566763162473168991
2.4199999999999999289 0.0063252990834763486022 0.044848603964562132329
2.4300000000000001599 0.0068217008896557813219 0.051462574344089788425
2.4399999999999999467 0.0071075349317802488658 0.056300124598859399572
2.4500000000000001776 0.0071333030292827885599 0.058461243467585341516
2.4599999999999999645 0.0068808056853860814772 0.057972117469444847671
2.4700000000000001954 0.0063683508815812108622 0.053962881964202014107
2.4799999999999999822 0.0056479363305231237297 0.047714850439343821364
2.4900000000000002132 0.0047950611731367486293 0.041395383206908185902
2.5 0.003894073707358205929 0.032437397348387873863
2.5100000000000002309 0.0030231334832575736116 0.025088529232415876513
2.5200000000000000178 0.0022425727230651823496 0.017851179348196227065
2.5300000000000002487 0.001588937764098677461 0.012521865840027303005
2.5400000000000000355 0.0010749933929233902209 0.0082642432614178310685
2.5500000000000002665 0.00069428164027649484375 0.0050148067671803801121
2.5600000000000000533 0.00042796521552741030375 0.00292432503669620052
2.5699999999999998401 0.00025173954560849388755 0.0017332480951448940836
2.5800000000000000711 0.00014128760343828960285 0.00094815678054055430295
2.5899999999999998579 7.5651148891238054585e-05 0.0005020542395318173829
2.6000000000000000888 3.8640517483005695049e-05 0.0002692024843092016991
2.6099999999999998757 1.8825640393531643726e-05 0.00011510605462443194991
2.6200000000000001066 8.7479184816459771244e-06 5.3220481195779642427e-05
2.6299999999999998934 3.8768669193278958309e-06 2.4108859854876624846e-05
2.6400000000000001243 1.6385319133689975153e-06 6.3573898921901941258e-06
2.6499999999999999112 6.6039901272030292194e-07 1.1333484150365838073e-05
2.6600000000000001421 2.5381519000961864248e-07 -2.5381519000961864248e-07
2.6699999999999999289 9.3019245290271251983e-08 -9.3019245290271251983e-08
2.6800000000000001599 3.2505598478141678959e-08 -3.2505598478141678959e-08
2.6899999999999999467 1.083082098375232851e-08 -1.083082098375232851e-08
2.7000000000000001776 3.4408955341453251877e-09 -3.4408955341453251877e-09
2.7099999999999999645 1.0422662985465282921e-09 -1.0422662985465282921e-09
2.7200000000000001954 3.0100534167740130816e-10 -3.0100534167740130816e-10
2.7299999999999999822 8.2880065686669232992e-11 1.9988975713241114552e-06
2.7400000000000002132 2.1757008823459320101e-11 -2.1757008823459320101e-11
2.75 5.4452148326537333156e-12 -5.4452148326537333156e-12
2.7600000000000002309 1.2992468829580948043e-12 -1.2992468829580948043e-12
2.7700000000000000178 2.9554513121707969025e-13 1.9989801558446667112e-06
2.7800000000000002487 6.4092393024397334328e-14 -6.4092393024397334328e-14
2.7900000000000000355 1.3250590176689721706e-14 -1.3250590176689721706e-14
2.8000000000000002665 2.611595352730691845e-15 -2.611595352730691845e-15
2.8100000000000000533 4.9069844983371694573e-16 -4.9069844983371694573e-16
2.8199999999999998401 8.7893775205271845542e-17 -8.7893775205271845542e-17
2.8300000000000000711 1.5008350094924009391e-17 -1.5008350094924009391e-17
2.8399999999999998579 2.4430715872121285051e-18 1.9989804513873546967e-06
2.8500000000000000888 3.791098489492821538e-19 -3.791098489492821538e-19
2.8599999999999998757 5.6081161159731233644e-20 -5.6081161159731233644e-20
2.8700000000000001066 7.9084174296823334885e-21 -7.9084174296823334885e-21
2.8799999999999998934 1.0631158539774685091e-21 -1.0631158539774685091e-21
2.8900000000000001243 1.3623476330340164149e-22 -1.3623476330340164149e-22
2.8999999999999999112 1.6642159314873314275e-23 -1.6642159314873314275e-23
2.9100000000000001421 1.9379562589840566131e-24 -1.9379562589840566131e-24
2.9199999999999999289 2.1512412489134036986e-25 -2.1512412489134036986e-25
2.9300000000000001599 2.2763734305403825178e-26 -2.2763734305403825178e-26
2.9399999999999999467 2.2961784430152692596e-27 -2.2961784430152692596e-27
2.9500000000000001776 2.2078729523576551793e-28 1.9989804513897979632e-06
2.9599999999999999645 2.0237063847231389191e-29 -2.0237063847231389191e-29
2.9700000000000001954 1.7681725424592647526e-30 -1.7681725424592647526e-30
2.9799999999999999822 1.4726661671443954105e-31 -1.4726661671443954105e-31
2.9900000000000002132 1.1691907704203657776e-32 1.9989804513897979632e-06
3 8.848441506481670389e-34 -8.848441506481670389e-34
3.0100000000000002309 6.3833332677463707445e-35 -6.3833332677463707445e-35
3.0200000000000000178 4.3896169824657102196e-36 -4.3896169824657102196e-36
3.0300000000000002487 2.8774196332780779765e-37 -2.8774196332780779765e-37
3.0400000000000000355 1.7979449238324576935e-38 -1.7979449238324576935e-38
3.0500000000000002665 1.0708912089985521156e-39 -1.0708912089985521156e-39
3.0600000000000000533 6.0800805517260822614e-41 -6.0800805517260822614e-41
3.0700000000000002842 3.2905430886510961233e-42 -3.2905430886510961233e-42
3.0800000000000000711 1.6975375709122183162e-43 1.9989804513897979632e-06
3.0899999999999998579 8.3476474570084000606e-45 -8.3476474570084000606e-45
3.1000000000000000888 3.9129207602198455226e-46 -3.9129207602198455226e-46
3.1099999999999998757 1.7483550962810236564e-47 -1.7483550962810236564e-47
3.1200000000000001066 7.4464501397208514218e-49 1.9989804513897979632e-06
3.1299999999999998934 3.0231480763285011729e-50 -3.0231480763285011729e-50
3.1400000000000001243 1.1699290104445368017e-51 -1.1699290104445368017e-51
3.1499999999999999112 4.3156781073560269568e-53 -4.3156781073560269568e-53
3.1600000000000001421 1.5174959199138609836e-54 -1.5174959199138609836e-54
3.1699999999999999289 5.0862125152397769053e-56 -5.0862125152397769053e-56
3.1800000000000001599 1.6249855512446071626e-57 -1.6249855512446071626e-57
3.1899999999999999467 4.9487111334195104051e-59 -4.9487111334195104051e-59
3.2000000000000001776 1.4365537724230875583e-60 -1.4365537724230875583e-60
3.2099999999999999645 3.975012088424553377e-62 -3.975012088424553377e-62
3.2200000000000001954 1.0484347825905291012e-63 -1.0484347825905291012e-63
3.2299999999999999822 2.6359090335627277472e-65 -2.6359090335627277472e-65
3.2400000000000002132 6.3169158652840982696e-67 -6.3169158652840982696e-67
3.25 1.4429959137030115542e-68 -1.4429959137030115542e-68
3.2600000000000002309 3.1420284674433272303e-70 1.9989804513897979632e-06
3.2700000000000000178 6.521384673488540102e-72 1.9989804513897979632e-06
3.2800000000000002487 1.290190692695501439e-73 1.9989804513897979632e-06
3.2900000000000000355 2.4330558572251753244e-75 -2.4330558572251753244e-75
3.3000000000000002665 4.3735496258361411004e-77 -4.3735496258361411004e-77
3.3100000000000000533 7.4937563484245813242e-79 -7.4937563484245813242e-79
3.3200000000000002842 1.2239067881240744979e-80 -1.2239067881240744979e-80
3.3300000000000000711 1.9053735338989068007e-82 -1.9053735338989068007e-82
3.3399999999999998579 2.827448323245578337e-84 -2.827448323245578337e-84
3.3500000000000000888 3.9993715024523788824e-86 -3.9993715024523788824e-86
3.3599999999999998757 5.3922635718693710109e-88 -5.3922635718693710109e-88
3.3700000000000001066 6.9299890151718235506e-90 -6.9299890151718235506e-90
3.3799999999999998934 8.489377257699741973e-92 -8.489377257699741973e-92
3.3900000000000001243 9.9129009087404713244e-94 -9.9129009087404713244e-94
3.3999999999999999112 1.103334346029598066e-95 -1.103334346029598066e-95
3.4100000000000001421 1.1705629003186775254e-97 -1.1705629003186775254e-97
3.4199999999999999289 1.1837593660568732412e-99 -1.1837593660568732412e-99
3.4300000000000001599 1.1410717970237501659e-101 -1.1410717970237501659e-101
3.4399999999999999467 1.0484390934323669032e-103 -1.0484390934323669032e-103
3.4500000000000001776 9.1823524689010265866e-106 -9.1823524689010265866e-106
3.4599999999999999645 7.6655807425683819831e-108 -7.6655807425683819831e-108
3.4700000000000001954 6.0998106286635486465e-110 -6.0998106286635486465e-110
3.4799999999999999822 4.6266609037185105009e-112 -4.6266609037185105009e-112
3.4900000000000002132 3.3450211094654002246e-114 -3.3450211094654002246e-114
3.5 2.305206205235154488e-116 -2.305206205235154488e-116
3.5100000000000002309 1.5142593940458636448e-118 -1.5142593940458636448e-118
3.5200000000000000178 9.4813507169086916266e-121 -9.4813507169086916266e-121
3.5300000000000002487 5.658736187914566951e-123 -5.658736187914566951e-123
3.5400000000000000355 3.2191991989942308027e-125 -3.2191991989942308027e-125
3.5500000000000002665 1.7456424412693137344e-127 -1.7456424412693137344e-127
3.5600000000000000533 9.0228065251934811447e-130 -9.0228065251934811447e-130
3.5700000000000002842 4.4453584529725106195e-132 -4.4453584529725106195e-132
3.5800000000000000711 2.087615902044425944e-134 -2.087615902044425944e-134
3.5899999999999998579 9.3448634334715417321e-137 -9.3448634334715417321e-137
3.6000000000000000888 3.9872526976766603987e-139 -3.9872526976766603987e-139
3.6099999999999998757 1.6216341839347898306e-141 -1.6216341839347898306e-141
3.6200000000000001066 6.2865191334128879613e-144 -6.2865191334128879613e-144
3.6299999999999998934 2.3229812730355328465e-146 -2.3229812730355328465e-146
3.6400000000000001243 8.181994617511583507e-149 -8.181994617511583507e-149
3.6499999999999999112 2.7469489237272481404e-151 -2.7469489237272481404e-151
3.6600000000000001421 8.7906258537125282064e-154 -8.7906258537125282064e-154
3.6699999999999999289 2.681431641371805857e-156 -2.681431641371805857e-156
3.6800000000000001599 7.7963493835081842913e-159 -7.7963493835081842913e-159
3.6899999999999999467 2.1606946471579269122e-161 -2.1606946471579269122e-161
3.7000000000000001776 5.7078552390012860716e-164 -5.7078552390012860716e-164
3.7099999999999999645 1.4372418995577991785e-166 -1.4372418995577991785e-166
3.7200000000000001954 3.44956291704755655e-169 -3.44956291704755655e-169
3.7299999999999999822 7.8917891049207278799e-172 -7.8917891049207278799e-172
3.7400000000000002132 1.7209331120612486933e-174 -1.7209331120612486933e-174
3.75 3.5770874040785292528e-177 -3.5770874040785292528e-177
3.7600000000000002309 7.0871573988705134847e-180 -7.0871573988705134847e-180
3.7700000000000000178 1.3384171550422739767e-182 -1.3384171550422739767e-182
3.7800000000000002487 2.4092825118861497361e-185 -2.4092825118861497361e-185
3.7900000000000000355 4.133907055941950465e-188 -4.133907055941950465e-188
3.8000000000000002665 6.7609910974320496058e-191 -6.7609910974320496058e-191
3.8100000000000000533 1.0539903345908162428e-193 -1.0539903345908162428e-193
3.8200000000000002842 1.5661719226883412627e-196 -1.5661719226883412627e-196
3.8300000000000000711 2.2182920147439517272e-199 -2.2182920147439517272e-199
3.8399999999999998579 2.9948454142742820526e-202 -2.9948454142742820526e-202
3.8500000000000000888 3.8539533598119330889e-205 -3.8539533598119330889e-205
3.8599999999999998757 4.7273176750475715398e-208 -4.7273176750475715398e-208
3.8700000000000001066 5.5271258090384277177e-211 -5.5271258090384277177e-211
3.8799999999999998934 6.1597074051023710359e-214 -6.1597074051023710359e-214
3.8900000000000001243 6.5433014568651381208e-217 -6.5433014568651381208e-217
3.8999999999999999112 6.6253653550115167663e-220 -6.6253653550115167663e-220
3.9100000000000001421 6.3943843601390769861e-223 -6.3943843601390769861e-223
3.9199999999999999289 5.8825224238356541252e-226 1.9989804513897979632e-06
3.9300000000000001599 5.1582732042469799034e-229 -5.1582732042469799034e-229
3.9399999999999999467 4.3114259711939452308e-232 -4.3114259711939452308e-232
3.9500000000000001776 3.434893844277325484e-235 -3.434893844277325484e-235
3.9599999999999999645 2.6084435917915151641e-238 -2.6084435917915151641e-238
3.9700000000000001954 1.888101225368872328e-241 -1.888101225368872328e-241
3.9799999999999999822 1.3027009983009764196e-244 -1.3027009983009764196e-244
3.9900000000000002132 8.5672180048283450988e-248 -8.5672180048283450988e-248
4 5.3704471262842341126e-251 1.9989804513897979632e-06
4.0099999999999997868 3.2089029441433990381e-254 -3.2089029441433990381e-254
4.0200000000000004619 1.8275875200734175038e-257 -1.8275875200734175038e-257
4.0300000000000002487 9.9214513706402748743e-261 -9.9214513706402748743e-261
4.0400000000000000355 5.1339024481222467871e-264 -5.1339024481222467871e-264
4.0499999999999998224 2.5321845488251884159e-267 -2.5321845488251884159e-267
4.0600000000000004974 1.1904698311169935873e-270 -1.1904698311169935873e-270
4.0700000000000002842 5.3347821667736358423e-274 -5.3347821667736358423e-274
4.0800000000000000711 2.2787160186336638417e-277 -2.2787160186336638417e-277
4.0899999999999998579 9.2776695322848371188e-281 -9.2776695322848371188e-281
4.0999999999999996447 3.6004993262416743578e-284 -3.6004993262416743578e-284
4.1100000000000003197 1.3318694978734652729e-287 -1.3318694978734652729e-287
4.1200000000000001066 4.6960820822493812542e-291 -4.6960820822493812542e-291
4.1299999999999998934 1.5782824129050228622e-294 1.9989804513897979632e-06
4.1399999999999996803 5.056019626794987088e-298 -5.056019626794987088e-298
4.1500000000000003553 1.5438594011541325108e-301 -1.5438594011541325108e-301
4.1600000000000001421 4.4934681713079300996e-305 -4.4934681713079300996e-305
4.1699999999999999289 1.2466096570512745994e-308 -1.2466096570512745994e-308
4.1799999999999997158 3.2965082364273287781e-312 1.9989804513897979632e-06
4.1900000000000003908 8.3090748374551595222e-316 1.9989804513897979632e-06
4.2000000000000001776 1.9963216485861407864e-319 1.9989804513897979632e-06
4.2099999999999999645 4.4465908125712188976e-323 -4.4465908125712188976e-323
4.2199999999999997513 0 0
4.2300000000000004263 0 1.9989804513897979632e-06
4.2400000000000002132 0 1.9989804513897979632e-06
4.25 0 0
4.2599999999999997868 0 1.9989804513897979632e-06
4.2700000000000004619 0 0
4.2800000000000002487 0 0
4.2900000000000000355 0 0
4.2999999999999998224 0 0
4.3100000000000004974 0 0
4.3200000000000002842 0 0
4.3300000000000000711 0 0
4.3399999999999998579 0 3.9979609027795959264e-06
4.3500000000000005329 0 0
4.3600000000000003197 0 0
4.3700000000000001066 0 1.9989804513897979632e-06
4.3799999999999998934 0 0
4.3899999999999996803 0 0
4.4000000000000003553 0 0
4.4100000000000001421 0 1.9989804513897979632e-06
4.4199999999999999289 0 0
4.4299999999999997158 0 0
4.4400000000000003908 0 0
4.4500000000000001776 0 0
4.4599999999999999645 0 0
4.4699999999999997513 0 0
4.4800000000000004263 0 0
4.4900000000000002132 0 0
4.5 0 0
4.5099999999999997868 0 0
4.5200000000000004619 0 0
4.5300000000000002487 0 0
4.5400000000000000355 0 0
4.5499999999999998224 0 0
4.5600000000000004974 0 0
4.5700000000000002842 0 0
4.5800000000000000711 0 1.9989804513897979632e-06
4.5899999999999998579 0 0
4.6000000000000005329 0 0
4.6100000000000003197 0 0
4.6200000000000001066 0 0
4.6299999999999998934 0 0
4.6399999999999996803 0 3.9979609027795959264e-06
4.6500000000000003553 0 0
4.6600000000000001421 0 1.9989804513897979632e-06
4.6699999999999999289 0 0
4.6799999999999997158 0 1.9989804513897979632e-06
4.6900000000000003908 0 0
4.7000000000000001776 0 0
4.7099999999999999645 0 1.9989804513897979632e-06
4.7199999999999997513 0 0
4.7300000000000004263 0 7.9959218055591918528e-06
4.7400000000000002132 0 3.9979609027795959264e-06
4.75 0 0
4.7599999999999997868 0 3.9979609027795959264e-06
4.7700000000000004619 0 7.9959218055591918528e-06
4.7800000000000002487 0 3.9979609027795959264e-06
4.7900000000000000355 0 3.9979609027795959264e-06
4.7999999999999998224 0 1.9989804513897979632e-06
4.8100000000000004974 0 3.9979609027795959264e-06
4.8200000000000002842 0 1.199388316308614036e-05
4.8300000000000000711 0 5.9969415815430693328e-06
4.8399999999999998579 0 2.1988786102156151423e-05
4.8500000000000005329 0 3.9979609027795959264e-06
4.8600000000000003197 0 1.5991843611118380317e-05
4.8700000000000001066 0 7.9959218055591918528e-06
4.8799999999999998934 0 2.1988786102156151423e-05
4.8899999999999996803 0 1.7990823835134509614e-05
4.9000000000000003553 0 1.7990823835134509614e-05
4.9100000000000001421 0 2.5986746550188399851e-05
4.9199999999999999289 0 2.5986746550188399851e-05
4.9299999999999997158 0 1.9989805878140028903e-05
4.9400000000000003908 0 1.5991843611118380317e-05
4.9500000000000001776 0 1.9989805878140028903e-05
4.9599999999999999645 0 1.9989805878140028903e-05
4.9699999999999997513 0 1.7990823835134509614e-05
4.9800000000000004263 0 1.199388316308614036e-05
4.9900000000000002132 0 2.3987766326172280719e-05
5 0 7.9959218055591918528e-06
5.0099999999999997868 0 7.9959218055591918528e-06
5.0200000000000004619 0 3.9979609027795959264e-06
5.0300000000000002487 0 1.9989804513897979632e-06
5.0400000000000000355 0 1.9989804513897979632e-06
5.0499999999999998224 0 1.9989804513897979632e-06
5.0600000000000004974 0 0
5.0700000000000002842 0 3.9979609027795959264e-06
5.0800000000000000711 0 0
5.0899999999999998579 0 0
5.1000000000000005329 0 0
5.1100000000000003197 0 0
5.1200000000000001066 0 0
5.1299999999999998934 0 0
5.1399999999999996803 0 0
5.1500000000000003553 0 0
5.1600000000000001421 0 0
5.1699999999999999289 0 0
5.1799999999999997158 0 0
5.1900000000000003908 0 0
5.2000000000000001776 0 0
5.2099999999999999645 0 0
5.2199999999999997513 0 0
5.2300000000000004263 0 0
5.2400000000000002132 0 0
5.25 0 0
5.2599999999999997868 0 0
5.2700000000000004619 0 0
5.2800000000000002487 0 0
5.2900000000000000355 0 0
5.2999999999999998224 0 0
5.3100000000000004974 0 0
5.3200000000000002842 0 0
5.3300000000000000711 0 0
5.3399999999999998579 0 0
5.3500000000000005329 0 0
5.3600000000000003197 0 0
5.3700000000000001066 0 0
5.3799999999999998934 0 0
5.3899999999999996803 0 0
5.4000000000000003553 0 0
5.4100000000000001421 0 0
5.4199999999999999289 0 0
5.4299999999999997158 0 0
5.4400000000000003908 0 0
5.4500000000000001776 0 0
5.4599999999999999645 0 0
5.4699999999999997513 0 0
5.4800000000000004263 0 0
5.4900000000000002132 0 0
5.5 0 0
5.5099999999999997868 0 0
5.5200000000000004619 0 0
5.5300000000000002487 0 0
5.5400000000000000355 0 0
5.5499999999999998224 0 0
5.5600000000000004974 0 0
5.5700000000000002842 0 0
5.5800000000000000711 0 0
5.5899999999999998579 0 0
5.6000000000000005329 0 0
5.6100000000000003197 0 0
5.6200000000000001066 0 0
5.6299999999999998934 0 0
5.6399999999999996803 0 0
5.6500000000000003553 0 0
5.6600000000000001421 0 0
5.6699999999999999289 0 0
5.6799999999999997158 0 0
5.6900000000000003908 0 0
5.7000000000000001776 0 0
5.7099999999999999645 0 0
5.7199999999999997513 0 0
5.7300000000000004263 0 0
5.7400000000000002132 0 0
5.75 0 0
5.7599999999999997868 0 0
5.7700000000000004619 0 0
5.7800000000000002487 0 0
5.7900000000000000355 0 0
5.7999999999999998224 0 0
5.8100000000000004974 0 0
5.8200000000000002842 0 0
5.8300000000000000711 0 0
5.8399999999999998579 0 0
5.8500000000000005329 0 0
5.8600000000000003197 0 0
5.8700000000000001066 0 0
5.8799999999999998934 0 0
5.8899999999999996803 0 0
5.9000000000000003553 0 0
5.9100000000000001421 0 0
5.9199999999999999289 0 0
5.9299999999999997158 0 0
5.9400000000000003908 0 0
5.9500000000000001776 0 0
5.9599999999999999645 0 0
5.9699999999999997513 0 0
5.9800000000000004263 0 0
5.9900000000000002132 0 0
6 0 0
6.0099999999999997868 0 0
6.0200000000000004619 0 0
6.0300000000000002487 0 0
6.0400000000000000355 0 0
6.0499999999999998224 0 0
6.0600000000000004974 0 0
6.0700000000000002842 0 0
6.0800000000000000711 0 0
6.0899999999999998579 0 0
6.1000000000000005329 0 0
6.1100000000000003197 0 0
6.1200000000000001066 0 0
6.1299999999999998934 0 0
6.1400000000000005684 0 0
6.1500000000000003553 0 0
6.1600000000000001421 0 0
6.1699999999999999289 0 0
6.1799999999999997158 0 0
6.1900000000000003908 0 0
6.2000000000000001776 0 0
6.2099999999999999645 0 0
6.2199999999999997513 0 0
6.2300000000000004263 0 0
6.2400000000000002132 0 0
6.25 0 0
6.2599999999999997868 0 0
6.2700000000000004619 0 0
6.2800000000000002487 0 0
6.2900000000000000355 0 0
6.2999999999999998224 0 0
6.3100000000000004974 0 0
6.3200000000000002842 0 0
6.3300000000000000711 0 0
6.3399999999999998579 0 0
6.3500000000000005329 0 0
6.3600000000000003197 0 0
6.3700000000000001066 0 0
6.3799999999999998934 0 0
6.3900000000000005684 0 0
6.4000000000000003553 0 0
6.4100000000000001421 0 0
6.4199999999999999289 0 0
6.4299999999999997158 0 0
6.4400000000000003908 0 0
6.4500000000000001776 0 0
6.4599999999999999645 0 0
6.4699999999999997513 0 0
6.4800000000000004263 0 0
6.4900000000000002132 0 0
6.5 0 0
6.5099999999999997868 0 0
6.5200000000000004619 0 0
6.5300000000000002487 0 0
6.5400000000000000355 0 0
6.5499999999999998224 0 0
6.5600000000000004974 0 0
6.5700000000000002842 0 0
6.5800000000000000711 0 0
6.5899999999999998579 0 0
6.6000000000000005329 0 0
6.6100000000000003197 0 0
6.6200000000000001066 0 0
6.6299999999999998934 0 0
6.6400000000000005684 0 0
6.6500000000000003553 0 0
6.6600000000000001421 0 0
6.6699999999999999289 0 0
6.6799999999999997158 0 0
6.6900000000000003908 0 0
6.7000000000000001776 0 0
6.7099999999999999645 0 0
6.7199999999999997513 0 0
6.7300000000000004263 0 0
6.7400000000000002132 0 0
6.75 0 0
6.7599999999999997868 0 0
6.7700000000000004619 0 0
6.7800000000000002487 0 0
6.7900000000000000355 0 0
6.7999999999999998224 0 0
6.8100000000000004974 0 0
6.8200000000000002842 0 0
6.8300000000000000711 0 0
6.8399999999999998579 0 0
6.8500000000000005329 0 0
6.8600000000000003197 0 0
6.8700000000000001066 0 0
6.8799999999999998934 0 0
6.8900000000000005684 0 0
6.9000000000000003553 0 0
6.9100000000000001421 0 0
6.9199999999999999289 0 0
6.9299999999999997158 0 0
6.9400000000000003908 0 0
6.9500000000000001776 0 0
6.9599999999999999645 0 0
6.9699999999999997513 0 0
6.9800000000000004263 0 0
6.9900000000000002132 0 0
7 0 0
7.0099999999999997868 0 0
7.0200000000000004619 0 0
7.0300000000000002487 0 0
7.0400000000000000355 0 0
7.0499999999999998224 0 0
7.0600000000000004974 0 0
7.0700000000000002842 0 0
7.0800000000000000711 0 0
7.0899999999999998579 0 0
7.1000000000000005329 0 0
7.1100000000000003197 0 0
7.1200000000000001066 0 0
7.1299999999999998934 0 0
7.1400000000000005684 0 0
7.1500000000000003553 0 0
7.1600000000000001421 0 0
7.1699999999999999289 0 0
7.1799999999999997158 0 0
7.1900000000000003908 0 0
7.2000000000000001776 0 0
7.2099999999999999645 0 0
7.2199999999999997513 0 0
7.2300000000000004263 0 0
7.2400000000000002132 0 0
7.25 0 0
7.2599999999999997868 0 0
7.2700000000000004619 0 0
7.2800000000000002487 0 0
7.2900000000000000355 0 0
7.2999999999999998224 0 0
7.3100000000000004974 0 0
7.3200000000000002842 0 0
7.3300000000000000711 0 0
7.3399999999999998579 0 0
7.3500000000000005329 0 0
7.3600000000000003197 0 0
7.3700000000000001066 0 0
7.3799999999999998934 0 0
7.3900000000000005684 0 0
7.4000000000000003553 0 0
7.4100000000000001421 0 0
7.4199999999999999289 0 0
7.4299999999999997158 0 0
7.4400000000000003908 0 0
7.4500000000000001776 0 0
7.4599999999999999645 0 0
7.4699999999999997513 0 0
7.4800000000000004263 0 0
7.4900000000000002132 0 0
7.5 0 0
7.5099999999999997868 0 0
7.5200000000000004619 0 0
7.5300000000000002487 0 0
7.5400000000000000355 0 0
7.5499999999999998224 0 0
7.5600000000000004974 0 0
7.5700000000000002842 0 0
7.5800000000000000711 0 0
7.5899999999999998579 0 0
7.6000000000000005329 0 0
7.6100000000000003197 0 0
7.6200000000000001066 0 0
7.6299999999999998934 0 0
7.6400000000000005684 0 0
7.6500000000000003553 0 0
7.6600000000000001421 0 0
7.6699999999999999289 0 0
7.6799999999999997158 0 0
7.6900000000000003908 0 0
7.7000000000000001776 0 0
7.7099999999999999645 0 0
7.7199999999999997513 0 0
7.7300000000000004263 0 0
7.7400000000000002132 0 0
7.75 0 0
7.7599999999999997868 0 0
7.7700000000000004619 0 0
7.7800000000000002487 0 0
7.7900000000000000355 0 0
7.7999999999999998224 0 0
7.8100000000000004974 0 0
7.8200000000000002842 0 0
7.8300000000000000711 0 0
7.8399999999999998579 0 0
7.8500000000000005329 0 0
7.8600000000000003197 0 0
7.8700000000000001066 0 0
7.8799999999999998934 0 0
7.8900000000000005684 0 0
7.9000000000000003553 0 0
7.9100000000000001421 0 0
7.9199999999999999289 0 0
7.930000000000000604 0 0
7.9400000000000003908 0 0
7.9500000000000001776 0 0
7.9599999999999999645 0 0
7.9699999999999997513 0 0
7.9800000000000004263 0 0
7.9900000000000002132 0 0
8 0 0
8.0099999999999997868 0 0
8.0199999999999995737 0 0
8.0299999999999993605 0 0
8.0400000000000009237 0 0
8.0500000000000007105 0 0
8.0600000000000004974 0 0
8.0700000000000002842 0 0
8.0800000000000000711 0 0
8.0899999999999998579 0 0
8.0999999999999996447 0 0
8.1099999999999994316 0 0
8.1200000000000009948 0 0
8.1300000000000007816 0 0
8.1400000000000005684 0 0
8.1500000000000003553 0 0
8.1600000000000001421 0 0
8.1699999999999999289 0 0
8.1799999999999997158 0 0
8.1899999999999995026 0 0
8.1999999999999992895 0 0
8.2100000000000008527 0 0
8.2200000000000006395 0 0
8.2300000000000004263 0 0
8.2400000000000002132 0 0
8.25 0 0
8.2599999999999997868 0 0
8.2699999999999995737 0 0
8.2799999999999993605 0 0
8.2900000000000009237 0 0
8.3000000000000007105 0 0
8.3100000000000004974 0 0
8.3200000000000002842 0 0
8.3300000000000000711 0 0
8.3399999999999998579 0 0
8.3499999999999996447 0 0
8.3599999999999994316 0 0
8.3700000000000009948 0 0
8.3800000000000007816 0 0
8.3900000000000005684 0 0
8.4000000000000003553 0 0
8.4100000000000001421 0 0
8.4199999999999999289 0 0
8.4299999999999997158 0 0
8.4399999999999995026 0 0
8.4499999999999992895 0 0
8.4600000000000008527 0 0
8.4700000000000006395 0 0
8.4800000000000004263 0 0
8.4900000000000002132 0 0
8.5 0 0
8.5099999999999997868 0 0
8.5199999999999995737 0 0
8.5299999999999993605 0 0
8.5400000000000009237 0 0
8.5500000000000007105 0 0
8.5600000000000004974 0 0
8.5700000000000002842 0 0
8.5800000000000000711 0 0
8.5899999999999998579 0 0
8.5999999999999996447 0 0
8.6099999999999994316 0 0
8.6200000000000009948 0 0
8.6300000000000007816 0 0
8.6400000000000005684 0 0
8.6500000000000003553 0 0
8.6600000000000001421 0 0
8.6699999999999999289 0 0
8.6799999999999997158 0 0
8.6899999999999995026 0 0
8.7000000000000010658 0 0
8.7100000000000008527 0 0
8.7200000000000006395 0 0
8.7300000000000004263 0 0
8.7400000000000002132 0 0
8.75 0 0
8.7599999999999997868 0 0
8.7699999999999995737 0 0
8.7799999999999993605 0 0
8.7900000000000009237 0 0
8.8000000000000007105 0 0
8.8100000000000004974 0 0
8.8200000000000002842 0 0
8.8300000000000000711 0 0
8.8399999999999998579 0 0
8.8499999999999996447 0 0
8.8599999999999994316 0 0
8.8700000000000009948 0 0
8.8800000000000007816 0 0
8.8900000000000005684 0 0
8.9000000000000003553 0 0
8.9100000000000001421 0 0
8.9199999999999999289 0 0
8.9299999999999997158 0 0
8.9399999999999995026 0 0
8.9500000000000010658 0 0
8.9600000000000008527 0 0
8.9700000000000006395 0 0
8.9800000000000004263 0 0
8.9900000000000002132 0 0
9 0 0
9.0099999999999997868 0 0
9.0199999999999995737 0 0
9.0299999999999993605 0 0
9.0400000000000009237 0 0
9.0500000000000007105 0 0
9.0600000000000004974 0 0
9.0700000000000002842 0 0
9.0800000000000000711 0 0
9.0899999999999998579 0 0
9.0999999999999996447 0 0
9.1099999999999994316 0 0
9.1200000000000009948 0 0
9.1300000000000007816 0 0
9.1400000000000005684 0 0
9.1500000000000003553 0 0
9.1600000000000001421 0 0
9.1699999999999999289 0 0
9.1799999999999997158 0 0
9.1899999999999995026 0 0
9.2000000000000010658 0 0
9.2100000000000008527 0 0
9.2200000000000006395 0 0
9.2300000000000004263 0 0
9.2400000000000002132 0 0
9.25 0 0
9.2599999999999997868 0 0
9.2699999999999995737 0 0
9.2799999999999993605 0 0
9.2900000000000009237 0 0
9.3000000000000007105 0 0
9.3100000000000004974 0 0
9.3200000000000002842 0 0
9.3300000000000000711 0 0
9.3399999999999998579 0 0
9.3499999999999996447 0 0
9.3599999999999994316 0 0
9.3700000000000009948 0 0
9.3800000000000007816 0 0
9.3900000000000005684 0 0
9.4000000000000003553 0 0
9.4100000000000001421 0 0
9.4199999999999999289 0 0
9.4299999999999997158 0 0
9.4399999999999995026 0 0
9.4500000000000010658 0 0
9.4600000000000008527 0 0
9.4700000000000006395 0 0
9.4800000000000004263 0 0
9.4900000000000002132 0 0
9.5 0 0
9.5099999999999997868 0 0
9.5199999999999995737 0 0
9.5299999999999993605 0 0
9.5400000000000009237 0 0
9.5500000000000007105 0 0
9.5600000000000004974 0 0
9.5700000000000002842 0 0
9.5800000000000000711 0 0
9.5899999999999998579 0 0
9.5999999999999996447 0 0
9.6099999999999994316 0 0
9.6200000000000009948 0 0
9.6300000000000007816 0 0
9.6400000000000005684 0 0
9.6500000000000003553 0 0
9.6600000000000001421 0 0
9.6699999999999999289 0 0
9.6799999999999997158 0 0
9.6899999999999995026 0 0
9.7000000000000010658 0 0
9.7100000000000008527 0 0
9.7200000000000006395 0 0
9.7300000000000004263 0 0
9.7400000000000002132 0 0
9.75 0 0
9.7599999999999997868 0 0
9.7699999999999995737 0 0
9.7799999999999993605 0 0
9.7900000000000009237 0 0
9.8000000000000007105 0 0
9.8100000000000004974 0 0
9.8200000000000002842 0 0
9.8300000000000000711 0 0
9.8399999999999998579 0 0
9.8499999999999996447 0 0
9.8599999999999994316 0 0
9.8700000000000009948 0 0
9.8800000000000007816 0 0
9.8900000000000005684 0 0
9.9000000000000003553 0 0
9.9100000000000001421 0 0
9.9199999999999999289 0 0
9.9299999999999997158 0 0
9.9399999999999995026 0 0
9.9500000000000010658 0 0
9.9600000000000008527 0 0
9.9700000000000006395 0 0
9.9800000000000004263 0 0
9.9900000000000002132 0 0
10 0 0
10.009999999999999787 0 0
10.019999999999999574 0 0
10.029999999999999361 0 0
10.040000000000000924 0 0
10.050000000000000711 0 0
10.060000000000000497 0 0
10.070000000000000284 0 0
10.080000000000000071 0 0
10.089999999999999858 0 0
10.099999999999999645 0 0
10.109999999999999432 0 0
10.120000000000000995 0 0
10.130000000000000782 0 0
10.140000000000000568 0 0
10.150000000000000355 0 0
10.160000000000000142 0 0
10.169999999999999929 0 0
10.179999999999999716 0 0
10.189999999999999503 0 0
10.200000000000001066 0 0
10.210000000000000853 0 0
10.220000000000000639 0 0
10.230000000000000426 0 0
