0 6.4342789487953554166e-30 -6.4342789487953554166e-30
0.010000000000000000208 8.7672735354569408669e-29 -8.7672735354569408669e-29
0.020000000000000000416 1.1260857209684019124e-27 -1.1260857209684019124e-27
0.02999999999999999889 1.3634371915152067948e-26 -1.3634371915152067948e-26
0.040000000000000000833 1.5562206456932078791e-25 -1.5562206456932078791e-25
0.050000000000000002776 1.6745426270838195183e-24 -1.6745426270838195183e-24
0.05999999999999999778 1.6987445431518582148e-23 -1.6987445431518582148e-23
0.070000000000000006661 1.6247476129460985052e-22 -1.6247476129460985052e-22
0.080000000000000001665 1.4651775798870440288e-21 -1.4651775798870440288e-21
0.089999999999999996669 1.2458428668449529297e-20 -1.2458428668449529297e-20
0.10000000000000000555 9.9891554894639820608e-20 -9.9891554894639820608e-20
0.11000000000000000056 7.5528789966893196147e-19 -7.5528789966893196147e-19
0.11999999999999999556 5.3857028455606082219e-18 -5.3857028455606082219e-18
0.13000000000000000444 3.6220008177011798065e-17 -3.6220008177011798065e-17
0.14000000000000001332 2.2975436690154555273e-16 -2.2975436690154555273e-16
0.14999999999999999445 1.3747500421685434225e-15 0.00029807095415752745413
0.16000000000000000333 7.7601001204928211243e-15 0.00030407236771813378647
0.17000000000000001221 4.1327297108105271055e-14 0.00027606569342839080549
0.17999999999999999334 2.07672643743385129e-13 0.00031807570464630904135
0.19000000000000000222 9.8479366987007321586e-13 0.00029807095317410854142
0.2000000000000000111 4.4074870775989410632e-12 0.00034008093203184822139
0.20999999999999999223 1.8619956101264581369e-11 0.00029406997375839801813
0.22000000000000000111 7.4263701141877108761e-11 0.00030807325524274085937
0.23000000000000000999 2.7967963737924527716e-10 0.00031407446339379622383
0.23999999999999999112 9.9475453581342143592e-10 0.00028006566049573039783
0.25 3.3422279545000661373e-09 0.00034607903688220297131
0.26000000000000000888 1.0610275775826393329e-08 0.00027605508319394228035
0.27000000000000001776 3.1835083954311877115e-08 0.00030404053264193961091
0.28000000000000002665 9.0304030839883858955e-08 0.00030198158280477990778
0.28999999999999998002 2.4225922572201580222e-07 0.00031183200295743757719
0.2999999999999999889 6.1488756706909547948e-07 0.0002914546239210109033
0.30999999999999999778 1.4772247791176920651e-06 0.0003025951429467762274
0.32000000000000000666 3.3608814129063961888e-06 0.00026470291759954600293
0.33000000000000001554 7.2454811579903039787e-06 0.00031083022369599136751
0.34000000000000002442 1.4810753483043393141e-05 0.00026525590176722279104
0.35000000000000003331 2.8728589382378452971e-05 0.0002293328342825341217
0.35999999999999998668 5.2924904336551251648e-05 0.00025514842516989073981
0.36999999999999999556 9.2694540486480038618e-05 0.00015536450783089274675
0.38000000000000000444 0.00015452676087642744666 0.00013354178883110442815
0.39000000000000001332 0.00024552380749495798492 2.5352408224148140041e-06
0.4000000000000000222 0.00037238944495814708469 -9.0322308817606896704e-05
0.41000000000000003109 0.00054011721765572569699 -0.00020603769478338198337
0.41999999999999998446 0.00075066895052293023879 -0.00043259324566894855968
0.42999999999999999334 0.0010020269466533343258 -0.00065594456754317683606
0.44000000000000000222 0.0012879635089544500242 -0.00087386495419795764787
0.4500000000000000111 0.0015986865439719239162 -0.0011365765642641762184
0.46000000000000001998 0.0019222494306021201561 -0.0014661408644613641451
0.47000000000000002887 0.0022463665390974737676 -0.0016202175338408805402
0.47999999999999998224 0.0025601581008527197168 -0.0019240066911447562502
0.48999999999999999112 0.0028554052858159604047 -0.0022432595885836245989
0.5 0.0031270923581461218532 -0.0024569328315111604866
0.51000000000000000888 0.0033732539025195106171 -0.0027731110906288190983
0.52000000000000001776 0.0035943323177721289187 -0.0028841632897470084219
0.53000000000000002665 0.0037923271596659287666 -0.0031601767117385133957
0.54000000000000003553 0.003969985458080920078 -0.0032758202189703310506
0.55000000000000004441 0.0041301853716669357022 -0.0034640268068125224313
0.56000000000000005329 0.0042755593995113198164 -0.003635407028022808254
0.57000000000000006217 0.0044083264580434544655 -0.0037921797990305705639
0.57999999999999996003 0.0045302670569834111933 -0.0039001170899462698702
0.58999999999999996891 0.0046427748371873399716 -0.0040166258319307467442
0.5999999999999999778 0.004746934848249225597 -0.0041027815149801659389
0.60999999999999998668 0.0048435998692603907459 -0.0042514589227231345051
0.61999999999999999556 0.0049334526949536532808 -0.0042812974963311583448
0.63000000000000000444 0.0050170523268579609796 -0.0044169095149672694609
0.64000000000000001332 0.0050948665184613606272 -0.0044367098771680435476
0.6500000000000000222 0.0051672942587435537198 -0.0045551485615112179139
0.66000000000000003109 0.0052346813672591238631 -0.0046065318811122565879
0.67000000000000003997 0.0052973315289283539817 -0.0046791843890251960322
0.68000000000000004885 0.0053555143213556612863 -0.0047033591227331663503
0.69000000000000005773 0.0054094712245123044783 -0.0047773207765848891074
0.70000000000000006661 0.0054594202373457806007 -0.0048572769445648150341
0.70999999999999996447 0.005505559501279882334 -0.0048914133231572724803
0.71999999999999997335 0.0055480701944200672832 -0.0049799349603584387031
0.72999999999999998224 0.0055871188765946036212 -0.0049429655433255439631
0.73999999999999999112 0.0056228594123208840497 -0.0049847075217226465352
0.75 0.0056554345639064258766 -0.0050612931364788955879
0.76000000000000000888 0.0056849773231351704433 -0.0050588283178785772159
0.77000000000000001776 0.0057116120333139596896 -0.0050054439670693872885
0.78000000000000002665 0.0057354553414756008142 -0.0050612949112677522653
0.79000000000000003553 0.0057566170118418542173 -0.0050804561007437316206
0.80000000000000004441 0.0057752006256342938023 -0.0051210449461215248185
0.81000000000000005329 0.0057913041898388258055 -0.005091137566265075548
0.82000000000000006217 0.0058050206840931034905 -0.0050928511751777089459
0.83000000000000007105 0.0058164386121705314442 -0.0050042452915720781609
0.83999999999999996891 0.0058256427676958485312 -0.0049974456581828637786
0.8499999999999999778 0.0058327159103552083524 -0.0049525064141104201826
0.85999999999999998668 0.0058377435666885114929 -0.0050175483807366229316
0.86999999999999999556 0.0058408285285414980603 -0.0048125837956623958303
0.88000000000000000444 0.0058421331068372423997 -0.0046878584271168406358
0.89000000000000001332 0.0058419947696166964202 -0.0045836953164326878218
0.9000000000000000222 0.0058412204825106592981 -0.0043788724441799851267
0.91000000000000003109 0.0058417796679209443161 -0.0042594030090044709275
0.92000000000000003997 0.0058483050057739358399 -0.0041078908221870999787
0.93000000000000004885 0.0058710618744887881418 -0.0036825409028031401773
0.94000000000000005773 0.0059312615073104897959 -0.0035586967593809167368
0.95000000000000006661 0.006069518221579825977 -0.00325084739927235895
0.95999999999999996447 0.0063574683305092638541 -0.0030066707555421179343
0.96999999999999997335 0.0069106318255624287275 -0.0028496653971931450514
0.97999999999999998224 0.0078974230534259691472 -0.0026061636715058698888
0.98999999999999999112 0.0095356503892120338117 -0.0020118599216815448438
1 0.012066051218611255347 -0.0016195651553096955533
1.0100000000000000089 0.015695442334879298324 -0.00052583206551160867337
1.0200000000000000178 0.020512176388303368646 0.0021032060595354111487
1.0300000000000000266 0.026392668731713100905 0.0053828952235939059312
1.0400000000000000355 0.03293357362997015314 0.009154443237667474198
1.0500000000000000444 0.039449710957721297044 0.014297082461401405817
1.0600000000000000533 0.045064472465849492178 0.018614686221742060557
1.0700000000000000622 0.048886961283689120417 0.020127461311811825628
1.0800000000000000711 0.050230414054017867576 0.019542194524187241067
1.0900000000000000799 0.048799526950084951005 0.016444000343120310226
1.1000000000000000888 0.04477721883134305747 0.011230110543208715601
1.1100000000000000977 0.038776657090882640788 0.0056799254255491676835
1.1200000000000001066 0.031676515038572834737 0.00064117551270814754361
1.1300000000000001155 0.024400961992463280487 -0.0029578576210347908015
1.1400000000000001243 0.017720330577530602617 -0.0041190936008474628161
1.1500000000000001332 0.012129822686822468863 -0.0043659749781203814611
1.1599999999999999201 0.0078252393377874450431 -0.0036522459795628146872
1.1699999999999999289 0.0047572759903904120876 -0.0026767807539489190533
1.1799999999999999378 0.0027252334948226564562 -0.0018210182861022406256
1.1899999999999999467 0.001470984768385427818 -0.0010348809820435818287
1.1999999999999999556 0.00074808603000897600996 -0.00057004365278012737381
1.2099999999999999645 0.00035844099793676573824 -0.00030242766761430826079
1.2199999999999999734 0.00016180557628762292808 -0.00013980033924530110455
1.2299999999999999822 6.8812640928530061546e-05 -6.0810736466822607371e-05
1.2399999999999999911 2.7569760557675249417e-05 -2.5569284442248385873e-05
1.25 1.0405916307700435836e-05 -6.4049640768467087487e-06
1.2600000000000000089 3.7000187139963891593e-06 -1.6995425985695251921e-06
1.2700000000000000178 1.2393626167907646165e-06 7.6111349863609935067e-07
1.2800000000000000266 3.9107416174226754497e-07 -3.9107416174226754497e-07
1.2900000000000000355 1.1624709677606632938e-07 -1.1624709677606632938e-07
1.3000000000000000444 3.25509664763888332e-08 1.9679251489504751472e-06
1.3100000000000000533 8.5862077147265197406e-09 -8.5862077147265197406e-09
1.3200000000000000622 2.1334965121587446214e-09 -2.1334965121587446214e-09
1.3300000000000000711 4.9938230461864049348e-10 -4.9938230461864049348e-10
1.3400000000000000799 1.1010902350354236551e-10 -1.1010902350354236551e-10
1.3500000000000000888 2.2869640240653910848e-11 -2.2869640240653910848e-11
1.3600000000000000977 4.4744609177616332945e-12 -4.4744609177616332945e-12
1.3700000000000001066 8.2464217738878770018e-13 -8.2464217738878770018e-13
1.3800000000000001155 1.431635395696212056e-13 -1.431635395696212056e-13
1.3900000000000001243 2.3412086516102911565e-14 2.0004760920147775904e-06
1.4000000000000001332 3.6065128674655537786e-15 -3.6065128674655537786e-15
1.4099999999999999201 5.2332741721504572852e-16 -5.2332741721504572852e-16
1.4199999999999999289 7.1531474769362370495e-17 -7.1531474769362370495e-17
1.4299999999999999378 9.2099588594507967449e-18 -9.2099588594507967449e-18
1.4399999999999999467 1.1170027019929724314e-18 4.0009522308526098509e-06
1.4499999999999999556 1.2761039247227913628e-19 2.0004761154267364887e-06
1.4599999999999999645 1.3732590634555351533e-20 -1.3732590634555351533e-20
1.4699999999999999734 1.392043751879617547e-21 -1.392043751879617547e-21
1.4799999999999999822 1.3291888731143801955e-22 -1.3291888731143801955e-22
1.4899999999999999911 1.1955104305558757959e-23 -1.1955104305558757959e-23
1.5 1.0128669520330108084e-24 -1.0128669520330108084e-24
1.5100000000000000089 8.0831999957802286812e-26 2.0004761154268639672e-06
1.5200000000000000178 6.0763908768073287586e-27 -6.0763908768073287586e-27
1.5300000000000000266 4.3026808115396197439e-28 -4.3026808115396197439e-28
1.5400000000000000355 2.8698765999553825566e-29 -2.8698765999553825566e-29
1.5500000000000000444 1.8030909183962678636e-30 -1.8030909183962678636e-30
1.5600000000000000533 1.067092341109479216e-31 4.0009522308537270874e-06
1.5700000000000000622 5.9486174216855866142e-33 2.0004761154268639672e-06
1.5800000000000000711 3.1236289349138808526e-34 -3.1236289349138808526e-34
1.5900000000000000799 1.5450122211366097181e-35 2.0004761154268639672e-06
1.6000000000000000888 7.1983543428779088884e-37 4.0009522308537270874e-06
1.6100000000000000977 3.1590979748620378113e-38 -3.1590979748620378113e-38
1.6200000000000001066 1.3059342318243445582e-39 2.0004761154268639672e-06
1.6300000000000001155 5.0851952382170443221e-41 -5.0851952382170443221e-41
1.6400000000000001243 1.865184775150942639e-42 2.0004761154268639672e-06
1.6500000000000001332 6.4441226413942404001e-44 -6.4441226413942404001e-44
1.6600000000000001421 2.0971681260424165732e-45 -2.0971681260424165732e-45
1.6699999999999999289 6.4288017934451386756e-47 2.0004761154268639672e-06
1.6799999999999999378 1.8563248985026926464e-48 -1.8563248985026926464e-48
1.6899999999999999467 5.0489950729388847726e-50 -5.0489950729388847726e-50
1.6999999999999999556 1.2935486079769178537e-51 -1.2935486079769178537e-51
1.7099999999999999645 3.1216719410900727425e-53 -3.1216719410900727425e-53
1.7199999999999999734 7.0960771742952009603e-55 2.0004761154268639672e-06
1.7299999999999999822 1.519412961701454858e-56 2.0004761154268639672e-06
1.7399999999999999911 3.0644999847584470157e-58 -3.0644999847584470157e-58
1.75 5.8219651001831887888e-60 2.0004761154268639672e-06
1.7600000000000000089 1.0418510476355006703e-61 -1.0418510476355006703e-61
1.7700000000000000178 1.7561742983007559202e-63 -1.7561742983007559202e-63
1.7800000000000000266 2.7884023707458821195e-65 2.0004761154268639672e-06
1.7900000000000000355 4.1703164334861683398e-67 -4.1703164334861683398e-67
1.8000000000000000444 5.8750046832401631164e-69 -5.8750046832401631164e-69
1.8100000000000000533 7.7960204968340770195e-71 -7.7960204968340770195e-71
1.8200000000000000622 9.7445813257947897578e-73 -9.7445813257947897578e-73
1.8300000000000000711 1.147304684934728981e-74 -1.147304684934728981e-74
1.8400000000000000799 1.2723882107691392509e-76 -1.2723882107691392509e-76
1.8500000000000000888 1.3291858612193846444e-78 4.0009522308537270874e-06
1.8600000000000000977 1.3079071660771828158e-80 -1.3079071660771828158e-80
1.8700000000000001066 1.2122527596299542081e-82 -1.2122527596299542081e-82
1.8800000000000001155 1.0583624623863080599e-84 -1.0583624623863080599e-84
1.8900000000000001243 8.7036334072276961876e-87 -8.7036334072276961876e-87
1.9000000000000001332 6.7420443107165113322e-89 -6.7420443107165113322e-89
1.9100000000000001421 4.9193463493524642149e-91 -4.9193463493524642149e-91
1.9199999999999999289 3.381021423135573055e-93 -3.381021423135573055e-93
1.9299999999999999378 2.1888354295009932124e-95 2.0004761154268639672e-06
1.9399999999999999467 1.3347591438574986611e-97 4.0009522308537270874e-06
1.9499999999999999556 7.6668550412192078998e-100 4.0009522308537270874e-06
1.9599999999999999645 4.1481657216568728673e-102 -4.1481657216568728673e-102
1.9699999999999999734 2.1140701400641604157e-104 -2.1140701400641604157e-104
1.9799999999999999822 1.0148622151079524879e-106 2.0004761154268639672e-06
1.9899999999999999911 4.589011265447366821e-109 -4.589011265447366821e-109
2 1.9545890745364927451e-111 8.0019044617074541748e-06
2.0100000000000002309 7.8418055186649713377e-114 6.0014281189069151878e-06
2.0200000000000000178 2.9634723633652504192e-116 -2.9634723633652504192e-116
2.0300000000000002487 1.0548965376803410307e-118 -1.0548965376803410307e-118
2.0400000000000000355 3.537064526180259424e-121 -3.537064526180259424e-121
2.0499999999999998224 1.1171209306861094285e-123 8.0019044617074541748e-06
2.0600000000000000533 3.3233910597945004851e-126 6.0014281189069151878e-06
2.0699999999999998401 9.3129381818405521108e-129 4.0009522308537270874e-06
2.0800000000000000711 2.4581929651955433541e-131 1.2002856237813830376e-05
2.0899999999999998579 6.1118004487128514928e-134 1.0002380804507989774e-05
2.1000000000000000888 1.4313514082273392503e-136 4.0009522308537270874e-06
2.1099999999999998757 3.1575282816073720622e-139 1.2002856237813830376e-05
2.1200000000000001066 6.5610307390177652585e-142 1.600380892341490835e-05
2.1299999999999998934 1.28416464293997991e-144 2.0004761609015989711e-05
2.1400000000000001243 2.3675171091393037304e-147 3.4008095099125057459e-05
2.1499999999999999112 4.1113958829668314458e-150 2.4005712475627660751e-05
2.1600000000000001421 6.7252617360736083946e-153 2.0004761609015989711e-05
2.1699999999999999289 1.0362219351522823148e-155 1.4003332580614369363e-05
2.1800000000000001599 1.5039037439888150666e-158 2.2005237042321820149e-05
2.1899999999999999467 2.0559423948736235913e-161 1.8004284356720748952e-05
2.2000000000000001776 2.6474359401055063059e-164 1.0002380804507989774e-05
2.2099999999999999645 3.2111720140217549166e-167 1.0002380804507989774e-05
2.2200000000000001954 3.6688102218355650928e-170 -3.6688102218355650928e-170
2.2299999999999999822 3.9483029484042132864e-173 8.0019044617074541748e-06
2.2400000000000002132 4.0023881990023247243e-176 2.0004761154268639672e-06
2.25 3.8216547356515483599e-179 -3.8216547356515483599e-179
2.2600000000000002309 3.4372186820947299324e-182 2.0004761154268639672e-06
2.2700000000000000178 2.9119662243260461384e-185 -2.9119662243260461384e-185
2.2800000000000002487 2.323747506440439171e-188 -2.323747506440439171e-188
2.2900000000000000355 1.7466864594884542917e-191 -1.7466864594884542917e-191
2.3000000000000002665 1.2367000089071248653e-194 -1.2367000089071248653e-194
2.3100000000000000533 8.2477815256421064197e-198 -8.2477815256421064197e-198
2.3199999999999998401 5.1812349728040975017e-201 -5.1812349728040975017e-201
2.3300000000000000711 3.0658631467646000481e-204 -3.0658631467646000481e-204
2.3399999999999998579 1.7088170185212584106e-207 -1.7088170185212584106e-207
2.3500000000000000888 8.971429682607455434e-211 -8.971429682607455434e-211
2.3599999999999998757 4.4366078016852606651e-214 -4.4366078016852606651e-214
2.3700000000000001066 2.0666345565154858583e-217 -2.0666345565154858583e-217
2.3799999999999998934 9.0677510122756790516e-221 -9.0677510122756790516e-221
2.3900000000000001243 3.7476473808346865369e-224 -3.7476473808346865369e-224
2.3999999999999999112 1.4589522393557099681e-227 -1.4589522393557099681e-227
2.4100000000000001421 5.3499119332523091568e-231 -5.3499119332523091568e-231
2.4199999999999999289 1.847886872706997481e-234 -1.847886872706997481e-234
2.4300000000000001599 6.012115317464656784e-238 -6.012115317464656784e-238
2.4399999999999999467 1.8424783114786981972e-241 -1.8424783114786981972e-241
2.4500000000000001776 5.31864021310728722e-245 -5.31864021310728722e-245
2.4599999999999999645 1.4461787444167869705e-248 -1.4461787444167869705e-248
2.4700000000000001954 3.7039614215491818999e-252 -3.7039614215491818999e-252
2.4799999999999999822 8.9358123779759021155e-256 -8.9358123779759021155e-256
2.4900000000000002132 2.0306015892711332123e-259 -2.0306015892711332123e-259
2.5 4.3464879800989351736e-263 -4.3464879800989351736e-263
2.5100000000000002309 8.7634540292677560955e-267 -8.7634540292677560955e-267
2.5200000000000000178 1.6643137428308132896e-270 -1.6643137428308132896e-270
2.5300000000000002487 2.97726937873828353e-274 -2.97726937873828353e-274
2.5400000000000000355 5.016768899952568439e-278 -5.016768899952568439e-278
2.5500000000000002665 7.9625666823344856124e-282 -7.9625666823344856124e-282
2.5600000000000000533 1.1904333365856933071e-285 -1.1904333365856933071e-285
2.5699999999999998401 1.67640936520462963e-289 -1.67640936520462963e-289
2.5800000000000000711 2.2237095746946908346e-293 -2.2237095746946908346e-293
2.5899999999999998579 2.7784272701489693345e-297 -2.7784272701489693345e-297
2.6000000000000000888 3.2699639801546499262e-301 -3.2699639801546499262e-301
2.6099999999999998757 3.6250154645436526127e-305 -3.6250154645436526127e-305
2.6200000000000001066 3.7852947960456977501e-309 -3.7852947960456977501e-309
2.6299999999999998934 3.7231667831574548414e-313 -3.7231667831574548414e-313
2.6400000000000001243 3.4494368940643729648e-317 -3.4494368940643729648e-317
2.6499999999999999112 3.008859783173191454e-321 -3.008859783173191454e-321
2.6600000000000001421 0 0
2.6699999999999999289 0 0
2.6800000000000001599 0 0
2.6899999999999999467 0 0
2.7000000000000001776 0 0
2.7099999999999999645 0 0
2.7200000000000001954 0 0
2.7299999999999999822 0 0
2.7400000000000002132 0 0
2.75 0 0
2.7600000000000002309 0 0
2.7700000000000000178 0 0
2.7800000000000002487 0 0
2.7900000000000000355 0 0
2.8000000000000002665 0 0
2.8100000000000000533 0 0
2.8199999999999998401 0 0
2.8300000000000000711 0 0
2.8399999999999998579 0 0
2.8500000000000000888 0 0
2.8599999999999998757 0 0
2.8700000000000001066 0 0
2.8799999999999998934 0 0
2.8900000000000001243 0 0
2.8999999999999999112 0 0
2.9100000000000001421 0 0
2.9199999999999999289 0 0
2.9300000000000001599 0 0
2.9399999999999999467 0 0
2.9500000000000001776 0 0
2.9599999999999999645 0 0
2.9700000000000001954 0 0
2.9799999999999999822 0 0
2.9900000000000002132 0 0
3 0 0
3.0100000000000002309 0 0
3.0200000000000000178 0 0
3.0300000000000002487 0 0
3.0400000000000000355 0 0
3.0500000000000002665 0 0
3.0600000000000000533 0 0
3.0700000000000002842 0 0
3.0800000000000000711 0 0
3.0899999999999998579 0 0
3.1000000000000000888 0 0
3.1099999999999998757 0 0
3.1200000000000001066 0 0
3.1299999999999998934 0 0
3.1400000000000001243 0 0
3.1499999999999999112 0 0
3.1600000000000001421 0 0
3.1699999999999999289 0 0
3.1800000000000001599 0 0
3.1899999999999999467 0 0
3.2000000000000001776 0 0
3.2099999999999999645 0 0
3.2200000000000001954 0 0
3.2299999999999999822 0 0
3.2400000000000002132 0 0
3.25 0 0
3.2600000000000002309 0 0
3.2700000000000000178 0 0
3.2800000000000002487 0 0
3.2900000000000000355 0 0
3.3000000000000002665 0 0
3.3100000000000000533 0 0
3.3200000000000002842 0 0
3.3300000000000000711 0 0
3.3399999999999998579 0 0
3.3500000000000000888 0 0
3.3599999999999998757 0 0
3.3700000000000001066 0 0
3.3799999999999998934 0 0
3.3900000000000001243 0 0
3.3999999999999999112 0 0
3.4100000000000001421 0 0
3.4199999999999999289 0 0
3.4300000000000001599 0 0
3.4399999999999999467 0 0
3.4500000000000001776 0 0
3.4599999999999999645 0 0
3.4700000000000001954 0 0
3.4799999999999999822 0 0
3.4900000000000002132 0 0
3.5 0 0
3.5100000000000002309 0 0
3.5200000000000000178 0 0
3.5300000000000002487 0 0
3.5400000000000000355 0 0
3.5500000000000002665 0 0
3.5600000000000000533 0 0
3.5700000000000002842 0 0
3.5800000000000000711 0 0
3.5899999999999998579 0 0
3.6000000000000000888 0 0
3.6099999999999998757 0 0
3.6200000000000001066 0 0
3.6299999999999998934 0 0
3.6400000000000001243 0 0
3.6499999999999999112 0 0
3.6600000000000001421 0 0
3.6699999999999999289 0 0
3.6800000000000001599 0 0
3.6899999999999999467 0 0
3.7000000000000001776 0 0
3.7099999999999999645 0 0
3.7200000000000001954 0 0
3.7299999999999999822 0 0
3.7400000000000002132 0 0
3.75 0 0
3.7600000000000002309 0 0
3.7700000000000000178 0 0
3.7800000000000002487 0 0
3.7900000000000000355 0 0
3.8000000000000002665 0 0
3.8100000000000000533 0 0
3.8200000000000002842 0 0
3.8300000000000000711 0 0
3.8399999999999998579 0 0
3.8500000000000000888 0 0
3.8599999999999998757 0 0
3.8700000000000001066 0 0
3.8799999999999998934 0 0
3.8900000000000001243 0 0
3.8999999999999999112 0 0
3.9100000000000001421 0 0
3.9199999999999999289 0 0
3.9300000000000001599 0 0
3.9399999999999999467 0 0
3.9500000000000001776 0 0
3.9599999999999999645 0 0
3.9700000000000001954 0 0
3.9799999999999999822 0 0
3.9900000000000002132 0 0
4 0 0
4.0099999999999997868 0 0
4.0200000000000004619 0 0
4.0300000000000002487 0 0
4.0400000000000000355 0 0
4.0499999999999998224 0 0
4.0600000000000004974 0 0
4.0700000000000002842 0 0
4.0800000000000000711 0 0
4.0899999999999998579 0 0
4.0999999999999996447 0 0
4.1100000000000003197 0 0
4.1200000000000001066 0 0
4.1299999999999998934 0 0
4.1399999999999996803 0 0
4.1500000000000003553 0 0
4.1600000000000001421 0 0
4.1699999999999999289 0 0
4.1799999999999997158 0 0
4.1900000000000003908 0 0
4.2000000000000001776 0 0
4.2099999999999999645 0 0
4.2199999999999997513 0 0
4.2300000000000004263 0 0
4.2400000000000002132 0 0
4.25 0 0
4.2599999999999997868 0 0
4.2700000000000004619 0 0
4.2800000000000002487 0 0
4.2900000000000000355 0 0
4.2999999999999998224 0 0
4.3100000000000004974 0 0
4.3200000000000002842 0 0
4.3300000000000000711 0 0
4.3399999999999998579 0 0
4.3500000000000005329 0 0
4.3600000000000003197 0 0
4.3700000000000001066 0 0
4.3799999999999998934 0 0
4.3899999999999996803 0 0
4.4000000000000003553 0 0
4.4100000000000001421 0 0
4.4199999999999999289 0 0
4.4299999999999997158 0 0
4.4400000000000003908 0 0
4.4500000000000001776 0 0
4.4599999999999999645 0 0
4.4699999999999997513 0 0
4.4800000000000004263 0 0
4.4900000000000002132 0 0
4.5 0 0
4.5099999999999997868 0 0
4.5200000000000004619 0 0
4.5300000000000002487 0 0
4.5400000000000000355 0 0
4.5499999999999998224 0 0
4.5600000000000004974 0 0
4.5700000000000002842 0 0
4.5800000000000000711 0 0
4.5899999999999998579 0 0
4.6000000000000005329 0 0
4.6100000000000003197 0 0
4.6200000000000001066 0 0
4.6299999999999998934 0 0
4.6399999999999996803 0 0
4.6500000000000003553 0 0
4.6600000000000001421 0 0
4.6699999999999999289 0 0
4.6799999999999997158 0 0
4.6900000000000003908 0 0
4.7000000000000001776 0 0
4.7099999999999999645 0 0
4.7199999999999997513 0 0
4.7300000000000004263 0 0
4.7400000000000002132 0 0
4.75 0 0
4.7599999999999997868 0 0
4.7700000000000004619 0 0
4.7800000000000002487 0 0
4.7900000000000000355 0 0
4.7999999999999998224 0 0
4.8100000000000004974 0 0
4.8200000000000002842 0 0
4.8300000000000000711 0 0
4.8399999999999998579 0 0
4.8500000000000005329 0 0
4.8600000000000003197 0 0
4.8700000000000001066 0 0
4.8799999999999998934 0 0
4.8899999999999996803 0 0
4.9000000000000003553 0 0
4.9100000000000001421 0 0
4.9199999999999999289 0 0
4.9299999999999997158 0 0
4.9400000000000003908 0 0
4.9500000000000001776 0 0
4.9599999999999999645 0 0
4.9699999999999997513 0 0
4.9800000000000004263 0 0
4.9900000000000002132 0 0
5 0 0
5.0099999999999997868 0 0
5.0200000000000004619 0 0
5.0300000000000002487 0 0
5.0400000000000000355 0 0
5.0499999999999998224 0 0
5.0600000000000004974 0 0
5.0700000000000002842 0 0
5.0800000000000000711 0 0
5.0899999999999998579 0 0
5.1000000000000005329 0 0
5.1100000000000003197 0 0
5.1200000000000001066 0 0
5.1299999999999998934 0 0
5.1399999999999996803 0 0
5.1500000000000003553 0 0
5.1600000000000001421 0 0
5.1699999999999999289 0 0
5.1799999999999997158 0 0
5.1900000000000003908 0 0
5.2000000000000001776 0 0
5.2099999999999999645 0 0
5.2199999999999997513 0 0
5.2300000000000004263 0 0
5.2400000000000002132 0 0
5.25 0 0
5.2599999999999997868 0 0
5.2700000000000004619 0 0
5.2800000000000002487 0 0
5.2900000000000000355 0 0
5.2999999999999998224 0 0
5.3100000000000004974 0 0
5.3200000000000002842 0 0
5.3300000000000000711 0 0
5.3399999999999998579 0 0
5.3500000000000005329 0 0
5.3600000000000003197 0 0
5.3700000000000001066 0 0
5.3799999999999998934 0 0
5.3899999999999996803 0 0
5.4000000000000003553 0 0
5.4100000000000001421 0 0
5.4199999999999999289 0 0
5.4299999999999997158 0 0
5.4400000000000003908 0 0
5.4500000000000001776 0 0
5.4599999999999999645 0 0
5.4699999999999997513 0 0
5.4800000000000004263 0 0
5.4900000000000002132 0 0
5.5 0 0
5.5099999999999997868 0 0
5.5200000000000004619 0 0
5.5300000000000002487 0 0
5.5400000000000000355 0 0
5.5499999999999998224 0 0
5.5600000000000004974 0 0
5.5700000000000002842 0 0
5.5800000000000000711 0 0
5.5899999999999998579 0 0
5.6000000000000005329 0 0
5.6100000000000003197 0 0
5.6200000000000001066 0 0
5.6299999999999998934 0 0
5.6399999999999996803 0 0
5.6500000000000003553 0 0
5.6600000000000001421 0 0
5.6699999999999999289 0 0
5.6799999999999997158 0 0
5.6900000000000003908 0 0
5.7000000000000001776 0 0
5.7099999999999999645 0 0
5.7199999999999997513 0 0
5.7300000000000004263 0 0
5.7400000000000002132 0 0
5.75 0 0
5.7599999999999997868 0 0
5.7700000000000004619 0 0
5.7800000000000002487 0 0
5.7900000000000000355 0 0
5.7999999999999998224 0 0
5.8100000000000004974 0 0
5.8200000000000002842 0 0
5.8300000000000000711 0 0
5.8399999999999998579 0 0
5.8500000000000005329 0 0
5.8600000000000003197 0 0
5.8700000000000001066 0 0
5.8799999999999998934 0 0
5.8899999999999996803 0 0
5.9000000000000003553 0 0
5.9100000000000001421 0 0
5.9199999999999999289 0 0
5.9299999999999997158 0 0
5.9400000000000003908 0 0
5.9500000000000001776 0 0
5.9599999999999999645 0 0
5.9699999999999997513 0 0
5.9800000000000004263 0 0
5.9900000000000002132 0 0
6 0 0
6.0099999999999997868 0 0
6.0200000000000004619 0 0
6.0300000000000002487 0 0
6.0400000000000000355 0 0
6.0499999999999998224 0 0
6.0600000000000004974 0 0
6.0700000000000002842 0 0
6.0800000000000000711 0 0
6.0899999999999998579 0 0
6.1000000000000005329 0 0
6.1100000000000003197 0 0
6.1200000000000001066 0 0
6.1299999999999998934 0 0
6.1400000000000005684 0 0
6.1500000000000003553 0 0
6.1600000000000001421 0 0
6.1699999999999999289 0 0
6.1799999999999997158 0 0
6.1900000000000003908 0 0
6.2000000000000001776 0 0
6.2099999999999999645 0 0
6.2199999999999997513 0 0
6.2300000000000004263 0 0
6.2400000000000002132 0 0
6.25 0 0
6.2599999999999997868 0 0
6.2700000000000004619 0 0
6.2800000000000002487 0 0
6.2900000000000000355 0 0
6.2999999999999998224 0 0
6.3100000000000004974 0 0
6.3200000000000002842 0 0
6.3300000000000000711 0 0
6.3399999999999998579 0 0
6.3500000000000005329 0 0
6.3600000000000003197 0 0
6.3700000000000001066 0 0
6.3799999999999998934 0 0
6.3900000000000005684 0 0
6.4000000000000003553 0 0
6.4100000000000001421 0 0
6.4199999999999999289 0 0
6.4299999999999997158 0 0
6.4400000000000003908 0 0
6.4500000000000001776 0 0
6.4599999999999999645 0 0
6.4699999999999997513 0 0
6.4800000000000004263 0 0
6.4900000000000002132 0 0
6.5 0 0
6.5099999999999997868 0 0
6.5200000000000004619 0 0
6.5300000000000002487 0 0
6.5400000000000000355 0 0
6.5499999999999998224 0 0
6.5600000000000004974 0 0
6.5700000000000002842 0 0
6.5800000000000000711 0 0
6.5899999999999998579 0 0
6.6000000000000005329 0 0
6.6100000000000003197 0 0
6.6200000000000001066 0 0
6.6299999999999998934 0 0
6.6400000000000005684 0 0
6.6500000000000003553 0 0
6.6600000000000001421 0 0
6.6699999999999999289 0 0
6.6799999999999997158 0 0
6.6900000000000003908 0 0
6.7000000000000001776 0 0
6.7099999999999999645 0 0
6.7199999999999997513 0 0
6.7300000000000004263 0 0
6.7400000000000002132 0 0
6.75 0 0
6.7599999999999997868 0 0
6.7700000000000004619 0 0
6.7800000000000002487 0 0
6.7900000000000000355 0 0
6.7999999999999998224 0 0
6.8100000000000004974 0 0
6.8200000000000002842 0 0
6.8300000000000000711 0 0
6.8399999999999998579 0 0
6.8500000000000005329 0 0
6.8600000000000003197 0 0
6.8700000000000001066 0 0
6.8799999999999998934 0 0
6.8900000000000005684 0 0
6.9000000000000003553 0 0
6.9100000000000001421 0 0
6.9199999999999999289 0 0
6.9299999999999997158 0 0
6.9400000000000003908 0 0
6.9500000000000001776 0 0
6.9599999999999999645 0 0
6.9699999999999997513 0 0
6.9800000000000004263 0 0
6.9900000000000002132 0 0
7 0 0
7.0099999999999997868 0 0
7.0200000000000004619 0 0
7.0300000000000002487 0 0
7.0400000000000000355 0 0
7.0499999999999998224 0 0
7.0600000000000004974 0 0
7.0700000000000002842 0 0
7.0800000000000000711 0 0
7.0899999999999998579 0 0
7.1000000000000005329 0 0
7.1100000000000003197 0 0
7.1200000000000001066 0 0
7.1299999999999998934 0 0
7.1400000000000005684 0 0
7.1500000000000003553 0 0
7.1600000000000001421 0 0
7.1699999999999999289 0 0
7.1799999999999997158 0 0
7.1900000000000003908 0 0
7.2000000000000001776 0 0
7.2099999999999999645 0 0
7.2199999999999997513 0 0
7.2300000000000004263 0 0
7.2400000000000002132 0 0
7.25 0 0
7.2599999999999997868 0 0
7.2700000000000004619 0 0
7.2800000000000002487 0 0
7.2900000000000000355 0 0
7.2999999999999998224 0 0
7.3100000000000004974 0 0
7.3200000000000002842 0 0
7.3300000000000000711 0 0
7.3399999999999998579 0 0
7.3500000000000005329 0 0
7.3600000000000003197 0 0
7.3700000000000001066 0 0
7.3799999999999998934 0 0
7.3900000000000005684 0 0
7.4000000000000003553 0 0
7.4100000000000001421 0 0
7.4199999999999999289 0 0
7.4299999999999997158 0 0
7.4400000000000003908 0 0
7.4500000000000001776 0 0
7.4599999999999999645 0 0
7.4699999999999997513 0 0
7.4800000000000004263 0 0
7.4900000000000002132 0 0
7.5 0 0
7.5099999999999997868 0 0
7.5200000000000004619 0 0
7.5300000000000002487 0 0
7.5400000000000000355 0 0
7.5499999999999998224 0 0
7.5600000000000004974 0 0
7.5700000000000002842 0 0
7.5800000000000000711 0 0
7.5899999999999998579 0 0
7.6000000000000005329 0 0
7.6100000000000003197 0 0
7.6200000000000001066 0 0
7.6299999999999998934 0 0
7.6400000000000005684 0 0
7.6500000000000003553 0 0
7.6600000000000001421 0 0
7.6699999999999999289 0 0
7.6799999999999997158 0 0
7.6900000000000003908 0 0
7.7000000000000001776 0 0
7.7099999999999999645 0 0
7.7199999999999997513 0 0
7.7300000000000004263 0 0
7.7400000000000002132 0 0
7.75 0 0
7.7599999999999997868 0 0
7.7700000000000004619 0 0
7.7800000000000002487 0 0
7.7900000000000000355 0 0
7.7999999999999998224 0 0
7.8100000000000004974 0 0
7.8200000000000002842 0 0
7.8300000000000000711 0 0
7.8399999999999998579 0 0
7.8500000000000005329 0 0
7.8600000000000003197 0 0
7.8700000000000001066 0 0
7.8799999999999998934 0 0
7.8900000000000005684 0 0
7.9000000000000003553 0 0
7.9100000000000001421 0 0
7.9199999999999999289 0 0
7.930000000000000604 0 0
7.9400000000000003908 0 0
7.9500000000000001776 0 0
7.9599999999999999645 0 0
7.9699999999999997513 0 0
7.9800000000000004263 0 0
7.9900000000000002132 0 0
8 0 0
8.0099999999999997868 0 0
8.0199999999999995737 0 0
8.0299999999999993605 0 0
8.0400000000000009237 0 0
8.0500000000000007105 0 0
8.0600000000000004974 0 0
8.0700000000000002842 0 0
8.0800000000000000711 0 0
8.0899999999999998579 0 0
8.0999999999999996447 0 0
8.1099999999999994316 0 0
8.1200000000000009948 0 0
8.1300000000000007816 0 0
8.1400000000000005684 0 0
8.1500000000000003553 0 0
8.1600000000000001421 0 0
8.1699999999999999289 0 0
8.1799999999999997158 0 0
8.1899999999999995026 0 0
8.1999999999999992895 0 0
8.2100000000000008527 0 0
8.2200000000000006395 0 0
8.2300000000000004263 0 0
8.2400000000000002132 0 0
8.25 0 0
8.2599999999999997868 0 0
8.2699999999999995737 0 0
8.2799999999999993605 0 0
8.2900000000000009237 0 0
8.3000000000000007105 0 0
8.3100000000000004974 0 0
8.3200000000000002842 0 0
8.3300000000000000711 0 0
8.3399999999999998579 0 0
8.3499999999999996447 0 0
8.3599999999999994316 0 0
8.3700000000000009948 0 0
8.3800000000000007816 0 0
8.3900000000000005684 0 0
8.4000000000000003553 0 0
8.4100000000000001421 0 0
8.4199999999999999289 0 0
8.4299999999999997158 0 0
8.4399999999999995026 0 0
8.4499999999999992895 0 0
8.4600000000000008527 0 0
8.4700000000000006395 0 0
8.4800000000000004263 0 0
8.4900000000000002132 0 0
8.5 0 0
8.5099999999999997868 0 0
8.5199999999999995737 0 0
8.5299999999999993605 0 0
8.5400000000000009237 0 0
8.5500000000000007105 0 0
8.5600000000000004974 0 0
8.5700000000000002842 0 0
8.5800000000000000711 0 0
8.5899999999999998579 0 0
8.5999999999999996447 0 0
8.6099999999999994316 0 0
8.6200000000000009948 0 0
8.6300000000000007816 0 0
8.6400000000000005684 0 0
8.6500000000000003553 0 0
8.6600000000000001421 0 0
8.6699999999999999289 0 0
8.6799999999999997158 0 0
8.6899999999999995026 0 0
8.7000000000000010658 0 0
8.7100000000000008527 0 0
8.7200000000000006395 0 0
8.7300000000000004263 0 0
8.7400000000000002132 0 0
8.75 0 0
8.7599999999999997868 0 0
8.7699999999999995737 0 0
8.7799999999999993605 0 0
8.7900000000000009237 0 0
8.8000000000000007105 0 0
8.8100000000000004974 0 0
8.8200000000000002842 0 0
8.8300000000000000711 0 0
8.8399999999999998579 0 0
8.8499999999999996447 0 0
8.8599999999999994316 0 0
8.8700000000000009948 0 0
8.8800000000000007816 0 0
8.8900000000000005684 0 0
8.9000000000000003553 0 0
8.9100000000000001421 0 0
8.9199999999999999289 0 0
8.9299999999999997158 0 0
8.9399999999999995026 0 0
8.9500000000000010658 0 0
8.9600000000000008527 0 0
8.9700000000000006395 0 0
8.9800000000000004263 0 0
8.9900000000000002132 0 0
9 0 0
9.0099999999999997868 0 0
9.0199999999999995737 0 0
9.0299999999999993605 0 0
9.0400000000000009237 0 0
9.0500000000000007105 0 0
9.0600000000000004974 0 0
9.0700000000000002842 0 0
9.0800000000000000711 0 0
9.0899999999999998579 0 0
9.0999999999999996447 0 0
9.1099999999999994316 0 0
9.1200000000000009948 0 0
9.1300000000000007816 0 0
9.1400000000000005684 0 0
9.1500000000000003553 0 0
9.1600000000000001421 0 0
9.1699999999999999289 0 0
9.1799999999999997158 0 0
9.1899999999999995026 0 0
9.2000000000000010658 0 0
9.2100000000000008527 0 0
9.2200000000000006395 0 0
9.2300000000000004263 0 0
9.2400000000000002132 0 0
9.25 0 0
9.2599999999999997868 0 0
9.2699999999999995737 0 0
9.2799999999999993605 0 0
9.2900000000000009237 0 0
9.3000000000000007105 0 0
9.3100000000000004974 0 0
9.3200000000000002842 0 0
9.3300000000000000711 0 0
9.3399999999999998579 0 0
9.3499999999999996447 0 0
9.3599999999999994316 0 0
9.3700000000000009948 0 0
9.3800000000000007816 0 0
9.3900000000000005684 0 0
9.4000000000000003553 0 0
9.4100000000000001421 0 0
9.4199999999999999289 0 0
9.4299999999999997158 0 0
9.4399999999999995026 0 0
9.4500000000000010658 0 0
9.4600000000000008527 0 0
9.4700000000000006395 0 0
9.4800000000000004263 0 0
9.4900000000000002132 0 0
9.5 0 0
9.5099999999999997868 0 0
9.5199999999999995737 0 0
9.5299999999999993605 0 0
9.5400000000000009237 0 0
9.5500000000000007105 0 0
9.5600000000000004974 0 0
9.5700000000000002842 0 0
9.5800000000000000711 0 0
9.5899999999999998579 0 0
9.5999999999999996447 0 0
9.6099999999999994316 0 0
9.6200000000000009948 0 0
9.6300000000000007816 0 0
9.6400000000000005684 0 0
9.6500000000000003553 0 0
9.6600000000000001421 0 0
9.6699999999999999289 0 0
9.6799999999999997158 0 0
9.6899999999999995026 0 0
9.7000000000000010658 0 0
9.7100000000000008527 0 0
9.7200000000000006395 0 0
9.7300000000000004263 0 0
9.7400000000000002132 0 0
9.75 0 0
9.7599999999999997868 0 0
9.7699999999999995737 0 0
9.7799999999999993605 0 0
9.7900000000000009237 0 0
9.8000000000000007105 0 0
9.8100000000000004974 0 0
9.8200000000000002842 0 0
9.8300000000000000711 0 0
9.8399999999999998579 0 0
9.8499999999999996447 0 0
9.8599999999999994316 0 0
9.8700000000000009948 0 0
9.8800000000000007816 0 0
9.8900000000000005684 0 0
9.9000000000000003553 0 0
9.9100000000000001421 0 0
9.9199999999999999289 0 0
9.9299999999999997158 0 0
9.9399999999999995026 0 0
9.9500000000000010658 0 0
9.9600000000000008527 0 0
9.9700000000000006395 0 0
9.9800000000000004263 0 0
9.9900000000000002132 0 0
10 0 0
10.009999999999999787 0 0
10.019999999999999574 0 0
10.029999999999999361 0 0
10.040000000000000924 0 0
10.050000000000000711 0 0
10.060000000000000497 0 0
10.070000000000000284 0 0
10.080000000000000071 0 0
10.089999999999999858 0 0
10.099999999999999645 0 0
10.109999999999999432 0 0
10.120000000000000995 0 0
10.130000000000000782 0 0
10.140000000000000568 0 0
10.150000000000000355 0 0
10.160000000000000142 0 0
10.169999999999999929 0 0
10.179999999999999716 0 0
10.189999999999999503 0 0
10.200000000000001066 0 0
10.210000000000000853 0 0
10.220000000000000639 0 0
10.230000000000000426 0 0
