0 8.3594323223017161083e-73 -8.3594323223017161083e-73
0.010000000000000000208 4.6381562240368731437e-71 -4.6381562240368731437e-71
0.020000000000000000416 2.4423955387069626913e-69 -2.4423955387069626913e-69
0.02999999999999999889 1.2206508283658084656e-67 -1.2206508283658084656e-67
0.040000000000000000833 5.7899475252516174581e-66 -5.7899475252516174581e-66
0.050000000000000002776 2.6065649173472677374e-64 -2.6065649173472677374e-64
0.05999999999999999778 1.1137208288138618878e-62 -1.1137208288138618878e-62
0.070000000000000006661 4.516492401644995338e-61 -4.516492401644995338e-61
0.080000000000000001665 1.7383882416358475157e-59 -1.7383882416358475157e-59
0.089999999999999996669 6.3506234963070651696e-58 -6.3506234963070651696e-58
0.10000000000000000555 2.201981952555953736e-56 -2.201981952555953736e-56
0.11000000000000000056 7.2467421029218172482e-55 -7.2467421029218172482e-55
0.11999999999999999556 2.2636409981196024962e-53 -2.2636409981196024962e-53
0.13000000000000000444 6.7113857970155159663e-52 -6.7113857970155159663e-52
0.14000000000000001332 1.8886921341728030135e-50 -1.8886921341728030135e-50
0.14999999999999999445 5.0449754975027985521e-49 0.00010614924394758419558
0.16000000000000000333 1.2791182586503458019e-47 0.00014019712398294359446
0.17000000000000001221 3.0783722596124077888e-46 0.00014420274237636479466
0.17999999999999999334 7.0322722379714982188e-45 0.00015621964121237399904
0.19000000000000000222 1.5248947572946025831e-43 0.00019026751397177579729
0.2000000000000000111 3.138770486655526833e-42 0.00017224217299371960489
0.20999999999999999223 6.1328292406809161433e-41 0.00013018303434364500372
0.22000000000000000111 1.1374969833281418788e-39 0.00014620556612499060957
0.23000000000000000999 2.0027857186520186287e-38 0.00015822246496099978685
0.23999999999999999112 3.3475009789083390866e-37 0.00014620556612499060957
0.25 5.3114911623804326408e-36 0.00012617740139830860226
0.26000000000000000888 8.0007312197356343119e-35 0.00014219993317965420811
0.27000000000000001776 1.1441125595377855641e-33 0.00014620556612499060957
0.28000000000000002665 1.553254232278632502e-32 0.00016222809790633618832
0.28999999999999998002 2.0019832415463021634e-31 0.0001782506151357665929
0.2999999999999999889 2.4498097703725802108e-30 0.00014019712398294359446
0.30999999999999999778 2.8462225161447973048e-29 0.00013819430023431780665
0.32000000000000000666 3.1396488386273637774e-28 0.00017023936379700899124
0.33000000000000001554 3.28837179227071073e-27 0.00020228441280778500168
0.34000000000000002442 3.2702502948220882818e-26 0.00012417459220159798861
0.35000000000000003331 3.0881242332443218859e-25 0.00015221400826703759758
0.35999999999999998668 2.769086765929568074e-24 0.00012818022514693439007
0.36999999999999999556 2.357880033190831244e-23 0.00016423090710304680197
0.38000000000000000444 1.9066305674217126339e-22 0.00019627597066573798656
0.39000000000000001332 1.4641602855241219182e-21 0.00019026751397177579729
0.4000000000000000222 1.0678412622151771966e-20 0.00013018303434364500372
0.41000000000000003109 7.3967499789412117623e-20 0.00019627597066573790525
0.41999999999999998446 4.866458472879999296e-19 0.00017424498219042970355
0.42999999999999999334 3.0412091542272037251e-18 0.00018425907182972577352
0.44000000000000000222 1.8053687459761222526e-17 0.00017023936379699093928
0.4500000000000000111 1.0181203517268754411e-16 0.00018826470477496340416
0.46000000000000001998 5.4547560451958503333e-16 0.00018025343888384694571
0.47000000000000002887 2.7766842066830438335e-15 0.00016623373084889589381
0.47999999999999998224 1.3430348486501576699e-14 0.00017224217298028926732
0.48999999999999999112 6.1729885117628596764e-14 0.0001742449821287003005
0.5 2.6964491859724337101e-13 0.00020228441253814007247
0.51000000000000000888 1.1194961929059492749e-12 0.00013619148991811098719
0.52000000000000001776 4.4181039859715687489e-12 0.00019827877544434461534
0.53000000000000002665 1.6576251722037914251e-11 0.00019026749739552408706
0.54000000000000003553 5.9133477770363195966e-11 0.00018626182189296163188
0.55000000000000004441 2.0060555342141696414e-10 0.00022631800987425000149
0.56000000000000005329 6.4727322769173460779e-10 0.00022631756320657571836
0.57000000000000006217 1.9867724709196500963e-09 0.0002223105907619961027
0.57999999999999996003 5.8024854920121497801e-09 0.00019226453523490960335
0.58999999999999996891 1.6128179932716773318e-08 0.00024232459952930107466
0.5999999999999999778 4.267501856123378945e-08 0.00022026707876727995403
0.60999999999999998668 1.0752373273959888591e-07 0.00020217688907504539333
0.61999999999999999556 2.5805834865120884158e-07 0.00019401508856846098774
0.63000000000000000444 5.9016445799491961238e-07 0.00022773085521851906617
0.64000000000000001332 1.2866160482013912684e-06 0.00017696399908756520799
0.6500000000000000222 2.6751535453608175773e-06 0.00021763460024048036337
0.66000000000000003109 5.307658081183029317e-06 0.00026306967649677976242
0.67000000000000003997 1.0054817066687885335e-05 0.00022227183555516250805
0.68000000000000004885 1.8199600038966159369e-05 0.00023215239356094046538
0.69000000000000005773 3.149981063089581459e-05 0.00023487471475035640923
0.70000000000000006661 5.217992499164099098e-05 0.00028429315510512543621
0.70999999999999996447 8.2812412817419468877e-05 0.00024765221058538464029
0.71999999999999997335 0.00012606506525554981766 0.00019238267386316039681
0.72999999999999998224 0.00018432490776146669554 0.00014814255394187848401
0.73999999999999999112 0.00025925406863490645538 9.1238734046494970788e-05
0.75 0.00035137315445085389246 3.1252666239685983861e-06
0.76000000000000000888 0.00045978459130050137495 -0.00010328336102896829756
0.77000000000000001776 0.00058212886199558049917 -0.00022362479342350632429
0.78000000000000002665 0.00071481116582115811209 -0.00034629302216170049352
0.79000000000000003553 0.00085346149223288131965 -0.00043287013483596571044
0.80000000000000004441 0.00099352443370005066869 -0.00057894153299709733007
0.81000000000000005329 0.0011308414997682090727 -0.00073428394004331192652
0.82000000000000006217 0.001262099891424128123 -0.0008615367133058098037
0.83000000000000007105 0.0013850706831294223517 -0.00099051593260123579204
0.83999999999999996891 0.0014986248631515992902 -0.0011080757601206643603
0.8499999999999999778 0.001602572912899616819 -0.0011919956305900846535
0.85999999999999998668 0.0016974052647564209177 -0.0012667998322721219732
0.86999999999999999556 0.0017840129100102589555 -0.0013874553502853618093
0.88000000000000000444 0.001863447195978480686 -0.0014027995382320315731
0.89000000000000001332 0.0019367485676134871004 -0.0014781037190637485741
0.9000000000000000222 0.0020048475983334567048 -0.0015441999405870075919
0.91000000000000003109 0.0020685247933932109088 -0.0016639559677776409596
0.92000000000000003997 0.0021284092851883260229 -0.0017018095002012787083
0.93000000000000004885 0.0021849978740883300825 -0.0016442375865389833971
0.94000000000000005773 0.0022386809588791850914 -0.0017479910758705858101
0.95000000000000006661 0.0022897675384940105112 -0.0018531536493157493503
0.95999999999999996447 0.0023385058904883261437 -0.0018357990940918024296
0.96999999999999997335 0.002385099262015536771 -0.0019424769452471438505
0.97999999999999998224 0.0024297172132163144705 -0.0019710723646665759441
0.98999999999999999112 0.0024725036436665831681 -0.0019677940380733488675
1 0.0025135824682149246131 -0.0020329066311898782646
1.0100000000000000089 0.0025530616883696747622 -0.0020283239326016736827
1.0200000000000000178 0.0025910363803160483057 -0.0020803182889250213319
1.0300000000000000266 0.002627590944731950616 -0.0020808221713848112575
1.0400000000000000355 0.0026628008424552864104 -0.0021620968552554732829
1.0500000000000000444 0.0026967339620144192835 -0.0021659877204486255309
1.0600000000000000533 0.0027294517161398968753 -0.0022187336247488699016
1.0700000000000000622 0.0027610099337477978648 -0.0020820553459641333999
1.0800000000000000711 0.0027914595943257318987 -0.0022547049251698063864
1.0900000000000000799 0.0028208474387822800658 -0.0022680702378450089476
1.1000000000000000888 0.0028492164820706285429 -0.002264394217570666213
1.1100000000000000977 0.0028766064467650757572 -0.0022837729454782710811
1.1200000000000001066 0.0029030541323592519952 -0.0023743106999901688291
1.1300000000000001155 0.0029285937318161313 -0.0022656616758138124409
1.1400000000000001243 0.0029532571044826611689 -0.0022662912217044934443
1.1500000000000001332 0.0029770740126657574583 -0.0023842405113789527822
1.1599999999999999201 0.0030000723278376141556 -0.0023451515086221376427
1.1699999999999999289 0.0030222782116337901237 -0.0023353123288556223991
1.1799999999999999378 0.0030437162769063924768 -0.0024328574346415316083
1.1899999999999999467 0.0030644097363651278711 -0.0023574157034121933675
1.1999999999999999556 0.003084380554336437711 -0.0023012795390778572648
1.2099999999999999645 0.0031036496400106538401 -0.0022484472026321877108
1.2199999999999999734 0.0031222371800295302749 -0.0023531558291479239345
1.2299999999999999822 0.0031401633534534766252 -0.002286963783479381996
1.2399999999999999911 0.0031574500078883076422 -0.0023342926340725327246
1.25 0.003174124617452504446 -0.002216778561795832922
1.2600000000000000089 0.0031902294250546565577 -0.0022028411150320044085
1.2700000000000000178 0.0032058419590635578098 -0.0020161692216812058913
1.2800000000000000266 0.003221119828723959834 -0.0020574837273141669339
1.2900000000000000355 0.0032363961951135545442 -0.0018744812847374826142
1.3000000000000000444 0.0032523787715658990585 -0.0017963315961137861238
1.3100000000000000533 0.003270554924398197047 -0.0016202345583732260387
1.3200000000000000622 0.0032939926353677982315 -0.0012791598313882822022
1.3300000000000000711 0.0033288646294639253828 -0.0011117473981247095842
1.3400000000000000799 0.0033872064223669983915 -0.00068140211721589346444
1.3500000000000000888 0.0034915952529733815073 -0.00048536840416247032867
1.3600000000000000977 0.0036824618292742362403 -0.00015950857789748815532
1.3700000000000001066 0.0040283589593004369422 4.7371725844225914814e-05
1.3800000000000001155 0.0046383746212843813758 0.00013834161101542331168
1.3900000000000001243 0.0056737601581597334882 9.6352695337533281195e-05
1.4000000000000001332 0.0073529501318465003215 3.3927277197113789309e-06
1.4099999999999999201 0.0099414821319007522227 -0.00010565310490366283669
1.4199999999999999289 0.013717787982178496903 -0.00040106446410493636068
1.4299999999999999378 0.018909691191152804696 -0.00049580103798317620711
1.4399999999999999467 0.025606002948451771217 9.4132208060489219736e-05
1.4499999999999999556 0.033661471567479374356 0.00092916388121485476992
1.4599999999999999645 0.042626478762785129095 0.0030337189720476276378
1.4699999999999999734 0.05173771357572048285 0.0054106386896374883411
1.4799999999999999822 0.059996032704821830595 0.0064814373951041642785
1.4899999999999999911 0.066331965826625538529 0.0081227142585566514121
1.5 0.069825499601429918961 0.0067281356977758610682
1.5100000000000000089 0.069919265959655238496 0.0045934988518605696095
1.5200000000000000178 0.066557526897683391698 0.00095339088510011660293
1.5300000000000000266 0.060203623945833749376 -0.0024123685313478179792
1.5400000000000000355 0.051729151540615997407 -0.0060609407063512352187
1.5500000000000000444 0.042211862282973175442 -0.0077133569886502079127
1.5600000000000000533 0.03270732149520907267 -0.0087536434088090440964
1.5700000000000000622 0.0240607852782512531 -0.0081704440261627028774
1.5800000000000000711 0.016802932432441498867 -0.0072935627014920970113
1.5900000000000000799 0.01113875155491661148 -0.0056870862950189025875
1.6000000000000000888 0.0070086909491864921376 -0.0039143402628896706297
1.6100000000000000977 0.004185664681362223985 -0.0026454991704023007176
1.6200000000000001066 0.0023724735013987783422 -0.0016534625550579194059
1.6300000000000001155 0.0012762424496604563538 -0.00094577782625765221755
1.6400000000000001243 0.00065155013546313732438 -0.00051335583522881954484
1.6500000000000001332 0.00031567142284911705631 -0.00023756160224293007034
1.6600000000000001421 0.00014513995690008834921 -0.00012911742875672155046
1.6699999999999999289 6.3328004425885318245e-05 -5.9322372390043618556e-05
1.6799999999999999378 2.6221380156356205107e-05 -2.2215748120514505417e-05
1.6899999999999999467 1.0302934018608714736e-05 -1.0302934018608714736e-05
1.6999999999999999556 3.8415573741511406942e-06 -3.8415573741511406942e-06
1.7099999999999999645 1.3592231437409971645e-06 6.4359287417985268035e-07
1.7199999999999999734 4.5636016068038751605e-07 1.5464558572404622758e-06
1.7299999999999999822 1.4539689423676955889e-07 -1.4539689423676955889e-07
1.7399999999999999911 4.3957223131009840914e-08 1.9588587947898398252e-06
1.75 1.2610452200930211228e-08 1.990205565719919756e-06
1.7600000000000000089 3.432845062712193404e-09 -3.432845062712193404e-09
1.7700000000000000178 8.8674539581802416133e-10 2.0019292725250318237e-06
1.7800000000000000266 2.1735175043374054865e-10 -2.1735175043374054865e-10
1.7900000000000000355 5.0552802459773581438e-11 -5.0552802459773581438e-11
1.8000000000000000444 1.1156906884782863741e-11 -1.1156906884782863741e-11
1.8100000000000000533 2.3364558244925985422e-12 2.0028136814650254135e-06
1.8200000000000000622 4.6428576128674728713e-13 -4.6428576128674728713e-13
1.8300000000000000711 8.7543945295934379521e-14 8.0112639841394543043e-06
1.8400000000000000799 1.5663140703855190674e-14 -1.5663140703855190674e-14
1.8500000000000000888 2.6591490119370282415e-15 -2.6591490119370282415e-15
1.8600000000000000977 4.2836775318579091042e-16 2.00281601749248199e-06
1.8700000000000001066 6.5478750033323946633e-17 -6.5478750033323946633e-17
1.8800000000000001155 9.497139272009647397e-18 2.0028160179113529114e-06
1.8900000000000001243 1.3070536223965298963e-18 -1.3070536223965298963e-18
1.9000000000000001332 1.7068744498977876788e-19 -1.7068744498977876788e-19
1.9100000000000001421 2.1150311583862972071e-20 -2.1150311583862972071e-20
1.9199999999999999289 2.4867863005296355951e-21 4.0056320358416971485e-06
1.9299999999999999378 2.774381545230345444e-22 -2.774381545230345444e-22
1.9399999999999999467 2.9369698228927511456e-23 2.0028160179208498448e-06
1.9499999999999999556 2.9501081665347339599e-24 -2.9501081665347339599e-24
1.9599999999999999645 2.8117788669285333227e-25 -2.8117788669285333227e-25
1.9699999999999999734 2.542897095736412492e-26 -2.542897095736412492e-26
1.9799999999999999822 2.1821292256233354115e-27 -2.1821292256233354115e-27
1.9899999999999999911 1.7767890945618811778e-28 -1.7767890945618811778e-28
2 1.3727603420908840203e-29 -1.3727603420908840203e-29
2.0100000000000002309 1.0063677545873065876e-30 -1.0063677545873065876e-30
2.0200000000000000178 7.0003793721560754141e-32 -7.0003793721560754141e-32
2.0300000000000002487 4.6205009128985264109e-33 -4.6205009128985264109e-33
2.0400000000000000355 2.8937361156533141124e-34 -2.8937361156533141124e-34
2.0499999999999998224 1.7196138796602830962e-35 2.0028160179208498448e-06
2.0600000000000000533 9.6962743922423812575e-37 -9.6962743922423812575e-37
2.0699999999999998401 5.1877684819068742424e-38 -5.1877684819068742424e-38
2.0800000000000000711 2.6336485309609139745e-39 -2.6336485309609139745e-39
2.0899999999999998579 1.2686341680759204663e-40 4.0056320358416996896e-06
2.1000000000000000888 5.7985068525814085664e-42 2.0028160179208498448e-06
2.1099999999999998757 2.5147624260465606018e-43 -2.5147624260465606018e-43
2.1200000000000001066 1.0348528747429770658e-44 -1.0348528747429770658e-44
2.1299999999999998934 4.0407405646475580534e-46 -4.0407405646475580534e-46
2.1400000000000001243 1.4970761470172279177e-47 -1.4970761470172279177e-47
2.1499999999999999112 5.2629257588130772019e-49 -5.2629257588130772019e-49
2.1600000000000001421 1.7555406734351517074e-50 -1.7555406734351517074e-50
2.1699999999999999289 5.556415611969544357e-52 -5.556415611969544357e-52
2.1800000000000001599 1.6687013050741577596e-53 2.0028160179208498448e-06
2.1899999999999999467 4.7551303903344952209e-55 2.0028160179208498448e-06
2.2000000000000001776 1.2857190768027046501e-56 -1.2857190768027046501e-56
2.2099999999999999645 3.298598627540721045e-58 -3.298598627540721045e-58
2.2200000000000001954 8.029943485198407109e-60 2.0028160179208498448e-06
2.2299999999999999822 1.8547912406350924325e-61 -1.8547912406350924325e-61
2.2400000000000002132 4.0651542054218898984e-63 -4.0651542054218898984e-63
2.25 8.453924507578355073e-65 2.0028160179208498448e-06
2.2600000000000002309 1.6681648802440968038e-66 -1.6681648802440968038e-66
2.2700000000000000178 3.1233364422556262185e-68 -3.1233364422556262185e-68
2.2800000000000002487 5.5487821069560125124e-70 -5.5487821069560125124e-70
2.2900000000000000355 9.3535313470644186772e-72 -9.3535313470644186772e-72
2.3000000000000002665 1.4960720214013954974e-73 -1.4960720214013954974e-73
2.3100000000000000533 2.2705354467435156799e-75 -2.2705354467435156799e-75
2.3199999999999998401 3.2696622596984924788e-77 2.0028160179208498448e-06
2.3300000000000000711 4.4676203518858326467e-79 -4.4676203518858326467e-79
2.3399999999999998579 5.7922636602286071439e-81 2.0028160179208498448e-06
2.3500000000000000888 7.1255602982025530781e-83 2.0028160179208498448e-06
2.3599999999999998757 8.3174135149543736248e-85 -8.3174135149543736248e-85
2.3700000000000001066 9.2120458084600872198e-87 2.0028160179208498448e-06
2.3799999999999998934 9.6810474952351890007e-89 -9.6810474952351890007e-89
2.3900000000000001243 9.6535494807642038507e-91 2.0028160179208498448e-06
2.3999999999999999112 9.1337699053875214562e-93 -9.1337699053875214562e-93
2.4100000000000001421 8.1999540994656917618e-95 -8.1999540994656917618e-95
2.4199999999999999289 6.9850745117173471841e-97 -6.9850745117173471841e-97
2.4300000000000001599 5.6458441630073924635e-99 2.0028160179208498448e-06
2.4399999999999999467 4.3299701956415488953e-101 -4.3299701956415488953e-101
2.4500000000000001776 3.1509322234267308364e-103 -3.1509322234267308364e-103
2.4599999999999999645 2.1756614103484133596e-105 -2.1756614103484133596e-105
2.4700000000000001954 1.4254159302403612189e-107 -1.4254159302403612189e-107
2.4799999999999999822 8.8611465787894964304e-110 -8.8611465787894964304e-110
2.4900000000000002132 5.2268039226087378651e-112 -5.2268039226087378651e-112
2.5 2.9253675163016489963e-114 -2.9253675163016489963e-114
2.5100000000000002309 1.5535404433070150591e-116 -1.5535404433070150591e-116
2.5200000000000000178 7.8282116859577419611e-119 -7.8282116859577419611e-119
2.5300000000000002487 3.7428325103135483977e-121 -3.7428325103135483977e-121
2.5400000000000000355 1.6979935147813120174e-123 -1.6979935147813120174e-123
2.5500000000000002665 7.3091930340405747925e-126 -7.3091930340405747925e-126
2.5600000000000000533 2.9853865763843964416e-128 4.0056320358416996896e-06
2.5699999999999998401 1.1569895315130967375e-130 4.0056320358416996896e-06
2.5800000000000000711 4.2545728445972786085e-133 -4.2545728445972786085e-133
2.5899999999999998579 1.4844998243153743342e-135 -1.4844998243153743342e-135
2.6000000000000000888 4.914756006315741521e-138 2.0028160179208498448e-06
2.6099999999999998757 1.543907837132939041e-140 -1.543907837132939041e-140
2.6200000000000001066 4.6019124649768285049e-143 -4.6019124649768285049e-143
2.6299999999999998934 1.301526101118914956e-145 2.0028160179208498448e-06
2.6400000000000001243 3.4927293408932265442e-148 -3.4927293408932265442e-148
2.6499999999999999112 8.8935362816690296588e-151 -8.8935362816690296588e-151
2.6600000000000001421 2.1487283030588663445e-153 2.0028160179208498448e-06
2.6699999999999999289 4.9259044063638243121e-156 2.0028160179208498448e-06
2.6800000000000001599 1.0714894130799692937e-158 -1.0714894130799692937e-158
2.6899999999999999467 2.2115012904887988712e-161 2.0028160179208498448e-06
2.7000000000000001776 4.330957249315968432e-164 -4.330957249315968432e-164
2.7099999999999999645 8.0478146009463382872e-167 -8.0478146009463382872e-167
2.7200000000000001954 1.4189574587222897991e-169 2.0028160179208498448e-06
2.7299999999999999822 2.3738764618421557792e-172 4.0056320358416996896e-06
2.7400000000000002132 3.7682886375945088136e-175 4.0056320358416996896e-06
2.75 5.6758053933119916862e-178 -5.6758053933119916862e-178
2.7600000000000002309 8.1116294380519823322e-181 -8.1116294380519823322e-181
2.7700000000000000178 1.0999829712747379208e-183 -1.0999829712747379208e-183
2.7800000000000002487 1.4153408998144700376e-186 -1.4153408998144700376e-186
2.7900000000000000355 1.7279587490993210324e-189 2.0028160179208498448e-06
2.8000000000000002665 2.0017179623927533055e-192 -2.0017179623927533055e-192
2.8100000000000000533 2.2002376306011231275e-195 2.0028160179208498448e-06
2.8199999999999998401 2.2947398635437069866e-198 2.0028160179208498448e-06
2.8300000000000000711 2.2708815764765460745e-201 6.0084480537625503815e-06
2.8399999999999998579 2.1323213403425107e-204 6.0084480537625503815e-06
2.8500000000000000888 1.8998002685863799212e-207 4.0056320358416996896e-06
2.8599999999999998757 1.6060547515468328053e-210 4.0056320358416996896e-06
2.8700000000000001066 1.2882787548547405884e-213 2.0028160179208498448e-06
2.8799999999999998934 9.8051993033503383216e-217 2.0028160179208498448e-06
2.8900000000000001243 7.0810893697550027435e-220 -7.0810893697550027435e-220
2.8999999999999999112 4.8522233274462514071e-223 8.0112640716833993793e-06
2.9100000000000001421 3.1548486558736276032e-226 8.0112640716833993793e-06
2.9199999999999999289 1.9463158042710577667e-229 1.0014079634856900032e-05
2.9300000000000001599 1.1393183863858434684e-232 8.0112640716833993793e-06
2.9399999999999999467 6.3281083829773437358e-236 8.0112640716833993793e-06
2.9500000000000001776 3.3350296966250615024e-239 2.0028159269713800063e-05
2.9599999999999999645 1.6677174934942539481e-242 2.2030975742382000795e-05
2.9700000000000001954 7.913019465526684908e-246 2.2030975742382000795e-05
2.9799999999999999822 3.5625333905230600156e-249 3.4047872759401798248e-05
2.9900000000000002132 1.5218526392530058707e-252 2.6036606868728998711e-05
3 6.1685515456594551325e-256 3.2045056286733597517e-05
3.0100000000000002309 2.3724153319556510217e-259 1.8025342797045599332e-05
3.0200000000000000178 8.6575530860135842151e-263 3.8053502066759392619e-05
3.0300000000000002487 2.997757592377843389e-266 2.6036606868728998711e-05
3.0400000000000000355 9.8490594123852465491e-270 2.0028159269713800063e-05
3.0500000000000002665 3.0703641780525814965e-273 1.4019711670698599721e-05
3.0600000000000000533 9.0820084544223713991e-277 2.8039423341397199443e-05
3.0700000000000002842 2.5490055551528856779e-280 6.0084480537625503815e-06
3.0800000000000000711 6.7882295765647059733e-284 6.0084480537625503815e-06
3.0899999999999998579 1.71529614657803923e-287 6.0084480537625503815e-06
3.1000000000000000888 4.1126196298906068307e-291 4.0056320358416996896e-06
3.1099999999999998757 9.3560990182792976375e-295 6.0084480537625503815e-06
3.1200000000000001066 2.0196117997163617397e-298 6.0084480537625503815e-06
3.1299999999999998934 4.136545500661254493e-302 -4.136545500661254493e-302
3.1400000000000001243 8.0390461222866201455e-306 2.0028160179208498448e-06
3.1499999999999999112 1.4824089728619620746e-309 2.0028160179208498448e-06
3.1600000000000001421 2.5937513617148948692e-313 -2.5937513617148948692e-313
3.1699999999999999289 4.3061131274891772677e-317 -4.3061131274891772677e-317
3.1800000000000001599 6.7785806609419025861e-321 -6.7785806609419025861e-321
3.1899999999999999467 0 0
3.2000000000000001776 0 0
3.2099999999999999645 0 0
3.2200000000000001954 0 0
3.2299999999999999822 0 0
3.2400000000000002132 0 0
3.25 0 0
3.2600000000000002309 0 0
3.2700000000000000178 0 0
3.2800000000000002487 0 0
3.2900000000000000355 0 0
3.3000000000000002665 0 0
3.3100000000000000533 0 0
3.3200000000000002842 0 0
3.3300000000000000711 0 0
3.3399999999999998579 0 0
3.3500000000000000888 0 0
3.3599999999999998757 0 0
3.3700000000000001066 0 0
3.3799999999999998934 0 0
3.3900000000000001243 0 0
3.3999999999999999112 0 0
3.4100000000000001421 0 0
3.4199999999999999289 0 0
3.4300000000000001599 0 0
3.4399999999999999467 0 0
3.4500000000000001776 0 0
3.4599999999999999645 0 0
3.4700000000000001954 0 0
3.4799999999999999822 0 0
3.4900000000000002132 0 0
3.5 0 0
3.5100000000000002309 0 0
3.5200000000000000178 0 0
3.5300000000000002487 0 0
3.5400000000000000355 0 0
3.5500000000000002665 0 0
3.5600000000000000533 0 0
3.5700000000000002842 0 0
3.5800000000000000711 0 0
3.5899999999999998579 0 0
3.6000000000000000888 0 0
3.6099999999999998757 0 0
3.6200000000000001066 0 0
3.6299999999999998934 0 0
3.6400000000000001243 0 0
3.6499999999999999112 0 0
3.6600000000000001421 0 0
3.6699999999999999289 0 0
3.6800000000000001599 0 0
3.6899999999999999467 0 0
3.7000000000000001776 0 0
3.7099999999999999645 0 0
3.7200000000000001954 0 0
3.7299999999999999822 0 0
3.7400000000000002132 0 0
3.75 0 0
3.7600000000000002309 0 0
3.7700000000000000178 0 0
3.7800000000000002487 0 0
3.7900000000000000355 0 0
3.8000000000000002665 0 0
3.8100000000000000533 0 0
3.8200000000000002842 0 0
3.8300000000000000711 0 0
3.8399999999999998579 0 0
3.8500000000000000888 0 0
3.8599999999999998757 0 0
3.8700000000000001066 0 0
3.8799999999999998934 0 0
3.8900000000000001243 0 0
3.8999999999999999112 0 0
3.9100000000000001421 0 0
3.9199999999999999289 0 0
3.9300000000000001599 0 0
3.9399999999999999467 0 0
3.9500000000000001776 0 0
3.9599999999999999645 0 0
3.9700000000000001954 0 0
3.9799999999999999822 0 0
3.9900000000000002132 0 0
4 0 0
4.0099999999999997868 0 0
4.0200000000000004619 0 0
4.0300000000000002487 0 0
4.0400000000000000355 0 0
4.0499999999999998224 0 0
4.0600000000000004974 0 0
4.0700000000000002842 0 0
4.0800000000000000711 0 0
4.0899999999999998579 0 0
4.0999999999999996447 0 0
4.1100000000000003197 0 0
4.1200000000000001066 0 0
4.1299999999999998934 0 0
4.1399999999999996803 0 0
4.1500000000000003553 0 0
4.1600000000000001421 0 0
4.1699999999999999289 0 0
4.1799999999999997158 0 0
4.1900000000000003908 0 0
4.2000000000000001776 0 0
4.2099999999999999645 0 0
4.2199999999999997513 0 0
4.2300000000000004263 0 0
4.2400000000000002132 0 0
4.25 0 0
4.2599999999999997868 0 0
4.2700000000000004619 0 0
4.2800000000000002487 0 0
4.2900000000000000355 0 0
4.2999999999999998224 0 0
4.3100000000000004974 0 0
4.3200000000000002842 0 0
4.3300000000000000711 0 0
4.3399999999999998579 0 0
4.3500000000000005329 0 0
4.3600000000000003197 0 0
4.3700000000000001066 0 0
4.3799999999999998934 0 0
4.3899999999999996803 0 0
4.4000000000000003553 0 0
4.4100000000000001421 0 0
4.4199999999999999289 0 0
4.4299999999999997158 0 0
4.4400000000000003908 0 0
4.4500000000000001776 0 0
4.4599999999999999645 0 0
4.4699999999999997513 0 0
4.4800000000000004263 0 0
4.4900000000000002132 0 0
4.5 0 0
4.5099999999999997868 0 0
4.5200000000000004619 0 0
4.5300000000000002487 0 0
4.5400000000000000355 0 0
4.5499999999999998224 0 0
4.5600000000000004974 0 0
4.5700000000000002842 0 0
4.5800000000000000711 0 0
4.5899999999999998579 0 0
4.6000000000000005329 0 0
4.6100000000000003197 0 0
4.6200000000000001066 0 0
4.6299999999999998934 0 0
4.6399999999999996803 0 0
4.6500000000000003553 0 0
4.6600000000000001421 0 0
4.6699999999999999289 0 0
4.6799999999999997158 0 0
4.6900000000000003908 0 0
4.7000000000000001776 0 0
4.7099999999999999645 0 0
4.7199999999999997513 0 0
4.7300000000000004263 0 0
4.7400000000000002132 0 0
4.75 0 0
4.7599999999999997868 0 0
4.7700000000000004619 0 0
4.7800000000000002487 0 0
4.7900000000000000355 0 0
4.7999999999999998224 0 0
4.8100000000000004974 0 0
4.8200000000000002842 0 0
4.8300000000000000711 0 0
4.8399999999999998579 0 0
4.8500000000000005329 0 0
4.8600000000000003197 0 0
4.8700000000000001066 0 0
4.8799999999999998934 0 0
4.8899999999999996803 0 0
4.9000000000000003553 0 0
4.9100000000000001421 0 0
4.9199999999999999289 0 0
4.9299999999999997158 0 0
4.9400000000000003908 0 0
4.9500000000000001776 0 0
4.9599999999999999645 0 0
4.9699999999999997513 0 0
4.9800000000000004263 0 0
4.9900000000000002132 0 0
5 0 0
5.0099999999999997868 0 0
5.0200000000000004619 0 0
5.0300000000000002487 0 0
5.0400000000000000355 0 0
5.0499999999999998224 0 0
5.0600000000000004974 0 0
5.0700000000000002842 0 0
5.0800000000000000711 0 0
5.0899999999999998579 0 0
5.1000000000000005329 0 0
5.1100000000000003197 0 0
5.1200000000000001066 0 0
5.1299999999999998934 0 0
5.1399999999999996803 0 0
5.1500000000000003553 0 0
5.1600000000000001421 0 0
5.1699999999999999289 0 0
5.1799999999999997158 0 0
5.1900000000000003908 0 0
5.2000000000000001776 0 0
5.2099999999999999645 0 0
5.2199999999999997513 0 0
5.2300000000000004263 0 0
5.2400000000000002132 0 0
5.25 0 0
5.2599999999999997868 0 0
5.2700000000000004619 0 0
5.2800000000000002487 0 0
5.2900000000000000355 0 0
5.2999999999999998224 0 0
5.3100000000000004974 0 0
5.3200000000000002842 0 0
5.3300000000000000711 0 0
5.3399999999999998579 0 0
5.3500000000000005329 0 0
5.3600000000000003197 0 0
5.3700000000000001066 0 0
5.3799999999999998934 0 0
5.3899999999999996803 0 0
5.4000000000000003553 0 0
5.4100000000000001421 0 0
5.4199999999999999289 0 0
5.4299999999999997158 0 0
5.4400000000000003908 0 0
5.4500000000000001776 0 0
5.4599999999999999645 0 0
5.4699999999999997513 0 0
5.4800000000000004263 0 0
5.4900000000000002132 0 0
5.5 0 0
5.5099999999999997868 0 0
5.5200000000000004619 0 0
5.5300000000000002487 0 0
5.5400000000000000355 0 0
5.5499999999999998224 0 0
5.5600000000000004974 0 0
5.5700000000000002842 0 0
5.5800000000000000711 0 0
5.5899999999999998579 0 0
5.6000000000000005329 0 0
5.6100000000000003197 0 0
5.6200000000000001066 0 0
5.6299999999999998934 0 0
5.6399999999999996803 0 0
5.6500000000000003553 0 0
5.6600000000000001421 0 0
5.6699999999999999289 0 0
5.6799999999999997158 0 0
5.6900000000000003908 0 0
5.7000000000000001776 0 0
5.7099999999999999645 0 0
5.7199999999999997513 0 0
5.7300000000000004263 0 0
5.7400000000000002132 0 0
5.75 0 0
5.7599999999999997868 0 0
5.7700000000000004619 0 0
5.7800000000000002487 0 0
5.7900000000000000355 0 0
5.7999999999999998224 0 0
5.8100000000000004974 0 0
5.8200000000000002842 0 0
5.8300000000000000711 0 0
5.8399999999999998579 0 0
5.8500000000000005329 0 0
5.8600000000000003197 0 0
5.8700000000000001066 0 0
5.8799999999999998934 0 0
5.8899999999999996803 0 0
5.9000000000000003553 0 0
5.9100000000000001421 0 0
5.9199999999999999289 0 0
5.9299999999999997158 0 0
5.9400000000000003908 0 0
5.9500000000000001776 0 0
5.9599999999999999645 0 0
5.9699999999999997513 0 0
5.9800000000000004263 0 0
5.9900000000000002132 0 0
6 0 0
6.0099999999999997868 0 0
6.0200000000000004619 0 0
6.0300000000000002487 0 0
6.0400000000000000355 0 0
6.0499999999999998224 0 0
6.0600000000000004974 0 0
6.0700000000000002842 0 0
6.0800000000000000711 0 0
6.0899999999999998579 0 0
6.1000000000000005329 0 0
6.1100000000000003197 0 0
6.1200000000000001066 0 0
6.1299999999999998934 0 0
6.1400000000000005684 0 0
6.1500000000000003553 0 0
6.1600000000000001421 0 0
6.1699999999999999289 0 0
6.1799999999999997158 0 0
6.1900000000000003908 0 0
6.2000000000000001776 0 0
6.2099999999999999645 0 0
6.2199999999999997513 0 0
6.2300000000000004263 0 0
6.2400000000000002132 0 0
6.25 0 0
6.2599999999999997868 0 0
6.2700000000000004619 0 0
6.2800000000000002487 0 0
6.2900000000000000355 0 0
6.2999999999999998224 0 0
6.3100000000000004974 0 0
6.3200000000000002842 0 0
6.3300000000000000711 0 0
6.3399999999999998579 0 0
6.3500000000000005329 0 0
6.3600000000000003197 0 0
6.3700000000000001066 0 0
6.3799999999999998934 0 0
6.3900000000000005684 0 0
6.4000000000000003553 0 0
6.4100000000000001421 0 0
6.4199999999999999289 0 0
6.4299999999999997158 0 0
6.4400000000000003908 0 0
6.4500000000000001776 0 0
6.4599999999999999645 0 0
6.4699999999999997513 0 0
6.4800000000000004263 0 0
6.4900000000000002132 0 0
6.5 0 0
6.5099999999999997868 0 0
6.5200000000000004619 0 0
6.5300000000000002487 0 0
6.5400000000000000355 0 0
6.5499999999999998224 0 0
6.5600000000000004974 0 0
6.5700000000000002842 0 0
6.5800000000000000711 0 0
6.5899999999999998579 0 0
6.6000000000000005329 0 0
6.6100000000000003197 0 0
6.6200000000000001066 0 0
6.6299999999999998934 0 0
6.6400000000000005684 0 0
6.6500000000000003553 0 0
6.6600000000000001421 0 0
6.6699999999999999289 0 0
6.6799999999999997158 0 0
6.6900000000000003908 0 0
6.7000000000000001776 0 0
6.7099999999999999645 0 0
6.7199999999999997513 0 0
6.7300000000000004263 0 0
6.7400000000000002132 0 0
6.75 0 0
6.7599999999999997868 0 0
6.7700000000000004619 0 0
6.7800000000000002487 0 0
6.7900000000000000355 0 0
6.7999999999999998224 0 0
6.8100000000000004974 0 0
6.8200000000000002842 0 0
6.8300000000000000711 0 0
6.8399999999999998579 0 0
6.8500000000000005329 0 0
6.8600000000000003197 0 0
6.8700000000000001066 0 0
6.8799999999999998934 0 0
6.8900000000000005684 0 0
6.9000000000000003553 0 0
6.9100000000000001421 0 0
6.9199999999999999289 0 0
6.9299999999999997158 0 0
6.9400000000000003908 0 0
6.9500000000000001776 0 0
6.9599999999999999645 0 0
6.9699999999999997513 0 0
6.9800000000000004263 0 0
6.9900000000000002132 0 0
7 0 0
7.0099999999999997868 0 0
7.0200000000000004619 0 0
7.0300000000000002487 0 0
7.0400000000000000355 0 0
7.0499999999999998224 0 0
7.0600000000000004974 0 0
7.0700000000000002842 0 0
7.0800000000000000711 0 0
7.0899999999999998579 0 0
7.1000000000000005329 0 0
7.1100000000000003197 0 0
7.1200000000000001066 0 0
7.1299999999999998934 0 0
7.1400000000000005684 0 0
7.1500000000000003553 0 0
7.1600000000000001421 0 0
7.1699999999999999289 0 0
7.1799999999999997158 0 0
7.1900000000000003908 0 0
7.2000000000000001776 0 0
7.2099999999999999645 0 0
7.2199999999999997513 0 0
7.2300000000000004263 0 0
7.2400000000000002132 0 0
7.25 0 0
7.2599999999999997868 0 0
7.2700000000000004619 0 0
7.2800000000000002487 0 0
7.2900000000000000355 0 0
7.2999999999999998224 0 0
7.3100000000000004974 0 0
7.3200000000000002842 0 0
7.3300000000000000711 0 0
7.3399999999999998579 0 0
7.3500000000000005329 0 0
7.3600000000000003197 0 0
7.3700000000000001066 0 0
7.3799999999999998934 0 0
7.3900000000000005684 0 0
7.4000000000000003553 0 0
7.4100000000000001421 0 0
7.4199999999999999289 0 0
7.4299999999999997158 0 0
7.4400000000000003908 0 0
7.4500000000000001776 0 0
7.4599999999999999645 0 0
7.4699999999999997513 0 0
7.4800000000000004263 0 0
7.4900000000000002132 0 0
7.5 0 0
7.5099999999999997868 0 0
7.5200000000000004619 0 0
7.5300000000000002487 0 0
7.5400000000000000355 0 0
7.5499999999999998224 0 0
7.5600000000000004974 0 0
7.5700000000000002842 0 0
7.5800000000000000711 0 0
7.5899999999999998579 0 0
7.6000000000000005329 0 0
7.6100000000000003197 0 0
7.6200000000000001066 0 0
7.6299999999999998934 0 0
7.6400000000000005684 0 0
7.6500000000000003553 0 0
7.6600000000000001421 0 0
7.6699999999999999289 0 0
7.6799999999999997158 0 0
7.6900000000000003908 0 0
7.7000000000000001776 0 0
7.7099999999999999645 0 0
7.7199999999999997513 0 0
7.7300000000000004263 0 0
7.7400000000000002132 0 0
7.75 0 0
7.7599999999999997868 0 0
7.7700000000000004619 0 0
7.7800000000000002487 0 0
7.7900000000000000355 0 0
7.7999999999999998224 0 0
7.8100000000000004974 0 0
7.8200000000000002842 0 0
7.8300000000000000711 0 0
7.8399999999999998579 0 0
7.8500000000000005329 0 0
7.8600000000000003197 0 0
7.8700000000000001066 0 0
7.8799999999999998934 0 0
7.8900000000000005684 0 0
7.9000000000000003553 0 0
7.9100000000000001421 0 0
7.9199999999999999289 0 0
7.930000000000000604 0 0
7.9400000000000003908 0 0
7.9500000000000001776 0 0
7.9599999999999999645 0 0
7.9699999999999997513 0 0
7.9800000000000004263 0 0
7.9900000000000002132 0 0
8 0 0
8.0099999999999997868 0 0
8.0199999999999995737 0 0
8.0299999999999993605 0 0
8.0400000000000009237 0 0
8.0500000000000007105 0 0
8.0600000000000004974 0 0
8.0700000000000002842 0 0
8.0800000000000000711 0 0
8.0899999999999998579 0 0
8.0999999999999996447 0 0
8.1099999999999994316 0 0
8.1200000000000009948 0 0
8.1300000000000007816 0 0
8.1400000000000005684 0 0
8.1500000000000003553 0 0
8.1600000000000001421 0 0
8.1699999999999999289 0 0
8.1799999999999997158 0 0
8.1899999999999995026 0 0
8.1999999999999992895 0 0
8.2100000000000008527 0 0
8.2200000000000006395 0 0
8.2300000000000004263 0 0
8.2400000000000002132 0 0
8.25 0 0
8.2599999999999997868 0 0
8.2699999999999995737 0 0
8.2799999999999993605 0 0
8.2900000000000009237 0 0
8.3000000000000007105 0 0
8.3100000000000004974 0 0
8.3200000000000002842 0 0
8.3300000000000000711 0 0
8.3399999999999998579 0 0
8.3499999999999996447 0 0
8.3599999999999994316 0 0
8.3700000000000009948 0 0
8.3800000000000007816 0 0
8.3900000000000005684 0 0
8.4000000000000003553 0 0
8.4100000000000001421 0 0
8.4199999999999999289 0 0
8.4299999999999997158 0 0
8.4399999999999995026 0 0
8.4499999999999992895 0 0
8.4600000000000008527 0 0
8.4700000000000006395 0 0
8.4800000000000004263 0 0
8.4900000000000002132 0 0
8.5 0 0
8.5099999999999997868 0 0
8.5199999999999995737 0 0
8.5299999999999993605 0 0
8.5400000000000009237 0 0
8.5500000000000007105 0 0
8.5600000000000004974 0 0
8.5700000000000002842 0 0
8.5800000000000000711 0 0
8.5899999999999998579 0 0
8.5999999999999996447 0 0
8.6099999999999994316 0 0
8.6200000000000009948 0 0
8.6300000000000007816 0 0
8.6400000000000005684 0 0
8.6500000000000003553 0 0
8.6600000000000001421 0 0
8.6699999999999999289 0 0
8.6799999999999997158 0 0
8.6899999999999995026 0 0
8.7000000000000010658 0 0
8.7100000000000008527 0 0
8.7200000000000006395 0 0
8.7300000000000004263 0 0
8.7400000000000002132 0 0
8.75 0 0
8.7599999999999997868 0 0
8.7699999999999995737 0 0
8.7799999999999993605 0 0
8.7900000000000009237 0 0
8.8000000000000007105 0 0
8.8100000000000004974 0 0
8.8200000000000002842 0 0
8.8300000000000000711 0 0
8.8399999999999998579 0 0
8.8499999999999996447 0 0
8.8599999999999994316 0 0
8.8700000000000009948 0 0
8.8800000000000007816 0 0
8.8900000000000005684 0 0
8.9000000000000003553 0 0
8.9100000000000001421 0 0
8.9199999999999999289 0 0
8.9299999999999997158 0 0
8.9399999999999995026 0 0
8.9500000000000010658 0 0
8.9600000000000008527 0 0
8.9700000000000006395 0 0
8.9800000000000004263 0 0
8.9900000000000002132 0 0
9 0 0
9.0099999999999997868 0 0
9.0199999999999995737 0 0
9.0299999999999993605 0 0
9.0400000000000009237 0 0
9.0500000000000007105 0 0
9.0600000000000004974 0 0
9.0700000000000002842 0 0
9.0800000000000000711 0 0
9.0899999999999998579 0 0
9.0999999999999996447 0 0
9.1099999999999994316 0 0
9.1200000000000009948 0 0
9.1300000000000007816 0 0
9.1400000000000005684 0 0
9.1500000000000003553 0 0
9.1600000000000001421 0 0
9.1699999999999999289 0 0
9.1799999999999997158 0 0
9.1899999999999995026 0 0
9.2000000000000010658 0 0
9.2100000000000008527 0 0
9.2200000000000006395 0 0
9.2300000000000004263 0 0
9.2400000000000002132 0 0
9.25 0 0
9.2599999999999997868 0 0
9.2699999999999995737 0 0
9.2799999999999993605 0 0
9.2900000000000009237 0 0
9.3000000000000007105 0 0
9.3100000000000004974 0 0
9.3200000000000002842 0 0
9.3300000000000000711 0 0
9.3399999999999998579 0 0
9.3499999999999996447 0 0
9.3599999999999994316 0 0
9.3700000000000009948 0 0
9.3800000000000007816 0 0
9.3900000000000005684 0 0
9.4000000000000003553 0 0
9.4100000000000001421 0 0
9.4199999999999999289 0 0
9.4299999999999997158 0 0
9.4399999999999995026 0 0
9.4500000000000010658 0 0
9.4600000000000008527 0 0
9.4700000000000006395 0 0
9.4800000000000004263 0 0
9.4900000000000002132 0 0
9.5 0 0
9.5099999999999997868 0 0
9.5199999999999995737 0 0
9.5299999999999993605 0 0
9.5400000000000009237 0 0
9.5500000000000007105 0 0
9.5600000000000004974 0 0
9.5700000000000002842 0 0
9.5800000000000000711 0 0
9.5899999999999998579 0 0
9.5999999999999996447 0 0
9.6099999999999994316 0 0
9.6200000000000009948 0 0
9.6300000000000007816 0 0
9.6400000000000005684 0 0
9.6500000000000003553 0 0
9.6600000000000001421 0 0
9.6699999999999999289 0 0
9.6799999999999997158 0 0
9.6899999999999995026 0 0
9.7000000000000010658 0 0
9.7100000000000008527 0 0
9.7200000000000006395 0 0
9.7300000000000004263 0 0
9.7400000000000002132 0 0
9.75 0 0
9.7599999999999997868 0 0
9.7699999999999995737 0 0
9.7799999999999993605 0 0
9.7900000000000009237 0 0
9.8000000000000007105 0 0
9.8100000000000004974 0 0
9.8200000000000002842 0 0
9.8300000000000000711 0 0
9.8399999999999998579 0 0
9.8499999999999996447 0 0
9.8599999999999994316 0 0
9.8700000000000009948 0 0
9.8800000000000007816 0 0
9.8900000000000005684 0 0
9.9000000000000003553 0 0
9.9100000000000001421 0 0
9.9199999999999999289 0 0
9.9299999999999997158 0 0
9.9399999999999995026 0 0
9.9500000000000010658 0 0
9.9600000000000008527 0 0
9.9700000000000006395 0 0
9.9800000000000004263 0 0
9.9900000000000002132 0 0
10 0 0
10.009999999999999787 0 0
10.019999999999999574 0 0
10.029999999999999361 0 0
10.040000000000000924 0 0
10.050000000000000711 0 0
10.060000000000000497 0 0
10.070000000000000284 0 0
10.080000000000000071 0 0
10.089999999999999858 0 0
10.099999999999999645 0 0
10.109999999999999432 0 0
10.120000000000000995 0 0
10.130000000000000782 0 0
10.140000000000000568 0 0
10.150000000000000355 0 0
10.160000000000000142 0 0
10.169999999999999929 0 0
10.179999999999999716 0 0
10.189999999999999503 0 0
10.200000000000001066 0 0
10.210000000000000853 0 0
10.220000000000000639 0 0
10.230000000000000426 0 0
