0 5.6500999067235137256e-07 -5.6500999067235137256e-07
0.010000000000000000208 8.3057713106565202691e-07 -8.3057713106565202691e-07
0.020000000000000000416 1.2088097312480665288e-06 -1.2088097312480665288e-06
0.02999999999999999889 1.7417764528471806658e-06 -1.7417764528471806658e-06
0.040000000000000000833 2.4848862306352788871e-06 -2.4848862306352788871e-06
0.050000000000000002776 3.5114441874002288349e-06 -3.5114441874002288349e-06
0.05999999999999999778 4.9287372533134956378e-06 -4.9287372533134956378e-06
0.070000000000000006661 6.9708656160552784649e-06 -6.9708656160552784649e-06
0.080000000000000001665 1.0498232670849477329e-05 -1.0498232670849477329e-05
0.089999999999999996669 1.9128046560896021932e-05 -1.9128046560896021932e-05
0.10000000000000000555 4.6045590142479220002e-05 -4.6045590142479220002e-05
0.11000000000000000056 0.00012914602191087978084 -0.00012914602191087978084
0.11999999999999999556 0.00034961302490067009633 -0.00034961302490067009633
0.13000000000000000444 0.00082499930863720052042 -0.00082499930863720052042
0.14000000000000001332 0.0016324625166020552934 -0.0016324625166020552934
0.14999999999999999445 0.0026719098566203849585 -0.002435953272400564161
0.16000000000000000333 0.0036004623341962015484 -0.0033845020751125430916
0.17000000000000001221 0.0039907374841203083551 -0.00382676765292837371
0.17999999999999999334 0.0036451914480628666397 -0.0035472094738131609674
0.19000000000000000222 0.0027621796217994726112 -0.0026561991218608765712
0.2000000000000000111 0.0017698518299632626325 -0.0016898665439705284983
0.20999999999999999223 0.0010117671974638464943 -0.00092578301538545518072
0.22000000000000000111 0.00058857068780548223077 -0.00053658025263780080496
0.23000000000000000999 0.00042349177095719111458 -0.00039549692195112780974
0.23999999999999999112 0.00039916776988245609428 -0.00037517218553982737686
0.25 0.0004343825593881684116 -0.00042038513488513675918
0.26000000000000000888 0.00049096889136373471439 -0.00046097441093544881761
0.27000000000000001776 0.00055522230787787528461 -0.0005292270902940345717
0.28000000000000002665 0.00062276292405550714559 -0.00060876549955247549317
0.28999999999999998002 0.00069173965644700496132 -0.00068174149569791319455
0.2999999999999999889 0.00076072746813046114925 -0.00073873151521005502376
0.30999999999999999778 0.00082826750929434827479 -0.00080827118779616474124
0.32000000000000000666 0.00089282464581618618902 -0.00084483347713092875417
0.33000000000000001554 0.00095283049280491102437 -0.00090084005763722959856
0.34000000000000002442 0.0010067440023296544364 -0.00096475172973005418088
0.35000000000000003331 0.0010531164130842944095 -0.00099712671507216779979
0.35999999999999998668 0.0010906556120739430149 -0.0010526626023187879433
0.36999999999999999556 0.0011182858301827833074 -0.0010642957654118686932
0.38000000000000000444 0.00113519882289784841 -0.0010772094916445098048
0.39000000000000001332 0.0011408931401040562064 -0.0010749052831618272335
0.4000000000000000222 0.00113519882289784841 -0.0010772094916445098048
0.41000000000000003109 0.0011182858301827833074 -0.0010802928204276282358
0.41999999999999998446 0.0010906556120739423644 -0.0010406648101474729341
0.42999999999999999334 0.0010531164130842605824 -0.001003125611157791152
0.44000000000000000222 0.0010067440023285359734 -0.00096275209648772372244
0.4500000000000000111 0.00095283049277466850581 -0.00090483932408941107096
0.46000000000000001998 0.00089282464514648513226 -0.00086283016471819923548
0.47000000000000002887 0.00082826749715058745147 -0.00078027632846533001663
0.47999999999999998224 0.00076072728781446333907 -0.00071073648588799390874
0.48999999999999999112 0.00069173746402512008031 -0.00065974335035562218805
0.5 0.00062274109561006815456 -0.00059874551126743943714
0.51000000000000000888 0.00055504434464070863831 -0.00052504986421242274153
0.52000000000000001776 0.00048978080886912986856 -0.00047778301669781550985
0.53000000000000002665 0.00042788767077348488412 -0.00040789134927530135057
0.54000000000000003553 0.00037009371348904046822 -0.00035409665665429152209
0.55000000000000004441 0.00031691848413676259807 -0.0003069203233876708313
0.56000000000000005329 0.00026868124893342432754 -0.00025468382443039267512
0.57000000000000006217 0.00022551792836344845567 -0.00021751939994607398261
0.57999999999999996003 0.00018740393899322802906 -0.00016540798607282190358
0.58999999999999996891 0.0001541807958597884087 -0.00014218300368847404998
0.5999999999999999778 0.00012558442394446884074 -0.00011758589552709436767
0.60999999999999998668 0.00010127335535211277049 -9.3274826934738297424e-05
0.61999999999999999556 8.0855310077804521947e-05 -7.0857149328712755172e-05
0.63000000000000000444 6.3911030680702951437e-05 -5.1913238509388592726e-05
0.64000000000000001332 5.0014625632020527331e-05 -4.6015361423333290799e-05
0.6500000000000000222 3.8750039536804372394e-05 -2.2752982702055422876e-05
0.66000000000000003109 2.9723586028613090956e-05 -1.7725793857298728856e-05
0.67000000000000003997 2.2572735090451674303e-05 -2.0573102986108056037e-05
0.68000000000000004885 1.6971533749063682031e-05 -8.9730053316892089657e-06
0.69000000000000005773 1.2633157946212523253e-05 -6.6342618605553438973e-06
0.70000000000000006661 9.3101501762446721644e-06 6.8801057284709461021e-07
0.70999999999999996447 6.7929023788885762634e-06 1.2056260384858968017e-06
0.71999999999999997335 4.9069088078744648013e-06 9.0905156951571867725e-06
0.72999999999999998224 3.5092517655148874569e-06 8.4885404057994729484e-06
0.73999999999999999112 2.4847059146371260802e-06 1.5145582940501112994e-06
0.75 1.7417643090864289268e-06 8.2563964400053372125e-06
0.76000000000000000888 1.2088090615470546585e-06 6.7897193558274186183e-06
0.77000000000000001776 8.305771008231640671e-07 9.1675836482686027076e-06
0.78000000000000002665 5.6500998955403960681e-07 5.4338860961031399606e-06
0.79000000000000003553 3.8052765599815076895e-07 7.6180007613763226138e-06
0.80000000000000004441 2.5372908426766955363e-07 7.7447993331068040409e-06
0.81000000000000005329 1.6749745196462266915e-07 1.1830294719349738266e-05
0.82000000000000006217 1.0947125174866867732e-07 7.8890571656258048113e-06
0.83000000000000007105 7.0834672434076830434e-08 1.9287974319095411844e-06
0.83999999999999996891 4.5378028373434274275e-08 1.9542540759701835222e-06
0.8499999999999999778 2.8780562738599171631e-08 7.9697478546358738373e-06
0.85999999999999998668 1.8072027005674541687e-08 7.9804563903687986359e-06
0.86999999999999999556 1.123487847274652831e-08 9.9869258706190210752e-06
0.88000000000000000444 6.9148667835214090466e-09 5.9919812188736575512e-06
0.89000000000000001332 4.2135988131966691324e-09 1.1993578572501164428e-05
0.9000000000000000222 2.5420054356184912426e-09 5.9963540802215611216e-06
0.91000000000000003109 1.5182863700609786144e-09 3.9977459223171767788e-06
0.92000000000000003997 8.9781082679408917272e-10 1.9987342935168237305e-06
0.93000000000000004885 5.2561761328051754939e-10 3.9987385910739572549e-06
0.94000000000000005773 3.0465541938307435637e-10 7.9982237619550898268e-06
0.95000000000000006661 1.7482431397778329167e-10 5.9987212613432014374e-06
0.95999999999999996447 9.9322738202125411397e-11 1.1997692848576158397e-05
0.96999999999999997335 5.5866242456282304938e-11 3.9992083424447809738e-06
0.97999999999999998224 3.1110297650074645259e-11 7.9984973070768227387e-06
0.98999999999999999112 1.7151922167737301642e-11 3.9992470567650700047e-06
1 9.3621448207031734414e-12 3.999254846542416901e-06
1.0100000000000000089 5.0593163857840798855e-12 -5.0593163857840798855e-12
1.0200000000000000178 2.7068379068450772954e-12 -2.7068379068450772954e-12
1.0300000000000000266 1.4337934346473526053e-12 5.9988946518637445256e-06
1.0400000000000000355 7.51908256029965794e-13 5.9988953337489230014e-06
1.0500000000000000444 3.9038853655183703297e-13 7.9985280269859357317e-06
1.0600000000000000533 2.0067036739782468304e-13 9.9981605484213996107e-06
1.0700000000000000622 1.0212303247376159442e-13 1.1997792069191328288e-05
1.0800000000000000711 5.1454103720469420125e-14 7.9985283659203690939e-06
1.0900000000000000799 2.5667357160334106604e-14 7.9985283917071165735e-06
1.1000000000000000888 1.2678191154370194769e-14 5.9988960729789884068e-06
1.1100000000000000977 6.2047984895499694903e-15 5.998896079452380955e-06
1.1200000000000001066 3.0194774308928181576e-15 7.9985284143549954258e-06
1.1300000000000001155 1.4891765547955583157e-15 3.9992642071980611317e-06
1.1400000000000001243 8.1618689688713171675e-16 9.9981607482755793792e-06
1.1500000000000001332 6.6440212172986756083e-16 3.9992642080228349002e-06
1.1599999999999999201 1.0182055296692300791e-15 7.9985284163562683118e-06
1.1699999999999999289 2.2310061260562633009e-15 1.9996321021126118338e-06
1.1799999999999999378 5.3275212579459553065e-15 9.9981607437642463267e-06
1.1899999999999999467 1.2784606423973314829e-14 7.998528404589865979e-06
1.1999999999999999556 3.032092873120029177e-14 5.9988960553362509568e-06
1.2099999999999999645 7.0846519085889759647e-14 9.9981606782452483577e-06
1.2199999999999999734 1.62989102323119439e-13 3.9992640456981354554e-06
1.2299999999999999822 3.6915984817453898795e-13 5.9988957164973315709e-06
1.2399999999999999911 8.2314643400201004758e-13 3.999263385540803044e-06
1.25 1.8069443262507302516e-12 7.9985266104301473857e-06
1.2600000000000000089 3.9049649668228083091e-12 7.9985245124095054174e-06
1.2700000000000000178 8.3079552553346095023e-12 7.998520109419217513e-06
1.2800000000000000266 1.7401063033843647938e-11 9.9981433480287323646e-06
1.2900000000000000355 3.5880793072687981303e-11 5.9988602048641069309e-06
1.3000000000000000444 7.2837144061774956295e-11 5.9988232485131178504e-06
1.3100000000000000533 1.4556213118532129405e-10 9.9980151869605807409e-06
1.3200000000000000622 2.8638385033570291207e-10 1.9993457204932822415e-06
1.3300000000000000711 5.5469373852231223649e-10 3.9987095149487149459e-06
1.3400000000000000799 1.0577002934437150453e-09 1.9985744040501741252e-06
1.3500000000000000888 1.9855307057548631121e-09 7.9965428866687176255e-06
1.3600000000000000977 3.6694013138348362124e-09 9.9944913477779326734e-06
1.3700000000000001066 6.6760324362621447937e-09 1.1991116138878098882e-05
1.3800000000000001155 1.1957662337660780712e-08 9.9862030867541064092e-06
1.3900000000000001243 2.1085249998811308533e-08 9.9770754990929558367e-06
1.4000000000000001332 3.6602929487569489702e-08 7.9619254878869042438e-06
1.4099999999999999201 6.2554355996465543102e-08 5.9363417296607139581e-06
1.4199999999999999289 1.0524558610681656744e-07 7.8932828312676568683e-06
1.4299999999999999378 1.743230622053528465e-07 5.8245730234518261915e-06
1.4399999999999999467 2.8425651221164174879e-07 3.7150076964755954191e-06
1.4499999999999999556 4.5632117414441924607e-07 5.5425749115127601096e-06
1.4599999999999999645 7.2116632847907634166e-07 5.2777297571781028022e-06
1.4699999999999999734 1.1220310686444945108e-06 8.8761296804472728992e-06
1.4799999999999999822 1.7186163751752773209e-06 4.2802797104819022465e-06
1.4899999999999999911 2.5915382902189451737e-06 7.4066224588728211774e-06
1.5 3.8471660891020948984e-06 1.6149155409081434416e-05
1.5100000000000000089 5.6224922250839655497e-06 6.3752999462303948556e-06
1.5200000000000000178 8.0894950326624009279e-06 -6.0898629283187826616e-06
1.5300000000000000266 1.1458257643832285078e-05 4.5387991909166644402e-06
1.5400000000000000355 1.5977924899181795033e-05 -5.979764150090028258e-06
1.5500000000000000444 2.1934452029940277045e-05 -5.9373951951913275262e-06
1.5600000000000000533 2.9644069619764739119e-05 -2.1645541202390266054e-05
1.5700000000000000622 3.9441505279686754246e-05 -2.7443713108372395535e-05
1.5800000000000000711 5.1662302704719581254e-05 -4.166414195562781448e-05
1.5900000000000000799 6.6619084419735383022e-05 -6.4619452315391764756e-05
1.6000000000000000888 8.4572307681259013606e-05 -7.0574883178227361185e-05
1.6100000000000000977 0.00010569691803914454031 -8.9699861204395594182e-05
1.6200000000000001066 0.00013004722475873923193 -0.00011205053650176769386
1.6300000000000001155 0.00015752318153238262103 -0.00014552538936106826232
1.6400000000000001243 0.00018784190431202059065 -0.00017984337589464611759
1.6500000000000001332 0.00022051854158414811182 -0.00021052038083505634504
1.6600000000000001421 0.00025486040112002606578 -0.00024086297661699441336
1.6699999999999999289 0.00028997745542065351924 -0.00027797966324933916053
1.6799999999999999378 0.0003248109998534857339 -0.00030881394301873678777
1.6899999999999999467 0.00035818042194085230982 -0.00033818410044266877627
1.6999999999999999556 0.00038884595060280103271 -0.00037484852609976938029
1.7099999999999999645 0.00041558315811305137407 -0.00039158757377042265665
1.7199999999999999734 0.00043726319024874814268 -0.00040126981373480506655
1.7299999999999999822 0.00045293149477055948777 -0.00042493664576449618293
1.7399999999999999911 0.00046187743320613206845 -0.00043588221562229135554
1.75 0.0004636877133555905345 -0.00044769065652084158837
1.7600000000000000089 0.00045827804782346974509 -0.00044028135956649820703
1.7700000000000000178 0.00044589966094083145114 -0.00044190039673214421461
1.7800000000000000266 0.00042711994444336146308 -0.0004171217836942696963
1.7900000000000000355 0.00040277933649483576651 -0.00038878191199180411409
1.8000000000000000444 0.00037392898827801973822 -0.00036593045986064526515
1.8100000000000000533 0.00034175565407582042532 -0.00032375896581884888725
1.8200000000000000622 0.00030750126291715821443 -0.00029750310216806644765
1.8300000000000000711 0.00027238470713460057613 -0.00026638581104894339677
1.8400000000000000799 0.00023753256540258690693 -0.00022753440465349514016
1.8500000000000000888 0.00020392394271429362378 -0.00020192431060995000552
1.8600000000000000977 0.00017235262445042305742 -0.00016235446370133129065
1.8700000000000001066 0.00014340761198768895053 -0.00013740871590203177117
1.8800000000000001155 0.00011747112520964717584 -0.00011147222912398999648
1.8900000000000001243 9.4731556899887720945e-05 -8.4733396150795954171e-05
1.9000000000000001332 7.5207792716976384602e-05 -7.120852850828914807e-05
1.9100000000000001421 5.8780818886143488048e-05 -5.6781186781799869781e-05
1.9199999999999999289 4.5228589378247460999e-05 -4.5228589378247460999e-05
1.9299999999999999378 3.4260608744504484984e-05 -2.6262080327130011919e-05
1.9399999999999999467 2.5549460215524362645e-05 -2.1550196006837126113e-05
1.9499999999999999556 1.8757415759882464616e-05 -8.7592550107906978415e-06
1.9599999999999999645 1.355716562377386021e-05 -9.5579014150866236775e-06
1.9699999999999999734 9.6464922627630182673e-06 -3.6475961771058389117e-06
1.9799999999999999822 6.7573211596920893096e-06 1.2412072576823837556e-06
1.9899999999999999911 4.6599828897781534322e-06 -6.6071868109091605258e-07
2 3.1637248465245649755e-06 6.8344359025672013757e-06
2.0100000000000002309 2.1145487887706917632e-06 3.8843472968864875924e-06
2.0200000000000000178 1.3913658390851217204e-06 8.6067949100066456895e-06
2.0300000000000002487 9.0130044223370122681e-07 7.0972279751407717324e-06
2.0400000000000000355 5.7478106604939834421e-07 3.4244831426378391413e-06
2.0499999999999998224 3.6086099682335427674e-07 5.6380350888338254495e-06
2.0600000000000000533 2.2303964076314310371e-07 1.776592463580474792e-06
2.0699999999999998401 1.3571529371674988193e-07 3.8635489149704877094e-06
2.0800000000000000711 8.1298053309088342491e-08 7.9172303640653839683e-06
2.0899999999999998579 4.7944205213694856754e-08 3.9513200034735426684e-06
2.1000000000000000888 2.7835352291774266749e-08 9.9703253967999924153e-06
2.1099999999999998757 1.5909698238905505005e-08 3.9833545104483322088e-06
2.1200000000000001066 8.9522413912063377496e-09 5.9899438442659728342e-06
2.1299999999999998934 4.9591386127038210996e-09 1.1992833032701656837e-05
2.1400000000000001243 2.704489702781056433e-09 7.995823927671691871e-06
2.1499999999999999112 1.4520080983596678076e-09 9.9967087409934064687e-06
2.1600000000000001421 7.6746285776870446847e-10 5.9981286227994102877e-06
2.1699999999999999289 3.9934689856293644955e-10 1.9992327574450548121e-06
2.1800000000000001599 2.0457279882349479645e-10 1.99942753154479454e-06
2.1899999999999999467 1.0316920392654559598e-10 3.9991610394833106354e-06
2.2000000000000001776 5.122204266308858226e-11 7.9984771953318100377e-06
2.2099999999999999645 2.5036195210862819284e-11 3.9992391724920261695e-06
2.2200000000000001954 1.2047151900328622038e-11 1.1997780124162459262e-05
2.2299999999999999822 5.7069631068383202199e-12 7.998522710411365953e-06
2.2400000000000002132 2.6615238685182155149e-12 5.998893424133310424e-06
2.25 1.2219692774102488834e-12 5.9988948636879016783e-06
2.2600000000000002309 5.5232516428656216021e-13 1.3997423950706487175e-05
2.2700000000000000178 2.4577290074567270663e-13 5.9988958398842787961e-06
2.2800000000000002487 1.0766580247590393941e-13 9.9981606414259645028e-06
2.2900000000000000355 4.6432940734790925612e-14 1.9996320579106769019e-06
2.3000000000000002665 1.9714202771361808451e-14 3.9992641889730342703e-06
2.3100000000000000533 8.2401832567520623641e-15 1.9996320961034344218e-06
2.3199999999999998401 3.3907763303049354826e-15 3.9992642052964611537e-06
2.3300000000000000711 1.3736182017230697796e-15 5.9988960842835612717e-06
2.3399999999999998579 5.4781958261052678043e-16 1.1997792170766540153e-05
2.3500000000000000888 2.1508676613050658032e-16 1.7996688256756456073e-05
2.3599999999999998757 8.3137019097367985125e-17 1.999632104260480712e-06
2.3700000000000001066 3.1635873406583522588e-17 1.1997792171282723725e-05
2.3799999999999998934 1.1851404761986911284e-17 5.9988960856453276706e-06
2.3900000000000001243 4.3708354246232483912e-18 5.9988960856528086656e-06
2.3999999999999999112 1.5869516646650014025e-18 3.9992642086856500399e-06
2.4100000000000001421 5.6724093696788876374e-19 5.9988960856566118435e-06
2.4199999999999999289 1.9960713158782508043e-19 1.1997792171314160506e-05
2.4300000000000001599 6.9149518969032286261e-20 5.9988960856571098989e-06
2.4399999999999999467 2.3583425918483339391e-20 1.9996321043435941258e-06
2.4500000000000001776 7.9182506868551616311e-21 1.1997792171314351935e-05
2.4599999999999999645 2.6173163691852595517e-21 5.9988960856571768145e-06
2.4700000000000001954 8.5170229419898209434e-22 9.9981607490917650806e-06
2.4799999999999999822 2.7285004791672555878e-22 -2.7285004791672555878e-22
2.4900000000000002132 8.6052773684842143204e-23 7.9985284173744730651e-06
2.5 2.6718393001792423774e-23 9.9981607490917667747e-06
2.5100000000000002309 8.1669597561003782108e-24 9.9981607490917667747e-06
2.5200000000000000178 2.457622186486994083e-24 -2.457622186486994083e-24
2.5300000000000002487 7.2807219219032909799e-25 1.1997792171314360405e-05
2.5400000000000000355 2.1234321600197359861e-25 7.9985284173744730651e-06
2.5500000000000002665 6.0968703338658605264e-26 5.9988960856571793556e-06
2.5600000000000000533 1.7233764275445656695e-26 3.9992642086872373796e-06
2.5699999999999998401 4.7957657254399891164e-27 3.9992642086872373796e-06
2.5800000000000000711 1.3138336845219560112e-27 5.9988960856571793556e-06
2.5899999999999998579 3.5434592812598812647e-28 1.1997792171314360405e-05
2.6000000000000000888 9.408472554513374147e-29 5.9988960856571793556e-06
2.6099999999999998757 2.4593221411227875601e-29 5.9988960856571793556e-06
2.6200000000000001066 6.3287266584790952186e-30 1.9996321043436178428e-06
2.6299999999999998934 1.6033261617732884402e-30 5.9988960856571793556e-06
2.6400000000000001243 3.9988217083106341449e-31 3.9992642086872373796e-06
2.6499999999999999112 9.8185379851866215379e-32 5.9988960856571793556e-06
2.6600000000000001421 2.3733742693824526508e-32 3.9992642086872373796e-06
2.6699999999999999289 5.6479423659333201207e-33 3.9992642086872373796e-06
2.6800000000000001599 1.323179928869154185e-33 1.1997792171314360405e-05
2.6899999999999999467 3.0517726336000069803e-34 9.9981607490917667747e-06
2.7000000000000001776 6.9293111880439667747e-35 5.9988960856571793556e-06
2.7099999999999999645 1.5489328066014235085e-35 9.9981607490917667747e-06
2.7200000000000001954 3.4086288277049225917e-36 5.9988960856571793556e-06
2.7299999999999999822 7.3846763904057438438e-37 5.9988960856571793556e-06
2.7400000000000002132 1.5750264300154272571e-37 3.9992642086872373796e-06
2.75 3.3071115565307154824e-38 1.9996321043436178428e-06
2.7600000000000002309 6.8361953639209289972e-39 1.5997056834748949518e-05
2.7700000000000000178 1.391184426991298229e-39 5.9988960856571793556e-06
2.7800000000000002487 2.7871450502248992055e-40 9.9981607490917667747e-06
2.7900000000000000355 5.4971685889957531891e-41 5.9988960856571793556e-06
2.8000000000000002665 1.0673900816375911721e-41 5.9988960856571793556e-06
2.8100000000000000533 2.0403839149925743221e-42 9.9981607490917667747e-06
2.8199999999999998401 3.8397702635695101892e-43 7.9985284173744730651e-06
2.8300000000000000711 7.1138255725065887822e-44 5.9988960856571793556e-06
2.8399999999999998579 1.2974953352871678764e-44 5.9988960856571793556e-06
2.8500000000000000888 2.32976984407798193e-45 7.9985284173744730651e-06
2.8599999999999998757 4.1183652005495573804e-46 1.1997792171314360405e-05
2.8700000000000001066 7.1670645017723027658e-47 7.9985284173744730651e-06
2.8799999999999998934 1.2278982829706759982e-47 5.9988960856571793556e-06
2.8900000000000001243 2.0710381198392819415e-48 1.9996321043436178428e-06
2.8999999999999999112 3.4388910337254196201e-49 7.9985284173744730651e-06
2.9100000000000001421 5.6215148009415983525e-50 1.1997792171314360405e-05
2.9199999999999999289 9.0467569698027304479e-51 3.9992642086872373796e-06
2.9300000000000001599 1.4333000315725044449e-51 7.9985284173744730651e-06
2.9399999999999999467 2.2355578812078588456e-52 9.9981607490917667747e-06
2.9500000000000001776 3.4327276530878534587e-53 -3.4327276530878534587e-53
2.9599999999999999645 5.1891640416678980079e-54 3.9992642086872373796e-06
2.9700000000000001954 7.7225383364467696194e-55 1.9996321043436178428e-06
2.9799999999999999822 1.1314291597359740651e-55 3.9992642086872373796e-06
2.9900000000000002132 1.6319215724436037668e-56 5.9988960856571793556e-06
3 2.3172656343640698054e-57 1.9996321043436178428e-06
3.0100000000000002309 3.2393433288300425105e-58 3.9992642086872373796e-06
3.0200000000000000178 4.4580276804951653629e-59 5.9988960856571793556e-06
3.0300000000000002487 6.039947489545266337e-60 7.9985284173744730651e-06
3.0400000000000000355 8.0561619238530029674e-61 5.9988960856571793556e-06
3.0500000000000002665 1.0578591137275138014e-61 1.1997792171314360405e-05
3.0600000000000000533 1.3675150002297686586e-62 7.9985284173744730651e-06
3.0700000000000002842 1.7403675904795967736e-63 5.9988960856571793556e-06
3.0800000000000000711 2.1804919972367525908e-64 -2.1804919972367525908e-64
3.0899999999999998579 2.6895066877458871482e-65 7.9985284173744730651e-06
3.1000000000000000888 3.2658435912677209928e-66 9.9981607490917667747e-06
3.1099999999999998757 3.9041163869276096872e-67 9.9981607490917667747e-06
3.1200000000000001066 4.594674521564446809e-68 1.9996321043436178428e-06
3.1299999999999998934 5.3234278192069282305e-69 3.9992642086872373796e-06
3.1400000000000001243 6.0720118295570825515e-70 7.9985284173744730651e-06
3.1499999999999999112 6.8183371105591907843e-71 5.9988960856571793556e-06
3.1600000000000001421 7.5375282347271837798e-72 5.9988960856571793556e-06
3.1699999999999999289 8.203214273729056655e-73 7.9985284173744730651e-06
3.1800000000000001599 8.7890873584029047937e-74 9.9981607490917667747e-06
3.1899999999999999467 9.2706060861036748096e-75 9.9981607490917667747e-06
3.2000000000000001776 9.626692430107976073e-76 1.3997424503031650727e-05
3.2099999999999999645 9.841259562479245018e-77 7.9985284173744730651e-06
3.2200000000000001954 9.9044165679369181201e-78 3.9992642086872373796e-06
3.2299999999999999822 9.8132244231026705871e-79 5.9988960856571793556e-06
3.2400000000000002132 9.5719227645071738079e-80 3.9992642086872373796e-06
3.25 9.1916030760220770974e-81 1.9996321043436178428e-06
3.2600000000000002309 8.6893633833270622594e-82 9.9981607490917667747e-06
3.2700000000000000178 8.0870341815059050373e-83 1.9996321043436178428e-06
3.2800000000000002487 7.4096077779878914124e-84 9.9981607490917667747e-06
3.2900000000000000355 6.6835281545120945897e-85 3.9992642086872373796e-06
3.3000000000000002665 5.9350033132932525135e-86 9.9981607490917667747e-06
3.3100000000000000533 5.1884874567700255745e-87 1.1997792171314360405e-05
3.3200000000000002842 4.4654496629652911572e-88 9.9981607490917667747e-06
3.3300000000000000711 3.7835044284217549664e-89 7.9985284173744730651e-06
3.3399999999999998579 3.155934032238966764e-90 5.9988960856571793556e-06
3.3500000000000000888 2.5915894796302737625e-91 5.9988960856571793556e-06
3.3599999999999998757 2.0951211844082953106e-92 7.9985284173744730651e-06
3.3700000000000001066 1.6675824219900190047e-93 3.9992642086872373796e-06
3.3799999999999998934 1.4088005499498593711e-94 3.9992642086872373796e-06
3.3900000000000001243 8.5781552376947165964e-94 3.9992642086872373796e-06
3.3999999999999999112 6.6971115252908693358e-92 5.9988960856571793556e-06
3.4100000000000001421 5.0437137409753110805e-90 7.9985284173744730651e-06
3.4199999999999999289 3.6213185850915954769e-88 7.9985284173744730651e-06
3.4300000000000001599 2.4787527062264445007e-86 5.9988960856571793556e-06
3.4399999999999999467 1.6175272047849994954e-84 7.9985284173744730651e-06
3.4500000000000001776 1.0062913410667169771e-82 5.9988960856571793556e-06
3.4599999999999999645 5.9683119608454249538e-81 5.9988960856571793556e-06
3.4700000000000001954 3.3747133283585024339e-79 1.1997792171314360405e-05
3.4799999999999999822 1.8192059689685883291e-77 3.9992642086872373796e-06
3.4900000000000002132 9.3495038952092240974e-76 5.9988960856571793556e-06
3.5 4.5809878590556679004e-74 7.9985284173744730651e-06
3.5100000000000002309 2.1399116515638400913e-72 3.9992642086872373796e-06
3.5200000000000000178 9.5301778926485317131e-71 3.9992642086872373796e-06
3.5300000000000002487 4.0464767763987789005e-69 5.9988960856571793556e-06
3.5400000000000000355 1.6380474922039104652e-67 1.9996321043436178428e-06
3.5500000000000002665 6.3219626475577095127e-66 3.9992642086872373796e-06
3.5600000000000000533 2.326248304900749884e-64 1.3997424503031650727e-05
3.5700000000000002842 8.1609691525175241009e-63 9.9981607490917667747e-06
3.5800000000000000711 2.7296807178020722757e-61 3.9992642086872373796e-06
3.5899999999999998579 8.7050137439198346027e-60 1.9996321043436178428e-06
3.6000000000000000888 2.6467793188059150287e-58 5.9988960856571793556e-06
3.6099999999999998757 7.6729075555709132935e-57 3.9992642086872373796e-06
3.6200000000000001066 2.1207994339669496117e-55 1.1997792171314360405e-05
3.6299999999999998934 5.5890785785054739348e-54 7.9985284173744730651e-06
3.6400000000000001243 1.4043829690725260973e-52 7.9985284173744730651e-06
3.6499999999999999112 3.3646470684318849753e-51 3.9992642086872373796e-06
3.6600000000000001421 7.6861025613041225638e-50 1.9996321043436178428e-06
3.6699999999999999289 1.6741323514388475032e-48 1.9996321043436178428e-06
3.6800000000000001599 3.4769208784861743812e-47 9.9981607490917667747e-06
3.6899999999999999467 6.8853478986587476054e-46 5.9988960856571793556e-06
3.7000000000000001776 1.3001333753654261601e-44 7.9985284173744730651e-06
3.7099999999999999645 2.3409167529303175332e-43 7.9985284173744730651e-06
3.7200000000000001954 4.0190687101847087462e-42 3.9992642086872373796e-06
3.7299999999999999822 6.5797881069371510049e-41 7.9985284173744730651e-06
3.7400000000000002132 1.0271912184737358639e-39 5.9988960856571793556e-06
3.75 1.5291489709632677582e-38 9.9981607490917667747e-06
3.7600000000000002309 2.1707705427053518557e-37 3.9992642086872373796e-06
3.7700000000000000178 2.9386679887359190266e-36 5.9988960856571793556e-06
3.7800000000000002487 3.7937335492919932179e-35 5.9988960856571793556e-06
3.7900000000000000355 4.6705759631200016467e-34 3.9992642086872373796e-06
3.8000000000000002665 5.4836458170512145631e-33 7.9985284173744730651e-06
3.8100000000000000533 6.1400537678401573287e-32 3.9992642086872373796e-06
3.8200000000000002842 6.5567365811412585721e-31 5.9988960856571793556e-06
3.8300000000000000711 6.6776794002013521875e-30 9.9981607490917667747e-06
3.8399999999999998579 6.4862801376804065243e-29 3.9992642086872373796e-06
3.8500000000000000888 6.0090911782253634967e-28 3.9992642086872373796e-06
3.8599999999999998757 5.3097752573670055154e-27 -5.3097752573670055154e-27
3.8700000000000001066 4.4751721093152588253e-26 1.9996321043436178428e-06
3.8799999999999998934 3.5976786614691289872e-25 5.9988960856571793556e-06
3.8900000000000001243 2.7588470208453658562e-24 1.9996321043436178428e-06
3.8999999999999999112 2.0180874678024603493e-23 7.9985284173744730651e-06
3.9100000000000001421 1.4082343820134597043e-22 1.1997792171314360405e-05
3.9199999999999999289 9.374519877119997422e-22 3.9992642086872365326e-06
3.9300000000000001599 5.9536042519163189319e-21 7.9985284173744662889e-06
3.9399999999999999467 3.6073369137050978207e-20 1.9996321043435818439e-06
3.9500000000000001776 2.0854012669828136174e-19 1.9996321043434094727e-06
3.9599999999999999645 1.150298733136045292e-18 9.9981607490906165039e-06
3.9700000000000001954 6.0544306257029804104e-18 1.9996321043375632513e-06
3.9799999999999999822 3.040906413261837587e-17 7.9985284173440645823e-06
3.9900000000000002132 1.4575630374574540278e-16 7.9985284172287173296e-06
4 6.6676976660648134055e-16 1.9996321036768479062e-06
4.0099999999999997868 2.9112595447521035974e-15 3.9992642057759775166e-06
4.0200000000000004619 1.2133257276379734253e-14 5.9988960735239219712e-06
4.0300000000000002487 4.8272901744363451985e-14 1.5997056786476047187e-05
4.0400000000000000355 1.8335823475736487311e-13 9.9981605657335316311e-06
4.0499999999999998224 6.6498795782673651271e-13 9.9981600841038097003e-06
4.0600000000000004974 2.3029956598159900582e-12 9.9981584460961074053e-06
4.0700000000000002842 7.6171566318477317999e-12 7.9985208002178405834e-06
4.0800000000000000711 2.4064284620334788153e-11 5.9988720213725592971e-06
4.0899999999999998579 7.2627203089940103971e-11 1.9995594771405280085e-06
4.0999999999999996447 2.0943288914358227048e-10 -2.0943288914358227048e-10
4.1100000000000003197 5.7715224321452370939e-10 5.9983189334139651064e-06
4.1200000000000001066 1.5202866007465388588e-09 7.9970081307737267976e-06
4.1299999999999998934 3.8286871952522838368e-09 7.9946997301792215382e-06
4.1399999999999996803 9.2209348985497565863e-09 9.9889398141932175226e-06
4.1500000000000003553 2.1243457169022142832e-08 5.977652628488157011e-06
4.1600000000000001421 4.6831734452870499661e-08 -4.6831734452870499661e-08
4.1699999999999999289 9.8827333552709226686e-08 7.8997010838217631502e-06
4.1799999999999997158 1.9971588023684338348e-07 1.3797708622794806787e-05
4.1900000000000003908 3.8667544489682806454e-07 5.6122206407603515558e-06
4.2000000000000001776 7.1763757231723167225e-07 -7.1763757231723167225e-07
4.2099999999999999645 1.2774522268225648873e-06 7.2217987752105295543e-07
4.2199999999999997513 2.1825094762375579389e-06 5.8160189411369151262e-06
4.2300000000000004263 3.5815444300105806631e-06 -3.5815444300105806631e-06
4.2400000000000002132 5.6501935324209969348e-06 4.3479672166707698398e-06
4.25 8.5775337071769663781e-06 -5.7900528980249331293e-07
4.2599999999999997868 1.2544481076001033686e-05 -4.5459526586265606204e-06
4.2700000000000004619 1.7696331893051078468e-05 -1.1697435807393899112e-05
4.2800000000000002487 2.41142298727976969e-05 -1.8115333787140517545e-05
4.2900000000000000355 3.1791989318807927422e-05 -2.3793460901433454357e-05
4.2999999999999998224 4.0624623434625060231e-05 -3.6625359225937823698e-05
4.3100000000000004974 5.0412773757673951869e-05 -4.4413877672016772514e-05
4.3200000000000002842 6.08834579765098511e-05 -5.8883825872166232834e-05
4.3300000000000000711 7.1723319368826514257e-05 -6.3724790951452041192e-05
4.3399999999999998579 8.2617322570654417257e-05 -7.4618794153279944192e-05
4.3500000000000005329 9.32847154959466938e-05 -8.9285451287259457267e-05
4.3600000000000003197 0.00010350537209207173273 -9.9506107883384496194e-05
4.3700000000000001066 0.00011313273853387038491 -0.00011313273853387038491
4.3799999999999998934 0.00012209332227922821824 -0.00011609442619357103889
4.3899999999999996803 0.00013037573536948341693 -0.00012037757462039165015
4.4000000000000003553 0.00013801392132393422614 -0.00013201502523827704678
4.4100000000000001421 0.00014506921494010776175 -0.00013107179043707610933
4.4199999999999999289 0.00015161472732583958613 -0.0001476154631171523496
4.4299999999999997158 0.00015772389781531985877 -0.00015572426571097624051
4.4400000000000003908 0.00016346353445563185404 -0.00015746463836997467468
4.4500000000000001776 0.00016889064322236468484 -0.00016089211480499021178
4.4599999999999999645 0.00017405190123094882774 -0.00016805300514529164838
4.4699999999999997513 0.00017898463606009465572 -0.00017498537185140741919
4.4800000000000004263 0.00018371842918661377103 -0.00017771953310095659167
4.4900000000000002132 0.00018827678516884107491 -0.00018227788908318389555
4.5 0.00019267858654178375761 -0.00018667969045612657825
4.5099999999999997868 0.00019693924374611552846 -0.00018894071532874105539
4.5200000000000004619 0.00020107155301176860723 -0.0001970722888030813707
4.5300000000000002487 0.00020508631696416541228 -0.00019708778854679093922
4.5400000000000000355 0.00020899278910713599234 -0.00020499352489844875581
4.5499999999999998224 0.00021279899406617506933 -0.00020879972985748783279
4.5600000000000004974 0.00021651196222780187358 -0.00021451233012345825532
4.5700000000000002842 0.00022013790554297054747 -0.0002181382734386269292
4.5800000000000000711 0.00022368235236864460213 -0.00021768345628298742278
4.5899999999999998579 0.00022715025315188817011 -0.00021915172473451369705
4.6000000000000005329 0.00023054606481741341103 -0.00022254753640003893797
4.6100000000000003197 0.00023387381920490844626 -0.00022387565845581667949
4.6200000000000001066 0.00023713717929235993316 -0.0002291386508749854601
4.6299999999999998934 0.00024033948588996764196 -0.0002343405898043104626
4.6399999999999996803 0.00024348379678287675122 -0.0002294863722798450988
4.6500000000000003553 0.00024657291981204404636 -0.00023657475906295227959
4.6600000000000001421 0.00024960944103464134496 -0.00023961128028554957818
4.6699999999999999289 0.00025259574885190023844 -0.00024859648464321300191
4.6799999999999997158 0.00025553405480384968739 -0.00024153663030081803497
4.6900000000000003908 0.00025842641158802529466 -0.00025442714737933805813
4.7000000000000001776 0.00026127472875011367292 -0.00025927509664577005465
4.7099999999999999645 0.00026408078640988375202 -0.00025608225799250927896
4.7199999999999997513 0.00026684624731941960921 -0.00026084735123376242985
4.7300000000000004263 0.00026957266749819450797 -0.00026557340328950727144
4.7400000000000002132 0.000272261505647624399 -0.00026026371347631004028
4.75 0.00027491413151405015612 -0.00026691560309667568306
4.7599999999999997868 0.00027753183334178476186 -0.00027153293725612758251
4.7700000000000004619 0.00028011582453560070942 -0.00027411692844994353007
4.7800000000000002487 0.00028266724963374960768 -0.00027866798542506237115
4.7900000000000000355 0.00028518718967752808421 -0.00028118792546884084768
4.7999999999999998224 0.00028767666705087471596 -0.0002816777709652175366
4.8100000000000004974 0.00029013664985305128276 -0.00028413775376739410341
4.8200000000000002842 0.00029256805585870112284 -0.00028057026368738676413
4.8300000000000000711 0.00029497175611222252109 -0.00028497359536313075432
4.8399999999999998579 0.00029734857819715341783 -0.00029534894609280979956
4.8500000000000005329 0.00029969930921599108754 -0.00029769967711164746927
4.8600000000000003197 0.00030202469851135853003 -0.00029602580242570135068
4.8700000000000001066 0.00030432546015558522342 -0.00029632693173821075035
4.8799999999999998934 0.00030660227523245840936 -0.00030260301102377117283
4.8899999999999996803 0.00030885579393206388701 -0.00030085726551468941394
4.9000000000000003553 0.00031108663747717491162 -0.00030708737326848767508
4.9100000000000001421 0.00031329539989752058955 -0.00030929613568883335302
4.9199999999999999289 0.0003154826496664216379 -0.00030948375358076445855
4.9299999999999997158 0.00031764893121266396438 -0.00030965040279528949132
4.9400000000000003908 0.00031979476631908239012 -0.00031379587023342521077
4.9500000000000001776 0.00032192065541809149806 -0.00031992102331374787979
4.9599999999999999645 0.0003240270787933245732 -0.00031802818270766739384
4.9699999999999997513 0.00032611449769558522628 -0.00032411486559124160801
4.9800000000000004263 0.00032818335538048633553 -0.00031618556320917197682
4.9900000000000002132 0.00033023407807440202872 -0.00032223554965702755565
5 0.00033226707587471451984 -0.0003282678116660272833
5.0099999999999997868 0.00033428274358974092431 -0.00032828384750408374495
5.0200000000000004619 0.000336281461523223516 -0.00032828293310584904293
5.0300000000000002487 0.00033826359620779434005 -0.00033226470012213716069
5.0400000000000000355 0.00034022950109142415746 -0.00033223097267404968439
5.0499999999999998224 0.00034217951718048909967 -0.00034017988507614548141
5.0600000000000004974 0.00034411397364276640354 -0.00032811691680801745741
5.0700000000000002842 0.00034603318837337374231 -0.00032803650011640220424
5.0800000000000000711 0.00034793746852640109303 -0.00032794114702821755948
5.0899999999999998579 0.00034982711101474539377 -0.00033582968651171374135
5.1000000000000005329 0.00035170240298044519803 -0.00032970645006003907254
5.1100000000000003197 0.00035356362223761699827 -0.0003355669339806454602
5.1200000000000001066 0.00035541103768992185138 -0.00034341324551860749267
5.1299999999999998934 0.00035724490972433015209 -0.00033724858822614661854
5.1399999999999996803 0.00035906549058280923118 -0.00033906916908462569763
5.1500000000000003553 0.00036087302471343117019 -0.0003388770717930250447
5.1600000000000001421 0.00036266774910227310728 -0.00035266958835318134051
5.1699999999999999289 0.00036444989358738695334 -0.00033845467600354624043
5.1799999999999997158 0.00036621968115599888571 -0.00033622520072771298894
5.1900000000000003908 0.00036797732822602954384 -0.00034998063996905800577
5.2000000000000001776 0.00036972304491292908588 -0.00035172635665595754781
5.2099999999999999645 0.00037145703528275621349 -0.00035146071378457267994
5.2199999999999997513 0.00037317949759235567861 -0.00036318133684326391183
5.2300000000000004263 0.00037489062451743023928 -0.00036689209610005576621
5.2400000000000002132 0.00037659060336924394261 -0.00035459465044883781712
5.25 0.00037827961630064401051 -0.0003522843987168032976
5.2599999999999997868 0.00037995784050203352655 -0.0003459640935913236388
5.2700000000000004619 0.00038162544838789193985 -0.00036762802388486028743
5.2800000000000002487 0.00038328260777439025764 -0.00036328628627620672409
5.2900000000000000355 0.00038492948204862009656 -0.00037093205754558844413
5.2999999999999998224 0.00038656623032990963026 -0.00037056917349516068413
5.3100000000000004974 0.00038819300762367897921 -0.00037419558312064732679
5.3200000000000002842 0.00038980996496824823214 -0.00037981180421915646537
5.3300000000000000711 0.00039141724957499139355 -0.00037941945740367703484
5.3399999999999998579 0.00039301500496219941069 -0.00039101537285785579242
5.3500000000000005329 0.00039460337108299445427 -0.00037860631424824550814
5.3600000000000003197 0.00039618248444761442525 -0.00037218690010498570783
5.3700000000000001066 0.00039775247824036985469 -0.00038975394982299538162
5.3799999999999998934 0.00039931348243154907206 -0.00037731752951114294658
5.3899999999999996803 0.00040086562388454258406 -0.00038886783171322822535
5.4000000000000003553 0.00040240902645842974205 -0.00038641196962368079592
5.4100000000000001421 0.00040394381110626188585 -0.00037994822676363316843
5.4199999999999999289 0.00040547009596926736948 -0.00038147451162663865206
5.4299999999999997158 0.00040698799646719156873 -0.00037899314746112826389
5.4400000000000003908 0.00040849762538497917013 -0.00039050093712800763206
5.4500000000000001776 0.00040999909295602842947 -0.00040200056453865395641
5.4599999999999999645 0.00041149250694227180796 -0.00039149618544408827442
5.4699999999999997513 0.00041297797271143562269 -0.00040098018054012126397
5.4800000000000004263 0.00041445559331202341466 -0.00039845853647727446853
5.4900000000000002132 0.0004159254695469855349 -0.00039792878129001399683
5.5 0.0004173877000478763504 -0.00040339027554484469798
5.5099999999999997868 0.00041884238135296884224 -0.00040884422060387707546
5.5200000000000004619 0.00042028960799605282351 -0.00041029144724696105673
5.5300000000000002487 0.00042172947261887017405 -0.00040773204811583852163
5.5400000000000000355 0.00042316206613188586802 -0.0003851690563767307964
5.5499999999999998224 0.00042458747796978005317 -0.0004065907897128085151
5.5600000000000004974 0.00042600579652754284182 -0.00041800726811016836876
5.5700000000000002842 0.00042741710993359383498 -0.00040942042167662229691
5.5800000000000000711 0.0004288215074402000138 -0.00041282445060545106767
5.5899999999999998579 0.00043021908192500852046 -0.00040822312900460239497
5.6000000000000005329 0.00043160993435891365248 -0.00040761435001628493506
5.6100000000000003197 0.00043299418169568044176 -0.00041699712486093149563
5.6200000000000001066 0.00043437197061632095135 -0.00043037270640763371481
5.6299999999999998934 0.00043574350112176782595 -0.00041774681286479628788
5.6399999999999996803 0.00043710906640741562347 -0.00040511495273791773121
5.6500000000000003553 0.00043846911918653090363 -0.0004224720623517819575
5.6600000000000001421 0.00043982438021417222165 -0.00042982621946508045487
5.6699999999999999289 0.00044117601291966917869 -0.00042517895608492023256
5.6799999999999997158 0.00044252589966864533692 -0.00040253325667227826982
5.6900000000000003908 0.00044387707126176186457 -0.00043787817517610468521
5.7000000000000001776 0.00044523436289858815988 -0.00043323657072727380117
5.7099999999999999645 0.00044660539793186870101 -0.00042860870967489716294
5.7199999999999997513 0.00044800203585704489713 -0.00043800387510795313036
5.7300000000000004263 0.00044944246287866550238 -0.00043344540604391655625
5.7400000000000002132 0.00045095415049781602474 -0.00042695856615518730732
5.75 0.00045257795632751274522 -0.00043058200340710661973
5.7599999999999997868 0.00045437368554427482554 -0.00043837662870952587941
5.7700000000000004619 0.00045642746148335177573 -0.0004404304046486028296
5.7800000000000002487 0.00045886125661927918123 -0.00043486567227665046381
5.7900000000000000355 0.00046184489363076453895 -0.00044384820537379300089
5.7999999999999998224 0.00046561072070064432778 -0.000455612559951552561
5.8100000000000004974 0.00047047097497250465374 -0.00045247428671553311568
5.8200000000000002842 0.00047683755467277204321 -0.00045884086641580050514
5.8300000000000000711 0.00048524351189922803251 -0.00046124792755659931509
5.8399999999999998579 0.00049636505466266081336 -0.00047236947032003209594
5.8500000000000005329 0.00051104222677275613559 -0.00049904443460144177688
5.8600000000000003197 0.00053029575964445049667 -0.00050630017530182177925
5.8700000000000001066 0.00055533693068974361237 -0.00053334097776933748689
5.8799999999999998934 0.00058756671629500202298 -0.00056957002803803048491
5.8899999999999996803 0.00062856021463793742762 -0.00060256499705409671472
5.9000000000000003553 0.00068003236882237239318 -0.00065603678447974367576
5.9100000000000001421 0.00074378157370371452556 -0.00071578672469765122072
5.9199999999999999289 0.00082160890269961843555 -0.00079161442227133253877
5.9299999999999997158 0.00091521249239399308367 -0.00089321653947358695819
5.9400000000000003908 0.0010260590416050444518 -0.000998064192598981147
5.9500000000000001776 0.0011552372862708721723 -0.0011212435393601622845
5.9599999999999999645 0.0013033014609276584363 -0.0012593095550868461854
5.9699999999999997513 0.0014701158081459272681 -0.0014241242690639030217
5.9800000000000004263 0.0016547137297407289291 -0.001614721086744361862
5.9900000000000002132 0.0018551867395636299427 -0.0017931981418278673465
6 0.002068618563028561206 -0.0020126288650164345963
6.0099999999999997868 0.0022910782249657246461 -0.0022170918350586476912
6.0200000000000004619 0.0025176826419288380297 -0.0024236999341615563484
6.0300000000000002487 0.0027427341836412295374 -0.0026407529501850574884
6.0400000000000000355 0.0029599322412420369516 -0.0028479528452177837322
6.0499999999999998224 0.0031626506299831580113 -0.0030146778501690041016
6.0600000000000004974 0.0033442654420642856962 -0.0032182886242654849297
6.0700000000000002842 0.0034985116289699301137 -0.0033845326033424437059
6.0800000000000000711 0.0036198419873655508089 -0.0034838669997227112579
6.0899999999999998579 0.003703760053351859774 -0.0035597865472960874694
6.1000000000000005329 0.0037470991151464937315 -0.0035751307509897111044
6.1100000000000003197 0.0037482232226927541738 -0.0035922519244656675105
6.1200000000000001066 0.0037071324093726622066 -0.003545162215059918364
6.1299999999999998934 0.0036254626920163494745 -0.0034634924977036056319
6.1400000000000005684 0.0035063808492078662668 -0.003374405135323408321
6.1500000000000003553 0.0033543834116953274126 -0.0032184084240524878616
6.1600000000000001421 0.0031750176497281012121 -0.0030650378833070811811
6.1699999999999999289 0.0029745486788214196838 -0.0028605696531939332761
6.1799999999999997158 0.0027596004738793555346 -0.0026556196035439926829
6.1900000000000003908 0.00253679928687681501 -0.0024548143712808476874
6.2000000000000001776 0.0023124457940438200576 -0.0022424586706191670937
6.2099999999999999645 0.002092237693187656844 -0.0020262498362454278711
6.2199999999999997513 0.0018810581354663251288 -0.0018190695377305625326
6.2300000000000004263 0.0016828381639619059869 -0.0016308477287942245611
6.2400000000000002132 0.0015004941213931652713 -0.0014605014783967982042
6.25 0.0013359345622813998192 -0.0013039404486119019269
6.2599999999999997868 0.0011901261534448738955 -0.0011741290966101249494
6.2700000000000004619 0.0010632047212270556106 -0.0010472076643923066645
6.2800000000000002487 0.00095461610030705826898 -0.00093661941205008673091
6.2900000000000000355 0.00086327162428407190186 -0.00083927603994144318444
6.2999999999999998224 0.00078770466422033950243 -0.00077370723971730785001
6.3100000000000004974 0.00072621715377684805618 -0.00071022009694209911005
6.3200000000000002842 0.00067700809016696319054 -0.00065501213724655706506
6.3300000000000000711 0.00063827914957433442341 -0.00062028246131736288534
6.3399999999999998579 0.00060831546036458597655 -0.00059831729961549420978
6.3500000000000005329 0.00058554199628248107101 -0.00056754530802550953294
6.3600000000000003197 0.00056855785334021004263 -0.00054856153184202650908
6.3700000000000001066 0.00055615182702384985663 -0.00054815329860647538356
6.3799999999999998934 0.00054730325933993794005 -0.00053130620250518899392
6.3900000000000005684 0.00054117218044798319054 -0.00052517512361323424441
6.4000000000000003553 0.00053708245687890605099 -0.0005150865039584999255
6.4100000000000001421 0.00053450111167443299046 -0.00051450479017624945691
6.4199999999999999289 0.00053301632237126269406 -0.00050902073802863397663
6.4299999999999997158 0.00053231592823891227696 -0.00052031813606759791824
6.4400000000000003908 0.00053216765818456615057 -0.00051017170526416002509
6.4500000000000001776 0.00053240176732399769038 -0.00051240544582581415683
6.4599999999999999645 0.00053289636170979193513 -0.00052489783329241746206
6.4699999999999997513 0.00053356539729530402805 -0.00052156760512398966934
6.4800000000000004263 0.00053434914898364339105 -0.00052235135681232903234
6.4900000000000002132 0.00053520684006272119335 -0.00051321088714231506787
6.5 0.00053611108078471336833 -0.0005201140239499644222
6.5099999999999997868 0.00053704376758250771482 -0.00052704560683341594805
6.5200000000000004619 0.0005379931245149528838 -0.00052199606768020393767
6.5300000000000002487 0.00053895161273400478061 -0.00051895529123582124706
6.5400000000000000355 0.00053991448252968185506 -0.00052591705802665020264
6.5499999999999998224 0.00054087878961124017003 -0.00053288026119386569697
6.5600000000000004974 0.00054184273917974590251 -0.0005298449470084315438
6.5700000000000002842 0.00054280525646683848006 -0.00052280893496865494651
6.5800000000000000711 0.00054376571051130916622 -0.00052576902225433762815
6.5899999999999998579 0.00054472373956638479951 -0.00052872668273163585338
6.6000000000000005329 0.00054567914261677676405 -0.00052368318969637063856
6.6100000000000003197 0.00054663181309750523765 -0.00051663733266921934087
6.6200000000000001066 0.00054758169906291898933 -0.0005315846422281700432
6.6299999999999998934 0.0005485287796389667252 -0.00053253172280421777907
6.6400000000000005684 0.00054947305132522258463 -0.00052547746698259386721
6.6500000000000003553 0.00055041452015317893047 -0.00052641893581055021305
6.6600000000000001421 0.00055135319726789687369 -0.00051735945035718698595
6.6699999999999999289 0.00055228909647765222612 -0.0005382916719746205737
6.6799999999999997158 0.00055322223291645123214 -0.00053522554465947969407
6.6900000000000003908 0.00055415262232567409628 -0.00053815556549092515015
6.7000000000000001776 0.0005550802806746671066 -0.00052908506309082639369
6.7099999999999999645 0.00055600522396394920673 -0.0005420077994609175543
6.7199999999999997513 0.0005569274681252591808 -0.00052493335445576128854
6.7300000000000004263 0.00055784702897214866885 -0.00052585291530265077659
6.7400000000000002132 0.00055876392217654399265 -0.00053676796925613786717
6.75 0.00055967816325843279101 -0.00053168331425236948617
6.7599999999999997868 0.00056058976758207429945 -0.00053059528715378840268
6.7700000000000004619 0.00056149875035539122126 -0.00054550169352064227513
6.7800000000000002487 0.00056240512663087883095 -0.00053441027762481552611
6.7900000000000000355 0.00056330891130721642401 -0.00054931148680418477159
6.7999999999999998224 0.00056421011913118624629 -0.00054021453478855752887
6.8100000000000004974 0.00056510876469971331199 -0.00053911354711587259909
6.8200000000000002842 0.00056600486246193915715 -0.00054200927811931043972
6.8300000000000000711 0.00056689842672129179841 -0.00053090505020734872228
6.8399999999999998579 0.00056778947163752956258 -0.00053579535796803167032
6.8500000000000005329 0.00056867801122875651001 -0.00054668205830835038452
6.8600000000000003197 0.00056956405937340327198 -0.00053756994570390537972
6.8700000000000001066 0.00057044762981217471149 -0.00052445609073015046504
6.8799999999999998934 0.00057132873614996137167 -0.00054533351856612065876
6.8900000000000005684 0.00057220739185772013288 -0.0005422129114294342361
6.9000000000000003553 0.00057308361027431865744 -0.00052909170443350640647
6.9100000000000001421 0.00057395740460834904304 -0.00053396476161198197594
6.9199999999999999289 0.00057482878793991122688 -0.00053683577818475615526
6.9299999999999997158 0.00057569777322236375533 -0.00052370733805468232952
6.9400000000000003908 0.00057656437328405211063 -0.00053457210068445185514
6.9500000000000001776 0.00057742860083003335128 -0.00053343669498922110031
6.9599999999999999645 0.00057829046844387762237 -0.0005342985626030653714
6.9699999999999997513 0.00057914998858984967876 -0.00052316029057772306908
6.9800000000000004263 0.00058000717361656860954 -0.0004920233619349441076
6.9900000000000002132 0.00058086203576586414345 -0.00050487601625555400021
7 0.00058171458719885301217 -0.00049972967160288568958
7.0099999999999997868 0.00058256484007591588254 -0.00050657882056560573931
7.0200000000000004619 0.00058341280679643852617 -0.00052142420906067593004
7.0300000000000002487 0.00058425850068673267686 -0.00050627285157318934524
7.0400000000000000355 0.00058510193787712533493 -0.00050111739267792482395
7.0499999999999998224 0.00058594314216034524678 -0.00049595970087548755644
7.0600000000000004974 0.00058678215690329861565 -0.00048480092344712662081
7.0700000000000002842 0.0005876190726820910851 -0.00047563967665783786574
7.0800000000000000711 0.00058845408787695915528 -0.00050446954267775864431
7.0899999999999998579 0.00058928763407532671996 -0.0004753086084478403122
7.1000000000000005329 0.00059012062060323174952 -0.00046614342513170655725
7.1100000000000003197 0.00059095488282620209624 -0.00049097327897326323558
7.1200000000000001066 0.00059179395263909918747 -0.00046381749796110761843
7.1299999999999998934 0.00059264429506522586007 -0.00047466600295531546135
7.1400000000000005684 0.00059351715131668412052 -0.00047953812568919771276
7.1500000000000003553 0.00059443106843711619128 -0.00044445866629568670739
7.1600000000000001421 0.0005954150532854915424 -0.00046543896172830917079
7.1699999999999999289 0.00059651205685943761974 -0.00048653229043841758877
7.1799999999999997158 0.00059778220365268449569 -0.00044980942383853058601
7.1900000000000003908 0.00059930490859350224117 -0.00040134133776681532244
7.2000000000000001776 0.00060117889044503829751 -0.00039721642353269419942
7.2099999999999999645 0.00060351921912753551339 -0.00044554828402125804757
7.2199999999999997513 0.00060645099489570241172 -0.00045647859275427292783
7.2300000000000004263 0.00061010000746205899583 -0.00041813533272102925645
7.2400000000000002132 0.000614581585727911597 -0.00042061727410769110926
7.25 0.00061998954907143289522 -0.00041602708215908879713
7.2599999999999997868 0.00062638743425604383533 -0.00042042533046450893466
7.2700000000000004619 0.00063380384294888230268 -0.00044383879053512813751
7.2800000000000002487 0.00064223288288688476239 -0.00045426746735232139979
7.2900000000000000355 0.00065163951451284603776 -0.00039168733139848134874
7.2999999999999998224 0.00066196852937569407999 -0.00042801158203506408512
7.3100000000000004974 0.00067315520794997813457 -0.00043719862373015733713
7.3200000000000002842 0.00068513560245033443014 -0.00042318381156060934107
7.3300000000000000711 0.0006978548216709144986 -0.00047989492570806523922
7.3399999999999998579 0.00071127244677064119672 -0.00042732467931364768185
7.3500000000000005329 0.00072536500179404804229 -0.00044741614497462693515
7.3600000000000003197 0.00074012601083097069067 -0.00042418414061841581324
7.3700000000000001066 0.00075556448205442135538 -0.00045561967777156233339
7.3799999999999998934 0.00077170267810666194619 -0.00048175602911592653455
7.3900000000000005684 0.0007885738555946448158 -0.00051062499877522365445
7.4000000000000003553 0.00080622040124542822953 -0.0005462682181310634863
7.4100000000000001421 0.00082469255369594718971 -0.00049275361755369629421
7.4199999999999999289 0.00084404772965466384228 -0.00054010365161342326935
7.4299999999999997158 0.00086435038192917183156 -0.0005684048223008640122
7.4400000000000003908 0.00088567228934540397339 -0.00060372415876760120688
7.4500000000000001776 0.00090809319057870874648 -0.00057215500978190681099
7.4599999999999999645 0.00093170170362048658486 -0.00057176793848105582352
7.4699999999999997513 0.00095659650580722356637 -0.00056666824568759167988
7.4800000000000004263 0.00098288777943973388955 -0.00060895658524979796693
7.4900000000000002132 0.0010106989538065870755 -0.00059877474622351727421
7.5 0.0010401687976162653053 -0.0006382427453253190601
7.5099999999999997868 0.001071453939390899909 -0.00066552864244540251536
7.5200000000000004619 0.0011047319207567120498 -0.00068280955788151869237
7.5300000000000002487 0.0011402049230226918297 -0.00069428697580486975482
7.5400000000000000355 0.0011781043575031576332 -0.00069219376001301087704
7.5499999999999998224 0.0012186965881334052737 -0.00068679445883719188529
7.5600000000000004974 0.0012622901949466908481 -0.00077038068681897168416
7.5700000000000002842 0.0013092454828862057446 -0.00077334407983161075097
7.5800000000000000711 0.0013599876563630355387 -0.00081208849024095664318
7.5899999999999998579 0.001415026936574032522 -0.0008651281044689323671
7.6000000000000005329 0.0014749937589870869021 -0.00082311370797772992654
7.6100000000000003197 0.0015407095506719948978 -0.00081084386510100981901
7.6200000000000001066 0.0016133434706355784076 -0.00074350349455954171593
7.6299999999999998934 0.0016947732137759150516 -0.00073494984007076635465
7.6400000000000005684 0.0017884102729899392908 -0.00071860713286377034606
7.6500000000000003553 0.0019010241114596761972 -0.00064325551214319820481
7.6600000000000001421 0.0020465757864186057136 -0.00060484105987786162574
7.6699999999999999289 0.0022537974758396529286 -0.00058010545338938487685
7.6799999999999997158 0.0025801712230698195874 -0.00062253140405872740143
7.6900000000000003908 0.0031357622503771910398 -0.00077819598685051295447
7.7000000000000001776 0.0041203384384415116942 -0.0010629009552202196322
7.7099999999999999645 0.005875186248193801572 -0.0022378554087833777732
7.7199999999999997513 0.0089456358723122124388 -0.0045944362677413468077
7.7300000000000004263 0.014140719205576020995 -0.0090356586803375070482
7.7400000000000002132 0.022563631068874011321 -0.01624679321419061212
7.75 0.035574925222013178971 -0.028296264444056931642
7.7599999999999997868 0.054647256814697592331 -0.04592886120901426561
7.7700000000000004619 0.081085000196068068856 -0.071312798196046134347
7.7800000000000002487 0.11561985409298498884 -0.10419795571306307569
7.7900000000000000355 0.15795063262816566585 -0.14527096541609663127
7.7999999999999998224 0.20635429380090317131 -0.19263281842322430015
7.8100000000000004974 0.2575274069861094306 -0.24271013374184768896
7.8200000000000002842 0.3067946211511111132 -0.29097753214480637229
7.8300000000000000711 0.34873220001028898407 -0.33215125140415552307
7.8399999999999998579 0.37811934408860597978 -0.36098849606829080949
7.8500000000000005329 0.39099627894137289896 -0.3742273652252950944
7.8600000000000003197 0.38553547433793339261 -0.36915048904001507291
7.8700000000000001066 0.3624621599978992692 -0.34640711434848997508
7.8799999999999998934 0.32489118110113129889 -0.30962599012725339209
7.8900000000000005684 0.27763126770447338343 -0.26351586522947395563
7.9000000000000003553 0.22617149105510700458 -0.21316388467541921847
7.9100000000000001421 0.17564432773049537539 -0.16392248480822507739
7.9199999999999999289 0.13003125604709725449 -0.11995511040559153626
7.930000000000000604 0.091763800621313854067 -0.083175381325466438143
7.9400000000000003908 0.061730417991213135109 -0.054373771520487598763
7.9500000000000001776 0.039584628676124909707 -0.033693712574490407297
7.9599999999999999645 0.02419634084287275444 -0.019413220836549893722
7.9699999999999997513 0.014098259001086445308 -0.010278961700434775806
7.9800000000000004263 0.0078301737160658760328 -0.0048347248305803461332
7.9900000000000002132 0.0041453891144167627145 -0.0019257975918274368096
8 0.0020919216345803293144 -0.00036423956191106122635
8.0099999999999997868 0.0010062599939992121663 0.00022551341319927676286
8.0199999999999995737 0.00046137960607077054421 0.00043845483588163681587
8.0299999999999993605 0.00020164565125265764846 0.00042623881541407058256
8.0400000000000009237 8.4004131097013416728e-05 0.00038790903734262820526
8.0500000000000007105 3.3357454963838188819e-05 0.000278585141490335158
8.0600000000000004974 1.2625974904756561703e-05 0.00018333797359465473539
8.0700000000000002842 4.5552901166736295993e-06 0.00010542447630434637258
8.0800000000000000711 1.5665551900912627596e-06 9.8415048662847594719e-05
8.0899999999999998579 5.1351530654577061931e-07 5.1476919861135659955e-05
8.0999999999999996447 1.6044961293857230691e-07 4.1831822986661688609e-05
8.1099999999999994316 4.7786050789939218794e-08 2.1948166869616188702e-05
8.1200000000000009948 1.3565644552217880198e-08 1.1984226526762141872e-05
8.1300000000000007816 3.6707620177004893387e-09 1.9959613423259172988e-06
8.1400000000000005684 9.4677816905635197235e-10 -9.4677816905635197235e-10
8.1500000000000003553 2.327642008418001515e-10 -2.327642008418001515e-10
8.1600000000000001421 5.4545614919707701141e-11 1.9995775587286982075e-06
8.1699999999999999289 1.2183693989249059308e-11 -1.2183693989249059308e-11
8.1799999999999997158 2.5940205202341930317e-12 -2.5940205202341930317e-12
8.1899999999999995026 5.2643279036248284766e-13 -5.2643279036248284766e-13
8.1999999999999992895 1.0183273080738337898e-13 -1.0183273080738337898e-13
8.2100000000000008527 1.8776153396747010373e-14 -1.8776153396747010373e-14
8.2200000000000006395 3.2998978256140136677e-15 -3.2998978256140136677e-15
8.2300000000000004263 5.5280105502486069195e-16 -5.5280105502486069195e-16
8.2400000000000002132 8.826969232452067358e-17 1.9996321042553481158e-06
8.25 1.3434720273697878854e-17 -1.3434720273697878854e-17
8.2599999999999997868 1.9490357467697128795e-18 -1.9490357467697128795e-18
8.2699999999999995737 2.695163044580054294e-19 -2.695163044580054294e-19
8.2799999999999993605 3.5524195603843940255e-20 -3.5524195603843940255e-20
8.2900000000000009237 4.4631075051481533661e-21 -4.4631075051481533661e-21
8.3000000000000007105 5.3447112744270124514e-22 -5.3447112744270124514e-22
8.3100000000000004974 6.1007732207942449892e-23 -6.1007732207942449892e-23
8.3200000000000002842 6.6377237680107419148e-24 -6.6377237680107419148e-24
8.3300000000000000711 6.8837812952447375532e-25 -6.8837812952447375532e-25
8.3399999999999998579 6.8046922143138663397e-26 -6.8046922143138663397e-26
8.3499999999999996447 6.4115551746245293543e-27 -6.4115551746245293543e-27
8.3599999999999994316 5.7582657239065187113e-28 -5.7582657239065187113e-28
8.3700000000000009948 4.929392378434435011e-29 -4.929392378434435011e-29
8.3800000000000007816 4.0222438504669764144e-30 -4.0222438504669764144e-30
8.3900000000000005684 3.1283596621293830125e-31 -3.1283596621293830125e-31
8.4000000000000003553 2.3191999262185409215e-32 -2.3191999262185409215e-32
8.4100000000000001421 1.6388261627745471628e-33 -1.6388261627745471628e-33
8.4199999999999999289 1.1038263019880828265e-34 -1.1038263019880828265e-34
8.4299999999999997158 7.0866616874707601027e-36 -7.0866616874707601027e-36
8.4399999999999995026 4.3366636478195742253e-37 -4.3366636478195742253e-37
8.4499999999999992895 2.529547402101776745e-38 -2.529547402101776745e-38
8.4600000000000008527 1.4063807602445699901e-39 -1.4063807602445699901e-39
8.4700000000000006395 7.4530835862541401913e-41 -7.4530835862541401913e-41
8.4800000000000004263 3.7648009498041286554e-42 -3.7648009498041286554e-42
8.4900000000000002132 1.8126792837605095451e-43 -1.8126792837605095451e-43
8.5 8.3190325122342971161e-45 -8.3190325122342971161e-45
8.5099999999999997868 3.6391297873156494723e-46 -3.6391297873156494723e-46
8.5199999999999995737 1.5173826595255404823e-47 -1.5173826595255404823e-47
8.5299999999999993605 6.0306693075154805422e-49 -6.0306693075154805422e-49
8.5400000000000009237 2.2845923394881930046e-50 -2.2845923394881930046e-50
8.5500000000000007105 8.2494444163575342353e-52 -8.2494444163575342353e-52
8.5600000000000004974 2.8393141557893242586e-53 -2.8393141557893242586e-53
8.5700000000000002842 9.3148301000781973155e-55 -9.3148301000781973155e-55
8.5800000000000000711 2.912789851149579534e-56 -2.912789851149579534e-56
8.5899999999999998579 8.6819258916352380091e-58 -8.6819258916352380091e-58
8.5999999999999996447 2.4665827263335477961e-59 -2.4665827263335477961e-59
8.6099999999999994316 6.6795617702858174843e-61 -6.6795617702858174843e-61
8.6200000000000009948 1.7241415281190422445e-62 -1.7241415281190422445e-62
8.6300000000000007816 4.2419983658229990022e-64 -4.2419983658229990022e-64
8.6400000000000005684 9.9481129802025867265e-66 -9.9481129802025867265e-66
8.6500000000000003553 2.223737574816588695e-67 -2.223737574816588695e-67
8.6600000000000001421 4.7380425879667362526e-69 -4.7380425879667362526e-69
8.6699999999999999289 9.6224790144169701242e-71 -9.6224790144169701242e-71
8.6799999999999997158 1.8627199224882429034e-72 -1.8627199224882429034e-72
8.6899999999999995026 3.4370093110520637202e-74 -3.4370093110520637202e-74
8.7000000000000010658 6.0448622454812085192e-76 1.9996321043436178428e-06
8.7100000000000008527 1.0133620757469102811e-77 -1.0133620757469102811e-77
8.7200000000000006395 1.6192556244933812763e-79 -1.6192556244933812763e-79
8.7300000000000004263 2.4662590907588355926e-81 -2.4662590907588355926e-81
8.7400000000000002132 3.580424262839994519e-83 -3.580424262839994519e-83
8.75 4.9545336403699636311e-85 -4.9545336403699636311e-85
8.7599999999999997868 6.5349694212918308175e-87 -6.5349694212918308175e-87
8.7699999999999995737 8.2159316363933899064e-89 -8.2159316363933899064e-89
8.7799999999999993605 9.8456080813450977053e-91 -9.8456080813450977053e-91
8.7900000000000009237 1.1246068710199422881e-92 -1.1246068710199422881e-92
8.8000000000000007105 1.2244227045019245477e-94 -1.2244227045019245477e-94
8.8100000000000004974 1.2706749272396666868e-96 -1.2706749272396666868e-96
8.8200000000000002842 1.2569267935507496794e-98 -1.2569267935507496794e-98
8.8300000000000000711 1.1851080195759466583e-100 -1.1851080195759466583e-100
8.8399999999999998579 1.0650703922443415379e-102 -1.0650703922443415379e-102
8.8499999999999996447 9.123702209683927385e-105 -9.123702209683927385e-105
8.8599999999999994316 7.449657383415418602e-107 -7.449657383415418602e-107
8.8700000000000009948 5.7979424276618952175e-109 -5.7979424276618952175e-109
8.8800000000000007816 4.3011431033936655795e-111 -4.3011431033936655795e-111
8.8900000000000005684 3.0413491055920003989e-113 -3.0413491055920003989e-113
8.9000000000000003553 2.0498450717782093504e-115 -2.0498450717782093504e-115
8.9100000000000001421 1.3168859926558242135e-117 -1.3168859926558242135e-117
8.9199999999999999289 8.0639474430476430846e-120 -8.0639474430476430846e-120
8.9299999999999997158 4.7067330093349763815e-122 -4.7067330093349763815e-122
8.9399999999999995026 2.6185676457234510398e-124 -2.6185676457234510398e-124
8.9500000000000010658 1.3886103094948730095e-126 -1.3886103094948730095e-126
8.9600000000000008527 7.0189043074026127973e-129 -7.0189043074026127973e-129
8.9700000000000006395 3.3816651437955655366e-131 -3.3816651437955655366e-131
8.9800000000000004263 1.5529741227196394609e-133 -1.5529741227196394609e-133
8.9900000000000002132 6.7978279846246819202e-136 -6.7978279846246819202e-136
9 2.8362757475871832879e-138 -2.8362757475871832879e-138
9.0099999999999997868 1.1279739148314228461e-140 -1.1279739148314228461e-140
9.0199999999999995737 4.2758452730002653957e-143 -4.2758452730002653957e-143
9.0299999999999993605 1.5449599361484825444e-145 -1.5449599361484825444e-145
9.0400000000000009237 5.3208960386705690217e-148 -5.3208960386705690217e-148
9.0500000000000007105 1.7467253883128125089e-150 -1.7467253883128125089e-150
9.0600000000000004974 5.4655867890147383297e-153 -5.4655867890147383297e-153
9.0700000000000002842 1.6301263082556283199e-155 -1.6301263082556283199e-155
9.0800000000000000711 4.6342345790055036897e-158 -4.6342345790055036897e-158
9.0899999999999998579 1.2557612053696276809e-160 -1.2557612053696276809e-160
9.0999999999999996447 3.2434588986784006082e-163 -3.2434588986784006082e-163
9.1099999999999994316 7.9851305369823500381e-166 -7.9851305369823500381e-166
9.1200000000000009948 1.8738202262672322927e-168 -1.8738202262672322927e-168
9.1300000000000007816 4.191274474137967377e-171 -4.191274474137967377e-171
9.1400000000000005684 8.9358641300452908921e-174 -8.9358641300452908921e-174
9.1500000000000003553 1.815930746950428653e-176 -1.815930746950428653e-176
9.1600000000000001421 3.517501370975807424e-179 -3.517501370975807424e-179
9.1699999999999999289 6.494437378035594401e-182 -6.494437378035594401e-182
9.1799999999999997158 1.1429337399115420265e-184 -1.1429337399115420265e-184
9.1899999999999995026 1.917223891370739983e-187 -1.917223891370739983e-187
9.2000000000000010658 3.0654685656213664289e-190 -3.0654685656213664289e-190
9.2100000000000008527 4.6718958767137278023e-193 -4.6718958767137278023e-193
9.2200000000000006395 6.7867475269756937133e-196 -6.7867475269756937133e-196
9.2300000000000004263 9.3972867541900761971e-199 -9.3972867541900761971e-199
9.2400000000000002132 1.2402679193494365918e-201 -1.2402679193494365918e-201
9.25 1.5602736851154477814e-204 -1.5602736851154477814e-204
9.2599999999999997868 1.8709332676045745777e-207 -1.8709332676045745777e-207
9.2699999999999995737 2.1383955808670738463e-210 -2.1383955808670738463e-210
9.2799999999999993605 2.329646542180313558e-213 -2.329646542180313558e-213
9.2900000000000009237 2.4191581045280051026e-216 -2.4191581045280051026e-216
9.3000000000000007105 2.3944771749406675466e-219 -2.3944771749406675466e-219
9.3100000000000004974 2.2590683883261814127e-222 -2.2590683883261814127e-222
9.3200000000000002842 2.0315161590027344177e-225 -2.0315161590027344177e-225
9.3300000000000000711 1.7413393231878730528e-228 -1.7413393231878730528e-228
9.3399999999999998579 1.4227177675769839834e-231 -1.4227177675769839834e-231
9.3499999999999996447 1.1079657166120784521e-234 -1.1079657166120784521e-234
9.3599999999999994316 8.2244356487097721497e-238 -8.2244356487097721497e-238
9.3700000000000009948 5.8191306316987424597e-241 -5.8191306316987424597e-241
9.3800000000000007816 3.9244818033457387994e-244 -3.9244818033457387994e-244
9.3900000000000005684 2.522776310508951305e-247 -2.522776310508951305e-247
9.4000000000000003553 1.5457789118072848282e-250 -1.5457789118072848282e-250
9.4100000000000001421 9.0279307632674568591e-254 -9.0279307632674568591e-254
9.4199999999999999289 5.0257544642396435614e-257 -5.0257544642396435614e-257
9.4299999999999997158 2.6667758800691252332e-260 -2.6667758800691252332e-260
9.4399999999999995026 1.3487888652377645627e-263 -1.3487888652377645627e-263
9.4500000000000010658 6.502399164259541272e-267 -6.502399164259541272e-267
9.4600000000000008527 2.9879648142862704723e-270 -2.9879648142862704723e-270
9.4700000000000006395 1.3087284064318074687e-273 -1.3087284064318074687e-273
9.4800000000000004263 5.463812339003921428e-277 -5.463812339003921428e-277
9.4900000000000002132 2.174273706831171238e-280 -2.174273706831171238e-280
9.5 8.2471680817961691053e-284 -8.2471680817961691053e-284
9.5099999999999997868 2.9817255612179365983e-287 -2.9817255612179365983e-287
9.5199999999999995737 1.0275493295496930763e-290 -1.0275493295496930763e-290
9.5299999999999993605 3.3752805736053625426e-294 -3.3752805736053625426e-294
9.5400000000000009237 1.0567913887145768883e-297 -1.0567913887145768883e-297
9.5500000000000007105 3.1538485659616479409e-301 -3.1538485659616479409e-301
9.5600000000000004974 8.9714902778579522905e-305 -8.9714902778579522905e-305
9.5700000000000002842 2.4325430064760593575e-308 -2.4325430064760593575e-308
9.5800000000000000711 6.2867855202432161381e-312 -6.2867855202432161381e-312
9.5899999999999998579 1.5487058561747642488e-315 -1.5487058561747642488e-315
9.5999999999999996447 3.6365701862144951884e-319 -3.6365701862144951884e-319
9.6099999999999994316 6.9169190417774516185e-323 -6.9169190417774516185e-323
9.6200000000000009948 0 0
9.6300000000000007816 0 0
9.6400000000000005684 0 0
9.6500000000000003553 0 0
9.6600000000000001421 0 0
9.6699999999999999289 0 0
9.6799999999999997158 0 0
9.6899999999999995026 0 0
9.7000000000000010658 0 0
9.7100000000000008527 0 0
9.7200000000000006395 0 0
9.7300000000000004263 0 0
9.7400000000000002132 0 0
9.75 0 0
9.7599999999999997868 0 0
9.7699999999999995737 0 0
9.7799999999999993605 0 0
9.7900000000000009237 0 0
9.8000000000000007105 0 0
9.8100000000000004974 0 0
9.8200000000000002842 0 0
9.8300000000000000711 0 0
9.8399999999999998579 0 0
9.8499999999999996447 0 0
9.8599999999999994316 0 0
9.8700000000000009948 0 0
9.8800000000000007816 0 0
9.8900000000000005684 0 0
9.9000000000000003553 0 0
9.9100000000000001421 0 0
9.9199999999999999289 0 0
9.9299999999999997158 0 0
9.9399999999999995026 0 0
9.9500000000000010658 0 0
9.9600000000000008527 0 0
9.9700000000000006395 0 0
9.9800000000000004263 0 0
9.9900000000000002132 0 0
10 0 0
10.009999999999999787 0 0
10.019999999999999574 0 0
10.029999999999999361 0 0
10.040000000000000924 0 0
10.050000000000000711 0 0
10.060000000000000497 0 0
10.070000000000000284 0 0
10.080000000000000071 0 0
10.089999999999999858 0 0
10.099999999999999645 0 0
10.109999999999999432 0 0
10.120000000000000995 0 0
10.130000000000000782 0 0
10.140000000000000568 0 0
10.150000000000000355 0 0
10.160000000000000142 0 0
10.169999999999999929 0 0
10.179999999999999716 0 0
10.189999999999999503 0 0
10.200000000000001066 0 0
10.210000000000000853 0 0
10.220000000000000639 0 1.9996321043436178428e-06
10.230000000000000426 0 0
