0 7.2401560012195812754e-08 -7.2401560012195812754e-08
0.010000000000000000208 1.1687133423246155709e-07 -1.1687133423246155709e-07
0.020000000000000000416 1.8632536732145843041e-07 -1.8632536732145843041e-07
0.02999999999999999889 2.9341494261959180141e-07 -2.9341494261959180141e-07
0.040000000000000000833 4.5671040703796392278e-07 -4.5671040703796392278e-07
0.050000000000000002776 7.055483894816945552e-07 -7.055483894816945552e-07
0.05999999999999999778 1.1030188189910966684e-06 -1.1030188189910966684e-06
0.070000000000000006661 1.8687350179762728834e-06 -1.8687350179762728834e-06
0.080000000000000001665 3.9397266890391281457e-06 -3.9397266890391281457e-06
0.089999999999999996669 1.0993678497175586237e-05 -1.0993678497175586237e-05
0.10000000000000000555 3.4926582729068013171e-05 -3.4926582729068013171e-05
0.11000000000000000056 0.00010598835331619090884 -0.00010598835331619090884
0.11999999999999999556 0.00028169762646473964522 -0.00028169762646473964522
0.13000000000000000444 0.00063507796873641709796 -0.00063507796873641709796
0.14000000000000001332 0.0012008506848718350762 -0.0012008506848718350762
0.14999999999999999445 0.0018967344651446154963 -0.0017049538575793093693
0.16000000000000000333 0.0024992459169087184213 -0.0023314378871080649637
0.17000000000000001221 0.0027475851456797159914 -0.0026077451256964765194
0.17999999999999999334 0.0025244424566889713674 -0.0024045795824176232486
0.19000000000000000222 0.0019480593127294818824 -0.0018581621570259707933
0.2000000000000000111 0.0012801324310507686613 -0.0011902352753472575722
0.20999999999999999223 0.00074497150276612482747 -0.0006670606359449400731
0.22000000000000000111 0.00042557705512393325829 -0.00036964104640304170811
0.23000000000000000999 0.00028780258219196025666 -0.00026183229203890573617
0.23999999999999999112 0.00025901769016561173057 -0.00024103825866111163205
0.25 0.00028187990942317854397 -0.00024991647482896085612
0.26000000000000000888 0.00032606736269837169632 -0.00031607878984242601976
0.27000000000000001776 0.00037934007778326716935 -0.00036735378981043553641
0.28000000000000002665 0.00043739095810891638096 -0.00042940009946036195899
0.28999999999999998002 0.00049836828545211052637 -0.00048837971259616484981
0.2999999999999999889 0.00056086873617411955959 -0.00054688473399389667205
0.30999999999999999778 0.00062341037012174848556 -0.00058944922313912894666
0.32000000000000000666 0.00068436153092167920867 -0.00064240952347151584426
0.33000000000000001554 0.0007419858704963669567 -0.00070203157907258425044
0.34000000000000002442 0.0007945187249884190419 -0.00075855986197941884484
0.35000000000000003331 0.0008402549761065312376 -0.00078631667977404153848
0.35999999999999998668 0.00087764019127864196634 -0.00081371332209020659065
0.36999999999999999556 0.00090535805092166183987 -0.00083943346570684580603
0.38000000000000000444 0.00092240720503050069486 -0.0008824529136067179886
0.39000000000000001332 0.0009281613066712856349 -0.00087022758192401342657
0.4000000000000000222 0.00092240720503050069486 -0.00085848033584206531917
0.41000000000000003109 0.00090535805092166140619 -0.00083943346570684537235
0.41999999999999998446 0.00087764019127863144958 -0.00083169275541368557596
0.42999999999999999334 0.00084025497610621226532 -0.0007903121118264838825
0.44000000000000000222 0.00079451872498047108103 -0.00075056900514190586556
0.4500000000000000111 0.00074198587033155564974 -0.00069204300605182726691
0.46000000000000001998 0.00068436152807774296766 -0.00066038895213207970177
0.47000000000000002887 0.00062341032928505822792 -0.00059544232492461245283
0.47999999999999998224 0.00056086824821988058749 -0.00053489795806682606701
0.48999999999999999112 0.00049836343362250838229 -0.00046839771505467135259
0.5 0.00043735081325620904459 -0.00040538737866199135674
0.51000000000000000888 0.0003790636688453965608 -0.00035908652313350520767
0.52000000000000001776 0.00032448366538525229806 -0.0003144950925293066215
0.53000000000000002665 0.00027432915819236108846 -0.00025834744089525224454
0.54000000000000003553 0.00022906015838086824063 -0.0002070852984615856329
0.55000000000000004441 0.00018889723316326982377 -0.00017890866030732414721
0.56000000000000005329 0.00015385091765399101565 -0.00014186462968115938271
0.57000000000000006217 0.00012375793078614369088 -0.00010977392860592080333
0.57999999999999996003 9.8320582317338277301e-05 -9.432515299306106632e-05
0.58999999999999996891 7.7146157379056248663e-05 -7.3150728054779037683e-05
0.5999999999999999778 5.9783675222333741142e-05 -5.1792816573779319181e-05
0.60999999999999998668 4.5756139476107055833e-05 -3.5767566620161379267e-05
0.61999999999999999556 3.4587135442082102938e-05 -2.8593991455666286467e-05
0.63000000000000000444 2.5821309794191970026e-05 -2.3823595132053364536e-05
0.64000000000000001332 1.9038836138404485499e-05 -9.0502632824588089336e-06
0.6500000000000000222 1.3864396756437328474e-05 -1.8781087836056989203e-06
0.66000000000000003109 9.9714889947982021786e-06 -5.976059670520991198e-06
0.67000000000000003997 7.0830042875006995746e-06 -1.0898603010848839507e-06
0.68000000000000004885 4.9690509443246206383e-06 3.021807704229801323e-06
0.69000000000000005773 3.4429272663581544499e-06 6.5456455895875221152e-06
0.70000000000000006661 2.3560293759197654601e-06 1.6393999483574455206e-06
0.70999999999999996447 1.5923260801056420944e-06 8.3962467758400348943e-06
0.71999999999999997335 1.0628739662837651706e-06 2.93255535799344581e-06
0.72999999999999998224 7.0069655987907591846e-07 5.2924474265367395996e-06
0.73999999999999999112 4.5622245279861272477e-07 5.5369215336172027933e-06
0.75 2.9337410592938186176e-07 7.6974845426250404701e-06
0.76000000000000000888 1.8632252338518866659e-07 1.8113921387534163208e-06
0.77000000000000001776 1.1687116942112973897e-07 5.8762728169946856467e-06
0.78000000000000002665 7.2401552064300062573e-08 3.9230277722129109578e-06
0.79000000000000003553 4.4298275216013051056e-08 7.946560373338409572e-06
0.80000000000000004441 2.6768510862268249943e-08 1.1959519461969362068e-05
0.81000000000000005329 1.5975706055070326008e-08 9.9725971498906066097e-06
0.82000000000000006217 9.4166052412898460001e-09 7.9814420433131324958e-06
0.83000000000000007105 5.4818496757255916113e-09 5.9876621367400901101e-06
0.83999999999999996891 3.151797696808795828e-09 7.9877068508576139281e-06
0.8499999999999999778 1.789731985697621416e-09 5.9913542544301176177e-06
0.85999999999999998668 1.0037281861274108691e-09 1.1985284244645502065e-05
0.86999999999999999556 5.5595890935846096308e-10 1.9971587032292464278e-06
0.88000000000000000444 3.0413592508949157439e-10 9.9882687200205868975e-06
0.89000000000000001332 1.6432029486428913305e-10 7.9906943282595581753e-06
0.9000000000000000222 8.7682544136418118915e-11 1.9976269795944687671e-06
0.91000000000000003109 4.6209740924748536574e-11 1.1986241763090704196e-05
0.92000000000000003997 2.4052065561635948442e-11 5.9931199343502539992e-06
0.93000000000000004885 1.2364304114854219925e-11 5.9931316221117007686e-06
0.94000000000000005773 6.2774813661493661746e-12 1.99770838465723899e-06
0.95000000000000006661 3.1477457060490891555e-12 3.9954261765315046866e-06
0.95999999999999996447 1.5588786255370130163e-12 5.9931424275371901077e-06
0.96999999999999997335 7.624711550803323255e-13 1.598171653463768607e-05
0.97999999999999998224 3.683265194602304475e-13 5.9931436180892957934e-06
0.98999999999999999112 1.7572801926130393607e-13 9.988572680217656512e-06
1 8.280327095152055545e-14 7.9908585657511508856e-06
1.0100000000000000089 3.8534739467775527006e-14 9.9885728174109375397e-06
1.0200000000000000178 1.771151949816411439e-14 7.9908586308429020478e-06
1.0300000000000000266 8.0400307918498698177e-15 1.3984002172182859281e-05
1.0400000000000000355 3.6046104707854198228e-15 7.9908586449498122679e-06
1.0500000000000000444 1.5960972054710076973e-15 5.9931439848197184072e-06
1.0600000000000000533 6.9802615588920768721e-16 1.3984002179524862941e-05
1.0700000000000000622 3.0155686203208255521e-16 3.9954293239756536989e-06
1.0800000000000000711 1.2883837788567920973e-16 1.3984002180094050446e-05
1.0900000000000000799 5.4848573661694649474e-17 1.3984002180168040468e-05
1.1000000000000000888 2.4398005736383204392e-17 1.1986287972807231617e-05
1.1100000000000000977 1.4324425203794196013e-17 9.988572855931351544e-06
1.1200000000000001066 1.7354708192637763581e-17 5.9931439863984607659e-06
1.1300000000000001155 3.7464879824293854188e-17 1.1986287972794165287e-05
1.1400000000000001243 9.4230051283358162172e-17 9.9885728558514458439e-06
1.1500000000000001332 2.40273597759081594e-16 7.9908586483141492074e-06
1.1599999999999999201 6.0592157874472183481e-16 7.9908586479485003306e-06
1.1699999999999999289 1.5053708898500993513e-15 1.1986287971326258883e-05
1.1799999999999999378 3.6823998065364557837e-15 5.9931439827334161187e-06
1.1899999999999999467 8.8682822787878893784e-15 1.9977146532703229985e-06
1.1999999999999999556 2.1026317405316499801e-14 1.198628795180531227e-05
1.2099999999999999645 4.9079614083479625263e-14 7.9908585994748071451e-06
1.2199999999999999734 1.1278546522443017719e-13 3.995429211491745911e-06
1.2299999999999999822 2.5516387119049376413e-13 -2.5516387119049376413e-13
1.2399999999999999911 5.6832829304243360893e-13 1.3984001611894596691e-05
1.25 1.2462162752128933741e-12 1.3984000934006614127e-05
1.2600000000000000089 2.6903055486096749174e-12 1.398399948991734051e-05
1.2700000000000000178 5.7177326258630656435e-12 3.9954236065445847758e-06
1.2800000000000000266 1.1963551553446586898e-11 3.9954173607256575508e-06
1.2900000000000000355 2.4643957708059849395e-11 3.9954046803195033017e-06
1.3000000000000000444 4.9977534908099823847e-11 1.3983952202687981661e-05
1.3100000000000000533 9.9782241223798223534e-11 9.988473073704452106e-06
1.3200000000000000622 1.9613076608402535727e-10 1.1986091842065545263e-05
1.3300000000000000711 3.7953535825280302702e-10 1.3983622644864635793e-05
1.3400000000000000799 7.2305745116908103319e-10 5.9924209289646461244e-06
1.3500000000000000888 1.3561490277060388784e-09 7.9895024995267157649e-06
1.3600000000000000977 2.5041254084729444982e-09 1.5979213171700368203e-05
1.3700000000000001066 4.5521732221917782776e-09 7.9863064753322300068e-06
1.3800000000000001155 8.1469590159903643382e-09 -8.1469590159903643382e-09
1.3900000000000001243 1.435444251096712564e-08 9.9742184134347090888e-06
1.4000000000000001332 2.4899531517919996953e-08 1.9728151306206850136e-06
1.4099999999999999201 4.2521646096402012366e-08 1.3941480534126486751e-05
1.4199999999999999289 7.1489623210374882304e-08 9.9170832327353012991e-06
1.4299999999999999378 1.1832867311695315302e-07 1.1867959299714676824e-05
1.4399999999999999467 1.9281953356637525269e-07 3.8026097907108359397e-06
1.4499999999999999556 3.0933289656367491071e-07 1.5672384400545165888e-05
1.4599999999999999645 4.8855699476783719639e-07 3.5068723295093735725e-06
1.4699999999999999734 7.5965851418254509987e-07 1.122662945864908403e-05
1.4799999999999999822 1.1628819535041925353e-06 4.8302620329116230887e-06
1.4899999999999999911 1.752535802460107887e-06 6.2383228460943138626e-06
1.5 2.6002326898448882576e-06 5.3906259587095341272e-06
1.5100000000000000089 3.7981453081246448487e-06 1.9728401615256613191e-07
1.5200000000000000178 5.4619155963842857133e-06 5.3122839003152991065e-07
1.5300000000000000266 7.7327227717410608736e-06 -3.737293447463849893e-06
1.5400000000000000355 1.0777894871585223002e-05 -7.8932201563954643684e-07
1.5500000000000000444 1.4789363820449436381e-05 -1.07939344961722254e-05
1.5600000000000000533 1.9979245772798051242e-05 -7.9929577999664216882e-06
1.5700000000000000622 2.6571907555842276067e-05 -1.2587905375619386827e-05
1.5800000000000000711 3.4792082405278477932e-05 -2.4803509549332801367e-05
1.5900000000000000799 4.4848937692636707986e-05 -3.8855793706220891515e-05
1.6000000000000000888 5.6916468421569601014e-05 -4.4930180448737974848e-05
1.6100000000000000977 7.1111162137915077258e-05 -6.5118018151499260787e-05
1.6200000000000001066 8.7468495061296505687e-05 -7.1486777764187661765e-05
1.6300000000000001155 0.00010592039201305095619 -9.7929533364496534225e-05
1.6400000000000001243 0.00012627621371134336269 -0.00011828535506278894072
1.6500000000000001332 0.00014821002154407025798 -0.000144214592219793047
1.6600000000000001421 0.00017125672566438372756 -0.00015927043769155209462
1.6699999999999999289 0.00019481919706981101043 -0.00017883747977270216651
1.6799999999999999378 0.00021818752145041805891 -0.00021019666280186363695
1.6899999999999999467 0.00024057035858195022042 -0.00022259092707745012189
1.6999999999999999556 0.00026113697511278449216 -0.00024315754360828439364
1.7099999999999999645 0.00027906711951441646015 -0.00025509454356875319427
1.7199999999999999734 0.00029360470926780485095 -0.00027162984934852224322
1.7299999999999999822 0.0003041104974147260131 -0.00027814020726167149261
1.7399999999999999911 0.00031010863037908488905 -0.00029412691308197604512
1.75 0.00031132237948300551036 -0.00029933609151017387742
1.7600000000000000089 0.00030769530981299169541 -0.00029570902184016006247
1.7700000000000000178 0.00029939563098909158624 -0.00029140477234053716428
1.7800000000000000266 0.00028680326267264792672 -0.0002708215453755390828
1.7900000000000000355 0.00027048100009352966369 -0.00025849471212069803075
1.8000000000000000444 0.00025113282754779520361 -0.00024713739822351799263
1.8100000000000000533 0.00022955367838669237749 -0.00021556967620646948994
1.8200000000000000622 0.00020657562391283122304 -0.0001945893359399995901
1.8300000000000000711 0.00018301552703514623304 -0.00017902009771086902206
1.8400000000000000799 0.0001596286524647764452 -0.00015763093780263783971
1.8500000000000000888 0.00013707170189897942498 -0.0001310785579125636085
1.8600000000000000977 0.00011587741798848207183 -0.00011188198866420486085
1.8700000000000001066 9.6441478786867026042e-05 -9.0448334800451209571e-05
1.8800000000000001155 7.9021079708799661146e-05 -6.9032506852853984581e-05
1.8900000000000001243 6.3743529187029892387e-05 -5.7750385200614075916e-05
1.9000000000000001332 5.0622465950142602842e-05 -4.2631607301588180881e-05
1.9100000000000001421 3.9578974386479853548e-05 -3.3585830400064037077e-05
1.9199999999999999289 3.0464904580553029079e-05 -2.6469475256275818098e-05
1.9299999999999999378 2.3086024660457766893e-05 -1.7092880674041950422e-05
1.9399999999999999467 1.7223148066035995493e-05 -7.2345752100903189274e-06
1.9499999999999999556 1.2649983588903587834e-05 1.3340185913193014055e-06
1.9599999999999999645 9.1470580639007662547e-06 8.8323734405993322718e-06
1.9699999999999999734 6.511588637600223444e-06 3.4769842183454531211e-06
1.9799999999999999822 4.5635889970456004671e-06 1.4295549893702151568e-06
1.9899999999999999911 3.1487641995042167684e-06 4.8420944490502047694e-06
2 2.138886801332339147e-06 -1.4117213919373408022e-07
2.0100000000000002309 1.4303736762124874362e-06 6.5604849723419347368e-06
2.0200000000000000178 9.4172752538624397786e-07 1.0559871367523609831e-06
2.0300000000000002487 6.1040076153744591975e-07 1.1375887211294183105e-05
2.0400000000000000355 3.8951027277168156379e-07 7.601348375782740821e-06
2.0499999999999998224 2.4470160181953110923e-07 3.7507277224576797655e-06
2.0600000000000000533 1.5134523616748275801e-07 9.8372276197781936748e-06
2.0699999999999998401 9.2154117700807750464e-08 1.9055605444377972766e-06
2.0800000000000000711 5.5242685473394798775e-08 5.9379013009424211296e-06
2.0899999999999998579 3.2602347069126158127e-08 1.9651123150694790741e-06
2.1000000000000000888 1.8942486973630972526e-08 5.9742014994421850253e-06
2.1099999999999998757 1.083525595990581749e-08 9.9777375999857700694e-06
2.1200000000000001066 6.1017639088544248259e-09 3.9893275603683569388e-06
2.1299999999999998934 3.3828728259840194271e-09 9.985189983119692006e-06
2.1400000000000001243 1.8464178502397633221e-09 3.9935829064269713195e-06
2.1499999999999999112 9.921751729661892036e-10 7.9898664733814555444e-06
2.1600000000000001421 5.2488089829170094155e-10 1.9971897812403132049e-06
2.1699999999999999289 2.7336771798701894761e-10 7.9905852808364350397e-06
2.1800000000000001599 1.4016763112919842711e-10 1.1986147805200501152e-05
2.1899999999999999467 7.0755839309414189751e-11 7.9907878927151121423e-06
2.2000000000000001776 3.5163402116445579023e-11 5.9931088230136988332e-06
2.2099999999999999645 1.7204162431105036256e-11 1.7979414300337667103e-05
2.2200000000000001954 8.2868643207835192913e-12 9.9885645690813550524e-06
2.2299999999999999822 3.9297142277949118612e-12 7.9908547188401934453e-06
2.2400000000000002132 1.8346184518762395259e-12 1.5981715462490388234e-05
2.25 8.4322717058573401814e-13 3.9954284810500403566e-06
2.2600000000000002309 3.8155528528538258855e-13 9.988572474390391829e-06
2.2700000000000000178 1.6997474662322878979e-13 1.9977144921638585257e-06
2.2800000000000002487 7.4546177331272729697e-14 5.9931439118696385585e-06
2.2900000000000000355 3.2186992635601284719e-14 1.198628794064463675e-05
2.3000000000000002665 1.3681996347013860256e-14 7.9908586348724258193e-06
2.3100000000000000533 5.7257527000732764124e-15 5.9931439806900626359e-06
2.3199999999999998401 2.3590098262863943734e-15 9.9885728535866660901e-06
2.3300000000000000711 9.5684360843565404057e-16 9.9885728549888325726e-06
2.3399999999999998579 3.8209048024884392898e-16 3.9954293238951203474e-06
2.3500000000000000888 1.5021230886204229178e-16 9.9885728557954637423e-06
2.3599999999999998757 5.8137837360947970344e-17 1.1986287972773490906e-05
2.3700000000000001066 2.2152679825562008878e-17 1.1986287972809476254e-05
2.3799999999999998934 8.3101280453028261592e-18 7.9908586485461125681e-06
2.3900000000000001243 3.0690446546340721811e-18 9.9885728559426069178e-06
2.3999999999999999112 1.1158678018319460404e-18 7.9908586485533055719e-06
2.4100000000000001421 3.9942600077718672479e-19 7.9908586485540221618e-06
2.4199999999999999289 1.4075828432827909887e-19 5.9931439864156750165e-06
2.4300000000000001599 4.8834376174149749981e-20 3.9954293242771618527e-06
2.4399999999999999467 1.6679820428589044416e-20 7.9908586485544050206e-06
2.4500000000000001776 5.6088153706554644054e-21 1.9977145711891342966e-05
2.4599999999999999645 1.8567993040055338689e-21 5.9931439864158139299e-06
2.4700000000000001954 6.0516364770524662491e-22 7.9908586485544219613e-06
2.4799999999999999822 1.941756404388450974e-22 5.9931439864158156239e-06
2.4900000000000002132 6.1338154829729924763e-23 5.9931439864158156239e-06
2.5 1.9075710181318827953e-23 3.9954293242772109807e-06
2.5100000000000002309 5.8404292939187635427e-24 7.9908586485544219613e-06
2.5200000000000000178 1.7604466669437230742e-24 1.9977146621386050668e-06
2.5300000000000002487 5.224142580818867745e-25 1.9977146621386050668e-06
2.5400000000000000355 1.5262343275360779084e-25 7.9908586485544219613e-06
2.5500000000000002665 4.3897669062837854004e-26 7.9908586485544219613e-06
2.5600000000000000533 1.2430132263811588354e-26 5.9931439864158156239e-06
2.5699999999999998401 3.4651663348902813895e-27 3.9954293242772109807e-06
2.5800000000000000711 9.5101303589741443022e-28 3.9954293242772109807e-06
2.5899999999999998579 2.5695844800078617091e-28 9.9885728559456765652e-06
2.6000000000000000888 6.8352338581803080039e-29 5.9931439864158156239e-06
2.6099999999999998757 1.7900200779319981123e-29 1.9977146621386050668e-06
2.6200000000000001066 4.6150506697049795461e-30 5.9931439864158156239e-06
2.6299999999999998934 1.1714104441721487977e-30 9.9885728559456765652e-06
2.6400000000000001243 2.9272226503627519938e-31 5.9931439864158156239e-06
2.6499999999999999112 7.2013922845921289091e-32 7.9908586485544219613e-06
2.6600000000000001421 1.7441797021765165814e-32 1.9977146621386050668e-06
2.6699999999999999289 4.1589149015023962799e-33 1.398400218022288924e-05
2.6800000000000001599 9.7629909544666594874e-34 3.9954293242772109807e-06
2.6899999999999999467 2.2563152916957017138e-34 1.9977146621386050668e-06
2.7000000000000001776 5.1337029250237222594e-35 5.9931439864158156239e-06
2.7099999999999999645 1.1499414463738963507e-35 5.9931439864158156239e-06
2.7200000000000001954 2.5359154391617379242e-36 9.9885728559456765652e-06
2.7299999999999999822 5.505640567386464547e-37 1.1986287972831629554e-05
2.7400000000000002132 1.1767792170991377288e-37 5.9931439864158156239e-06
2.75 2.4762595940574041782e-38 7.9908586485544219613e-06
2.7600000000000002309 5.1299295333552090944e-39 1.1986287972831629554e-05
2.7700000000000000178 1.0462625364039629941e-39 1.1986287972831629554e-05
2.7800000000000002487 2.1007965570042319129e-40 5.9931439864158156239e-06
2.7900000000000000355 4.1528033490310314413e-41 9.9885728559456765652e-06
2.8000000000000002665 8.0818871539404829643e-42 1.9977146621386050668e-06
2.8100000000000000533 1.5484537749488858191e-42 5.9931439864158156239e-06
2.8199999999999998401 2.9207726623320716174e-43 7.9908586485544219613e-06
2.8300000000000000711 5.4238954796065751837e-44 5.9931439864158156239e-06
2.8399999999999998579 9.9160547436256865729e-45 1.1986287972831629554e-05
2.8500000000000000888 1.7847630511184115233e-45 5.9931439864158156239e-06
2.8599999999999998757 3.1625417249276393523e-46 3.9954293242772109807e-06
2.8700000000000001066 5.5170384239556380174e-47 1.1986287972831629554e-05
2.8799999999999998934 9.4752308598587178492e-48 5.9931439864158156239e-06
2.8900000000000001243 1.602092689156149598e-48 1.1986287972831629554e-05
2.8999999999999999112 2.666855741424184459e-49 5.9931439864158156239e-06
2.9100000000000001421 4.3704429578144544543e-50 7.9908586485544219613e-06
2.9199999999999999289 7.0512390046263212366e-51 7.9908586485544219613e-06
2.9300000000000001599 1.1200037110657362441e-51 1.7979431504500098526e-05
2.9399999999999999467 1.7514088293494834507e-52 1.398400218022288924e-05
2.9500000000000001776 2.6963089594181611172e-53 9.9885728559456765652e-06
2.9599999999999999645 4.0866347324717932437e-54 3.9954293242772109807e-06
2.9700000000000001954 6.0978401522935219147e-55 3.9954293242772109807e-06
2.9799999999999999822 8.9577780274521613918e-56 7.9908586485544219613e-06
2.9900000000000002132 1.2955035405707485417e-56 5.9931439864158156239e-06
3 1.8445522375733763243e-57 3.9954293242772109807e-06
3.0100000000000002309 2.5855763135251294957e-58 9.9885728559456765652e-06
3.0200000000000000178 3.5681065038687859827e-59 5.9931439864158156239e-06
3.0300000000000002487 4.8476617013725721481e-60 7.9908586485544219613e-06
3.0400000000000000355 6.4839677633315968516e-61 5.9931439864158156239e-06
3.0500000000000002665 8.5381432372116918191e-62 3.9954293242772109807e-06
3.0600000000000000533 1.1068788078781915535e-62 5.9931439864158156239e-06
3.0700000000000002842 1.4127026368919067299e-63 3.9954293242772109807e-06
3.0800000000000000711 1.7750700072580404237e-64 5.9931439864158156239e-06
3.0899999999999998579 2.1958074943332154997e-65 3.9954293242772109807e-06
3.1000000000000000888 2.6741581444245552466e-66 5.9931439864158156239e-06
3.1099999999999998757 3.2062247179974883096e-67 -3.2062247179974883096e-67
3.1200000000000001066 3.7845554765064336082e-68 7.9908586485544219613e-06
3.1299999999999998934 4.397945473384813872e-69 5.9931439864158156239e-06
3.1400000000000001243 5.0315159333434820261e-70 1.1986287972831629554e-05
3.1499999999999999112 5.667113503419462562e-71 1.398400218022288924e-05
3.1600000000000001421 6.2840410960629102801e-72 9.9885728559456765652e-06
3.1699999999999999289 6.8600956180346182876e-73 9.9885728559456765652e-06
3.1800000000000001599 7.3728494943380513119e-74 7.9908586485544219613e-06
3.1899999999999999467 7.8010779036606705386e-75 1.1986287972831629554e-05
3.2000000000000001776 8.1262075097324185176e-76 1.1986287972831629554e-05
3.2099999999999999645 8.3336498394216538647e-77 1.9977146621386050668e-06
3.2200000000000001954 8.4138862360589083955e-78 1.398400218022288924e-05
3.2299999999999999822 8.3631920466597685895e-79 3.9954293242772109807e-06
3.2400000000000002132 8.1839233057739551842e-80 9.9885728559456765652e-06
3.25 7.8843355417238962345e-81 7.9908586485544219613e-06
3.2600000000000002309 7.4781999154219095247e-82 7.9908586485544219613e-06
3.2700000000000000178 7.1446547518092626924e-83 1.9977146621386050668e-06
3.2800000000000002487 1.0732905522584598853e-82 1.398400218022288924e-05
3.2900000000000000355 5.9893729235563014958e-81 9.9885728559456765652e-06
3.3000000000000002665 3.388450720226785781e-79 9.9885728559456765652e-06
3.3100000000000000533 1.8277743246176433512e-77 7.9908586485544219613e-06
3.3200000000000002842 9.399520890464189104e-76 3.9954293242772109807e-06
3.3300000000000000711 4.6084269996626225952e-74 9.9885728559456765652e-06
3.3399999999999998579 2.1540997259311898639e-72 5.9931439864158156239e-06
3.3500000000000000888 9.5994715992642756126e-71 -9.5994715992642756126e-71
3.3599999999999998757 4.0784927872893223908e-69 -4.0784927872893223908e-69
3.3700000000000001066 1.652058519938870059e-67 5.9931439864158156239e-06
3.3799999999999998934 6.3800946160573683032e-66 3.9954293242772109807e-06
3.3900000000000001243 2.3491323328953839197e-64 1.398400218022288924e-05
3.3999999999999999112 8.2464936642749283417e-63 7.9908586485544219613e-06
3.4100000000000001421 2.760041333730157433e-61 3.9954293242772109807e-06
3.4199999999999999289 8.8074319100423839806e-60 3.9954293242772109807e-06
3.4300000000000001599 2.6796225362118046249e-58 3.9954293242772109807e-06
3.4399999999999999467 7.7730572390065980562e-57 7.9908586485544219613e-06
3.4500000000000001776 2.1498465520250646962e-55 3.9954293242772109807e-06
3.4599999999999999645 5.6692289266461617522e-54 3.9954293242772109807e-06
3.4700000000000001954 1.4254277092581078162e-52 5.9931439864158156239e-06
3.4799999999999999822 3.4172359719374993923e-51 7.9908586485544219613e-06
3.4900000000000002132 7.8111932689634470429e-50 1.9977146621386050668e-06
3.5 1.7024591259513885638e-48 9.9885728559456765652e-06
3.5100000000000002309 3.5379960896754970694e-47 7.9908586485544219613e-06
3.5200000000000000178 7.0107422675048515613e-46 7.9908586485544219613e-06
3.5300000000000002487 1.3246511631052863605e-44 1.1986287972831629554e-05
3.5400000000000000355 2.3865746494145123954e-43 3.9954293242772109807e-06
3.5500000000000002665 4.1000565473994509032e-42 1.9977146621386050668e-06
3.5600000000000000533 6.7166328404925551335e-41 5.9931439864158156239e-06
3.5700000000000002842 1.0492191359337772299e-39 7.9908586485544219613e-06
3.5800000000000000711 1.5629310562368734933e-38 9.9885728559456765652e-06
3.5899999999999998579 2.2201329047667422599e-37 3.9954293242772109807e-06
3.6000000000000000888 3.0073952674404716644e-36 7.9908586485544219613e-06
3.6099999999999998757 3.8849161677929904685e-35 9.9885728559456765652e-06
3.6200000000000001066 4.7858600918859635731e-34 7.9908586485544219613e-06
3.6299999999999998934 5.6225532425608564161e-33 3.9954293242772109807e-06
3.6400000000000001243 6.2995693257210859537e-32 7.9908586485544219613e-06
3.6499999999999999112 6.731328778772749759e-31 -6.731328778772749759e-31
3.6600000000000001421 6.8598225739022533109e-30 1.398400218022288924e-05
3.6699999999999999289 6.6674095568706875458e-29 -6.6674095568706875458e-29
3.6800000000000001599 6.1807928975304508681e-28 -6.1807928975304508681e-28
3.6899999999999999467 5.4649393687360240967e-27 5.9931439864158156239e-06
3.7000000000000001776 4.6088502353587765255e-26 7.9908586485544219613e-06
3.7099999999999999645 3.7074789393932654733e-25 3.9954293242772109807e-06
3.7200000000000001954 2.8448359189587455143e-24 7.9908586485544219613e-06
3.7299999999999999822 2.0822969814317810328e-23 9.9885728559456765652e-06
3.7400000000000002132 1.4539534228286826031e-22 3.9954293242772109807e-06
3.75 9.6849464297395435304e-22 7.9908586485544202672e-06
3.7600000000000002309 6.15461008390183345e-21 7.990858648554415185e-06
3.7700000000000000178 3.7314653812398105511e-20 7.9908586485543846919e-06
3.7800000000000002487 2.1585106266235055238e-19 7.9908586485542068149e-06
3.7900000000000000355 1.1913702272804085669e-18 7.990858648553231033e-06
3.8000000000000002665 6.274521679764895378e-18 9.9885728559394017451e-06
3.8100000000000000533 3.153415760051249159e-17 5.9931439863842814344e-06
3.8200000000000002842 1.512432516288391588e-16 1.1986287972680386739e-05
3.8300000000000000711 6.9230046770015929752e-16 -6.9230046770015929752e-16
3.8399999999999998579 3.0246091961284286486e-15 5.993143983391206659e-06
3.8500000000000000888 1.261347870997849668e-14 5.9931439738023371453e-06
3.8599999999999998757 5.0214538415913651562e-14 1.9977146119240664747e-06
3.8700000000000001066 1.908510289384836925e-13 3.995429133426181678e-06
3.8799999999999998934 6.9258845820244876206e-13 9.9885721633572186671e-06
3.8900000000000001243 2.4000554505439875475e-12 3.9954269242217605801e-06
3.8999999999999999112 7.9430439490662438573e-12 3.9954213812332621327e-06
3.9100000000000001421 2.5109156131988630283e-11 7.9908335393982905749e-06
3.9199999999999999289 7.5826783741229602164e-11 7.9907828217706814491e-06
3.9300000000000001599 2.1879194413563214497e-10 9.9883540640015417794e-06
3.9399999999999999467 6.0330763403439181722e-10 3.9948260166431764613e-06
3.9500000000000001776 1.5901372985119039587e-09 1.3982412042924376806e-05
3.9599999999999999645 4.0069909027362931095e-09 1.1982280981928892721e-05
3.9700000000000001954 9.6560868830131481278e-09 1.1976631885948616938e-05
3.9799999999999999822 2.2259088591851568975e-08 3.973170235685359822e-06
3.9900000000000002132 4.9099426240325553152e-08 3.9463298980368853746e-06
4 1.036728443566474919e-07 7.8871858041977748003e-06
4.0099999999999997868 2.096282359666088878e-07 1.7880864261719961525e-06
4.0200000000000004619 4.0609736743566419124e-07 5.5870466189801513268e-06
4.0300000000000002487 7.5410518037206288118e-07 3.2413241439051480995e-06
4.0400000000000000355 1.3431080157004630677e-06 1.0643179957131166486e-05
4.0499999999999998224 2.2959253990795256254e-06 3.6972185873362899986e-06
4.0600000000000004974 3.7696637491293650011e-06 4.2211948994250569602e-06
4.0700000000000002842 5.95005330484509665e-06 4.3090681570718973906e-08
4.0800000000000000711 9.0373088450648569588e-06 9.5126401088081960641e-07
4.0899999999999998579 1.3223354072490103156e-05 -1.2370660996584736024e-06
4.0999999999999996447 1.8662790872618122492e-05 -1.0671932224063700531e-05
4.1100000000000003197 2.5442649309575268539e-05 -1.7451790661020846578e-05
4.1200000000000001066 3.3557715749244314816e-05 -2.9562286424967103835e-05
4.1299999999999998934 4.2898180175288088735e-05 -3.6905036188872272264e-05
4.1399999999999996803 5.3254090882543016227e-05 -4.7260946896127199756e-05
4.1500000000000003553 6.4337118350669654987e-05 -5.4348545494723978421e-05
4.1600000000000001421 7.5815641570205658212e-05 -6.9822497583789841741e-05
4.1699999999999999289 8.7355716431506465897e-05 -7.3371714251283578351e-05
4.1799999999999997158 9.8659260070217265847e-05 -9.4663830745940054866e-05
4.1900000000000003908 0.00010949212475798766051 -0.00010150126610943323855
4.2000000000000001776 0.00011969800892882831694 -0.00011570257960455110596
4.2099999999999999645 0.00012919809060505364371 -0.00012320494661863782724
4.2199999999999997513 0.00013797953861269517681 -0.00013797953861269517681
4.2300000000000004263 0.00014607779389087555567 -0.00013808693524232113371
4.2400000000000002132 0.00015355755499522213644 -0.0001415712670223905035
4.25 0.00016049618843726835555 -0.00015450304445085253908
4.2599999999999997868 0.0001669715382202895961 -0.00016097839423387377963
4.2700000000000004619 0.00017305449380705355679 -0.00016905906448277634581
4.2800000000000002487 0.00017880558551589486281 -0.00017680787085375625732
4.2900000000000000355 0.00018427439749334526388 -0.00016829268019623641996
4.2999999999999998224 0.00018950059065609158081 -0.00017951201780014590425
4.3100000000000004974 0.00019451559691246078816 -0.0001845270240565151116
4.3200000000000002842 0.00019934438879217334967 -0.00019135353014361892771
4.3300000000000000711 0.00020400702451252747892 -0.00019202073653969584598
4.3399999999999998579 0.00020851987039695242965 -0.00020452444107267521867
4.3500000000000005329 0.00021289651336376812403 -0.00020091022539093649109
4.3600000000000003197 0.00021714842120913776104 -0.00020915756256058333907
4.3700000000000001066 0.00022128541551587072728 -0.00021529227152945491081
4.3799999999999998934 0.00022531601232227008516 -0.0002173251536737156632
4.3899999999999996803 0.00022924767165974290167 -0.0002232545276733270852
4.4000000000000003553 0.00023308698446048407718 -0.00022709384047406826071
4.4100000000000001421 0.00023683981587261271513 -0.00022685124301666703857
4.4199999999999999289 0.00024051141755547107682 -0.00023451827356905526035
4.4299999999999997158 0.00024410651732591789973 -0.00023611565867736347777
4.4400000000000003908 0.00024762939184685479237 -0.0002416362478604389759
4.4500000000000001776 0.00025108392633372363014 -0.00024708849700944641916
4.4599999999999999645 0.00025447366413467798537 -0.00023849194683756914145
4.4699999999999997513 0.00025780184828806923091 -0.00025380641896379201993
4.4800000000000004263 0.00026107145664057640694 -0.00025707602731629919596
4.4900000000000002132 0.00026428523173917695555 -0.00026028980241489974457
4.5 0.00026744570644053128816 -0.00025346170426030840061
4.5099999999999997868 0.00027055522598097667564 -0.00026456208199456085917
4.5200000000000004619 0.00027361596709897051481 -0.00025563653559447041628
4.5300000000000002487 0.000276629954685831932 -0.00026664138182988625543
4.5400000000000000355 0.00027959907635072511712 -0.0002636173590536162732
4.5499999999999998224 0.00028252509521532108384 -0.00027253652235937540728
4.5600000000000004974 0.0002854096611978286166 -0.00027741880254927419464
4.5700000000000002842 0.00028825432100157091396 -0.00028625660633943230847
4.5800000000000000711 0.0002910605269874922134 -0.00028506738300107639693
4.5899999999999998579 0.00029382964508097134159 -0.00028983421575669413061
4.6000000000000005329 0.00029656296183967566617 -0.00029256753251539845519
4.6100000000000003197 0.00029926169078977178607 -0.00029526626146549457509
4.6200000000000001066 0.0003019269781217966608 -0.00028594526082468781688
4.6299999999999998934 0.0003045599078241902069 -0.00030056447849991299592
4.6399999999999996803 0.00030716150632141314995 -0.00029917064767285872799
4.6500000000000003553 0.00030973274667427753764 -0.0002977464587014459047
4.6600000000000001421 0.00031227455239229360813 -0.00029829055021207072059
4.6699999999999999289 0.00031478780090123906644 -0.00030879465691482324997
4.6799999999999997158 0.0003172733267035250963 -0.00030528703873069346336
4.6900000000000003908 0.00031973192426417590146 -0.00030974335140823022489
4.7000000000000001776 0.00032216435065113041992 -0.000306182633354021576
4.7099999999999999645 0.00032457132795508735574 -0.00032257361329294875025
4.7199999999999997513 0.00032695354551107793121 -0.00031896268686252350925
4.7300000000000004263 0.0003293116619413581094 -0.00032531623261708089842
4.7400000000000002132 0.00033164630703694464526 -0.00032765087771266743428
4.75 0.0003339580834931665668 -0.00032197179552033493386
4.7599999999999997868 0.00033624756851288652854 -0.00032625899565694085197
4.7700000000000004619 0.00033851531528956329067 -0.00032852674243361761411
4.7800000000000002487 0.00034076185438101491004 -0.00033277099573246048808
4.7900000000000000355 0.00034298769498360056349 -0.00033499683633504614153
4.7999999999999998224 0.00034519332611552524994 -0.000333207038142693617
4.8100000000000004974 0.00034737921771708929345 -0.0003333952155368664059
4.8200000000000002842 0.00034954582167491364411 -0.00033955724881896796755
4.8300000000000000711 0.00035169357277647976491 -0.00033171642706458841178
4.8399999999999998579 0.00035382288960070560182 -0.00034782974561428978534
4.8500000000000005329 0.00035593417534972830599 -0.00033995245805261946207
4.8600000000000003197 0.0003580278186265780033 -0.00033805067291468665017
4.8700000000000001066 0.00036010419416299306334 -0.00035411105017657724687
4.8799999999999998934 0.00036216366350123299547 -0.00033419565914078722037
4.8899999999999996803 0.00036420657563339755864 -0.0003522202876605659257
4.9000000000000003553 0.0003662332676014528666 -0.00033826526324100709151
4.9100000000000001421 0.00036824406506087708916 -0.0003322852020518768921
4.9199999999999999289 0.00037023928281058974274 -0.00034426899265753522225
4.9299999999999997158 0.00037221922529160060989 -0.00035423979378710051136
4.9400000000000003908 0.0003741841870566076241 -0.00035620475555210752558
4.9500000000000001776 0.00037613445321258462233 -0.00035415959329330201459
4.9599999999999999645 0.00037807029983824341681 -0.00035809315412635206368
4.9699999999999997513 0.0003799919943780817079 -0.00036600799219785882035
4.9800000000000004263 0.00038189979601461321703 -0.00034993636142039552918
4.9900000000000002132 0.00038379395602023232874 -0.00035582595165978655365
5 0.00038567471809006497081 -0.00037368843011723333787
5.0099999999999997868 0.00038754231865704118079 -0.00037156060135993233687
5.0200000000000004619 0.00038939698719034257068 -0.00035743355259612488283
5.0300000000000002487 0.000391238946478278751 -0.00036327094211783297591
5.0400000000000000355 0.00039306841289658112732 -0.00038108212492374949438
5.0499999999999998224 0.00039488559666301628788 -0.00037291073674373368015
5.0600000000000004974 0.0003966907020791660154 -0.00038869984343061159343
5.0700000000000002842 0.00039848392776015346441 -0.00037650906784087085667
5.0800000000000000711 0.00040026546685304500951 -0.00037629289090738174363
5.0899999999999998579 0.0004020355072445978015 -0.00036607664423559760445
5.1000000000000005329 0.0004037942317589873981 -0.00039180794378615576515
5.1100000000000003197 0.00040554181834609221054 -0.00038956010104898336661
5.1200000000000001066 0.00040727844026088819715 -0.00039129672296377935323
5.1299999999999998934 0.0004090042662344561689 -0.00039102483472995607037
5.1399999999999996803 0.00041071946063707989423 -0.00038075374206924286454
5.1500000000000003553 0.00041242418363387453898 -0.00039044932371459193125
5.1600000000000001421 0.00041411859133337315881 -0.00039214373141409055107
5.1699999999999999289 0.00041580283592945960561 -0.00039782340442495950708
5.1799999999999997158 0.00041747706583704840633 -0.00040149534853993956241
5.1900000000000003908 0.00041914142582190837792 -0.00041115056717335395596
5.2000000000000001776 0.00042079605712510616006 -0.00040081891141321480693
5.2099999999999999645 0.00042244109758271270599 -0.00040446166607821260747
5.2199999999999997513 0.00042407668174181226443 -0.00040809496444470342051
5.2300000000000004263 0.00042570294097474660564 -0.00040772350947024650712
5.2400000000000002132 0.00042732000359539190973 -0.00041932914494683748777
5.25 0.00042892799498518143983 -0.0004109485634806813413
5.2599999999999997868 0.00043052703774448320469 -0.00041054989203259185156
5.2700000000000004619 0.00043211725190073159344 -0.00041214010618884024031
5.2800000000000002487 0.00043369875523543001492 -0.000417717037938321171
5.2900000000000000355 0.00043527166385097152248 -0.00042128766167074863493
5.2999999999999998224 0.00043683609320838921166 -0.00042085437591128036774
5.3100000000000004974 0.00043839216006942420024 -0.00041841501435753284711
5.3200000000000002842 0.00043993998613989785318 -0.00041796512622061524544
5.3300000000000000711 0.0004414797048510927407 -0.00041950484493181013296
5.3399999999999998579 0.00044301147381683319854 -0.00042303432810494184541
5.3500000000000005329 0.0004445354973563276431 -0.00042256063743704503537
5.3600000000000003197 0.00044605206651697005063 -0.00041408863192275236279
5.3700000000000001066 0.00044756162891333478755 -0.00041360048193071524865
5.3799999999999998934 0.00044906490833056315849 -0.00043308319103345431457
5.3899999999999996803 0.00045056310565387260253 -0.00042659052970820933665
5.4000000000000003553 0.00045205822985777579896 -0.00043407879835327570044
5.4100000000000001421 0.00045355363240385593911 -0.00042558562804341016402
5.4199999999999999289 0.00045505485250018430686 -0.00043307999258090169913
5.4299999999999997158 0.00045657092615376706872 -0.00043659378044187571559
5.4400000000000003908 0.00045811636996304631224 -0.00043214607980999179175
5.4500000000000001776 0.00045971412073145153905 -0.00044173468922695144053
5.4599999999999999645 0.00046139979105246932932 -0.00043942493113318672159
5.4699999999999997513 0.00046322768162044777613 -0.00042726881861144757908
5.4800000000000004263 0.00046527905997585574521 -0.00044130648403019247933
5.4900000000000002132 0.00046767325237654874294 -0.00044769610666465738981
5.5 0.0004705820723818347805 -0.00045659807020161189296
5.5099999999999997868 0.0004742479913356041697 -0.00045027541538994090382
5.5200000000000004619 0.00047900620273379250968 -0.00046302448543668366576
5.5300000000000002487 0.0004853103062149924634 -0.0004553445876471554337
5.5400000000000000355 0.00049376070931254597077 -0.0004837721364566002942
5.5499999999999998224 0.00050513400933724741156 -0.00048715457783274731304
5.5600000000000004974 0.00052041060180982052358 -0.00049843574189053791584
5.5700000000000002842 0.0005407966413632424264 -0.00052081949565135107327
5.5800000000000000711 0.00056773538833783160264 -0.00054176509818477708216
5.5899999999999998579 0.00060290209972840619248 -0.00057693180957535167199
5.6000000000000005329 0.00064817620438850447571 -0.00063419220220828158817
5.6100000000000003197 0.0007055847988953551286 -0.0006676282198599742734
5.6200000000000001066 0.0007772127522224779898 -0.00074924474786203221471
5.6299999999999998934 0.00086507708086721950801 -0.00082512278944343680175
5.6399999999999996803 0.00097096678467302921685 -0.00095298735316852911832
5.6500000000000003553 0.0010962538633197006083 -0.001056299571895917902
5.6600000000000001421 0.0012416863886469645291 -0.0011957389527820186555
5.6699999999999999289 0.0014071796906847708168 -0.0013532413943522811177
5.6799999999999997158 0.001591626149567208293 -0.0015197084235492078989
5.6900000000000003908 0.0017927469103346865484 -0.0017268223251198705145
5.7000000000000001776 0.0020070092415994957545 -0.0019310960835287340441
5.7099999999999999645 0.0022296306393663179422 -0.0021517197725451331879
5.7199999999999997513 0.002454684894669172026 -0.0023627900229392802788
5.7300000000000004263 0.0026753164396982405566 -0.002543467269268608489
5.7400000000000002132 0.002884058131725130477 -0.0027582021093746403838
5.75 0.0030732354804957656876 -0.002943384026092514278
5.7599999999999997868 0.0032354287645851194377 -0.0030696184508108466382
5.7700000000000004619 0.0033639552166917809084 -0.0031841609052847587302
5.7800000000000002487 0.0034533280188470717731 -0.0032715359914136689368
5.7900000000000000355 0.0034996483205169265362 -0.0033598083005336870643
5.7999999999999998224 0.0035008912911571039676 -0.0032831404043526797414
5.8100000000000004974 0.0034570569743611508085 -0.0032572855172422372771
5.8200000000000002842 0.003370170287874885845 -0.0031763919642831990597
5.8300000000000000711 0.0032441301694773475375 -0.0030703289915975521054
5.8399999999999998579 0.0030844235244545320854 -0.0029605652181304226503
5.8500000000000005329 0.0028977332075266009313 -0.0028018429037439478678
5.8600000000000003197 0.0026914790276679270709 -0.0025776092941997633123
5.8700000000000001066 0.0024733355628417229982 -0.0023574681133471785816
5.8799999999999998934 0.0022507700436746988677 -0.0021528820311416227602
5.8899999999999996803 0.0020306381260938618886 -0.0019547249680231001782
5.9000000000000003553 0.0018188661074309503494 -0.0017529415222161343155
5.9100000000000001421 0.0016202365803257418302 -0.0015682960000196327893
5.9199999999999999289 0.0014382823651192147389 -0.0013943326452806495235
5.9299999999999997158 0.0012752824060637997505 -0.0012233418257576907096
5.9400000000000003908 0.00113234441268861806 -0.0010923901212648353537
5.9500000000000001776 0.0010095531450286315215 -0.00098158514066818574641
5.9599999999999999645 0.00090616062174224377371 -0.00087819261738179799862
5.9699999999999997513 0.00082079493411318959258 -0.00078883149951897190474
5.9800000000000004263 0.00075166717375937941448 -0.00073968088578654778154
5.9900000000000002132 0.00069676041617567957467 -0.00068277641399545668712
6 0.00065398988494510081667 -0.00062402416637726378697
6.0099999999999997868 0.00062132857664532880216 -0.00060135143093343744903
6.0200000000000004619 0.00059689715621077954217 -0.00056693143764294251247
6.0300000000000002487 0.00057902046110288826232 -0.00056104102959838816379
6.0400000000000000355 0.00056625532614181450178 -0.00055227132396159161424
6.0499999999999998224 0.00055739569259592909329 -0.00053342311665026582741
6.0600000000000004974 0.0005514612616241150022 -0.00053348183011961490367
6.0700000000000002842 0.0005476755334116206091 -0.00052370295746595734322
6.0800000000000000711 0.00054543819877659130164 -0.00052546105306469994851
6.0899999999999998579 0.00054429575732726392153 -0.00051832546717420940104
6.1000000000000005329 0.00054391311575070137689 -0.00051994053980503811101
6.1100000000000003197 0.00054404790386398645466 -0.00052007532791832318878
6.1200000000000001066 0.00054452841028959902275 -0.00053054440810937613521
6.1299999999999998934 0.00054523541201621523317 -0.00054123998269193802219
6.1400000000000005684 0.00054608774585971611628 -0.00053210374367949322873
6.1500000000000003553 0.00054703121663819817208 -0.00052505635671891556435
6.1600000000000001421 0.00054803031847426412777 -0.00052605545855498152003
6.1699999999999999289 0.00054906222253309135573 -0.00053507822035286846819
6.1799999999999997158 0.00055011252148764522903 -0.0005301353757757538759
6.1900000000000003908 0.00055117228995687616439 -0.00053319285845237606586
6.2000000000000001776 0.00055223610076651644465 -0.00052826352482085317877
6.2099999999999999645 0.00055330071595155385245 -0.00053332357023966249932
6.2199999999999997513 0.00055436424155344673961 -0.00053838252425633789568
6.2300000000000004263 0.00055542559328076882095 -0.00053544844756887746782
6.2400000000000002132 0.0005564841655803011997 -0.00052651844701246417
6.25 0.00055753963076981280858 -0.00053956019926531271005
6.2599999999999997868 0.00055859181949904066801 -0.00054061238799454056948
6.2700000000000004619 0.00055964065097725682919 -0.00053966350526536547606
6.2800000000000002487 0.0005606860930193202381 -0.00053671351707365697221
6.2900000000000000355 0.00056172813959410987112 -0.00053575784944105535063
6.2999999999999998224 0.00056276679844125476141 -0.00054079193852197215368
6.3100000000000004974 0.00056380208436624279934 -0.00053183864977202511149
6.3200000000000002842 0.00056483401567634255493 -0.00054086143973067928904
6.3300000000000000711 0.00056586261232078997625 -0.00054588546660889862312
6.3399999999999998579 0.0005668878949384033002 -0.00054890846343390320167
6.3500000000000005329 0.00056790988437940652638 -0.0005439373084337432605
6.3600000000000003197 0.00056892860147051522394 -0.00054895145575862387081
6.3700000000000001066 0.0005699440669025338229 -0.00054197606254208804781
6.3799999999999998934 0.00057095630117852966615 -0.00055497458388142082222
6.3900000000000005684 0.00057196532459140476956 -0.00055398589308690467103
6.4000000000000003553 0.00057297115721546159652 -0.00056498029856690717455
6.4100000000000001421 0.00057397381890449930726 -0.00055000124295883604138
6.4199999999999999289 0.00057497332929287606022 -0.0005589916119957672163
6.4299999999999997158 0.00057596970779788070425 -0.00054999941764482618376
6.4400000000000003908 0.00057696297362265036666 -0.00055498811370336775892
6.4500000000000001776 0.00057795314575928558292 -0.00055198285560623106243
6.4599999999999999645 0.00057894024299201974487 -0.00056495624081179685733
6.4699999999999997513 0.00057992428390037185221 -0.00055794942398108924447
6.4800000000000004263 0.00058090528686225600431 -0.00054494642385325580726
6.4900000000000002132 0.00058188327005703895881 -0.00055791069411137569293
6.5 0.00058285825146854402211 -0.00055688796131548950162
6.5099999999999997868 0.00058383024888799498354 -0.00055386453032015795384
6.5200000000000004619 0.00058479927991690486364 -0.00055083813293428532474
6.5300000000000002487 0.00058576536196991034391 -0.00055779735760946456882
6.5400000000000000355 0.00058672851227755296218 -0.00056275593633188969629
6.5499999999999998224 0.00058768874788900382113 -0.00055172988488000362407
6.5600000000000004974 0.00058864608567474210974 -0.00054869179425095940348
6.5700000000000002842 0.0005896005423291774631 -0.00053166681758190525477
6.5800000000000000711 0.00059055213437322852041 -0.00054660241453466330494
6.5899999999999998579 0.00059150087815684954974 -0.00055154658673306684348
6.6000000000000005329 0.00059244678986151164471 -0.00056647649970845712422
6.6100000000000003197 0.00059338988550263795096 -0.00053945158917014825184
6.6200000000000001066 0.00059433018093199313937 -0.00054838274506704726575
6.6299999999999998934 0.00059526769184003113736 -0.00054332711153392209639
6.6400000000000005684 0.00059620243375819678179 -0.00054426185345208774082
6.6500000000000003553 0.00059713442206119440349 -0.0005332075528727590278
6.6600000000000001421 0.00059806367196922854794 -0.00054612309166311950696
6.6699999999999999289 0.00059899019855027353567 -0.00051908161570270812315
6.6799999999999997158 0.00059991401672257504193 -0.00053199172275733596412
6.6900000000000003908 0.00060083514125812322992 -0.00051493341033141584295
6.7000000000000001776 0.00060175358678966970726 -0.00052584042871890799686
6.7099999999999999645 0.00060266936782976112882 -0.00051077449609986938159
6.7199999999999997513 0.0006035824988281893351 -0.00052367391598062392258
6.7300000000000004263 0.00060449299434566330144 -0.00053257526832766290733
6.7400000000000002132 0.00060540086956029396607 -0.0005194991386335865791
6.75 0.00060630614167576945585 -0.0005064204131163126902
6.7599999999999997868 0.00060720883363869586607 -0.00048934366811777079125
6.7700000000000004619 0.00060810898343942462133 -0.0005122186796567715578
6.7800000000000002487 0.00060900666614152555636 -0.00048115292776465475076
6.7900000000000000355 0.00060990204322039455118 -0.00044209401341974103932
6.7999999999999998224 0.0006107954669175700603 -0.00051490516313491699676
6.8100000000000004974 0.00061168768835148320823 -0.00048383394997461240264
6.8200000000000002842 0.00061258024807094772855 -0.00047074251206132759848
6.8300000000000000711 0.0006134761639969977913 -0.00046964071196099700309
6.8399999999999998579 0.00061438106488743299011 -0.0004705456128514322019
6.8500000000000005329 0.0006153049287484387269 -0.00044350146689502395296
6.8600000000000003197 0.00061626454718397667091 -0.00042847937167143186014
6.8700000000000001066 0.00061728671839962904935 -0.00043349697493984555487
6.8799999999999998934 0.00061841195577702406591 -0.00044061536039638254589
6.8900000000000005684 0.0006196982006351500023 -0.0004618787509663998354
6.9000000000000003553 0.00062122371193164304445 -0.00043543625244547883761
6.9100000000000001421 0.0006230880877742549272 -0.00045727777399998212771
6.9199999999999999289 0.00062541039230760531002 -0.00045160921442780987793
6.9299999999999997158 0.0006283237222482579128 -0.00043454539865657112758
6.9400000000000003908 0.00063196625557076298481 -0.00044018564800545685774
6.9500000000000001776 0.00063646974282703140668 -0.00043470056968173721723
6.9599999999999999645 0.00064194726249075767088 -0.0003602695064978980689
6.9699999999999997513 0.00064848255333629250576 -0.00042274080242634559266
6.9800000000000004263 0.00065612312885463572147 -0.00039042707196899092796
6.9900000000000002132 0.00066487863588913544144 -0.00042715060337281986202
7 0.00067472474009192277746 -0.00044298984110283394413
7.0099999999999997868 0.00068561157041590518966 -0.00039394523429114229694
7.0200000000000004619 0.00069747482392708260411 -0.0004357741990941991269
7.0300000000000002487 0.00071024728125913848872 -0.00041458551308161427969
7.0400000000000000355 0.00072386875147862250919 -0.00042820698330109830017
7.0499999999999998224 0.00073829318085378127859 -0.0004066725533052356796
7.0600000000000004974 0.00075349253439616363428 -0.00050377820572156421439
7.0700000000000002842 0.00076945781279565562526 -0.00042385317306244541923
7.0800000000000000711 0.00078619802690249411797 -0.00046656369551223241367
7.0899999999999998579 0.00080373808181080142778 -0.00043416087886485383489
7.1000000000000005329 0.00082211639720497096864 -0.00051047292992023195115
7.1100000000000003197 0.0008413828339016593159 -0.00053173708264330084815
7.1200000000000001066 0.00086159722434523214069 -0.00048802458934652312309
7.1299999999999998934 0.00088282859140039751048 -0.00052323996858635304572
7.1400000000000005684 0.00090515501180304231126 -0.00053757552488347532232
7.1500000000000003553 0.00092866402998099061537 -0.00055509139498228165198
7.1600000000000001421 0.00095345353040230632503 -0.00056789459924531341273
7.1699999999999999289 0.00097963300688652080357 -0.00056610608046402913392
7.1799999999999997158 0.0010073252071382200919 -0.00061976855995484652143
7.1900000000000003908 0.0010366681705933191229 -0.00061315266403892416253
7.2000000000000001776 0.0010678177150120382773 -0.00059435933690195731985
7.2099999999999999645 0.0011009504640946575146 -0.00064946696227476379687
7.2199999999999997513 0.0011362675494268534553 -0.00067279775144867578866
7.2300000000000004263 0.0011739991727142495923 -0.00065659110023145506908
7.2400000000000002132 0.0012144102922220015566 -0.00064506160305330992148
7.25 0.0012578078325845294238 -0.00072841346394345095165
7.2599999999999997868 0.0013045500955845108163 -0.00072121742333498503087
7.2700000000000004619 0.0013550597096456545605 -0.00072378191097065389288
7.2800000000000002487 0.0014098431448733366681 -0.00072462704258988868723
7.2900000000000000355 0.0014695242070902065756 -0.00073036980119831128137
7.2999999999999998224 0.001534910029850380421 -0.0007657899126666057113
7.3100000000000004974 0.0016071348547321145928 -0.00078807186599265388605
7.3200000000000002842 0.0016879874489744109856 -0.00060522611937568592672
7.3300000000000000711 0.0017806551072956492733 -0.00069989146461947419897
7.3399999999999998579 0.0018913617484856779915 -0.00050095232544731496845
7.3500000000000005329 0.0020328021274088085499 -0.00050854593432975462794
7.3600000000000003197 0.002230920898761956303 -0.00042698457840493119972
7.3700000000000001066 0.0025374011396866666401 -0.0003798694610100618492
7.3799999999999998934 0.0030509386384013070792 -0.00048986861343411304201
7.3900000000000005684 0.0039503514111630163436 -0.00061017254336099245593
7.4000000000000003553 0.0055407641610289879927 -0.0016592046866352630312
7.4100000000000001421 0.0083092877271806319522 -0.0037465074661408980655
7.4199999999999999289 0.012978061361307935764 -0.0073824625258098403383
7.4299999999999997158 0.020531163600039436384 -0.013860794299048139616
7.4400000000000003908 0.032181456610284313313 -0.024158635101936325185
7.4500000000000001776 0.049240690276364629252 -0.040260962762276475413
7.4599999999999999645 0.072869187458302731031 -0.061983640543069588869
7.4699999999999997513 0.1037151586564537542 -0.091341314494824077386
7.4800000000000004263 0.14150459256247890916 -0.12784621801452053513
7.4900000000000002132 0.18469508156921740638 -0.16933465354885932075
7.5 0.230335484949255348 -0.21366455568125283793
7.5099999999999997868 0.27425299751102399926 -0.25684291476845216851
7.5200000000000004619 0.31161017070278246299 -0.29285962047740538017
7.5300000000000002487 0.33775373281128390213 -0.31865558133609278579
7.5400000000000000355 0.34915791050419220376 -0.33008772664591679025
7.5499999999999998224 0.34420041240643312053 -0.32553376689444829539
7.5600000000000004974 0.32353603680875325788 -0.3053668218597414552
7.5700000000000002842 0.28994972355371428918 -0.27256561167245818567
7.5800000000000000711 0.24773498784323993993 -0.23238454918881717992
7.5899999999999998579 0.20178952212157885704 -0.18721619392457644615
7.6000000000000005329 0.15669057145724690772 -0.1435695821420351348
7.6100000000000003197 0.11598708071679025844 -0.10506157913178354457
7.6200000000000001066 0.081844723603908514642 -0.072351584031466936731
7.6299999999999998934 0.055052823218754008694 -0.047063962388089373989
7.6400000000000005684 0.035299711789748500212 -0.02874920556675536476
7.6500000000000003553 0.021575515398056896443 -0.016279573791892917867
7.6600000000000001421 0.012570316593608774763 -0.0085349331307028909743
7.6699999999999999289 0.0069810930824027190439 -0.0039086079875127206079
7.6799999999999997158 0.0036956467097205769265 -0.0013383435448212277138
7.6900000000000003908 0.001864855902038299422 -0.00015281446068712433058
7.7000000000000001776 0.00089698717775129450068 0.00032761190240896548298
7.7099999999999999645 0.00041125564506123046989 0.00054764734910955448037
7.7199999999999997513 0.0001797301564499537564 0.00043556597222166255944
7.7300000000000004263 7.4870787936222175148e-05 0.00031867897822246291301
7.7400000000000002132 2.9729341814193319566e-05 0.00020999640672850290106
7.75 1.1252235413645886395e-05 0.00013458093264873550576
7.7599999999999997868 4.0594970821966387556e-06 0.00012179652526829345786
7.7700000000000004619 1.3959984427608370942e-06 6.2530870745674537749e-05
7.7800000000000002487 4.5758981530891611925e-07 3.9496701608473795382e-05
7.7900000000000000355 1.4297035048224252664e-07 2.7825034009963535133e-05
7.7999999999999998224 4.2578796691546280334e-08 1.7936852707808553748e-05
7.8100000000000004974 1.2086989783356637406e-08 1.985627672355248264e-06
7.8200000000000002842 3.2705435373105560456e-09 1.3980731636685578959e-05
7.8300000000000000711 8.4352585232423359431e-10 -8.4352585232423359431e-10
7.8399999999999998579 2.0737349511462842584e-10 1.9975072886434906191e-06
7.8500000000000005329 4.859417537461136183e-11 3.9953807301018363172e-06
7.8600000000000003197 1.0854031077685498164e-11 -1.0854031077685498164e-11
7.8700000000000001066 2.3108595793523419255e-12 1.9977123512790257466e-06
7.8799999999999998934 4.6895535382178677332e-13 -4.6895535382178677332e-13
7.8900000000000005684 9.0711991068292484199e-14 -9.0711991068292484199e-14
7.9000000000000003553 1.6725264202968407037e-14 1.997714645413340671e-06
7.9100000000000001421 2.9393831556455586749e-15 -2.9393831556455586749e-15
7.9199999999999999289 4.9239563566417204297e-16 -4.9239563566417204297e-16
7.930000000000000604 7.8622496905395515895e-17 -7.8622496905395515895e-17
7.9400000000000003908 1.1966137426239020923e-17 -1.1966137426239020923e-17
7.9500000000000001776 1.7359433156590434593e-18 -1.7359433156590434593e-18
7.9599999999999999645 2.4004429227094529317e-19 -2.4004429227094529317e-19
7.9699999999999997513 3.1638902941878026636e-20 -3.1638902941878026636e-20
7.9800000000000004263 3.9748939106908161954e-21 -3.9748939106908161954e-21
7.9900000000000002132 4.7599640424301616283e-22 -4.7599640424301616283e-22
8 5.4332003912098189068e-23 -5.4332003912098189068e-23
8.0099999999999997868 5.9112811792636384915e-24 -5.9112811792636384915e-24
8.0199999999999995737 6.1302937022919881844e-25 -6.1302937022919881844e-25
8.0299999999999993605 6.0597491636148348616e-26 -6.0597491636148348616e-26
8.0400000000000009237 5.7095469559279798493e-27 -5.7095469559279798493e-27
8.0500000000000007105 5.1276954803365125698e-28 -5.1276954803365125698e-28
8.0600000000000004974 4.3895128024894303098e-29 -4.3895128024894303098e-29
8.0700000000000002842 3.5816560477559045319e-30 -3.5816560477559045319e-30
8.0800000000000000711 2.7856390812027009854e-31 -2.7856390812027009854e-31
8.0899999999999998579 2.0650909294707904491e-32 -2.0650909294707904491e-32
8.0999999999999996447 1.4592403452200817558e-33 -1.4592403452200817558e-33
8.1099999999999994316 9.8285115274495164517e-35 -9.8285115274495164517e-35
8.1200000000000009948 6.3098917117160315895e-36 -6.3098917117160315895e-36
8.1300000000000007816 3.8612618431998038903e-37 -3.8612618431998038903e-37
8.1400000000000005684 2.2522145291356727424e-38 -2.2522145291356727424e-38
8.1500000000000003553 1.2521702398890265224e-39 -1.2521702398890265224e-39
8.1600000000000001421 6.6357510643560516245e-41 -6.6357510643560516245e-41
8.1699999999999999289 3.3518906836074034652e-42 -3.3518906836074034652e-42
8.1799999999999997158 1.6138480059207147007e-43 -1.6138480059207147007e-43
8.1899999999999995026 7.4064212025419226007e-45 -7.4064212025419226007e-45
8.1999999999999992895 3.2398667483678533894e-46 -3.2398667483678533894e-46
8.2100000000000008527 1.350886397925810136e-47 1.9977146621386050668e-06
8.2200000000000006395 5.3688765946697082883e-49 -5.3688765946697082883e-49
8.2300000000000004263 2.0338592863255954843e-50 -2.0338592863255954843e-50
8.2400000000000002132 7.3439759916357428366e-52 -7.3439759916357428366e-52
8.25 2.5276354419242233554e-53 -2.5276354419242233554e-53
8.2599999999999997868 8.2922129162588246112e-55 -8.2922129162588246112e-55
8.2699999999999995737 2.5929805145318994064e-56 -2.5929805145318994064e-56
8.2799999999999993605 7.7286001963811544798e-58 -7.7286001963811544798e-58
8.2900000000000009237 2.1957110683247483946e-59 -2.1957110683247483946e-59
8.3000000000000007105 5.9459641072494969837e-61 -5.9459641072494969837e-61
8.3100000000000004974 1.5347657557563490367e-62 -1.5347657557563490367e-62
8.3200000000000002842 3.7760229560537918483e-64 -3.7760229560537918483e-64
8.3300000000000000711 8.8552299470686992538e-66 -8.8552299470686992538e-66
8.3399999999999998579 1.9794190089738230833e-67 -1.9794190089738230833e-67
8.3499999999999996447 4.2174339636478044503e-69 -4.2174339636478044503e-69
8.3599999999999994316 8.5650813508164385737e-71 -8.5650813508164385737e-71
8.3700000000000009948 1.6580106880593876826e-72 -1.6580106880593876826e-72
8.3800000000000007816 3.0592557035817483927e-74 -3.0592557035817483927e-74
8.3900000000000005684 5.3804281584028644779e-76 -5.3804281584028644779e-76
8.4000000000000003553 9.0196666834702961441e-78 -9.0196666834702961441e-78
8.4100000000000001421 1.4412413764646845646e-79 -1.4412413764646845646e-79
8.4199999999999999289 2.1951061382181529137e-81 -2.1951061382181529137e-81
8.4299999999999997158 3.1867418565387688615e-83 -3.1867418565387688615e-83
8.4399999999999995026 4.4097177450981813791e-85 -4.4097177450981813791e-85
8.4499999999999992895 5.8163058570733656973e-87 -5.8163058570733656973e-87
8.4600000000000008527 7.3123371394546709656e-89 -7.3123371394546709656e-89
8.4700000000000006395 8.762694949132914722e-91 -8.762694949132914722e-91
8.4800000000000004263 1.0009022977727022299e-92 -1.0009022977727022299e-92
8.4900000000000002132 1.0897281674277870874e-94 -1.0897281674277870874e-94
8.5 1.130881645738217387e-96 -1.130881645738217387e-96
8.5099999999999997868 1.1186355417986560415e-98 -1.1186355417986560415e-98
8.5199999999999995737 1.0547087358878715996e-100 -1.0547087358878715996e-100
8.5299999999999993605 9.4787034324728183927e-103 -9.4787034324728183927e-103
8.5400000000000009237 8.1196588464979158385e-105 -8.1196588464979158385e-105
8.5500000000000007105 6.6297793800288034516e-107 -6.6297793800288034516e-107
8.5600000000000004974 5.1597993126230381031e-109 -5.1597993126230381031e-109
8.5700000000000002842 3.8277095559098132139e-111 -3.8277095559098132139e-111
8.5800000000000000711 2.7065594297953522489e-113 -2.7065594297953522489e-113
8.5899999999999998579 1.8241837271235684373e-115 -1.8241837271235684373e-115
8.5999999999999996447 1.1719038970288574732e-117 -1.1719038970288574732e-117
8.6099999999999994316 7.1760891405303009184e-120 -7.1760891405303009184e-120
8.6200000000000009948 4.1884761806895840419e-122 1.9977146621386050668e-06
8.6300000000000007816 2.3302186180071151745e-124 -2.3302186180071151745e-124
8.6400000000000005684 1.2356903992403258416e-126 -1.2356903992403258416e-126
8.6500000000000003553 6.2459004481602940059e-129 -6.2459004481602940059e-129
8.6600000000000001421 3.0092122318606440931e-131 -3.0092122318606440931e-131
8.6699999999999999289 1.3819201481350005396e-133 -1.3819201481350005396e-133
8.6799999999999997158 6.0490258924044149752e-136 -6.0490258924044149752e-136
8.6899999999999995026 2.523831155749511041e-138 -2.523831155749511041e-138
8.7000000000000010658 1.0037082758545519531e-140 -1.0037082758545519531e-140
8.7100000000000008527 3.8047582016702435467e-143 -3.8047582016702435467e-143
8.7200000000000006395 1.3747349153223964546e-145 -1.3747349153223964546e-145
8.7300000000000004263 4.7345990162995632775e-148 -4.7345990162995632775e-148
8.7400000000000002132 1.554246074001078269e-150 -1.554246074001078269e-150
8.75 4.863273398125623679e-153 -4.863273398125623679e-153
8.7599999999999997868 1.4504738948586704722e-155 -1.4504738948586704722e-155
8.7699999999999995737 4.1234759955724909467e-158 -4.1234759955724909467e-158
8.7799999999999993605 1.1173502798886703108e-160 -1.1173502798886703108e-160
8.7900000000000009237 2.8859415246338409395e-163 -2.8859415246338409395e-163
8.8000000000000007105 7.1049008508741308521e-166 -7.1049008508741308521e-166
8.8100000000000004974 1.6672503684107963958e-168 -1.6672503684107963958e-168
8.8200000000000002842 3.7292021365128029827e-171 -3.7292021365128029827e-171
8.8300000000000000711 7.9506626205127993469e-174 -7.9506626205127993469e-174
8.8399999999999998579 1.6157085388220204582e-176 -1.6157085388220204582e-176
8.8499999999999996447 3.1296444872429483259e-179 -3.1296444872429483259e-179
8.8599999999999994316 5.7782892850806066747e-182 -5.7782892850806066747e-182
8.8700000000000009948 1.0168943609902499234e-184 -1.0168943609902499234e-184
8.8800000000000007816 1.7057865216185253208e-187 -1.7057865216185253208e-187
8.8900000000000005684 2.7273809060468820528e-190 -2.7273809060468820528e-190
8.9000000000000003553 4.1566091346827316868e-193 -4.1566091346827316868e-193
8.9100000000000001421 6.038163258966848742e-196 -6.038163258966848742e-196
8.9199999999999999289 8.3607027544661780123e-199 -8.3607027544661780123e-199
8.9299999999999997158 1.1034508184799985154e-201 -1.1034508184799985154e-201
8.9399999999999995026 1.3881469451168467083e-204 -1.3881469451168467083e-204
8.9500000000000010658 1.6645243860480700541e-207 -1.6645243860480700541e-207
8.9600000000000008527 1.9024670329819625633e-210 -1.9024670329819625633e-210
8.9700000000000006395 2.0726041907013865529e-213 1.9977146621386050668e-06
8.9800000000000004263 2.1522259123335803533e-216 -2.1522259123335803533e-216
8.9900000000000002132 2.1302549792701780254e-219 -2.1302549792701780254e-219
9 2.0097755986138126963e-222 -2.0097755986138126963e-222
9.0099999999999997868 1.8073230734493228927e-225 -1.8073230734493228927e-225
9.0199999999999995737 1.5491599436994105056e-228 -1.5491599436994105056e-228
9.0299999999999993605 1.2656947079996316104e-231 -1.2656947079996316104e-231
9.0400000000000009237 9.8567537462229585168e-235 -9.8567537462229585168e-235
9.0500000000000007105 7.3166298357391372881e-238 -7.3166298357391372881e-238
9.0600000000000004974 5.176789349028102694e-241 -5.176789349028102694e-241
9.0700000000000002842 3.4912595218247999107e-244 -3.4912595218247999107e-244
9.0800000000000000711 2.2442746358613509021e-247 -2.2442746358613509021e-247
9.0899999999999998579 1.3751247391087366888e-250 -1.3751247391087366888e-250
9.0999999999999996447 8.031199483889748129e-254 -8.031199483889748129e-254
9.1099999999999994316 4.4708587915798884224e-257 -4.4708587915798884224e-257
9.1200000000000009948 2.3723224192110122007e-260 -2.3723224192110122007e-260
9.1300000000000007816 1.1998547935211843103e-263 -1.1998547935211843103e-263
9.1400000000000005684 5.7843675983756393525e-267 -5.7843675983756393525e-267
9.1500000000000003553 2.6580019344250277818e-270 -2.6580019344250277818e-270
9.1600000000000001421 1.1641981717080155563e-273 -1.1641981717080155563e-273
9.1699999999999999289 4.8603858029124059639e-277 -4.8603858029124059639e-277
9.1799999999999997158 1.9341349957552189977e-280 -1.9341349957552189977e-280
9.1899999999999995026 7.3362653181355406821e-284 -7.3362653181355406821e-284
9.2000000000000010658 2.6523783897770312854e-287 -2.6523783897770312854e-287
9.2100000000000008527 9.140461755648293745e-291 -9.140461755648293745e-291
9.2200000000000006395 3.0024307044280787784e-294 -3.0024307044280787784e-294
9.2300000000000004263 9.4004804345452047521e-298 -9.4004804345452047521e-298
9.2400000000000002132 2.8054291520754236582e-301 -2.8054291520754236582e-301
9.25 7.9803283057515160886e-305 -7.9803283057515160886e-305
9.2599999999999997868 2.1637864985258698338e-308 -2.1637864985258698338e-308
9.2699999999999995737 5.5921684995644156217e-312 -5.5921684995644156217e-312
9.2799999999999993605 1.3775846090836430657e-315 -1.3775846090836430657e-315
9.2900000000000009237 3.2346477833226411247e-319 -3.2346477833226411247e-319
9.3000000000000007105 6.4228533959362050743e-323 -6.4228533959362050743e-323
9.3100000000000004974 0 0
9.3200000000000002842 0 0
9.3300000000000000711 0 0
9.3399999999999998579 0 0
9.3499999999999996447 0 0
9.3599999999999994316 0 0
9.3700000000000009948 0 0
9.3800000000000007816 0 0
9.3900000000000005684 0 0
9.4000000000000003553 0 0
9.4100000000000001421 0 0
9.4199999999999999289 0 0
9.4299999999999997158 0 0
9.4399999999999995026 0 0
9.4500000000000010658 0 0
9.4600000000000008527 0 0
9.4700000000000006395 0 0
9.4800000000000004263 0 1.9977146621386050668e-06
9.4900000000000002132 0 0
9.5 0 0
9.5099999999999997868 0 0
9.5199999999999995737 0 0
9.5299999999999993605 0 0
9.5400000000000009237 0 0
9.5500000000000007105 0 0
9.5600000000000004974 0 0
9.5700000000000002842 0 0
9.5800000000000000711 0 0
9.5899999999999998579 0 0
9.5999999999999996447 0 0
9.6099999999999994316 0 0
9.6200000000000009948 0 0
9.6300000000000007816 0 0
9.6400000000000005684 0 0
9.6500000000000003553 0 0
9.6600000000000001421 0 0
9.6699999999999999289 0 0
9.6799999999999997158 0 0
9.6899999999999995026 0 0
9.7000000000000010658 0 0
9.7100000000000008527 0 0
9.7200000000000006395 0 0
9.7300000000000004263 0 0
9.7400000000000002132 0 0
9.75 0 0
9.7599999999999997868 0 0
9.7699999999999995737 0 0
9.7799999999999993605 0 0
9.7900000000000009237 0 0
9.8000000000000007105 0 0
9.8100000000000004974 0 0
9.8200000000000002842 0 0
9.8300000000000000711 0 0
9.8399999999999998579 0 0
9.8499999999999996447 0 0
9.8599999999999994316 0 0
9.8700000000000009948 0 0
9.8800000000000007816 0 0
9.8900000000000005684 0 0
9.9000000000000003553 0 0
9.9100000000000001421 0 0
9.9199999999999999289 0 0
9.9299999999999997158 0 0
9.9399999999999995026 0 0
9.9500000000000010658 0 0
9.9600000000000008527 0 0
9.9700000000000006395 0 0
9.9800000000000004263 0 0
9.9900000000000002132 0 0
10 0 0
10.009999999999999787 0 0
10.019999999999999574 0 0
10.029999999999999361 0 0
10.040000000000000924 0 0
10.050000000000000711 0 0
10.060000000000000497 0 0
10.070000000000000284 0 0
10.080000000000000071 0 0
10.089999999999999858 0 0
10.099999999999999645 0 0
10.109999999999999432 0 0
10.120000000000000995 0 0
10.130000000000000782 0 0
10.140000000000000568 0 0
10.150000000000000355 0 0
10.160000000000000142 0 0
10.169999999999999929 0 0
10.179999999999999716 0 0
10.189999999999999503 0 0
10.200000000000001066 0 0
10.210000000000000853 0 0
10.220000000000000639 0 0
10.230000000000000426 0 0
