0 2.5761538228489035041e-07 -2.5761538228489035041e-07
0.010000000000000000208 3.9711193949284064746e-07 -3.9711193949284064746e-07
0.020000000000000000416 6.0530324665072752579e-07 -6.0530324665072752579e-07
0.02999999999999999889 9.1234094761530222585e-07 -9.1234094761530222585e-07
0.040000000000000000833 1.3599215016729476217e-06 -1.3599215016729476217e-06
0.050000000000000002776 2.0063684277260299468e-06 -2.0063684277260299468e-06
0.05999999999999999778 2.9451479819937943888e-06 -2.9451479819937943888e-06
0.070000000000000006661 4.410789067030624922e-06 -4.410789067030624922e-06
0.080000000000000001665 7.343269974934427466e-06 -7.343269974934427466e-06
0.089999999999999996669 1.577749741495954123e-05 -1.577749741495954123e-05
0.10000000000000000555 4.4432964727587574152e-05 -4.4432964727587574152e-05
0.11000000000000000056 0.00013547361827808229143 -0.00013547361827808229143
0.11999999999999999556 0.00037886038697324274415 -0.00037886038697324274415
0.13000000000000000444 0.00090425696879275075778 -0.00090425696879275075778
0.14000000000000001332 0.0017959552541550859867 -0.0017959552541550859867
0.14999999999999999445 0.0029423512483666091309 -0.0026724834775271265851
0.16000000000000000333 0.003964800446882041883 -0.003786887625354471397
0.17000000000000001221 0.0043925424285556312343 -0.0042286227432635735413
0.17999999999999999334 0.0040082795660475092209 -0.0038923363811101587689
0.19000000000000000222 0.0030304832865872188483 -0.0029325312820069259975
0.2000000000000000111 0.0019310343164825373181 -0.0018510734995352596827
0.20999999999999999223 0.0010895909268213144466 -0.0010276212902310944124
0.22000000000000000111 0.00061861242494199212248 -0.00056663789137967649455
0.23000000000000000999 0.00043445408600329988441 -0.00040047073643602066478
0.23999999999999999112 0.00040784538553665674026 -0.00037985909851371592576
0.25 0.00044892475753422622512 -0.00042693553305562381575
0.26000000000000000888 0.00051530265536621499851 -0.00049931049161296159073
0.27000000000000001776 0.00059168943574413050863 -0.0005677011892047556952
0.28000000000000002665 0.00067313033772040771138 -0.00065114111324180530202
0.28999999999999998002 0.00075742757525557773482 -0.0007474324731371680304
0.2999999999999999889 0.00084278121557840909427 -0.00082878807206693868703
0.30999999999999999778 0.00092727433326713259911 -0.00089928804624419178462
0.32000000000000000666 0.001008834993388777173 -0.00096485654443157235424
0.33000000000000001554 0.0010853016321679493858 -0.0010373251390891997589
0.34000000000000002442 0.0011545139556476053441 -0.0011045384441460621202
0.35000000000000003331 0.0012144127842228351084 -0.0011684353132048578856
0.35999999999999998668 0.0012631411582344285582 -0.0012111666246721129302
0.36999999999999999556 0.0012991397017025406273 -0.0012411681092338654013
0.38000000000000000444 0.0013212294216257353466 -0.0012372705605569129031
0.39000000000000001332 0.0013286758149053418555 -0.0012747022629202326306
0.4000000000000000222 0.0013212294216257353466 -0.0012612588070962877165
0.41000000000000003109 0.0012991397017025406273 -0.0012611583116516954066
0.41999999999999998446 0.0012631411582344276908 -0.0012071685841885460618
0.42999999999999999334 0.0012144127842227936918 -0.0011704343352655888731
0.44000000000000000222 0.0011545139556462535608 -0.0011005404036611443359
0.4500000000000000111 0.0010853016321317587173 -0.0010373251390530090904
0.46000000000000001998 0.0010088349925948972372 -0.00097285262460482442061
0.47000000000000002887 0.00092727431899832174836 -0.00088129684798034452556
0.47999999999999998224 0.00084278100544537594158 -0.00081279569818065212656
0.48999999999999999112 0.00075742503969219944406 -0.00072344169012492022443
0.5 0.00067310526922899230427 -0.00065911212571752189702
0.51000000000000000888 0.00059148636118584263597 -0.00056749811464646782253
0.52000000000000001776 0.00051395475924435754869 -0.00049196553476575513933
0.53000000000000002665 0.0004415943027535046265 -0.00042960017948381721978
0.54000000000000003553 0.00037518066077160043634 -0.00035519045653478102751
0.55000000000000004441 0.0003151924737752734621 -0.00030519737165686375768
0.56000000000000005329 0.00026183617389250894497 -0.00024384498989747253666
0.57000000000000006217 0.00021508091041978928811 -0.00020108776690831888087
0.57999999999999996003 0.00017469983655947412073 -0.00015870767280622071296
0.58999999999999996891 0.00014031417392795908342 -0.00013431711229311538006
0.5999999999999999778 0.00011143689468069020525 -0.00010743885374237685331
0.60999999999999998668 8.7513463410036906875e-05 -7.9517381533410202987e-05
0.61999999999999999556 6.7957775515225605015e-05 -6.1960713880381901655e-05
0.63000000000000000444 5.21821357073525577e-05 -4.6185074072508854341e-05
0.64000000000000001332 3.9620774232022403069e-05 -3.362371259717869971e-05
0.6500000000000000222 2.9746952391227957481e-05 -2.3749890756384254122e-05
0.66000000000000003109 2.2084135923760637283e-05 -1.0090012654073227176e-05
0.67000000000000003997 1.6212006050056180823e-05 -2.218862538585770187e-06
0.68000000000000004885 1.1768239962531375269e-05 -3.7721580859046713807e-06
0.69000000000000005773 8.4470426342380290093e-06 -4.5096075761132512112e-07
0.70000000000000006661 5.995373853077058966e-06 2.0007080235496449221e-06
0.70999999999999996447 4.2077145087427471744e-06 -4.2077145087427471744e-06
0.71999999999999997335 2.9200794905784961158e-06 3.0769821442652072435e-06
0.72999999999999998224 2.0038328643472551101e-06 7.9912692540624497304e-06
0.73999999999999999112 1.3597113686392589715e-06 4.6373502662044445996e-06
0.75 9.1232667880451076572e-07 1.3080816832665900293e-05
0.76000000000000000888 6.0530245277080882413e-07 3.39273848554254312e-06
0.77000000000000001776 3.9711190330226906222e-07 3.6009290350110826701e-06
0.78000000000000002665 2.5761538093309903494e-07 7.7384664956936054356e-06
0.79000000000000003553 1.6525289844961321933e-07 9.8298492199600917535e-06
0.80000000000000004441 1.0482015428123797816e-07 7.8912617223454657777e-06
0.81000000000000005329 6.5744422704390274695e-08 1.1928378846983020415e-05
0.82000000000000006217 4.0774763470889967633e-08 9.9543273549388136751e-06
0.83000000000000007105 2.5005894652842552622e-08 1.3968137616817568285e-05
0.83999999999999996891 1.5163929496998748877e-08 5.9818977053467048752e-06
0.8499999999999999778 9.0928395660925639655e-09 1.9899276295905835123e-06
0.85999999999999998668 5.3914516264333722005e-09 5.991670183217270409e-06
0.86999999999999999556 3.1610423185520067617e-09 1.9958594268381240815e-06
0.88000000000000000444 1.8326237884070357946e-09 7.9942492528382974831e-06
0.89000000000000001332 1.0505935781895318145e-09 1.9979698755784865112e-06
0.9000000000000000222 5.9554499148122621359e-10 3.9974453933218706821e-06
0.91000000000000003109 3.3382036212538613697e-10 9.994768298047579101e-06
0.92000000000000003997 1.8502460418870672265e-10 3.9978559137091630195e-06
0.93000000000000004885 1.0140621111797816533e-10 -1.0140621111797816533e-10
0.94000000000000005773 5.4956370320125128395e-11 5.9970066784733832196e-06
0.95000000000000006661 2.9450314633428029154e-11 9.9950726680950707488e-06
0.95999999999999996447 1.5605592028781264629e-11 3.9980253327213227508e-06
0.96999999999999997335 8.1769053721901667138e-12 5.9970534579383310056e-06
0.97999999999999998224 4.2365867849311114322e-12 3.9980367017265667858e-06
0.98999999999999999112 2.1705093204150152328e-12 1.5992161582744091064e-05
1 1.0995769202230512364e-12 3.9980398387364320172e-06
1.0100000000000000089 5.5081782839096999812e-13 3.998040387495523333e-06
1.0200000000000000178 2.7284046110974197532e-13 1.9990201963162150138e-06
1.0300000000000000266 1.3363738736556879243e-13 3.9980408046759643569e-06
1.0400000000000000355 6.4724038766993724745e-14 1.1994123204963371194e-05
1.0500000000000000444 3.0997150416920191504e-14 7.9960818456295535122e-06
1.0600000000000000533 1.467902015094961026e-14 5.9970616201646833698e-06
1.0700000000000000622 6.8737739611909115042e-15 7.9960818697529298773e-06
1.0800000000000000711 3.1830203308583849327e-15 5.9970616316606831396e-06
1.0900000000000000799 1.4580460290206530707e-15 3.9980409368553058511e-06
1.1000000000000000888 6.6199398783959259623e-16 5.9970616341817089946e-06
1.1100000000000000977 3.0148573419219018539e-16 1.1994123269385923976e-05
1.1200000000000001066 1.4721927075774558084e-16 3.9980409381661325357e-06
1.1300000000000001155 1.0080743156650080588e-16 1.9990204690558684634e-06
1.1400000000000001243 1.3825714786709050399e-16 5.9970616347054464065e-06
1.1500000000000001332 3.0156950848798204653e-16 5.9970616345421342192e-06
1.1599999999999999201 7.3893526517802302676e-16 5.9970616341047679098e-06
1.1699999999999999289 1.8269977015371719211e-15 7.996081874799706337e-06
1.1799999999999999378 4.4659144266691760516e-15 1.1994123265221494961e-05
1.1899999999999999467 1.0754848383486974558e-14 3.998040927558503462e-06
1.1999999999999999556 2.5501368327058530142e-14 3.9980409128119834169e-06
1.2099999999999999645 5.9531211943673005107e-14 7.9960818170954919376e-06
1.2199999999999999734 1.3681719556747323698e-13 5.9970614980265075014e-06
1.2299999999999999822 3.0956376298138533729e-13 3.9980406287495886693e-06
1.2399999999999999911 6.8956118929975388997e-13 7.9960811870655146386e-06
1.25 1.5121982323205134274e-12 1.1994121757489177737e-05
1.2600000000000000089 3.2648096014746859952e-12 1.1994120004877809258e-05
1.2700000000000000178 6.9393726119825743324e-12 3.9980339989407397434e-06
1.2800000000000000266 1.4520974810060782126e-11 1.9990059481818658319e-06
1.2900000000000000355 2.9914693117324103817e-11 7.996051961933587111e-06
1.3000000000000000444 6.0671753580640587298e-11 1.1994062597933829073e-05
1.3100000000000000533 1.2114395791864286246e-10 3.9979197943554335489e-06
1.3200000000000000622 2.3813881329655295849e-10 3.9978027995000558134e-06
1.3300000000000000711 4.6086298380181519195e-10 7.9956210136429014352e-06
1.3400000000000000799 8.7806503779229762689e-10 5.9961835698059106413e-06
1.3500000000000000888 1.6470043961391193493e-09 5.9954146304475638878e-06
1.3600000000000000977 3.0414175474575616148e-09 9.9920607008622462598e-06
1.3700000000000001066 5.5293050659841551375e-09 3.9925116332473679809e-06
1.3800000000000001155 9.8964234976021861215e-09 3.9881445148157497894e-06
1.3900000000000001243 1.7438101749054243595e-08 3.9806028365642977634e-06
1.4000000000000001332 3.0250555807962630542e-08 3.9677903825053893996e-06
1.4099999999999999201 5.1663131312403402511e-08 5.9453985035312997649e-06
1.4199999999999999289 8.6864296680125453603e-08 5.9101973381635782102e-06
1.4299999999999999378 1.4378550448000508958e-07 1.1850337765207404858e-05
1.4399999999999999467 2.3431609390520490537e-07 9.7607860245044986646e-06
1.4499999999999999556 3.759259864258341704e-07 3.6221149518875178796e-06
1.4599999999999999645 5.9376663849185004545e-07 9.4013354799178547951e-06
1.4699999999999999734 9.2329918612960591523e-07 1.1070824083557804403e-05
1.4799999999999999822 1.4134561130958310187e-06 2.5845848252175207137e-06
1.4899999999999999911 2.1302737691444756474e-06 -2.1302737691444756474e-06
1.5 3.1608342793890183294e-06 6.8342678390206860876e-06
1.5100000000000000089 4.6172272389865430252e-06 -6.1918630067319108107e-07
1.5200000000000000178 6.6400903247760509644e-06 1.3559915518506529238e-06
1.5300000000000000266 9.4011274557940423957e-06 -3.4040658209503390363e-06
1.5400000000000000355 1.3103855936515623949e-05 -7.1067943016719205892e-06
1.5500000000000000444 1.7981730918976533972e-05 -7.9866288005668295547e-06
1.5600000000000000533 2.4292773158473222048e-05 -1.629669128184651816e-05
1.5700000000000000622 3.2309922081943472278e-05 -1.8316778570473061643e-05
1.5800000000000000711 4.230658224712267201e-05 -2.4315398252086260316e-05
1.5900000000000000799 5.4537244213494970042e-05 -4.4542142095085265625e-05
1.6000000000000000888 6.9213633934103835723e-05 -5.9218531815694131306e-05
1.6100000000000000977 8.64775405824588073e-05 -8.0480478947615103941e-05
1.6200000000000001066 0.00010637222009776519922 -0.00010237417915945184728
1.6300000000000001155 0.00012881496883554574215 -0.00012081888695891903826
1.6400000000000001243 0.00015357398640057702446 -0.00014557790452395032057
1.6500000000000001332 0.00018025287403524228869 -0.0001722567921586155848
1.6600000000000001421 0.00020828593972140889879 -0.00020228887808656519543
1.6699999999999999289 0.00023694684239577353002 -0.00022095467864252012224
1.6799999999999999378 0.00026537200925220392209 -0.00024937984549895051431
1.6899999999999999467 0.00029259878296219332281 -0.00028460270108556661893
1.6999999999999999556 0.00031761655700643701659 -0.00029762635276961760776
1.7099999999999999645 0.00033942745471732998011 -0.00033143137284070327622
1.7199999999999999734 0.00035711164878813922343 -0.00034911556691151251954
1.7299999999999999822 0.00036989144069963689849 -0.00035989633858122719407
1.7399999999999999911 0.00037718790872230884611 -0.00035319966218293403267
1.75 0.00037866438386192257303 -0.00036067319986688616473
1.7600000000000000089 0.00037425220705872519434 -0.00035626102306368878604
1.7700000000000000178 0.0003641560229996047989 -0.00035416092088119509448
1.7800000000000000266 0.00034883804205106946428 -0.00034084196017444276039
1.7900000000000000355 0.00032898295605828306717 -0.00031898785393987336275
1.8000000000000000444 0.00030544721702811849021 -0.00029745113515149178632
1.8100000000000000533 0.00027919790944782842341 -0.00027719888897867174743
1.8200000000000000622 0.00025124727907448684248 -0.00023725413556301643524
1.8300000000000000711 0.00022258904585887863111 -0.00021459296398225192722
1.8400000000000000799 0.00019414196637665312147 -0.00018214784310696571475
1.8500000000000000888 0.00016670486566106845739 -0.0001587087837844417535
1.8600000000000000977 0.00014092574625718500415 -0.00013093064413877529974
1.8700000000000001066 0.00011728585177200297272 -0.00011528683130284629675
1.8800000000000001155 9.6097950329062688246e-05 -8.4103827059375281527e-05
1.8900000000000001243 7.7516800473164838435e-05 -7.1519738838321135076e-05
1.9000000000000001332 6.1558888327095201377e-05 -5.7560847388781849433e-05
1.9100000000000001421 4.8128121799392068706e-05 -4.4130080861078716762e-05
1.9199999999999999289 3.7044204621074654823e-05 -3.1047142986230951464e-05
1.9299999999999999378 2.8070803934933944357e-05 -2.2073742300090240997e-05
1.9399999999999999467 2.094125198819109788e-05 -1.2945170111564393992e-05
1.9499999999999999556 1.5380259045563494946e-05 -1.1382218107250143002e-05
1.9599999999999999645 1.1120847192255554483e-05 -7.1228062539422025385e-06
1.9699999999999999734 7.9163559208529777473e-06 -3.9183149825396258032e-06
1.9799999999999999822 5.5478660423431128465e-06 -3.5488455731864368745e-06
1.9899999999999999911 3.8277171315932417541e-06 1.7032380672011019002e-07
2 2.5999615253615269717e-06 5.3961203512651769164e-06
2.0100000000000002309 1.7386302125162230383e-06 2.6039025664045293375e-07
2.0200000000000000178 1.1446184412405309908e-06 8.8504836771691730026e-06
2.0300000000000002487 7.4186942164567243942e-07 7.2542124549810314488e-06
2.0400000000000000355 4.7337728920005471023e-07 7.5227045874266494426e-06
2.0499999999999998224 2.9737234769209649857e-07 7.6987095289346071779e-06
2.0600000000000000533 1.8391068428212640225e-07 3.8141302540312253301e-06
2.0699999999999998401 1.1197641383096511497e-07 5.8850852210127379532e-06
2.0800000000000000711 6.712114625689139101e-08 1.1927002123430518557e-05
2.0899999999999998579 3.9610049942707027001e-08 7.9564718266839969406e-06
2.1000000000000000888 2.3012543954651850397e-08 1.9760079252020242011e-06
2.1099999999999998757 1.3162460704323289534e-08 3.9848784776090288845e-06
2.1200000000000001066 7.4117840944372603055e-09 5.9896498507492662819e-06
2.1299999999999998934 4.108862872740181756e-09 5.9929527719709631181e-06
2.1400000000000001243 2.2425067083090814959e-09 3.9957984316050431045e-06
2.1499999999999999112 1.2049223766985785205e-09 1.9978155467799776053e-06
2.1600000000000001421 6.3737878534284277966e-10 7.9954444978413617245e-06
2.1699999999999999289 3.3193217696539150721e-10 1.39928115792934451e-05
2.1800000000000001599 1.701822729735301567e-10 9.9949319361367302032e-06
2.1899999999999999467 8.589986889934286373e-11 9.9950162185408044713e-06
2.2000000000000001776 4.2685846444776595038e-11 -4.2685846444776595038e-11
2.2099999999999999645 2.0882789464647784772e-11 1.9989995863672114674e-06
2.2200000000000001954 1.0057877409617848365e-11 1.1994113211810000487e-05
2.2299999999999999822 4.769110458676048159e-12 5.9970568657332445043e-06
2.2400000000000002132 2.2262895120736791898e-12 9.995099892120191704e-06
2.25 1.0231495438315920743e-12 3.9980399151638082721e-06
2.2600000000000002309 4.6292411514266167843e-13 3.998040475389237111e-06
2.2700000000000000178 2.0620239766286475958e-13 5.9970614286413055717e-06
2.2800000000000002487 9.0425481944982119186e-14 5.9970615444182216546e-06
2.2900000000000000355 3.903922333150153317e-14 5.9970615958044799808e-06
2.3000000000000002665 1.6592992672685630578e-14 9.9951021018167118392e-06
2.3100000000000000533 6.9432290017957708539e-15 3.9980409313701229256e-06
2.3199999999999998401 2.8602992549150650131e-15 3.9980409354530529713e-06
2.3300000000000000711 1.1600445608216268143e-15 7.9960818754666600797e-06
2.3399999999999998579 4.6318137412254933828e-16 5.9970616343805220269e-06
2.3500000000000000888 1.820709746683607951e-16 7.9960818764446324621e-06
2.3599999999999998757 7.0460149925736942737e-17 1.9990204690862159598e-06
2.3700000000000001066 2.684476610460578666e-17 5.9970616348168583442e-06
2.3799999999999998934 1.0069059364336909579e-17 7.9960818766166343605e-06
2.3900000000000001243 3.718188419456841099e-18 3.9980409383096334695e-06
2.3999999999999999112 1.3517211278713227214e-18 3.9980409383120000795e-06
2.4100000000000001421 4.8378904033635219299e-19 3.9980409383128682883e-06
2.4199999999999999289 1.7046615483153592268e-19 1.9990204691565052949e-06
2.4300000000000001599 5.9133491146925896771e-20 7.9960818766266445959e-06
2.4399999999999999467 2.0194917819691891496e-20 1.9990204691566556433e-06
2.4500000000000001776 6.7899077864946228452e-21 3.9980409383133451678e-06
2.4599999999999999645 2.2474957425730026228e-21 9.9951021184097027229e-06
2.4700000000000001954 7.3239790750704810962e-22 1.1994123269687410107e-05
2.4799999999999999822 2.3496789571024826823e-22 5.9970616348437033594e-06
2.4900000000000002132 7.4213544741901036791e-23 3.9980409383133519441e-06
2.5 2.3076558412379799174e-23 5.9970616348437033594e-06
2.5100000000000002309 7.0643485513937774833e-24 1.999020469156675972e-06
2.5200000000000000178 2.1290527115391929895e-24 7.9960818766267038882e-06
2.5300000000000002487 6.317044328214466865e-25 7.9960818766267038882e-06
2.5400000000000000355 1.8452476059936356338e-25 1.999020469156675972e-06
2.5500000000000002665 5.3065051764474807194e-26 9.995102118409704417e-06
2.5600000000000000533 1.5023660101150331536e-26 -1.5023660101150331536e-26
2.5699999999999998401 4.1875125560443651024e-27 3.9980409383133519441e-06
2.5800000000000000711 1.149078531318044807e-27 1.999020469156675972e-06
2.5899999999999998579 3.1042487475837713832e-28 3.9980409383133519441e-06
2.6000000000000000888 8.2561302168101457292e-29 5.9970616348437033594e-06
2.6099999999999998757 2.1617714114301562391e-29 3.9980409383133519441e-06
2.6200000000000001066 5.5725788181366594358e-30 7.9960818766267038882e-06
2.6299999999999998934 1.4142164547098540131e-30 5.9970616348437033594e-06
2.6400000000000001243 3.5333671563983554107e-31 5.9970616348437033594e-06
2.6499999999999999112 8.6911023662963563718e-32 7.9960818766267038882e-06
2.6600000000000001421 2.1046223502878662342e-32 7.9960818766267038882e-06
2.6699999999999999289 5.0174922070030149317e-33 3.9980409383133519441e-06
2.6800000000000001599 1.1776397345451379575e-33 5.9970616348437033594e-06
2.6899999999999999467 2.7211432829216646282e-34 9.995102118409704417e-06
2.7000000000000001776 6.1901843870598083255e-35 5.9970616348437033594e-06
2.7099999999999999645 1.3863375172199614114e-35 1.999020469156675972e-06
2.7200000000000001954 3.0566631596555929385e-36 5.9970616348437033594e-06
2.7299999999999999822 6.6349767380810080576e-37 3.9980409383133519441e-06
2.7400000000000002132 1.4178962113643561196e-37 -1.4178962113643561196e-37
2.75 2.9830648525311882999e-38 1.3993143511470410636e-05
2.7600000000000002309 6.1786580976896225053e-39 3.9980409383133519441e-06
2.7700000000000000178 1.2599080417158246112e-39 3.9980409383133519441e-06
2.7800000000000002487 2.5292790554439393809e-40 9.995102118409704417e-06
2.7900000000000000355 4.9988241932197648606e-41 1.1994123269687410107e-05
2.8000000000000002665 9.7264015208838688084e-42 1.999020469156675972e-06
2.8100000000000000533 1.8631582351509917898e-42 1.999020469156675972e-06
2.8199999999999998401 3.513666212398745735e-43 5.9970616348437033594e-06
2.8300000000000000711 6.5235572803236392245e-44 3.9980409383133519441e-06
2.8399999999999998579 1.1923991925079796073e-44 1.999020469156675972e-06
2.8500000000000000888 2.1457152212505077287e-45 1.999020469156675972e-06
2.8599999999999998757 3.8013311662002234256e-46 9.995102118409704417e-06
2.8700000000000001066 6.6299850057964600075e-47 5.9970616348437033594e-06
2.8799999999999998934 1.1384202221725516292e-47 7.9960818766267038882e-06
2.8900000000000001243 1.9244466355043835426e-48 7.9960818766267038882e-06
2.8999999999999999112 3.2027449811327126641e-49 9.995102118409704417e-06
2.9100000000000001421 5.2474953386317403274e-50 3.9980409383133519441e-06
2.9199999999999999289 8.4643766254040962433e-51 5.9970616348437033594e-06
2.9300000000000001599 1.3441604492391016029e-51 5.9970616348437033594e-06
2.9399999999999999467 2.1014567749335209389e-52 7.9960818766267038882e-06
2.9500000000000001776 3.2344692437577656732e-53 9.995102118409704417e-06
2.9599999999999999645 4.9011591582995427941e-54 7.9960818766267038882e-06
2.9700000000000001954 7.3115221739101776805e-55 1.999020469156675972e-06
2.9799999999999999822 1.0738163507712386926e-55 7.9960818766267038882e-06
2.9900000000000002132 1.5526209406030244789e-56 5.9970616348437033594e-06
3 2.2101109770198600782e-57 5.9970616348437033594e-06
3.0100000000000002309 3.097247702511007511e-58 -3.097247702511007511e-58
3.0200000000000000178 4.2731782862008914992e-59 9.995102118409704417e-06
3.0300000000000002487 5.8041590112363967958e-60 1.999020469156675972e-06
3.0400000000000000355 7.7614132279716268149e-61 9.995102118409704417e-06
3.0500000000000002665 1.0217755978584671923e-61 3.9980409383133519441e-06
3.0600000000000000533 1.3242911059965605517e-62 7.9960818766267038882e-06
3.0700000000000002842 1.6897583982251865842e-63 7.9960818766267038882e-06
3.0800000000000000711 2.1226528857496640283e-64 5.9970616348437033594e-06
3.0899999999999998579 2.625104296958912702e-65 7.9960818766267038882e-06
3.1000000000000000888 3.1961515282158805789e-66 1.3993143511470410636e-05
3.1099999999999998757 3.8310813537506185616e-67 5.9970616348437033594e-06
3.1200000000000001066 4.5209385450597846617e-68 1.999020469156675972e-06
3.1299999999999998934 5.252294245067986861e-69 5.9970616348437033594e-06
3.1400000000000001243 6.0073468595205979521e-70 7.9960818766267038882e-06
3.1499999999999999112 6.7644047266216085285e-71 7.9960818766267038882e-06
3.1600000000000001421 7.498763826855320613e-72 1.7991183995036411693e-05
3.1699999999999999289 8.1839502888323362325e-73 5.9970616348437033594e-06
3.1800000000000001599 8.7932517116255335342e-74 9.995102118409704417e-06
3.1899999999999999467 9.3014197481912712727e-75 9.995102118409704417e-06
3.2000000000000001776 9.6863954895361433139e-76 5.9970616348437033594e-06
3.2099999999999999645 9.9308944559611515449e-77 5.9970616348437033594e-06
3.2200000000000001954 1.0023692867441261419e-77 1.999020469156675972e-06
3.2299999999999999822 9.9604819205080325658e-79 9.995102118409704417e-06
3.2400000000000002132 9.7441995105178991997e-80 1.999020469156675972e-06
3.25 9.3848038295911002718e-81 1.3993143511470410636e-05
3.2600000000000002309 8.8985131404474112506e-82 7.9960818766267038882e-06
3.2700000000000000178 8.3065925602195954625e-83 1.999020469156675972e-06
3.2800000000000002487 7.6338142280021192628e-84 7.9960818766267038882e-06
3.2900000000000000355 6.9067459359502185144e-85 9.995102118409704417e-06
3.3000000000000002665 6.152032062268225919e-86 7.9960818766267038882e-06
3.3100000000000000533 5.3948194566725141509e-87 -5.3948194566725141509e-87
3.3200000000000002842 4.65745272849879696e-88 5.9970616348437033594e-06
3.3300000000000000711 3.9585233563798617758e-89 -3.9585233563798617758e-89
3.3399999999999998579 3.3123115836536267817e-90 7.9960818766267038882e-06
3.3500000000000000888 2.7286156808938018906e-91 3.9980409383133519441e-06
3.3599999999999998757 2.2129253987542805369e-92 9.995102118409704417e-06
3.3700000000000001066 1.7668691657250345015e-93 1.1994123269687410107e-05
3.3799999999999998934 1.3888496244258019853e-94 5.9970616348437033594e-06
3.3900000000000001243 1.0747792549155610048e-95 -1.0747792549155610048e-95
3.3999999999999999112 8.1883526879795810355e-97 3.9980409383133519441e-06
3.4100000000000001421 6.1416776969765544834e-98 3.9980409383133519441e-06
3.4199999999999999289 4.5351534299502962356e-99 3.9980409383133519441e-06
3.4300000000000001599 3.3105071376694956792e-100 1.1994123269687410107e-05
3.4399999999999999467 1.5670526764644811665e-100 5.9970616348437033594e-06
3.4500000000000001776 1.2427897624565788004e-98 7.9960818766267038882e-06
3.4599999999999999645 1.1058906711570510112e-96 5.9970616348437033594e-06
3.4700000000000001954 9.3826958485883353084e-95 5.9970616348437033594e-06
3.4799999999999999822 7.5890524893223660594e-93 3.9980409383133519441e-06
3.4900000000000002132 5.8518539515495591928e-91 -5.8518539515495591928e-91
3.5 4.3017684549838805999e-89 1.1994123269687410107e-05
3.5100000000000002309 3.0147402026580484761e-87 7.9960818766267038882e-06
3.5200000000000000178 2.0142056077185903544e-85 5.9970616348437033594e-06
3.5300000000000002487 1.2829524209771551348e-83 9.995102118409704417e-06
3.5400000000000000355 7.790619593039936157e-82 9.995102118409704417e-06
3.5500000000000002665 4.5101404479512712906e-80 5.9970616348437033594e-06
3.5600000000000000533 2.4892398292004328724e-78 3.9980409383133519441e-06
3.5700000000000002842 1.3097972757988515689e-76 9.995102118409704417e-06
3.5800000000000000711 6.5705878054181512406e-75 9.995102118409704417e-06
3.5899999999999998579 3.1424572102906891157e-73 9.995102118409704417e-06
3.6000000000000000888 1.4328536099454283903e-71 9.995102118409704417e-06
3.6099999999999998757 6.228793708821258658e-70 5.9970616348437033594e-06
3.6200000000000001066 2.5815361729871073872e-68 7.9960818766267038882e-06
3.6299999999999998934 1.0200634411230230597e-66 3.9980409383133519441e-06
3.6400000000000001243 3.8428506793011196426e-65 3.9980409383133519441e-06
3.6499999999999999112 1.3802569942112677398e-63 9.995102118409704417e-06
3.6600000000000001421 4.726605919316589633e-62 7.9960818766267038882e-06
3.6699999999999999289 1.5432092188210228718e-60 1.999020469156675972e-06
3.6800000000000001599 4.8038485457547732724e-59 1.999020469156675972e-06
3.6899999999999999467 1.4257589993788429767e-57 7.9960818766267038882e-06
3.7000000000000001776 4.0345827045912324907e-56 7.9960818766267038882e-06
3.7099999999999999645 1.088554858051886155e-54 5.9970616348437033594e-06
3.7200000000000001954 2.8003020359281656244e-53 3.9980409383133519441e-06
3.7299999999999999822 6.8685665364461175381e-52 5.9970616348437033594e-06
3.7400000000000002132 1.6063419769746270832e-50 5.9970616348437033594e-06
3.75 3.5819930441033159906e-49 7.9960818766267038882e-06
3.7600000000000002309 7.6160651850504950289e-48 1.999020469156675972e-06
3.7700000000000000178 1.5440462505797750975e-46 9.995102118409704417e-06
3.7800000000000002487 2.9848221700224735508e-45 5.9970616348437033594e-06
3.7900000000000000355 5.5018673270270232428e-44 5.9970616348437033594e-06
3.8000000000000002665 9.6703121004230141461e-43 3.9980409383133519441e-06
3.8100000000000000533 1.6207464493417350874e-41 7.9960818766267038882e-06
3.8200000000000002842 2.5902377862091425469e-40 9.995102118409704417e-06
3.8300000000000000711 3.9474824151518137261e-39 1.999020469156675972e-06
3.8399999999999998579 5.736713251472904066e-38 3.9980409383133519441e-06
3.8500000000000000888 7.9501465472944176545e-37 7.9960818766267038882e-06
3.8599999999999998757 1.0506624650597603326e-35 5.9970616348437033594e-06
3.8700000000000001066 1.3241427497875142989e-34 3.9980409383133519441e-06
3.8799999999999998934 1.5914673115732814074e-33 3.9980409383133519441e-06
3.8900000000000001243 1.8241486182264973399e-32 5.9970616348437033594e-06
3.8999999999999999112 1.9940269075747856431e-31 1.999020469156675972e-06
3.9100000000000001421 2.0788317039737656255e-30 1.999020469156675972e-06
3.9199999999999999289 2.0669736054148610663e-29 1.999020469156675972e-06
3.9300000000000001599 1.9601448003895155221e-28 3.9980409383133519441e-06
3.9399999999999999467 1.7729234075852954289e-27 1.1994123269687410107e-05
3.9500000000000001776 1.5295090007290049989e-26 5.9970616348437033594e-06
3.9599999999999999645 1.2585971014974151382e-25 1.999020469156675972e-06
3.9700000000000001954 9.8788689353399549124e-25 7.9960818766267038882e-06
3.9799999999999999822 7.396522263373517427e-24 3.9980409383133519441e-06
3.9900000000000002132 5.2827826682999860376e-23 7.9960818766267038882e-06
4 3.5993887402967018988e-22 1.1994123269687410107e-05
4.0099999999999997868 2.3396059380640114812e-21 7.9960818766267021941e-06
4.0200000000000004619 1.4508514997168304664e-20 3.9980409383133375445e-06
4.0300000000000002487 8.5839892362023369781e-20 5.997061634843617809e-06
4.0400000000000000355 4.8457660727485114494e-19 5.9970616348432188565e-06
4.0499999999999998224 2.6101503993851499952e-18 1.1994123269684799551e-05
4.0600000000000004974 1.3415995911407409503e-17 3.9980409382999357892e-06
4.0700000000000002842 6.5805323904017074725e-17 1.1994123269621604117e-05
4.0800000000000000711 3.0804094747116570325e-16 7.9960818763186634162e-06
4.0899999999999998579 1.3762461726969810606e-15 5.9970616334674569322e-06
4.0999999999999996447 5.8689124559062872867e-15 1.9990204632877634045e-06
4.1100000000000003197 2.3890732939296434144e-14 9.9951020945189707331e-06
4.1200000000000001066 9.2843479156595020993e-14 7.9960817837832243339e-06
4.1299999999999998934 3.4448222480338686702e-13 5.9970612903614786313e-06
4.1399999999999996803 1.2204588883169422287e-12 1.1994122049228522618e-05
4.1500000000000003553 4.1292618177151002766e-12 9.995097989147886484e-06
4.1600000000000001421 1.3343560628279472751e-11 5.9970482912830753183e-06
4.1699999999999999289 4.1189258594794145809e-11 5.9970204455851082066e-06
4.1799999999999997158 1.2147265755968128243e-10 3.9979194656557924621e-06
4.1900000000000003908 3.4231991036384296629e-10 1.1993780949777046508e-05
4.2000000000000001776 9.219979588478443527e-10 3.9971189403545043722e-06
4.2099999999999999645 2.3739224871631250858e-09 3.9956670158261891763e-06
4.2199999999999997513 5.844499260188737224e-09 5.9912171355835145651e-06
4.2300000000000004263 1.3762269638070965519e-08 5.9832993652056325824e-06
4.2400000000000002132 3.1004641880269474623e-08 1.1963118627807140857e-05
4.25 6.6850614764841552134e-08 1.9321698543918344993e-06
4.2599999999999997868 1.3800437277260092851e-07 1.8610160963840750171e-06
4.2700000000000004619 2.7288341623260159612e-07 -2.7288341623260159612e-07
4.2800000000000002487 5.1709573758954984612e-07 1.1477027532097860155e-05
4.2900000000000000355 9.3953983019730449281e-07 5.0575218046463989724e-06
4.2999999999999998224 1.6378842021342239069e-06 4.3591774327094790289e-06
4.3100000000000004974 2.7414823960092030307e-06 5.2545994806175008574e-06
4.3200000000000002842 4.4093541047395165523e-06 3.5867277718871873359e-06
4.3300000000000000711 6.8210778135854934113e-06 -2.8230368752721414673e-06
4.3399999999999998579 1.0159569657428245925e-05 -4.1625080225845425652e-06
4.3500000000000005329 1.4586752675701988085e-05 -1.2587732206545312113e-05
4.3600000000000003197 2.0215612138404346243e-05 -8.2214888687169361363e-06
4.3700000000000001066 2.7084264184645131336e-05 -1.5090140914957721229e-05
4.3799999999999998934 3.5138497984248314723e-05 -2.9141436349404611363e-05
4.3899999999999996803 4.4228148798342602265e-05 -3.8231087163498898905e-05
4.4000000000000003553 5.4119659550784052237e-05 -5.0121618612470700293e-05
4.4100000000000001421 6.4523116846897478945e-05 -6.0525075908584127001e-05
4.4199999999999999289 7.5128250468732603665e-05 -5.9136086715479195888e-05
4.4299999999999997158 8.5641683748747306909e-05 -7.1648540237276899662e-05
4.4400000000000003908 9.5817841929570163415e-05 -9.3818821460413487443e-05
4.4500000000000001776 0.00010547819946635832926 -9.548309734794862484e-05
4.4599999999999999645 0.00011451703217883148678 -0.00010652095030220478289
4.4699999999999997513 0.00012289527095029142718 -0.00010890212743882101993
4.4800000000000004263 0.00013062638349589899677 -0.00012662834255758564483
4.4900000000000002132 0.00013775897434731884227 -0.00013176191271247513891
4.5 0.00014436015756250539471 -0.00013636407568587869082
4.5099999999999997868 0.00015050230249313221705 -0.00014450524085828851369
4.5200000000000004619 0.00015625414934109798531 -0.00015025708770625428195
4.5300000000000002487 0.00016167603267237714822 -0.00015767799173406379628
4.5400000000000000355 0.00016681824746858631408 -0.00016282020653027296214
4.5499999999999998224 0.00017172140494474370321 -0.00016972238447558702723
4.5600000000000004974 0.00017641777974457121311 -0.00016842169786794450922
4.5700000000000002842 0.0001809329506686176885 -0.00017293686879199098461
4.5800000000000000711 0.00018528733863753111925 -0.00018328831816837444328
4.5899999999999998579 0.00018949747423263032988 -0.00017950237211422062546
4.6000000000000005329 0.00019357696684942820101 -0.00018558088497280149712
4.6100000000000003197 0.00019753721445738174687 -0.00018554309118769434016
4.6200000000000001066 0.00020138791328207060341 -0.00018739476977060019617
4.6299999999999998934 0.00020513742332913233938 -0.00019914036169428863603
4.6399999999999996803 0.00020879303371981690124 -0.00020679401325066022526
4.6500000000000003553 0.0002123611592387732313 -0.00021036213876961655533
4.6600000000000001421 0.00021584748936809557509 -0.00020385336609840816837
4.6699999999999999289 0.00021925710389439725424 -0.0002152590629560839023
4.6799999999999997158 0.00022259456441251144186 -0.0002165975027776677385
4.6900000000000003908 0.00022586398799407750326 -0.0002198669263592337999
4.7000000000000001776 0.00022906910734157381968 -0.00022707008687241714371
4.7099999999999999645 0.00023221332049054531073 -0.00023021430002138863475
4.7199999999999997513 0.00023529973228997405925 -0.00022730365041334735536
4.7300000000000004263 0.00023833118932275052979 -0.00023633216885359385382
4.7400000000000002132 0.00024131030952933546344 -0.00023531324789449176008
4.75 0.00024423950751028780009 -0.00024024146657197444814
4.7599999999999997868 0.00024712101627168375599 -0.00023712591415327405157
4.7700000000000004619 0.00024995690601875840712 -0.00023996180390034870271
4.7800000000000002487 0.00025274910048230604448 -0.00024875105954399269253
4.7900000000000000355 0.00025549939116922517268 -0.00024350526789953776596
4.7999999999999998224 0.00025820944985594499648 -0.00025421140891763164453
4.8100000000000004974 0.00026088083958625263564 -0.00025488377795140893228
4.8200000000000002842 0.00026351502438955474788 -0.00025751796275471104452
4.8300000000000000711 0.0002661133778991550073 -0.00025811729602252830341
4.8399999999999998579 0.0002686771910207001149 -0.00026667817055154343893
4.8500000000000005329 0.00027120767877702019405 -0.00026720963783870684211
4.8600000000000003197 0.0002737059864360074854 -0.00027170696596685080942
4.8700000000000001066 0.00027617319501206991474 -0.00027417417454291323877
4.8799999999999998934 0.00027861032621834513337 -0.00027461228528003178142
4.8899999999999996803 0.00028101834693577504255 -0.00027901932646661836658
4.9000000000000003553 0.00028339817325585174926 -0.00028139915278669507329
4.9100000000000001421 0.00028575067414605666641 -0.00027775459226942996252
4.9199999999999999289 0.00028807667478043851375 -0.00028207961314559481039
4.9299999999999997158 0.00029037695957220117059 -0.00028837793910304449461
4.9400000000000003908 0.00029265227494044190317 -0.00028865423400212855123
4.9500000000000001776 0.00029490333183913088619 -0.0002869072499625041823
4.9599999999999999645 0.00029713080807296492897 -0.00028713570595455522455
4.9699999999999997513 0.00029933535042174497232 -0.00029133926854511826843
4.9800000000000004263 0.00030151757659236598204 -0.00029951855612320930607
4.9900000000000002132 0.00030367807701528384129 -0.00028568689302024743298
5 0.00030581741650040269185 -0.00029582231438199298743
5.0099999999999997868 0.00030793613576564430592 -0.00029994005388901760203
5.0200000000000004619 0.00031003475285000677529 -0.00029804062958031936857
5.0300000000000002487 0.00031211376442163957885 -0.00030211866230322987443
5.0400000000000000355 0.00031417364699034200023 -0.00031217462652118532426
5.0499999999999998224 0.00031621485803290789963 -0.00031021779639806419627
5.0600000000000004974 0.00031823783703887470464 -0.00030824273492046500023
5.0700000000000002842 0.00032024300648346535215 -0.00031824398601430867618
5.0800000000000000711 0.00032223077273384469503 -0.00030623860898059128725
5.0899999999999998579 0.00032420152689419747026 -0.00032220250642504079429
5.1000000000000005329 0.00032615564559461808578 -0.00032015858395977438242
5.1100000000000003197 0.00032809349172831421288 -0.00032409545079000086094
5.1200000000000001066 0.00033001541514121840275 -0.00032201933326459169886
5.1299999999999998934 0.00033192175327770800063 -0.00032192665115929829621
5.1399999999999996803 0.00033381283178581118952 -0.00032581674990918448563
5.1500000000000003553 0.00033568896508496463664 -0.00032769288320833793275
5.1600000000000001421 0.00033755045689912074316 -0.00032955437502249403927
5.1699999999999999289 0.00033939760075775871496 -0.00032540445724628830771
5.1799999999999997158 0.00034123068046713032637 -0.00032523851671387691859
5.1900000000000003908 0.0003430499705538785863 -0.00032705780680062517853
5.2000000000000001776 0.00034485573668298108744 -0.00032686455268794467914
5.2099999999999999645 0.00034664823605181873572 -0.000334654112782131329
5.2199999999999997513 0.00034842771776200982424 -0.00033443457425053941699
5.2300000000000004263 0.00035019442317053096686 -0.00034019932105212126244
5.2400000000000002132 0.00035194858622151359165 -0.00033995446295182618493
5.25 0.00035369043376000711652 -0.00032970218722063230309
5.2599999999999997868 0.00035542018582888402784 -0.00034142704231741362059
5.2700000000000004619 0.00035713805594999009207 -0.00034114589219673668429
5.2800000000000002487 0.00035884425139054410524 -0.00034485110787907369799
5.2900000000000000355 0.00036053897341572490676 -0.00033455170663456709279
5.2999999999999998224 0.00036222241752830998352 -0.00033823417098893517009
5.3100000000000004974 0.0003638947736961679739 -0.00034390456945934856506
5.3200000000000002842 0.00036555622656834959325 -0.00034156798002897477981
5.3300000000000000711 0.00036720695568046815994 -0.00034921577168543175163
5.3399999999999998579 0.00036884713565000961776 -0.00035885203353159991334
5.3500000000000005329 0.00037047693636217026358 -0.00035848281309248285686
5.3600000000000003197 0.00037209652314677702043 -0.00035410533915174061213
5.3700000000000001066 0.00037370605694681002275 -0.0003417217294403032072
5.3799999999999998934 0.00037530569447900336997 -0.00036531059236059366556
5.3899999999999996803 0.00037689558838698206979 -0.00037089852675213836643
5.4000000000000003553 0.00037847588738734857725 -0.00036048470339231216894
5.4100000000000001421 0.00038004673640911428413 -0.00036405457265586087636
5.4199999999999999289 0.00038160827672684203941 -0.00037361219485021533553
5.4299999999999997158 0.00038316064608784382653 -0.00035917239954846901309
5.4400000000000003908 0.00038470397883375040144 -0.00036471377459693099261
5.4500000000000001776 0.00038623840601676107586 -0.00038224036507844772392
5.4599999999999999645 0.00038776405551084930411 -0.00037576993224116189739
5.4699999999999997513 0.00038928105211819111252 -0.00036729182763958870316
5.4800000000000004263 0.00039078951767106470802 -0.00036880029319246229865
5.4900000000000002132 0.00039228957112945436921 -0.00036630230434829655524
5.5 0.00039378132867457752049 -0.00037379112443775811166
5.5099999999999997868 0.00039526490379854125863 -0.00038327078052885385192
5.5200000000000004619 0.00039674040739032234975 -0.00037874922339528594144
5.5300000000000002487 0.00039820794781825273427 -0.00037621872333965032491
5.5400000000000000355 0.00039966763100918612645 -0.00038167644701414971814
5.5499999999999998224 0.00040111956052450562817 -0.00038312837652946921986
5.5600000000000004974 0.00040256383763313525852 -0.00038657167387988185074
5.5700000000000002842 0.00040400056138170415158 -0.00037801329460054633761
5.5800000000000000711 0.00040542982866203141961 -0.00039743374678540471573
5.5899999999999998579 0.00040685173427610146768 -0.00038286348773672665424
5.6000000000000005329 0.00040826637099876633263 -0.00038427812445939151919
5.6100000000000003197 0.00040967382963850507756 -0.00040167774776187837368
5.6200000000000001066 0.00041107419909680408118 -0.00038308791207386326668
5.6299999999999998934 0.00041246756642716951146 -0.00039647540267391610368
5.6399999999999996803 0.00041385401689567795705 -0.0003998608733842075498
5.6500000000000003553 0.00041523363404668802356 -0.00040723755217006131968
5.6600000000000001421 0.00041660649978061259488 -0.00040461237651092518816
5.6699999999999999289 0.00041797269445675665602 -0.00039598346997815424666
5.6799999999999997158 0.00041933229704546891347 -0.00040334013329221550569
5.6900000000000003908 0.00042068538537418537779 -0.00040069518113736596896
5.7000000000000001776 0.00042203203654813650682 -0.00039604476976697869286
5.7099999999999999645 0.00042337232768985039091 -0.00041937428675153703896
5.7199999999999997513 0.00042470633725067184283 -0.00040871417349741843506
5.7300000000000004263 0.0004260341473321081502 -0.00041204100382063774295
5.7400000000000002132 0.00042735584776180978502 -0.00041336270425033937777
5.75 0.00042867154317041217476 -0.00041467839965894176752
5.7599999999999997868 0.0004299813651195995008 -0.00040999116088278009197
5.7700000000000004619 0.00043128549259704188025 -0.00040529822581588406628
5.7800000000000002487 0.00043258418614618653585 -0.0004185910426347161286
5.7900000000000000355 0.00043387784385040122385 -0.00040789057706924340988
5.7999999999999998224 0.00043516709175898498881 -0.00041517688752216557998
5.8100000000000004974 0.0004364529276632045417 -0.00042245978415173413446
5.8200000000000002842 0.00043773694606095151427 -0.00041774674182413210543
5.8300000000000000711 0.00043902168444656631489 -0.00042302952069331290711
5.8399999999999998579 0.00044031114753010220904 -0.00042231996353506580074
5.8500000000000005329 0.0004416115873654531611 -0.00041162628010072934608
5.8600000000000003197 0.0004429326441433209245 -0.00042294243990650151567
5.8700000000000001066 0.000444288984568298349 -0.00043829192293345464564
5.8799999999999998934 0.00044570261140854930057 -0.00043170946789707889332
5.8899999999999996803 0.00044720605679168150617 -0.0004312138930384280984
5.9000000000000003553 0.00044884670912708146901 -0.00043885160700867176459
5.9100000000000001421 0.00045069255288166285662 -0.0004386984296119754499
5.9199999999999999289 0.00045283961288995712088 -0.00043884646937848671364
5.9299999999999997158 0.00045542137875824445633 -0.00044142823524677404909
5.9400000000000003908 0.00045862042614164033648 -0.00043863022190482092765
5.9500000000000001776 0.00046268233473337698871 -0.00044269213049655757987
5.9599999999999999645 0.00046793181258778226159 -0.00044594258810917985223
5.9699999999999997513 0.00047479066085907915655 -0.00045879849710582574877
5.9800000000000004263 0.00048379684675949757595 -0.00046780468300624416817
5.9900000000000002132 0.00049562350088816617064 -0.00047963133713491276286
6 0.00051109613847428699614 -0.00047911181096778018059
6.0099999999999997868 0.00053120586160183857517 -0.00051121565736501916634
6.0200000000000004619 0.00055711579088491588845 -0.00054512166761522848173
6.0300000000000002487 0.00059015758001494818784 -0.00055617423044766896821
6.0400000000000000355 0.00063181468023608433095 -0.00061582251648283092317
6.0499999999999998224 0.00068368914583222598069 -0.00066769698207897257292
6.0600000000000004974 0.00074744930103681338912 -0.00070546987050240216738
6.0700000000000002842 0.00082475659441714793858 -0.00079677030739420712409
6.0800000000000000711 0.00091717147683991406219 -0.00089118421005875624822
6.0899999999999998579 0.0010260401206274593917 -0.00099405579312095257612
6.1000000000000005329 0.0011523661426825542939 -0.0011343749586875178856
6.1100000000000003197 0.0012966740150442061623 -0.0012646896875376993467
6.1200000000000001066 0.0014588732800555315704 -0.0014308869930325907559
6.1299999999999998934 0.0016381347169769119431 -0.0016021523489868391265
6.1400000000000005684 0.0018327908942696734436 -0.0017928104857960346259
6.1500000000000003553 0.0020402737724644574163 -0.0019823021799957821903
6.1600000000000001421 0.0022571009568574033725 -0.0021991293643887281466
6.1699999999999999289 0.002478919722128971638 -0.0024049559677260324078
6.1799999999999997158 0.0027006140915264808915 -0.002618654248880452045
6.1900000000000003908 0.0029164752860631072001 -0.002798533075427005537
6.2000000000000001776 0.0031204301799915424957 -0.0030264762195327944531
6.2099999999999999645 0.0033063165716016719269 -0.0031943714235099086689
6.2199999999999997513 0.003468188755281734377 -0.0033382524195569559036
6.2300000000000004263 0.0036006327210505026035 -0.0034846895361131521515
6.2400000000000002132 0.0036990678869884027584 -0.003569131551263624285
6.25 0.003760011993128484567 -0.0036140834954694420894
6.2599999999999997868 0.0037812878182534514701 -0.0036533505082274242079
6.2700000000000004619 0.0037621546127851500721 -0.0036202241519716947885
6.2800000000000002487 0.00370335318513146175 -0.0035434315512369064793
6.2900000000000000355 0.0036070608153547815619 -0.0034651303545413262783
6.2999999999999998224 0.0034767598222979305411 -0.0033388274128819776798
6.3100000000000004974 0.0033170308468024631114 -0.0031950905993207742543
6.3200000000000002842 0.0031332879578332664856 -0.0030253408538630480358
6.3300000000000000711 0.0029314769200627990853 -0.0028415209964496382367
6.3399999999999998579 0.002717759994354535056 -0.0026437962399515958258
6.3500000000000005329 0.002498210365717306973 -0.0024202485671928229347
6.3600000000000003197 0.0022785368725235033774 -0.0021945780114546809339
6.3700000000000001066 0.0020638555510510071984 -0.0020038849365215595684
6.3799999999999998934 0.0018585191863001722205 -0.0018245358367328930009
6.3900000000000005684 0.0016660102328272677688 -0.0016060396182978201388
6.4000000000000003553 0.0014888967901417777141 -0.0014649085436024029006
6.4100000000000001421 0.0013288463500264911452 -0.0012928639820364183285
6.4199999999999999289 0.0011866881936855428435 -0.0011507058256954700269
6.4299999999999997158 0.0010625128394773316644 -0.0010345265524543908499
6.4400000000000003908 0.00095579587631807187871 -0.00093780469232303547041
6.4500000000000001776 0.00086553374853097877258 -0.00084954158477772536481
6.4599999999999999645 0.00079038034530750310956 -0.0007683911208289007002
6.4699999999999997513 0.00072877527760001207038 -0.00071278311384675866261
6.4800000000000004263 0.00067905715898307285501 -0.00066106597498803644671
6.4900000000000002132 0.00063955772770584492625 -0.00062756360443615751953
6.5 0.00060867499232582027678 -0.00059468184881434986953
6.5099999999999997868 0.00058492556481746192654 -0.00056893340106420851876
6.5200000000000004619 0.00056697785510384610553 -0.00055498373183415869881
6.5300000000000002487 0.00055366880660029274119 -0.00053767664284703933341
6.5400000000000000355 0.00054400738168645609329 -0.00053401227956804638887
6.5499999999999998224 0.00053716813005066216518 -0.00051517890557205975582
6.5600000000000004974 0.00053247798648522939174 -0.00050848973994585457831
6.5700000000000002842 0.00052939904966371059431 -0.00051140786566867418601
6.5800000000000000711 0.00052750958483280350336 -0.00051751448271439379895
6.5899999999999998579 0.00052648495087546595423 -0.00050849376688042954592
6.6000000000000005329 0.00052607963559378175065 -0.00050409041111517934129
6.6100000000000003197 0.00052611113140810402116 -0.00051411700813841661444
6.6200000000000001066 0.00052644601739038001005 -0.00051645091527197030563
6.6299999999999998934 0.00052698833801017317194 -0.00051099617425691976416
6.6400000000000005684 0.00052767017875416548974 -0.00051767507663575578532
6.6500000000000003553 0.00052844422184025719412 -0.00051445107832878678687
6.6600000000000001421 0.000529278006466580523 -0.00051528486295511011575
6.6699999999999999289 0.00053014960191453399871 -0.00051015939767771458987
6.6799999999999997158 0.00053104441427890419769 -0.0005230483324022774938
6.6900000000000003908 0.00053195287694484576571 -0.00050796463040547095227
6.7000000000000001776 0.00053286881223814049676 -0.00052287371011973079234
6.7099999999999999645 0.00053378829066029866504 -0.00050780102387914085108
6.7199999999999997513 0.00053470885078924586167 -0.00052071570727777545442
6.7300000000000004263 0.00053562897508966300034 -0.00051164072855028818691
6.7400000000000002132 0.00053654774365358365654 -0.00052055557990033024876
6.75 0.00053746460926702287631 -0.00051347636272764806287
6.7599999999999997868 0.00053837925366611216662 -0.00051838904942929275779
6.7700000000000004619 0.00053929149714420775586 -0.00051530325060483294242
6.7800000000000002487 0.0005402012426018344823 -0.000522210058606798074
6.7900000000000000355 0.00054110844145201231203 -0.00052311725745697590373
6.7999999999999998224 0.00054201307316149871258 -0.00052402188916646230427
6.8100000000000004974 0.00054291513316002634228 -0.00052892198964855593503
6.8200000000000002842 0.00054381462580192589922 -0.00051982637926255108578
6.8300000000000000711 0.0005447115603298350716 -0.0005267203763347986633
6.8399999999999998579 0.00054560594859431356396 -0.00052161770205493875052
6.8500000000000005329 0.00054649780378462410081 -0.00053250466027315369356
6.8600000000000003197 0.00054738713973292215526 -0.00052139987295176434129
6.8700000000000001066 0.00054827397053870598892 -0.00054427592960039263698
6.8799999999999998934 0.00054915831036945713436 -0.00052716908589085472499
6.8900000000000005684 0.00055004017335677306798 -0.00051805584585026625243
6.9000000000000003553 0.00055091957354349023641 -0.00053492740979023682864
6.9100000000000001421 0.00055179652485762872675 -0.00053780338134615831951
6.9199999999999999289 0.00055267104110023326444 -0.00053667887734697985666
6.9299999999999997158 0.00055354313594030391758 -0.00054554705406367721369
6.9400000000000003908 0.00055441282291328320125 -0.00053042457637390838781
6.9500000000000001776 0.00055528011542129536091 -0.00053329089094269295154
6.9599999999999999645 0.00055614502673422157569 -0.000518163636683376355
6.9699999999999997513 0.0005570075699911693776 -0.00052502324248466256205
6.9800000000000004263 0.00055786775820210686948 -0.00052988147117916605498
6.9900000000000002132 0.00055872560424956307923 -0.00053673637977096066987
7 0.00055958112089033774667 -0.00052359875290026493006
7.0099999999999997868 0.000560434320757202762 -0.00053044901349247894698
7.0200000000000004619 0.00056128521636058224548 -0.00054329403236554583718
7.0300000000000002487 0.00056213382009020584733 -0.00052215341161656702966
7.0400000000000000355 0.00056298014421673678569 -0.00052899679464945756607
7.0499999999999998224 0.0005638242008933727796 -0.00053383889362864896458
7.0600000000000004974 0.00056466600215741900946 -0.00051668950907866938258
7.0700000000000002842 0.0005655055599318355988 -0.00052552515145819678113
7.0800000000000000711 0.00056634288602676156887 -0.000518366392948011942
7.0899999999999998579 0.00056717799214103087856 -0.00052919660209018565787
7.1000000000000005329 0.00056801088986372825444 -0.00050804027533428062439
7.1100000000000003197 0.00056884159067597877494 -0.0005268621601415675532
7.1200000000000001066 0.00056967010595368298715 -0.00052769067541927176541
7.1299999999999998934 0.0005704964469736443838 -0.00052052093547210115995
7.1400000000000005684 0.0005713206249311454047 -0.0004973568705282061745
7.1500000000000003553 0.00057214265099397518255 -0.00049617987089228474118
7.1600000000000001421 0.00057296253646636665768 -0.00050899388145335302657
7.1699999999999999289 0.00057378029326665051877 -0.00051780771922076888978
7.1799999999999997158 0.00057459593525203804271 -0.00050662923611747960346
7.1900000000000003908 0.00057540948170558745261 -0.00048145552124683941003
7.2000000000000001776 0.00057622096603324093195 -0.00049426112338721208544
7.2099999999999999645 0.00057703045629601884201 -0.00050106767619432840064
7.2199999999999997513 0.00057783810104047113494 -0.00045989589040436941762
7.2300000000000004263 0.00057864422589588783603 -0.00051267655246008060795
7.2400000000000002132 0.00057944952551911650587 -0.00048349653936161725212
7.25 0.00058025542244609503925 -0.0004922985245316854018
7.2599999999999997868 0.00058106469665453056375 -0.00044912934978291605337
7.2700000000000004619 0.00058188251835336309101 -0.00048792855789461504843
7.2800000000000002487 0.00058271802442242163177 -0.00047876895729779032169
7.2900000000000000355 0.00058358654095445948277 -0.00043765804329541700517
7.2999999999999998224 0.00058451244399733014341 -0.00045857415967005403816
7.3100000000000004974 0.00058553245342780858244 -0.00046759024279170686511
7.3200000000000002842 0.00058669888669828638202 -0.00044276941473799511558
7.3300000000000000711 0.00058808212073867380427 -0.00046814089167977848997
7.3399999999999998579 0.00058977132660702517256 -0.00045783597973541066218
7.3500000000000005329 0.00059187257566395510416 -0.00043994701546057422142
7.3600000000000003197 0.00059450375801580975822 -0.00040859484824514965585
7.3700000000000001066 0.00059778640136226568729 -0.00044785986685763601572
7.3799999999999998934 0.00060183530032729038069 -0.00041992444195413270065
7.3900000000000005684 0.00060674761995060412772 -0.00039285242315700321086
7.4000000000000003553 0.00061259354525207323616 -0.00041269149924590034072
7.4100000000000001421 0.00061941041480784349033 -0.0004195083688016705949
7.4199999999999999289 0.00062720158164263583016 -0.0004412926718719757278
7.4299999999999997158 0.0006359401779676418032 -0.00043603813196146890777
7.4400000000000003908 0.00064557685321273443248 -0.00041768852018362072256
7.4500000000000001776 0.00065604975198237070692 -0.00047213986791046181572
7.4599999999999999645 0.00066729472164207956006 -0.00043740736291421463897
7.4699999999999997513 0.00067925401045993598955 -0.00049134608954243990438
7.4800000000000004263 0.00069188237344274135764 -0.00045000088962619962628
7.4900000000000002132 0.00070515028382384266608 -0.00045527271176421137263
7.5 0.00071904460805150189912 -0.00048715823817680099523
7.5099999999999997868 0.00073356749348428118129 -0.00045170559755612177096
7.5200000000000004619 0.00074873431643143100248 -0.000480865571290699722
7.5300000000000002487 0.00076457141450011361673 -0.00049870169505813349321
7.5400000000000000355 0.00078111409306599768713 -0.00051524437362401756361
7.5499999999999998224 0.00079840515291007552179 -0.00049255500680456254514
7.5600000000000004974 0.00081649399824097995248 -0.00051264287783421807858
7.5700000000000002842 0.00083543627284630539269 -0.00051959102735086681694
7.5800000000000000711 0.00085529392824550641832 -0.00053345163475764455739
7.5899999999999998579 0.00087613562920191788951 -0.00059427373327375853339
7.6000000000000005329 0.00089803742618497855131 -0.00061217750796314722959
7.6100000000000003197 0.00092108365512228102586 -0.0005652580120671399453
7.6200000000000001066 0.00094536805344967213011 -0.00065750910952908970565
7.6299999999999998934 0.00097099510537828812289 -0.00062916261311057506377
7.6400000000000005684 0.00099808164921826795883 -0.00060027658290467337913
7.6500000000000003553 0.0010267587977826882293 -0.00065694000394011923573
7.6600000000000001421 0.0010571742420053223833 -0.00067536132307407657945
7.6699999999999999289 0.0010894950307204843195 -0.00069768701239931291656
7.6799999999999997158 0.0011239109492772669189 -0.00066013820952786511111
7.6900000000000003908 0.0011606386609712285654 -0.00068487179613314994736
7.7000000000000001776 0.0011999268371523431377 -0.00075614429618279252812
7.7099999999999999645 0.0012420626058265635521 -0.00073830946851745934793
7.7199999999999997513 0.0012873798530935770708 -0.00080161788886557285363
7.7300000000000004263 0.001336270382320135482 -0.00077454561616256798091
7.7400000000000002132 0.0013892001339049690842 -0.00082147829065114794968
7.75 0.0014467358238294944148 -0.00080904831395002454325
7.7599999999999997868 0.0015095955525803086278 -0.00089189824148068995446
7.7700000000000004619 0.0015787573267767123202 -0.00088309818804877915181
7.7800000000000002487 0.001655707274568648385 -0.00077014121832829837699
7.7900000000000000355 0.0017430139307732205045 -0.00079347922679581447958
7.7999999999999998224 0.0018456258244168297685 -0.00077015279245640179059
7.8100000000000004974 0.0019736763936998532633 -0.00071629254702201329043
7.8200000000000002842 0.0021482128709033481741 -0.0006409514521658770704
7.8300000000000000711 0.0024121535963821483066 -0.00066101162447363835846
7.8399999999999998579 0.0028497505575778383537 -0.00078876047547780415992
7.8500000000000005329 0.0036183726640717410808 -0.0010936097840146450332
7.8600000000000003197 0.0049955292243071165725 -0.0018810552183099356338
7.8700000000000001066 0.0074403114944524171778 -0.0036021921645677692884
7.8799999999999998934 0.011660542825658338009 -0.0071747410320234456318
7.8900000000000005684 0.018664813749897892631 -0.013097541556168015159
7.9000000000000003553 0.029764845787972112751 -0.023216054595500131702
7.9100000000000001421 0.046484582375793906395 -0.038920288689493390266
7.9199999999999999289 0.070337280899226348185 -0.061513604864418189311
7.930000000000000604 0.10245920733526578394 -0.092564055854233412424
7.9400000000000003908 0.14313999138381408582 -0.13208740710821079145
7.9500000000000001776 0.19135413576377119371 -0.17875031173688854524
7.9599999999999999645 0.2444503796724865341 -0.23084504673912023542
7.9699999999999997513 0.2981637184422764042 -0.28362284311170904427
7.9800000000000004263 0.34705595547363254916 -0.33188738828554842364
7.9900000000000002132 0.38536783283218356555 -0.369501607246842112
8 0.40811592061153284527 -0.39167597610584131695
8.0099999999999997868 0.41215100571896784443 -0.39605289385106318134
8.0199999999999995737 0.39686894910814168869 -0.38139453186126354156
8.0299999999999993605 0.36435318130819865923 -0.34936852425156900148
8.0400000000000009237 0.31890300919880104624 -0.30511376613398027979
8.0500000000000007105 0.26609548255129727989 -0.25327376536353501946
8.0600000000000004974 0.21166344937047543162 -0.19983324613532604808
8.0700000000000002842 0.16049944303993943229 -0.14996860336576464667
8.0800000000000000711 0.1160145837304025207 -0.10686306817949109416
8.0899999999999998579 0.079938654468847583634 -0.072438329604907106263
8.0999999999999996447 0.052505081265224129439 -0.04580636343638411212
8.1099999999999994316 0.032873209857980617565 -0.027743723535577663464
8.1200000000000009948 0.019618957537642311983 -0.015243101633569788866
8.1300000000000007816 0.011160923112610476177 -0.0079804814331774880098
8.1400000000000005684 0.0060521888043005627952 -0.0034894444941748537815
8.1500000000000003553 0.0031283196997493444708 -0.0011892697778195084144
8.1600000000000001421 0.0015413261177720906717 -9.8033288564014671451e-05
8.1699999999999999289 0.0007238713062270763117 0.00040357627748556067909
8.1799999999999997158 0.00032404883389226704464 0.00039759758071177095547
8.1899999999999995026 0.00013827410588684033643 0.00044144183335182715167
8.1999999999999992895 5.6240826972333741464e-05 0.00029558676468530474058
8.2100000000000008527 2.1804304455916793243e-05 0.00017210067900591769028
8.2200000000000006395 8.0577135897317898894e-06 0.00013387274722372351069
8.2300000000000004263 2.8383104170335031043e-06 8.7117613196127351442e-05
8.2400000000000002132 9.5298469127037267594e-07 6.1016651898949664094e-05
8.25 3.0499272099425674985e-07 2.7681294301946553351e-05
8.2599999999999997868 9.3040093820539514774e-08 2.5894226687337270005e-05
8.2699999999999995737 2.7053755397626666659e-08 7.9690281212290776285e-06
8.2799999999999993605 7.4982757710486526975e-09 1.9982705961048360542e-05
8.2900000000000009237 1.9809403424134601696e-09 3.9960599979709388317e-06
8.3000000000000007105 4.9883539118009033953e-10 3.9975421029221714359e-06
8.3100000000000004974 1.1973434788903608512e-10 -1.1973434788903608512e-10
8.3200000000000002842 2.739401339757525116e-11 -2.739401339757525116e-11
8.3300000000000000711 5.9740353842331964026e-12 -5.9740353842331964026e-12
8.3399999999999998579 1.2418094239553534913e-12 -1.2418094239553534913e-12
8.3499999999999996447 2.4604637950734378548e-13 -2.4604637950734378548e-13
8.3599999999999994316 4.6467972081582551646e-14 1.9990204226887038661e-06
8.3700000000000009948 8.3649824165333768387e-15 -8.3649824165333768387e-15
8.3800000000000007816 1.4353267746253328632e-15 -1.4353267746253328632e-15
8.3900000000000005684 2.3475284304019557845e-16 -2.3475284304019557845e-16
8.4000000000000003553 3.6596971140230679144e-17 1.9990204691200790665e-06
8.4100000000000001421 5.4381794099441830109e-18 -5.4381794099441830109e-18
8.4199999999999999289 7.7025748457384194811e-19 1.9990204691559055956e-06
8.4299999999999997158 1.0399015872206455131e-19 -1.0399015872206455131e-19
8.4399999999999995026 1.3382042025755696488e-20 -1.3382042025755696488e-20
8.4499999999999992895 1.6414448425003032596e-21 -1.6414448425003032596e-21
8.4600000000000008527 1.9191277293093894198e-22 -1.9191277293093894198e-22
8.4700000000000006395 2.1387256661833477766e-23 -2.1387256661833477766e-23
8.4800000000000004263 2.2718509309015765145e-24 -2.2718509309015765145e-24
8.4900000000000002132 2.3002660540789985488e-25 -2.3002660540789985488e-25
8.5 2.2199834730850620158e-26 -2.2199834730850620158e-26
8.5099999999999997868 2.0421836293440849396e-27 -2.0421836293440849396e-27
8.5199999999999995737 1.7906601439611542477e-28 -1.7906601439611542477e-28
8.5299999999999993605 1.4965968408600537938e-29 -1.4965968408600537938e-29
8.5400000000000009237 1.1922565468407810955e-30 -1.1922565468407810955e-30
8.5500000000000007105 9.0533185117332425438e-32 -9.0533185117332425438e-32
8.5600000000000004974 6.552681147919828629e-33 -6.552681147919828629e-33
8.5700000000000002842 4.5206760353008666234e-34 -4.5206760353008666234e-34
8.5800000000000000711 2.9727665958110377074e-35 -2.9727665958110377074e-35
8.5899999999999998579 1.8633364610823719271e-36 -1.8633364610823719271e-36
8.5999999999999996447 1.1132552765438877424e-37 -1.1132552765438877424e-37
8.6099999999999994316 6.3397367024771899985e-39 -6.3397367024771899985e-39
8.6200000000000009948 3.4412849100354182681e-40 -3.4412849100354182681e-40
8.6300000000000007816 1.7805040261933329559e-41 -1.7805040261933329559e-41
8.6400000000000005684 8.7808828773624937117e-43 -8.7808828773624937117e-43
8.6500000000000003553 4.1276824372110102263e-44 -4.1276824372110102263e-44
8.6600000000000001421 1.8494696754552298341e-45 -1.8494696754552298341e-45
8.6699999999999999289 7.8987973739114132139e-47 -7.8987973739114132139e-47
8.6799999999999997158 3.2154927142134795751e-48 1.999020469156675972e-06
8.6899999999999995026 1.2476904869150106914e-49 -1.2476904869150106914e-49
8.7000000000000010658 4.6146519872310061114e-51 -4.6146519872310061114e-51
8.7100000000000008527 1.6268360292130109337e-52 -1.6268360292130109337e-52
8.7200000000000006395 5.4666507400743481172e-54 -5.4666507400743481172e-54
8.7300000000000004263 1.7509412501745401371e-55 -1.7509412501745401371e-55
8.7400000000000002132 5.3455759403812142596e-57 -5.3455759403812142596e-57
8.75 1.5555719354791026748e-58 -1.5555719354791026748e-58
8.7599999999999997868 4.3147769052892952707e-60 -4.3147769052892952707e-60
8.7699999999999995737 1.1407729822259945238e-61 -1.1407729822259945238e-61
8.7799999999999993605 2.8748337104282791406e-63 -2.8748337104282791406e-63
8.7900000000000009237 6.9055589487937847529e-65 -6.9055589487937847529e-65
8.8000000000000007105 1.5810934437164135317e-66 -1.5810934437164135317e-66
8.8100000000000004974 3.4505539194020347085e-68 -3.4505539194020347085e-68
8.8200000000000002842 7.1778216912962795712e-70 -7.1778216912962795712e-70
8.8300000000000000711 1.4232102655652661767e-71 -1.4232102655652661767e-71
8.8399999999999998579 2.6897877584067373289e-73 -2.6897877584067373289e-73
8.8499999999999996447 4.845509947356989802e-75 -4.845509947356989802e-75
8.8599999999999994316 8.3201946553480206074e-77 -8.3201946553480206074e-77
8.8700000000000009948 1.3617581859342570124e-78 -1.3617581859342570124e-78
8.8800000000000007816 2.1244132540382791299e-80 -2.1244132540382791299e-80
8.8900000000000005684 3.1590063586221752015e-82 -3.1590063586221752015e-82
8.9000000000000003553 4.4774884939528812418e-84 -4.4774884939528812418e-84
8.9100000000000001421 6.0491022879796309142e-86 -6.0491022879796309142e-86
8.9199999999999999289 7.7896840076475303472e-88 -7.7896840076475303472e-88
8.9299999999999997158 9.5613938282139474322e-90 -9.5613938282139474322e-90
8.9399999999999995026 1.1186520393027552785e-91 -1.1186520393027552785e-91
8.9500000000000010658 1.2475020499973180652e-93 1.999020469156675972e-06
8.9600000000000008527 1.3260501435901201224e-95 -1.3260501435901201224e-95
8.9700000000000006395 1.3435413831461959616e-97 -1.3435413831461959616e-97
8.9800000000000004263 1.2975215024009241628e-99 -1.2975215024009241628e-99
8.9900000000000002132 1.1944019040080723642e-101 -1.1944019040080723642e-101
9 1.0479940359030196676e-103 -1.0479940359030196676e-103
9.0099999999999997868 8.7647499212580088447e-106 -8.7647499212580088447e-106
9.0199999999999995737 6.9870304306697477563e-108 -6.9870304306697477563e-108
9.0299999999999993605 5.309065965369064276e-110 -5.309065965369064276e-110
9.0400000000000009237 3.845173878190761953e-112 -3.845173878190761953e-112
9.0500000000000007105 2.6545212983787564643e-114 -2.6545212983787564643e-114
9.0600000000000004974 1.7467421832755300674e-116 -1.7467421832755300674e-116
9.0700000000000002842 1.0955791544816142911e-118 -1.0955791544816142911e-118
9.0800000000000000711 6.5498456309236359557e-121 -6.5498456309236359557e-121
9.0899999999999998579 3.7324217845743678589e-123 -3.7324217845743678589e-123
9.0999999999999996447 2.0273218837147550454e-125 1.999020469156675972e-06
9.1099999999999994316 1.0496077720031145295e-127 -1.0496077720031145295e-127
9.1200000000000009948 5.1796891747009007051e-130 -5.1796891747009007051e-130
9.1300000000000007816 2.4364229827825281177e-132 -2.4364229827825281177e-132
9.1400000000000005684 1.0923806493162648591e-134 -1.0923806493162648591e-134
9.1500000000000003553 4.6683953417590780951e-137 -4.6683953417590780951e-137
9.1600000000000001421 1.9016630550844436936e-139 -1.9016630550844436936e-139
9.1699999999999999289 7.3836622170468593218e-142 -7.3836622170468593218e-142
9.1799999999999997158 2.7326397226630183853e-144 -2.7326397226630183853e-144
9.1899999999999995026 9.6397380940545510564e-147 -9.6397380940545510564e-147
9.2000000000000010658 3.2413086557149867521e-149 1.999020469156675972e-06
9.2100000000000008527 1.0388380217538949208e-151 -1.0388380217538949208e-151
9.2200000000000006395 3.1735662835173876559e-154 -3.1735662835173876559e-154
9.2300000000000004263 9.2410133168272979936e-157 -9.2410133168272979936e-157
9.2400000000000002132 2.5648613947781956853e-159 -2.5648613947781956853e-159
9.25 6.7854785830706796057e-162 -6.7854785830706796057e-162
9.2599999999999997868 1.7110761682934413187e-164 -1.7110761682934413187e-164
9.2699999999999995737 4.1127325919819061506e-167 -4.1127325919819061506e-167
9.2799999999999993605 9.4224506525103243071e-170 -9.4224506525103243071e-170
9.2900000000000009237 2.0576406724938902445e-172 -2.0576406724938902445e-172
9.3000000000000007105 4.2829939636906099975e-175 -4.2829939636906099975e-175
9.3100000000000004974 8.4976266875821372044e-178 -8.4976266875821372044e-178
9.3200000000000002842 1.607015590037943182e-180 -1.607015590037943182e-180
9.3300000000000000711 2.8967751437316151855e-183 -2.8967751437316151855e-183
9.3399999999999998579 4.9771614777732847336e-186 -4.9771614777732847336e-186
9.3499999999999996447 8.1511882778769678882e-189 -8.1511882778769678882e-189
9.3599999999999994316 1.2724254979113094678e-191 -1.2724254979113094678e-191
9.3700000000000009948 1.8932852185589281307e-194 -1.8932852185589281307e-194
9.3800000000000007816 2.6851711042188375922e-197 -2.6851711042188375922e-197
9.3900000000000005684 3.629945653703267125e-200 -3.629945653703267125e-200
9.4000000000000003553 4.6773569671951315321e-203 -4.6773569671951315321e-203
9.4100000000000001421 5.7447765479407075784e-206 -5.7447765479407075784e-206
9.4199999999999999289 6.7253980837289806175e-209 -6.7253980837289806175e-209
9.4299999999999997158 7.5047301092361084824e-212 -7.5047301092361084824e-212
9.4399999999999995026 7.9822327387418622707e-215 -7.9822327387418622707e-215
9.4500000000000010658 8.0925598029498818372e-218 -8.0925598029498818372e-218
9.4600000000000008527 7.8202325786991119185e-221 -7.8202325786991119185e-221
9.4700000000000006395 7.2032027678571509213e-224 -7.2032027678571509213e-224
9.4800000000000004263 6.3241742512171347764e-227 -6.3241742512171347764e-227
9.4900000000000002132 5.2924191190095389604e-230 -5.2924191190095389604e-230
9.5 4.2215976976457032881e-233 -4.2215976976457032881e-233
9.5099999999999997868 3.209753414950797233e-236 -3.209753414950797233e-236
9.5199999999999995737 2.3261552871309261494e-239 -2.3261552871309261494e-239
9.5299999999999993605 1.6068596464178579841e-242 -1.6068596464178579841e-242
9.5400000000000009237 1.0580090680783534282e-245 -1.0580090680783534282e-245
9.5500000000000007105 6.6400758261214170742e-249 -6.6400758261214170742e-249
9.5600000000000004974 3.9721797122078111931e-252 -3.9721797122078111931e-252
9.5700000000000002842 2.2649412355542114997e-255 -2.2649412355542114997e-255
9.5800000000000000711 1.2309975431387270101e-258 -1.2309975431387270101e-258
9.5899999999999998579 6.3771940150753235728e-262 -6.3771940150753235728e-262
9.5999999999999996447 3.1490116550159944862e-265 -3.1490116550159944862e-265
9.6099999999999994316 1.4821463850201832141e-268 -1.4821463850201832141e-268
9.6200000000000009948 6.649364209115391103e-272 -6.649364209115391103e-272
9.6300000000000007816 2.8434220929552484923e-275 -2.8434220929552484923e-275
9.6400000000000005684 1.1589767766121915124e-278 -1.1589767766121915124e-278
9.6500000000000003553 4.5027757720260926144e-282 -4.5027757720260926144e-282
9.6600000000000001421 1.6674702441258250993e-285 -1.6674702441258250993e-285
9.6699999999999999289 5.8858345302285806311e-289 -5.8858345302285806311e-289
9.6799999999999997158 1.9802963483180155245e-292 -1.9802963483180155245e-292
9.6899999999999995026 6.3507425239417482852e-296 -6.3507425239417482852e-296
9.7000000000000010658 1.9412926228140709793e-299 -1.9412926228140709793e-299
9.7100000000000008527 5.656264122026255609e-303 -5.656264122026255609e-303
9.7200000000000006395 1.5708710439842462036e-306 -1.5708710439842462036e-306
9.7300000000000004263 4.1583741596097621782e-310 -4.1583741596097621782e-310
9.7400000000000002132 1.0492494899133088724e-313 -1.0492494899133088724e-313
9.75 2.5235158781779804351e-317 -2.5235158781779804351e-317
9.7599999999999997868 5.7805680563425845669e-321 -5.7805680563425845669e-321
9.7699999999999995737 0 0
9.7799999999999993605 0 0
9.7900000000000009237 0 0
9.8000000000000007105 0 0
9.8100000000000004974 0 0
9.8200000000000002842 0 0
9.8300000000000000711 0 0
9.8399999999999998579 0 0
9.8499999999999996447 0 0
9.8599999999999994316 0 0
9.8700000000000009948 0 0
9.8800000000000007816 0 0
9.8900000000000005684 0 0
9.9000000000000003553 0 0
9.9100000000000001421 0 0
9.9199999999999999289 0 0
9.9299999999999997158 0 0
9.9399999999999995026 0 0
9.9500000000000010658 0 0
9.9600000000000008527 0 0
9.9700000000000006395 0 0
9.9800000000000004263 0 0
9.9900000000000002132 0 0
10 0 0
10.009999999999999787 0 0
10.019999999999999574 0 0
10.029999999999999361 0 0
10.040000000000000924 0 0
10.050000000000000711 0 0
10.060000000000000497 0 0
10.070000000000000284 0 0
10.080000000000000071 0 0
10.089999999999999858 0 0
10.099999999999999645 0 0
10.109999999999999432 0 0
10.120000000000000995 0 0
10.130000000000000782 0 0
10.140000000000000568 0 0
10.150000000000000355 0 0
10.160000000000000142 0 0
10.169999999999999929 0 0
10.179999999999999716 0 0
10.189999999999999503 0 0
10.200000000000001066 0 0
10.210000000000000853 0 0
10.220000000000000639 0 0
10.230000000000000426 0 0
