0 6.0739415037830699737e-07 -6.0739415037830699737e-07
0.010000000000000000208 8.9408571020319450537e-07 -8.9408571020319450537e-07
0.020000000000000000416 1.3029471240014313802e-06 -1.3029471240014313802e-06
0.02999999999999999889 1.8798234163864784866e-06 -1.8798234163864784866e-06
0.040000000000000000833 2.6852317247111930274e-06 -2.6852317247111930274e-06
0.050000000000000002776 3.7997561209340025712e-06 -3.7997561209340025712e-06
0.05999999999999999778 5.34378831761326737e-06 -5.34378831761326737e-06
0.070000000000000006661 7.5861587350066943334e-06 -7.5861587350066943334e-06
0.080000000000000001665 1.1491446122880047767e-05 -1.1491446122880047767e-05
0.089999999999999996669 2.0908757341003353169e-05 -2.0908757341003353169e-05
0.10000000000000000555 4.9141948341099811286e-05 -4.9141948341099811286e-05
0.11000000000000000056 0.00013259530436384299413 -0.00013259530436384299413
0.11999999999999999556 0.00034574458631551972364 -0.00034574458631551972364
0.13000000000000000444 0.00079125100913069389922 -0.00079125100913069389922
0.14000000000000001332 0.0015296811825397035878 -0.0015296811825397035878
0.14999999999999999445 0.0024634826608776307436 -0.002236248887547404203
0.16000000000000000333 0.003288848240210976142 -0.0031094531605982442084
0.17000000000000001221 0.0036366358719764914874 -0.0035050794860812541608
0.17999999999999999334 0.0033379855068312921235 -0.0032084223986282908031
0.19000000000000000222 0.0025626600671237701086 -0.0024909020338234858123
0.2000000000000000111 0.0016806555736245663325 -0.0015949445892026723783
0.20999999999999999223 0.00099653662954653026394 -0.00091481220778506593637
0.22000000000000000111 0.00060847136916262491678 -0.00056262596041332393025
0.23000000000000000999 0.00045632599770833217603 -0.00042244025875042603415
0.23999999999999999112 0.00043765364984403365206 -0.00040376791088612751018
0.25 0.00047794615445325176403 -0.00044804697451779644177
0.26000000000000000888 0.00054050083549311562885 -0.00050860837786542430032
0.27000000000000001776 0.00061144101610392657172 -0.00058951495057539408159
0.28000000000000002665 0.000686074111301080607 -0.0006800942754958884829
0.28999999999999998002 0.00076233841846142229737 -0.00074639218964757663311
0.2999999999999999889 0.00083864498287069080308 -0.00081472563964992230669
0.30999999999999999778 0.00091337418389025783888 -0.00086752877514095685235
0.32000000000000000666 0.00098482298330868881138 -0.00095691708288445889892
0.33000000000000001554 0.0010512508664269751887 -0.001011385294392361028
0.34000000000000002442 0.0011109468919857402869 -0.0010690880386209113129
0.35000000000000003331 0.0011623019584921564368 -0.001094530480576344153
0.35999999999999998668 0.0012038805017424705421 -0.001140095586487087885
0.36999999999999999556 0.0012344870297011198597 -0.0011647222740930715697
0.38000000000000000444 0.0012532231875712607477 -0.0011734920435020324263
0.39000000000000001332 0.0012595315537250522872 -0.0011937533607774336239
0.4000000000000000222 0.0012532231875712607477 -0.0012013979421072729353
0.41000000000000003109 0.0012344870297011198597 -0.0011667155517853075759
0.41999999999999998446 0.0012038805017424683737 -0.0011699947627845622318
0.42999999999999999334 0.0011623019584920725195 -0.001102503598621161875
0.44000000000000000222 0.0011109468919832570302 -0.0010611149242115052241
0.4500000000000000111 0.0010512508663663500726 -0.0010073987353092850924
0.46000000000000001998 0.00098482298208919728973 -0.0009529305244615059612
0.47000000000000002887 0.00091337416367839863434 -0.00087948842472049249246
0.47999999999999998224 0.00083864470685400039664 -0.00080874552691854507437
0.48999999999999999112 0.000762335312715126741 -0.00072047645935029776699
0.5 0.00068604531755590782063 -0.0006661125315386007403
0.51000000000000000888 0.00061122106209236749721 -0.00057932860446467616868
0.52000000000000001776 0.00053911641771735210188 -0.00052117690939228102781
0.53000000000000002665 0.0004707664925026975992 -0.00045482026368885193493
0.54000000000000003553 0.00040697456679464875549 -0.00039302161658253379926
0.55000000000000004441 0.00034831143708457406628 -0.00032439209386380556989
0.56000000000000005329 0.00029512563896083609562 -0.00027718613063576502155
0.57000000000000006217 0.00024756251457951902262 -0.00023759612157086548246
0.57999999999999996003 0.00020558980281944644634 -0.00019363013120906219814
0.58999999999999996891 0.00016902735456219162495 -0.00015906096155353808478
0.5999999999999999778 0.00013757868640447757139 -0.00012362573619236261516
0.60999999999999998668 0.00011086234541388131848 -9.8902673803497070286e-05
0.61999999999999999556 8.8441419784162999358e-05 -8.4454862580701583292e-05
0.63000000000000000444 6.9849948316054780682e-05 -6.3870112510862656584e-05
0.64000000000000001332 5.4615411734583471193e-05 -4.4649018725929931028e-05
0.6500000000000000222 4.2276894163684419726e-05 -3.8290336960223003661e-05
0.66000000000000003109 3.2398856113732074776e-05 -2.2432463105078534612e-05
0.67000000000000003997 2.4580743740085185929e-05 -2.0594186536623769864e-05
0.68000000000000004885 1.8462865291715012975e-05 -8.4964722830614728105e-06
0.69000000000000005773 1.3729095390449215438e-05 -5.7559809835263833061e-06
0.70000000000000006661 1.0107028347116603809e-05 -2.1339139401937716776e-06
0.70999999999999996447 7.3662047234476384544e-06 6.5867454886673211636e-06
0.71999999999999997335 5.3149945724404716816e-06 2.6581198344823604498e-06
0.72999999999999998224 3.7966503746379828667e-06 4.1764640322848492647e-06
0.73999999999999999112 2.684955708020500286e-06 1.3016014954409157797e-06
0.75 1.879803204527346368e-06 2.1067539989340699095e-06
0.76000000000000000888 1.3029459045100638867e-06 6.6701685024127680329e-06
0.77000000000000001776 8.9408564957805538529e-07 9.0723073590754846731e-06
0.78000000000000002665 6.0739414789501201327e-07 5.372441657297112297e-06
0.79000000000000003553 4.085082407793434918e-07 3.5780489626820726798e-06
0.80000000000000004441 2.7200054879341441476e-07 3.714556654668001598e-06
0.81000000000000005329 1.7929883938318480923e-07 9.7870941692703561756e-06
0.82000000000000006217 1.1701025239314858337e-07 7.8561041545296840906e-06
0.83000000000000007105 7.559778894742139788e-08 1.7863910536123650156e-05
0.83999999999999996891 4.8354067324071889565e-08 9.918038941329468996e-06
0.8499999999999999778 3.0619328896174877005e-08 7.9424950780266577308e-06
0.85999999999999998668 1.9195395485764753871e-08 1.393375481662919545e-05
0.86999999999999999556 1.1913440516185600539e-08 7.9612009664066465573e-06
0.88000000000000000444 7.3200842030907528227e-09 5.9725157209890332034e-06
0.89000000000000001332 4.4528051630443762054e-09 9.9619402034904952942e-06
0.9000000000000000222 2.6815756171160960965e-09 3.9838756278443002951e-06
0.91000000000000003109 1.5987668814087160969e-09 3.9849584365800070425e-06
0.92000000000000003997 9.4366745649890591014e-10 5.9788921377356254642e-06
0.93000000000000004885 5.5143147666860091404e-10 5.9792843737154553104e-06
0.94000000000000005773 3.1900894960171475177e-10 5.9795167962425220851e-06
0.95000000000000006661 1.827060468982050932e-10 3.9863744974145182192e-06
0.95999999999999996447 1.0359569656493634393e-10 9.9662894129569760303e-06
0.96999999999999997335 5.8152614941311553105e-11 1.3952892059500018746e-05
0.97999999999999998224 3.2317333616524254329e-11 9.9663606913199232992e-06
0.98999999999999999112 1.7780359366986336045e-11 1.9932608213713410536e-06
1 9.6846579604586693952e-12 9.9663833239955793936e-06
1.0100000000000000089 5.2223596760610144221e-12 9.966387786293864044e-06
1.0200000000000000178 2.7879694560429667226e-12 5.979833017222667734e-06
1.0300000000000000266 1.4734926829898636981e-12 5.9798343316994408768e-06
1.0400000000000000355 7.7098636425972683918e-13 3.9865564324750520875e-06
1.0500000000000000444 3.9937802081847607009e-13 9.9663926092755200886e-06
1.0600000000000000533 2.0481436860355953228e-13 5.9798356003777558134e-06
1.0700000000000000622 1.0398621003011568765e-13 1.993278497744498199e-06
1.0800000000000000711 5.2267494702963568168e-14 -5.2267494702963568168e-14
1.0900000000000000799 2.6009792644678311667e-14 9.9663929826437468867e-06
1.1000000000000000888 1.2815629998302808704e-14 5.9798357923764944308e-06
1.1100000000000000977 6.2562147660589257389e-15 7.9731144006666179838e-06
1.1200000000000001066 3.0363158901946032618e-15 5.9798358021558082912e-06
1.1300000000000001155 1.4924526512548127809e-15 1.9932786002382554615e-06
1.1400000000000001243 8.1302316926179428596e-16 5.9798358043791012182e-06
1.1500000000000001332 6.542360228550988175e-16 1.9932786010764720664e-06
1.1599999999999999201 9.9255461553275157535e-16 5.9798358041995691969e-06
1.1699999999999999289 2.166175522750862546e-15 7.9731144047566571771e-06
1.1799999999999999378 5.1642360636383105045e-15 5.9798358000278878859e-06
1.1899999999999999467 1.2378624115821476381e-14 1.3952950199736335424e-05
1.1999999999999999556 2.9327619315005083417e-14 3.9865571741337964279e-06
1.2099999999999999645 6.8456796824039824722e-14 9.966392940196743943e-06
1.2199999999999999734 1.5733650215022986325e-13 1.1959671453047747802e-05
1.2299999999999999822 3.560134878767363994e-13 9.9663926526400528378e-06
1.2399999999999999911 7.9308221907082526984e-13 1.9932778086484888561e-06
1.25 1.7393341534092953683e-12 1.3952948472780805483e-05
1.2600000000000000089 3.7554376337329599659e-12 3.9865534480237819193e-06
1.2700000000000000178 7.9827170747133157447e-12 3.9865492207443413222e-06
1.2800000000000000266 1.6705272404024212007e-11 7.9730977016504281011e-06
1.2900000000000000355 3.4416684107917880527e-11 1.9932441850466002725e-06
1.3000000000000000444 6.9806703272905552924e-11 3.9864873967581430746e-06
1.3100000000000000533 1.3939200644948938022e-10 7.9729750149163820106e-06
1.3200000000000000622 2.7402567066556671472e-10 1.1959397584713583678e-05
1.3300000000000000711 5.3034352122494676345e-10 3.986026859940191067e-06
1.3400000000000000799 1.0104990856336488177e-09 9.9653825095679062542e-06
1.3500000000000000888 1.8955149783319750517e-09 -1.8955149783319750517e-09
1.3600000000000000977 3.5005086476751194763e-09 9.9628925000058651151e-06
1.3700000000000001066 6.3642572767583622948e-09 5.9734715479153655104e-06
1.3800000000000001155 1.1391395732519048666e-08 1.9818872059981890404e-06
1.3900000000000001243 2.0073300657162842664e-08 1.973205301073544985e-06
1.4000000000000001332 3.4823568936426179979e-08 5.9450122362556978193e-06
1.4099999999999999201 5.9475815513444578518e-08 9.9069171931400949835e-06
1.4199999999999999289 1.0000464480512220055e-07 5.879831160387002123e-06
1.4299999999999999378 1.6554366896272131927e-07 9.8008493396908186597e-06
1.4399999999999999467 2.6978488831839224103e-07 7.7033295186044403139e-06
1.4499999999999999556 4.3284788658494694677e-07 1.3520102325530013307e-05
1.4599999999999999645 6.8370006604377925744e-07 7.2894143408790532975e-06
1.4699999999999999734 1.0631843640585387347e-06 -1.0631843640585387347e-06
1.4799999999999999822 1.6276618285091109711e-06 4.352173976683013551e-06
1.4899999999999999911 2.4531969437668325843e-06 5.519917463155999547e-06
1.5 3.6400997925483608491e-06 2.3397360126437632494e-06
1.5100000000000000089 5.3174914889611765159e-06 -5.3174914889611765159e-06
1.5200000000000000178 7.6473850134003064919e-06 2.3190079952532336723e-06
1.5300000000000000266 1.0827588606206250681e-05 -6.8410314027448346149e-06
1.5400000000000000355 1.5092569200912889978e-05 -1.1106011997451473912e-05
1.5500000000000000444 2.0711294488564307466e-05 -1.4731458683372183367e-05
1.5600000000000000533 2.7981046323213862119e-05 -2.2001210518021738021e-05
1.5700000000000000622 3.7216308724898663476e-05 -2.9243194317975831345e-05
1.5800000000000000711 4.8732117152374200585e-05 -4.6738838550643492552e-05
1.5900000000000000799 6.2821731466283553449e-05 -5.8835174262822137383e-05
1.6000000000000000888 7.9729155343606937295e-05 -6.7769483733222689098e-05
1.6100000000000000977 9.9617826727496931651e-05 -9.3637990922304807553e-05
1.6200000000000001066 0.00012253766522185804934 -0.00011257127221320450917
1.6300000000000001155 0.00014839346582314820282 -0.00013244723700930253855
1.6400000000000001243 0.00017691823324646866432 -0.00017093839744127654022
1.6500000000000001332 0.00020765531329463204815 -0.00019170908448078638388
1.6600000000000001421 0.00023995297606011690874 -0.00023197986165319407661
1.6699999999999999289 0.00027297436986228976749 -0.0002669945340570976434
1.6799999999999999378 0.00030572449913075913294 -0.00028977827031691346868
1.6899999999999999467 0.00033709417721286121525 -0.00032114794839901555099
1.6999999999999999556 0.00036591894748429752444 -0.00034000632475230361824
1.7099999999999999645 0.00039104900388925228558 -0.00036314310346502237312
1.7199999999999999734 0.00041142446062413049607 -0.00038949839509559800593
1.7299999999999999822 0.00042614919418905775322 -0.00040422312866052526308
1.7399999999999999911 0.00043455612267981379507 -0.00039469055064519963441
1.75 0.00043625730648735037195 -0.00041433124095881788181
1.7600000000000000089 0.00043117363047694980908 -0.00042120723746829626891
1.7700000000000000178 0.0004195409045057080016 -0.00041156779009878516947
1.7800000000000000266 0.00040189172710102189293 -0.00039591189129582976883
1.7900000000000000355 0.00037901505509027534797 -0.00037104194068335251584
1.8000000000000000444 0.00035189775373490581089 -0.00034791119653144439482
1.8100000000000000533 0.00032165415562617724913 -0.00030969448401579300094
1.8200000000000000622 0.0002894506154435967627 -0.00027549766523148180647
1.8300000000000000711 0.00025643212223274336383 -0.0002544388436310126558
1.8400000000000000799 0.00022365726741024739128 -0.00022166398880851668324
1.8500000000000000888 0.00019204643116528798629 -0.00018008675955490373809
1.8600000000000000977 0.00016234619195404381307 -0.00015835963475058239701
1.8700000000000001066 0.00013511096936291055104 -0.00012514457635425701087
1.8800000000000001155 0.00011070105306993792589 -0.00010472121726474580179
1.8900000000000001243 8.9294669297485519091e-05 -8.3314833492293394993e-05
1.9000000000000001332 7.0910729427431444223e-05 -6.6924172223970028158e-05
1.9100000000000001421 5.5438441273559529066e-05 -5.5438441273559529066e-05
1.9199999999999999289 4.2670006382978377488e-05 -3.0710334772594129291e-05
1.9299999999999999378 3.2333077502355150315e-05 -2.8346520298893734249e-05
1.9399999999999999467 2.4120372879277411654e-05 -1.4153979870623871489e-05
1.9499999999999999556 1.7714692987411727532e-05 -7.7482999787581873679e-06
1.9599999999999999645 1.2808429473581248964e-05 -4.835315066658416833e-06
1.9699999999999999734 9.1173950148097322244e-06 -5.1308378113483161587e-06
1.9799999999999999822 6.3893738461909554982e-06 -6.3893738461909554982e-06
1.9899999999999999911 4.4081713420962288821e-06 -2.4148927403655208492e-06
2 2.9941342735110615373e-06 4.9789801334117705941e-06
2.0100000000000002309 2.0021504863967572546e-06 5.9709639205260748768e-06
2.0200000000000000178 1.318058845334535693e-06 4.6617769598575886173e-06
2.0300000000000002487 8.542510505623757861e-07 9.1121419580911648016e-06
2.0400000000000000355 5.4506573547904624315e-07 9.421327273174493074e-06
2.0499999999999998224 3.4239300267677844619e-07 9.6240000059767624063e-06
2.0600000000000000533 2.1174517263779051384e-07 5.768090632554333717e-06
2.0699999999999998401 1.2891836654017585406e-07 3.8576388369212397881e-06
2.0800000000000000711 7.7273166447298921887e-08 1.586895564739836104e-05
2.0899999999999998579 4.5598994075905145263e-08 5.9342368111162193702e-06
2.1000000000000000888 2.649076219565514358e-08 9.9399022464578850504e-06
2.1099999999999998757 1.5151173958681021812e-08 5.9646846312334427922e-06
2.1200000000000001066 8.5312123823402087289e-09 1.1951140398001909237e-05
2.1299999999999998934 4.7292019665641995014e-09 3.9818280014948518637e-06
2.1400000000000001243 2.5809382137252757903e-09 1.1957090672170524127e-05
2.1499999999999999112 1.3866919451803609169e-09 1.9918919097855274703e-06
2.1600000000000001421 7.3349138360323407175e-10 3.9858237120778131692e-06
2.1699999999999999289 3.8196421638826104963e-10 1.395256824789857125e-05
2.1800000000000001599 1.9582267532376710136e-10 3.9863613807860920492e-06
2.1899999999999999467 9.8836172581629635697e-11 7.9730155707502502069e-06
2.2000000000000001776 4.9111307561684319629e-11 1.9932294904231461792e-06
2.2099999999999999645 2.402479628620234088e-11 3.9865331786651298068e-06
2.2200000000000001954 1.1570458504460114139e-11 9.966381438195035894e-06
2.2299999999999999822 5.4859780180477126365e-12 1.993273115752690025e-06
2.2400000000000002132 2.5607677730658305244e-12 3.9865546426936434104e-06
2.25 1.1767899933880907847e-12 1.1959670433594256112e-05
2.2600000000000002309 5.3240285606584080409e-13 1.9932780693278521511e-06
2.2700000000000000178 2.3713432645811862559e-13 5.9798355680577974718e-06
2.2800000000000002487 1.039827052460704688e-13 9.9663929046708353527e-06
2.2900000000000000355 4.4889052399424294389e-14 7.9731143620337789906e-06
2.3000000000000002665 1.907798055746407718e-14 7.9731143878448515624e-06
2.3100000000000000533 7.9824646639489863116e-15 1.9932785937482432799e-06
2.3199999999999998401 3.2881698751696377988e-15 5.9798358019039540558e-06
2.3300000000000000711 1.3334726920983495575e-15 5.9798358038586511411e-06
2.3399999999999998579 5.3238602276107547431e-16 1.993278601198321991e-06
2.3500000000000000888 2.0925787093234564308e-16 3.9865572032521582701e-06
2.3599999999999998757 8.0974746722975652375e-17 5.9798358051111494428e-06
2.3700000000000001066 3.0848214555313572667e-17 5.9798358051612760056e-06
2.3799999999999998934 1.1569726855585230952e-17 7.9731144069112616613e-06
2.3900000000000001243 4.2719761342483267421e-18 5.9798358051878525114e-06
2.3999999999999999112 1.5529131523495286913e-18 1.9932786017291549979e-06
2.4100000000000001421 5.5574831835890929425e-19 3.9865572034608604121e-06
2.4199999999999999289 1.9580410157730484806e-19 5.9798358051919284339e-06
2.4300000000000001599 6.7916930713173896886e-20 3.9865572034613483031e-06
2.4399999999999999467 2.3192467464149862534e-20 5.9798358051921012286e-06
2.4500000000000001776 7.7970173300215989932e-21 7.9731144069228236611e-06
2.4599999999999999645 2.5806118168350684814e-21 5.9798358051921215574e-06
2.4700000000000001954 8.408712469930269082e-22 1.9932786017307071858e-06
2.4799999999999999822 2.697422412511118687e-22 9.9663930086535401642e-06
2.4900000000000002132 8.518851733664712364e-23 3.9865572034614160657e-06
2.5 2.6486574587799341611e-23 3.9865572034614160657e-06
2.5100000000000002309 8.1074293233973135013e-24 7.9731144069228321314e-06
2.5200000000000000178 2.4431671771458996905e-24 3.9865572034614160657e-06
2.5300000000000002487 7.2482946185383466691e-25 1.9932786017307080328e-06
2.5400000000000000355 2.1170500655765788802e-25 5.9798358051921240985e-06
2.5500000000000002665 6.0875011787171958611e-26 3.9865572034614160657e-06
2.5600000000000000533 1.7232949946072460478e-26 5.9798358051921240985e-06
2.5699999999999998401 4.8027815484589740106e-27 1.9932786017307080328e-06
2.5800000000000000711 1.3177671559283527693e-27 9.9663930086535401642e-06
2.5899999999999998579 3.5595669281405517906e-28 9.9663930086535401642e-06
2.6000000000000000888 9.466038921699921648e-29 3.9865572034614160657e-06
2.6099999999999998757 2.4782895588652939982e-29 7.9731144069228321314e-06
2.6200000000000001066 6.3877578912843890581e-30 7.9731144069228321314e-06
2.6299999999999998934 1.6209047156474773264e-30 3.9865572034614160657e-06
2.6400000000000001243 4.0492926291115124166e-31 1.9932786017307080328e-06
2.6499999999999999112 9.9589483215779725727e-32 5.9798358051921240985e-06
2.6600000000000001421 2.4113510090820068745e-32 3.9865572034614160657e-06
2.6699999999999999289 5.7480432368837967432e-33 1.1959671610384249891e-05
2.6800000000000001599 1.3489388350939224456e-33 7.9731144069228321314e-06
2.6899999999999999467 3.1165717391329304524e-34 9.9663930086535401642e-06
2.7000000000000001776 7.0888312340667060064e-35 3.9865572034614160657e-06
2.7099999999999999645 1.5873941834029787751e-35 5.9798358051921240985e-06
2.7200000000000001954 3.4995126742520148474e-36 5.9798358051921240985e-06
2.7299999999999999822 7.5952661267553385797e-37 5.9798358051921240985e-06
2.7400000000000002132 1.6228973789854902164e-37 3.9865572034614160657e-06
2.75 3.4139075875244908422e-38 9.9663930086535401642e-06
2.7600000000000002309 7.0700925913060768827e-39 5.9798358051921240985e-06
2.7700000000000000178 1.4414881636307561193e-39 7.9731144069228321314e-06
2.7800000000000002487 2.893408137060676295e-40 3.9865572034614160657e-06
2.7900000000000000355 5.7176946042162356451e-41 5.9798358051921240985e-06
2.8000000000000002665 1.1123586849501822666e-41 9.9663930086535401642e-06
2.8100000000000000533 2.1304992403017656247e-42 1.3952950212114959618e-05
2.8199999999999998401 4.0172656931879096959e-43 5.9798358051921240985e-06
2.8300000000000000711 7.4574846289135363834e-44 5.9798358051921240985e-06
2.8399999999999998579 1.3629088650426173229e-44 5.9798358051921240985e-06
2.8500000000000000888 2.4521888001815581802e-45 3.9865572034614160657e-06
2.8599999999999998757 4.3436380745476161483e-46 5.9798358051921240985e-06
2.8700000000000001066 7.5747097609971547816e-47 3.9865572034614160657e-06
2.8799999999999998934 1.3004420399980501295e-47 7.9731144069228321314e-06
2.8900000000000001243 2.1980048344273242669e-48 5.9798358051921240985e-06
2.8999999999999999112 3.6574544366055672589e-49 3.9865572034614160657e-06
2.9100000000000001421 5.991586649053457455e-50 9.9663930086535401642e-06
2.9199999999999999289 9.6631206683829951171e-51 7.9731144069228321314e-06
2.9300000000000001599 1.5342834481923294621e-51 1.9932786017307080328e-06
2.9399999999999999467 2.3983161701479169378e-52 3.9865572034614160657e-06
2.9500000000000001776 3.6907948837340686612e-53 5.9798358051921240985e-06
2.9599999999999999645 5.5917278080669652135e-54 5.9798358051921240985e-06
2.9700000000000001954 8.3403595702002974987e-55 1.793950832507107068e-05
2.9799999999999999822 1.2247181796528736348e-55 7.9731144069228321314e-06
2.9900000000000002132 1.7705173759734101238e-56 5.9798358051921240985e-06
3 2.5198625997321214326e-57 5.9798358051921240985e-06
3.0100000000000002309 3.5307434873567017443e-58 3.9865572034614160657e-06
3.0200000000000000178 4.8704390331139022064e-59 1.9932786017307080328e-06
3.0300000000000002487 6.6142818088179030406e-60 5.9798358051921240985e-06
3.0400000000000000355 8.8432095537296413521e-61 5.9798358051921240985e-06
3.0500000000000002665 1.1639914142097982711e-61 1.9932786017307080328e-06
3.0600000000000000533 1.5083505152649609711e-62 1.9932786017307080328e-06
3.0700000000000002842 1.9242762233974631157e-63 1.9932786017307080328e-06
3.0800000000000000711 2.4168249182995677203e-64 1.3952950212114959618e-05
3.0899999999999998579 2.9883785120535829607e-65 7.9731144069228321314e-06
3.1000000000000000888 3.6377986588463770802e-66 1.9932786017307080328e-06
3.1099999999999998757 4.359677363908733367e-67 1.9932786017307080328e-06
3.1200000000000001066 5.1437835054719421164e-68 7.9731144069228321314e-06
3.1299999999999998934 5.9748038320710563383e-69 7.9731144069228321314e-06
3.1400000000000001243 6.8324625337142846884e-70 3.9865572034614160657e-06
3.1499999999999999112 7.6920749191774937451e-71 1.9932786017307080328e-06
3.1600000000000001421 8.5255497058508927452e-72 5.9798358051921240985e-06
3.1699999999999999289 9.3028049361839686947e-73 1.9932786017307080328e-06
3.1800000000000001599 9.9935105925389379347e-74 9.9663930086535401642e-06
3.1899999999999999467 1.0569023857358044311e-74 1.1959671610384249891e-05
3.2000000000000001776 1.1004348049268083319e-75 1.3952950212114959618e-05
3.2099999999999999645 1.1279929785301354041e-76 1.9932786017307080328e-06
3.2200000000000001954 1.1383114733220675749e-77 1.9932786017307080328e-06
3.2299999999999999822 1.1309111053861416648e-78 1.1959671610384249891e-05
3.2400000000000002132 1.1061358369892265358e-79 3.9865572034614160657e-06
3.25 1.0651262691142705741e-80 5.9798358051921240985e-06
3.2600000000000002309 1.0097325748410633922e-81 5.9798358051921240985e-06
3.2700000000000000178 9.4237613032513725331e-83 7.9731144069228321314e-06
3.2800000000000002487 8.6587425281276191501e-84 3.9865572034614160657e-06
3.2900000000000000355 7.832456889106048758e-85 3.9865572034614160657e-06
3.3000000000000002665 6.9751546177460535544e-86 3.9865572034614160657e-06
3.3100000000000000533 6.1153638762824886916e-87 3.9865572034614160657e-06
3.3200000000000002842 5.2784134719244441292e-88 3.9865572034614160657e-06
3.3300000000000000711 4.4853583746960381111e-89 3.9865572034614160657e-06
3.3399999999999998579 3.7523516273927994293e-90 1.1959671610384249891e-05
3.3500000000000000888 3.090455878481009646e-91 5.9798358051921240985e-06
3.3599999999999998757 2.5058450071132733967e-92 5.9798358051921240985e-06
3.3700000000000001066 2.0003155741921729152e-93 3.9865572034614160657e-06
3.3799999999999998934 1.5720748722077939642e-94 1.9932786017307080328e-06
3.3900000000000001243 1.2739789732306559465e-95 1.9932786017307080328e-06
3.3999999999999999112 5.0253849431906603218e-95 5.9798358051921240985e-06
3.4100000000000001421 4.0186510765505278225e-93 1.9932786017307080328e-06
3.4199999999999999289 3.1210653164836022342e-91 3.9865572034614160657e-06
3.4300000000000001599 2.3108954125059182064e-89 1.9932786017307080328e-06
3.4399999999999999467 1.6311983895621754106e-87 1.3952950212114959618e-05
3.4500000000000001776 1.0977009974526190988e-85 5.9798358051921240985e-06
3.4599999999999999645 7.0422899329491926174e-84 7.9731144069228321314e-06
3.4700000000000001954 4.3072309424509510648e-82 7.9731144069228321314e-06
3.4799999999999999822 2.5115321446385876241e-80 5.9798358051921240985e-06
3.4900000000000002132 1.396167832525236618e-78 5.9798358051921240985e-06
3.5 7.399406151128181386e-77 7.9731144069228321314e-06
3.5100000000000002309 3.738682437649371561e-75 9.9663930086535401642e-06
3.5200000000000000178 1.8009637056234430582e-73 1.9932786017307080328e-06
3.5300000000000002487 8.2710051868415435494e-72 1.9932786017307080328e-06
3.5400000000000000355 3.6214370335092074368e-70 7.9731144069228321314e-06
3.5500000000000002665 1.5117338867436805151e-68 3.9865572034614160657e-06
3.5600000000000000533 6.0165020277506451095e-67 7.9731144069228321314e-06
3.5700000000000002842 2.2829149841970560538e-65 1.9932786017307080328e-06
3.5800000000000000711 8.2587649810863838746e-64 3.9865572034614160657e-06
3.5899999999999998579 2.8485446296139356809e-62 3.9865572034614160657e-06
3.6000000000000000888 9.3673439766075055978e-61 1.9932786017307080328e-06
3.6099999999999998757 2.9369632725466764527e-59 5.9798358051921240985e-06
3.6200000000000001066 8.7795525965476510751e-58 7.9731144069228321314e-06
3.6299999999999998934 2.5023118022068280752e-56 7.9731144069228321314e-06
3.6400000000000001243 6.8000032860670266145e-55 5.9798358051921240985e-06
3.6499999999999999112 1.7618913269630507686e-53 1.1959671610384249891e-05
3.6600000000000001421 4.35266461639438656e-52 9.9663930086535401642e-06
3.6699999999999999289 1.0252773095936285235e-50 1.9932786017307080328e-06
3.6800000000000001599 2.3027228958334648613e-49 7.9731144069228321314e-06
3.6899999999999999467 4.9312898358957518883e-48 5.9798358051921240985e-06
3.7000000000000001776 1.006937275404565302e-46 7.9731144069228321314e-06
3.7099999999999999645 1.9605236240585056722e-45 7.9731144069228321314e-06
3.7200000000000001954 3.6397744349273877893e-44 5.9798358051921240985e-06
3.7299999999999999822 6.4433954015744684986e-43 7.9731144069228321314e-06
3.7400000000000002132 1.0876732893944073159e-41 3.9865572034614160657e-06
3.75 1.7507785895869464983e-40 5.9798358051921240985e-06
3.7600000000000002309 2.6873180842705732846e-39 7.9731144069228321314e-06
3.7700000000000000178 3.9334018158919483656e-38 1.9932786017307080328e-06
3.7800000000000002487 5.4901672955400843439e-37 1.9932786017307080328e-06
3.7900000000000000355 7.3076518918366653218e-36 3.9865572034614160657e-06
3.8000000000000002665 9.2758237625125174412e-35 9.9663930086535401642e-06
3.8100000000000000533 1.1228383776708653828e-33 3.9865572034614160657e-06
3.8200000000000002842 1.2962247688208411096e-32 5.9798358051921240985e-06
3.8300000000000000711 1.4270866379198375588e-31 3.9865572034614160657e-06
3.8399999999999998579 1.4984300127147273582e-30 9.9663930086535401642e-06
3.8500000000000000888 1.5005427158696870696e-29 7.9731144069228321314e-06
3.8599999999999998757 1.4331653231917189458e-28 7.9731144069228321314e-06
3.8700000000000001066 1.3055428219022873913e-27 5.9798358051921240985e-06
3.8799999999999998934 1.1343430010429993952e-26 9.9663930086535401642e-06
3.8900000000000001243 9.4008772877733463156e-26 1.1959671610384249891e-05
3.8999999999999999112 7.431494149608850901e-25 5.9798358051921240985e-06
3.9100000000000001421 5.6037864045754425282e-24 7.9731144069228321314e-06
3.9199999999999999289 4.0308767376998535704e-23 1.9932786017307080328e-06
3.9300000000000001599 2.7659595079535533168e-22 7.9731144069228321314e-06
3.9399999999999999467 1.8106621265037707519e-21 9.9663930086535384702e-06
3.9500000000000001776 1.1308173451517040283e-20 7.9731144069228202729e-06
3.9599999999999999645 6.737990704796240275e-20 -6.737990704796240275e-20
3.9700000000000001954 3.8306471814598223714e-19 3.9865572034610332068e-06
3.9799999999999999822 2.0779743198789767506e-18 7.9731144069207535125e-06
3.9900000000000002132 1.07561955507486266e-17 3.9865572034506595943e-06
4 5.3131713245561174308e-17 3.98655720340828423e-06
4.0099999999999997868 2.5046889988463812141e-16 9.9663930084030708277e-06
4.0200000000000004619 1.126909991994537972e-15 3.986557202334506492e-06
4.0300000000000002487 4.8394192721549259993e-15 7.9731144020834127253e-06
4.0400000000000000355 1.9838183798388836155e-14 9.9663929888153559954e-06
4.0499999999999998224 7.7634444962301821252e-14 3.9865571258269712741e-06
4.0600000000000004974 2.9006390688389354617e-13 7.9731141168589251964e-06
4.0700000000000002842 1.0348238662213426321e-12 3.9865561686375501656e-06
4.0800000000000000711 3.5255263673097209809e-12 1.1959668084857882466e-05
4.0899999999999998579 1.1471562974711866642e-11 7.9731029353598578235e-06
4.0999999999999996447 3.5655315576810437294e-11 7.9730787516072553357e-06
4.1100000000000003197 1.058759687152989281e-10 1.9931727257619928362e-06
4.1200000000000001066 3.0041216399716461393e-10 5.9795353930281266267e-06
4.1299999999999998934 8.1464503100388000061e-10 5.9790211601611204358e-06
4.1399999999999996803 2.1117533228192021086e-09 5.9777240518693044733e-06
4.1500000000000003553 5.2341424218775034392e-09 1.5940994671423781777e-05
4.1600000000000001421 1.2407699736760514791e-08 9.9539853089167788818e-06
4.1699999999999999289 2.8139091542190998064e-08 1.9651395101885169256e-06
4.1799999999999997158 6.1072749112042788306e-08 5.9187630560800816808e-06
4.1900000000000003908 1.2690163746975659827e-07 3.8596555659916597321e-06
4.2000000000000001776 2.5255387006046182497e-07 9.7138391385930775981e-06
4.2099999999999999645 4.8163342451661342653e-07 5.4982023806755103544e-06
4.2199999999999997513 8.8062578168549001316e-07 1.1126528200452179138e-06
4.2300000000000004263 1.5447084549285782614e-06 4.4351273502635462606e-06
4.2400000000000002132 2.6012769261037241903e-06 7.3651160825498155504e-06
4.25 4.2087954125662154007e-06 7.7508761978180344904e-06
4.2599999999999997868 6.5486805562518557826e-06 -5.688447510597316841e-07
4.2700000000000004619 9.8089317965408914682e-06 1.5746121211264869607e-07
4.2800000000000002487 1.4160176601363434417e-05 -6.1870621944406022861e-06
4.2900000000000000355 1.9727321843519126727e-05 -9.7609288348655865624e-06
4.2999999999999998224 2.6562300951099406459e-05 -2.0582465145907282361e-05
4.3100000000000004974 3.4624512642073105055e-05 -2.6651398235150272923e-05
4.3200000000000002842 4.3774734630544891189e-05 -3.9788177427083475123e-05
4.3300000000000000711 5.3785484363775664914e-05 -5.1792205762044956881e-05
4.3399999999999998579 6.4366719232715200925e-05 -6.0380162029253784859e-05
4.3500000000000005329 7.5201748932072256517e-05 -6.324207732168800832e-05
4.3600000000000003197 8.5985667600664715993e-05 -8.399238899893400796e-05
4.3700000000000001066 9.6458366179035624354e-05 -9.4465087577304916321e-05
4.3799999999999998934 0.00010642622558712668381 -9.6459832578473143645e-05
4.3899999999999996803 0.00011577005023284847758 -0.00010779693582592564545
4.4000000000000003553 0.00012444039802093291146 -0.00011248072641054866327
4.4100000000000001421 0.00013244406255181218079 -0.00012048439094142793259
4.4199999999999999289 0.00013982648874705450514 -0.00012986009573840096498
4.4299999999999997158 0.00014665443718821726438 -0.00014067460138302514028
4.4400000000000003908 0.0001530018060166620994 -0.00015100852741493139136
4.4500000000000001776 0.00015893986336129085641 -0.00015694658475956014838
4.4599999999999999645 0.00016453178191674905492 -0.00016253850331501834689
4.4699999999999997513 0.00016983055968758511501 -0.00016385072388239299091
4.4800000000000004263 0.00017487914930046344862 -0.00017288587069873274059
4.4900000000000002132 0.00017971173692445739753 -0.00016974534391580385737
4.5 0.00018435540794006842306 -0.0001743890149314148829
4.5099999999999997868 0.00018883175132624100377 -0.00017886535831758746361
4.5200000000000004619 0.00019315820201404117922 -0.00018917164481057976316
4.5300000000000002487 0.00019734907646842391599 -0.00019336251926496249992
4.5400000000000000355 0.00020141633477788081601 -0.00019344322037095798388
4.5499999999999998224 0.00020537012883011567725 -0.00019341045721973142905
4.5600000000000004974 0.0002092191951331378013 -0.00020523263792967638523
4.5700000000000002842 0.00021297113926090009803 -0.00020699130345570797393
4.5800000000000000711 0.0002166326458504077364 -0.00021264608864694632033
4.5899999999999998579 0.00022020963726975372322 -0.00021024324426110018306
4.6000000000000005329 0.00022370739629427646559 -0.00021772756048908434149
4.6100000000000003197 0.00022713066293066931905 -0.00022314410572720790298
4.6200000000000001066 0.00023048371218484164035 -0.00022251059777791880822
4.6299999999999998934 0.00023377041743860758568 -0.00023177713883687687765
4.6399999999999996803 0.00023699430272824121213 -0.00023300774552477979606
4.6500000000000003553 0.00024015858631334647925 -0.00023617202910988506319
4.6600000000000001421 0.00024326621731031268709 -0.00024127293870858197906
4.6699999999999999289 0.00024631990673515700768 -0.00023436023512477275948
4.6799999999999997158 0.00024932215399218820521 -0.00024533559678872678914
4.6900000000000003908 0.00025227526961855333346 -0.00025028199101682262542
4.7000000000000001776 0.00025518139492540134992 -0.00024322172331501710173
4.7099999999999999645 0.00025804251904779714095 -0.00025206268324260501686
4.7199999999999997513 0.00026086049381650989283 -0.00025687393661304847676
4.7300000000000004263 0.00026363704678773974919 -0.00025566393238081691706
4.7400000000000002132 0.00026637379270620068113 -0.0002524208424940857249
4.75 0.00026907224362886651269 -0.00025910585062021297253
4.7599999999999997868 0.00027173381789814766898 -0.00026774726069468625291
4.7700000000000004619 0.00027435984812220767055 -0.00027236656952047696252
4.7800000000000002487 0.0002769515882948868162 -0.00027495830969315610817
4.7900000000000000355 0.000279510220167074417 -0.00027751694156534370897
4.7999999999999998224 0.00028203685896440204225 -0.00028004358036267133422
4.8100000000000004974 0.00028453255853210044496 -0.00028054600132863902889
4.8200000000000002842 0.00028699831597619936694 -0.00028301175877273795087
4.8300000000000000711 0.00028943507586050184989 -0.00028146196145357901775
4.8399999999999998579 0.00029184373401057651281 -0.00028387061960365368067
4.8500000000000005329 0.00029422514096912803609 -0.00029223186236739732806
4.8600000000000003197 0.00029658010514124896143 -0.0002945868265395182534
4.8700000000000001066 0.00029890939566311054525 -0.00029890939566311054525
4.8799999999999998934 0.00030121374502339897565 -0.00029722718781993755959
4.8899999999999996803 0.00030349385146319156868 -0.00029552073705626873655
4.9000000000000003553 0.00030575038117684673767 -0.0003017638239733853216
4.9100000000000001421 0.00030798397033379742473 -0.00030001085592687459259
4.9199999999999999289 0.00031019522693882334513 -0.00030620866973536192907
4.9299999999999997158 0.00031238473254635541277 -0.00030441161813943258064
4.9400000000000003908 0.00031455304384262898531 -0.00030857320803743686121
4.9500000000000001776 0.0003167006941079657115 -0.00030872757970104287937
4.9599999999999999645 0.00031882819457014255392 -0.00031085508016321972179
4.9699999999999997513 0.00032093603565862521398 -0.00031694947845516379791
4.9800000000000004263 0.00032302468816843097482 -0.00030907173795631601859
4.9900000000000002132 0.00032509460434147085693 -0.00031911476853627873283
5 0.00032714621887243341665 -0.00032116638306724129255
5.0099999999999997868 0.00032917994984555905887 -0.00032320011404036693477
5.0200000000000004619 0.00033119619960803693215 -0.00031325669128296585808
5.0300000000000002487 0.0003331953555851959424 -0.00032920879838173452633
5.0400000000000000355 0.00033517779104217309627 -0.00032720467663525026414
5.0499999999999998224 0.00033714386579629732066 -0.00032917075138937448853
5.0600000000000004974 0.00033909392688404130798 -0.00032713425527365705978
5.0700000000000002842 0.00034102830918603327728 -0.00033305519477911044515
5.0800000000000000711 0.00034294733601331940393 -0.00033098766440293515573
5.0899999999999998579 0.00034485131965776951498 -0.00033089836944565455875
5.1000000000000005329 0.00034674056190928012307 -0.00034275400470581870701
5.1100000000000003197 0.00034861535454218736544 -0.00033266912572834170117
5.1200000000000001066 0.00035047597977310942672 -0.00033253647144803835265
5.1299999999999998934 0.00035232271069223880218 -0.00034434959628531597005
5.1399999999999996803 0.00035415581166994776529 -0.00033422302565264068496
5.1500000000000003553 0.00035597553874041243556 -0.00032607635880495711329
5.1600000000000001421 0.00035778213996382352826 -0.00033186951723182962206
5.1699999999999999289 0.00035957585576862967792 -0.00034163634744355860385
5.1799999999999997158 0.00036135691927514034492 -0.0003414241332578332646
5.1900000000000003908 0.00036312555660171746529 -0.00034518604827664639122
5.2000000000000001776 0.00036488198715468476898 -0.00034096264393391627259
5.2099999999999999645 0.00036662642390300514191 -0.00034470035837447265178
5.2199999999999997513 0.00036835907363868733953 -0.0003484262876213802592
5.2300000000000004263 0.00037008013722382470442 -0.00035214062889875363035
5.2400000000000002132 0.00037178980982508782159 -0.00035584358101124215733
5.25 0.00037348828113644940612 -0.00034558238071221949366
5.2599999999999997868 0.00037517573559084680486 -0.00035922950677700114059
5.2700000000000004619 0.00037685235256145377565 -0.00035891284423638270158
5.2800000000000002487 0.00037851830655317184136 -0.00035858552053586476103
5.2900000000000000355 0.00038017376738492061634 -0.00035226786696069070388
5.2999999999999998224 0.00038181890036325923186 -0.00035989283483472674172
5.3100000000000004974 0.00038345386644783764759 -0.00035554796602360773513
5.3200000000000002842 0.00038507882240914156251 -0.00035517964247368624025
5.3300000000000000711 0.00038669392097896915965 -0.00037274097076685420342
5.3399999999999998579 0.00038829931099403856279 -0.00036039341056980865033
5.3500000000000005329 0.00038989513753311002935 -0.00037394890871926436508
5.3600000000000003197 0.00039148154204797502853 -0.00037354203372290395446
5.3700000000000001066 0.00039305866248864494619 -0.00037312587647133786586
5.3799999999999998934 0.00039462663342304884779 -0.00037469384740574176746
5.3899999999999996803 0.00039618558615153194992 -0.00037824607782646087585
5.4000000000000003553 0.00039773564881643002494 -0.00039175581301123790084
5.4100000000000001421 0.0003992769465069725748 -0.00037934416048966549447
5.4199999999999999289 0.00040080960135975839424 -0.00039084320835110485408
5.4299999999999997158 0.00040233373265502865796 -0.00037642110992303475176
5.4400000000000003908 0.0004038494569089508485 -0.0003779368341769569423
5.4500000000000001776 0.00040535688796211393967 -0.00038542410194480685934
5.4599999999999999645 0.00040685613706442587184 -0.00039290318685231091561
5.4699999999999997513 0.00040834731295659427259 -0.00039439436274447931636
5.4800000000000004263 0.00040983052194836861121 -0.00039388429313452294695
5.4900000000000002132 0.00041130586799372235518 -0.00039735291778160739895
5.5 0.00041277345276318291607 -0.00039284066674587583574
5.5099999999999997868 0.00041423337571355674539 -0.00037835435906341459726
5.5200000000000004619 0.00041568573415544531448 -0.00040372606254506106628
5.5300000000000002487 0.00041713062331921437137 -0.00040716423031056083121
5.5400000000000000355 0.00041856813642069149676 -0.00039664207089215900662
5.5499999999999998224 0.0004199983647290797149 -0.00041202525032215688277
5.5600000000000004974 0.00042142139764206153337 -0.00040547516882821586911
5.5700000000000002842 0.00042283732277795482669 -0.00041685748697276270259
5.5800000000000000711 0.00042424622610428723351 -0.00038836720945414508538
5.5899999999999998579 0.00042564819214026180507 -0.00041767507773333897294
5.6000000000000005329 0.0004270433043045298682 -0.00041109707549068420394
5.6100000000000003197 0.00042843164554205509162 -0.00041248541672820942736
5.6200000000000001066 0.00042981329947644518821 -0.00041984690646779164805
5.6299999999999998934 0.0004311883525335122487 -0.00041125556651620516838
5.6399999999999996803 0.00043255689782816094877 -0.00042458378342123811663
5.6500000000000003553 0.0004339190421965154372 -0.0004099996989757469408
5.6600000000000001421 0.00043527491873947380145 -0.00041932868992562813719
5.6699999999999999289 0.00043662470885238568313 -0.000414698643323853193
5.6799999999999997158 0.00043796868028798464131 -0.00042401573007586968508
5.6900000000000003908 0.00043930725182216631003 -0.00042734758021178206183
5.7000000000000001776 0.00044064110123592477915 -0.00041472847850393087295
5.7099999999999999645 0.00044197134248073863434 -0.00042801839226862367811
5.7199999999999997513 0.00044329981117922277701 -0.00042536030285415170294
5.7300000000000004263 0.00044462951635273491703 -0.0004306765661406199608
5.7400000000000002132 0.00044596534189596351598 -0.00043201239168384855975
5.75 0.00044731511517532527309 -0.00043136888636147960882
5.7599999999999997868 0.00044869120311272317784 -0.00042676513758419068771
5.7700000000000004619 0.00045011284816098362863 -0.00043217333983591255456
5.7800000000000002487 0.00045160951592174245362 -0.00044164312291308891346
5.7900000000000000355 0.00045322558844650687919 -0.0004293062452257383828
5.7999999999999998224 0.00045502679454886168532 -0.00043908056573501602106
5.8100000000000004974 0.00045710880826147962499 -0.00044714241525282608482
5.8200000000000002842 0.00045960845127100767148 -0.00043568910805023917509
5.8300000000000000711 0.000462717882047090879 -0.00044477837372201980493
5.8399999999999998579 0.00046670201681244671702 -0.00045075578799860105276
5.8500000000000005329 0.00047191917759637370261 -0.00045397966927130262854
5.8600000000000003197 0.00047884457576341391341 -0.00046289834694956824915
5.8700000000000001066 0.00048809570069366505852 -0.00047414275048155010229
5.8799999999999998934 0.00050045799546068225113 -0.00048451176664683658687
5.8899999999999996803 0.0005169083934500217541 -0.00049498232792148926396
5.9000000000000003553 0.00053863342496974760207 -0.00052069391664467652801
5.9100000000000001421 0.00056703778291781754394 -0.00055308483270570258771
5.9199999999999999289 0.00060373860155830461928 -0.00058579909323323354521
5.9299999999999997158 0.00065054042229430023882 -0.00062662107907353174242
5.9400000000000003908 0.00070938607699107269784 -0.00068347345425907879164
5.9500000000000001776 0.00078227967975929657649 -0.00074640066310915442836
5.9599999999999999645 0.00087117969900859181485 -0.00086320658460166898272
5.9699999999999997513 0.00097786271160087818131 -0.00095593664607234569118
5.9800000000000004263 0.0011037618253103033666 -0.001071869367682612038
5.9900000000000002132 0.0012497876527846000626 -0.0012139086361344579145
6 0.0014161437372680765832 -0.0013722916062110116029
6.0099999999999997868 0.0016021519470082378964 -0.0015563065382589369098
6.0200000000000004619 0.0018061059757022860164 -0.0017463076158313753719
6.0300000000000002487 0.0020251721193852620893 -0.0019673670372065874511
6.0400000000000000355 0.0022553554580170311061 -0.0021716377512873731581
6.0499999999999998224 0.0024915461708432040319 -0.0024118150267739757106
6.0600000000000004974 0.0027276549700826187642 -0.0026319775971995447786
6.0700000000000002842 0.0029568389056281907563 -0.0028372421858863694673
6.0800000000000000711 0.0031718097799919762157 -0.0030522130602501549267
6.0899999999999998579 0.00336520811232951262 -0.0032595643437093009889
6.1000000000000005329 0.0035300171692089947831 -0.0033705548810705381405
6.1100000000000003197 0.0036599852133500244272 -0.0035025162029038037909
6.1200000000000001066 0.0037500208122296361558 -0.0036025181902445955508
6.1299999999999998934 0.0037965264540547071816 -0.0036310843182876272918
6.1400000000000005684 0.0037976400242408269239 -0.0036521306799480223251
6.1500000000000003553 0.0037533615553512387174 -0.0036018723779817260998
6.1600000000000001421 0.0036655532271058868278 -0.0035160573274286102165
6.1699999999999999289 0.0035378126164605770178 -0.0034162226190265197225
6.1799999999999997158 0.0033752312211462465186 -0.0032337084322379139323
6.1900000000000003908 0.0031840608437146257839 -0.0030664574016650405011
6.2000000000000001776 0.0029713182829505884429 -0.0028676677920226128181
6.2099999999999999645 0.0027443630851515057358 -0.002640712594223530111
6.2199999999999997513 0.0025104835133765257375 -0.00242875909161506141
6.2300000000000004263 0.0022765225834405484855 -0.0022027712724480281829
6.2400000000000002132 0.0020485696489879229483 -0.0019847847337325402912
6.25 0.0018317345968100621004 -0.0017898757434452331264
6.2599999999999997868 0.0016300124131768799901 -0.0015861602821198150098
6.2700000000000004619 0.00144623686849473191 -0.0013983981820531949172
6.2800000000000002487 0.0012821143357387232778 -0.0012542084353144933653
6.2900000000000000355 0.001138323013583707622 -0.0011124103908517137158
6.2999999999999998224 0.0010146594259773892167 -0.00098276696834969788814
6.3100000000000004974 0.00091021302775335863333 -0.0009022399133464358012
6.3200000000000002842 0.00082355077892816051181 -0.00080162471339962802167
6.3300000000000000711 0.00075289617076003889033 -0.00074691633495484676623
6.3399999999999998579 0.00069629080330953555238 -0.00067436473778100306225
6.3500000000000005329 0.00065173063130685780601 -0.00062980456577832531588
6.3600000000000003197 0.00061727289211944242828 -0.00061129305631425030418
6.3700000000000001066 0.00059111311399006000265 -0.00057716016377794504642
6.3799999999999998934 0.0005716342327353980202 -0.000545721610003404114
6.3900000000000005684 0.00055743162599522673439 -0.00054148539718138107013
6.4000000000000003553 0.00054731883447864989722 -0.00053735244146999635705
6.4100000000000001421 0.00054031899631956864863 -0.00052437276750572298437
6.4199999999999999289 0.00053564674048946247283 -0.0005216937902773475166
6.4299999999999997158 0.00053268465020257999357 -0.0005167384213887343293
6.4400000000000003908 0.00053095758726223111872 -0.00052099119425357757855
6.4500000000000001776 0.00053010730340517374544 -0.00051017451738786666511
6.4599999999999999645 0.00052986895679815770085 -0.00051790928518777345265
6.4699999999999997513 0.00053005046401017241655 -0.00050613112078940392016
6.4800000000000004263 0.00053051507906869707718 -0.00051855540745831282898
6.4900000000000002132 0.00053116720435760172818 -0.00051920753274721747998
6.5 0.00053194118820980935882 -0.00051001512268127686869
6.5099999999999997868 0.0005327927264784949055 -0.00051485321815342383143
6.5200000000000004619 0.00053369243225377400574 -0.00050977308903300550934
6.5300000000000002487 0.00053462114259125942742 -0.00052664802818433659529
6.5400000000000000355 0.0005355665709245430086 -0.00051164722770377451221
6.5499999999999998224 0.00053652097112092485189 -0.00052057474230707918763
6.5600000000000004974 0.00053747954142963701336 -0.00052352659121752205713
6.5700000000000002842 0.00053843935591630569075 -0.00052647968430592144255
6.5800000000000000711 0.00053939866302211514435 -0.00051946587700480806402
6.5899999999999998579 0.00054035643387091096112 -0.00052441020505706529686
6.6000000000000005329 0.00054131207680424044126 -0.000525365847990394777
6.6100000000000003197 0.00054226526025270111678 -0.00052631903143885545252
6.6200000000000001066 0.00054321580479182052931 -0.00052726957597797486504
6.6299999999999998934 0.00054416361851522890292 -0.00052024427529446040652
6.6400000000000005684 0.00054510865901186741477 -0.00051720275858763750231
6.6500000000000003553 0.00054605091137768855918 -0.00052213156815692006278
6.6600000000000001421 0.00054699037571478710106 -0.00052506431018625461093
6.6699999999999999289 0.00054792706014331266692 -0.00053397410993119771069
6.6799999999999997158 0.00054886097696005015784 -0.00052892819094274307751
6.6900000000000003908 0.00054979214056181816353 -0.0005358391903497032073
6.7000000000000001776 0.00055072056634165801776 -0.00051683482738375187589
6.7099999999999999645 0.0005516462701121277977 -0.0005277269268913593013
6.7199999999999997513 0.00055256926780940024066 -0.0005366230389955545764
6.7300000000000004263 0.00055348957534446380224 -0.00052757695261246989604
6.7400000000000002132 0.00055440720853010012209 -0.00054045425831798516586
6.75 0.00055532218304624853498 -0.00053538939702894145466
6.7599999999999997868 0.00055623451442449916085 -0.00052832861400026924839
6.7700000000000004619 0.00055714421804193799744 -0.00054119798922809233318
6.7800000000000002487 0.00055805130911949502991 -0.00053014540869526511745
6.7900000000000000355 0.00055895580272240469148 -0.00053304317999041078528
6.7999999999999998224 0.00055985771376163408295 -0.00052397869711149193481
6.8100000000000004974 0.00056075705699573240477 -0.00053285115657150249231
6.8200000000000002842 0.00056165384703285180148 -0.00053574122430085789528
6.8300000000000000711 0.00056254809833282219938 -0.00053464219790859228692
6.8399999999999998579 0.00056343982520922809582 -0.00054350703919192101549
6.8500000000000005329 0.00056432904183146420651 -0.00053642314140723429405
6.8600000000000003197 0.00056521576222676216464 -0.00052734346788438401024
6.8700000000000001066 0.00056610000028218491076 -0.00054018737755019100456
6.8799999999999998934 0.0005669817697465835693 -0.00053708258981112824704
6.8900000000000005684 0.00056786108423252320849 -0.00053995518380829329603
6.9000000000000003553 0.00056873795721817206258 -0.00052488582616110708232
6.9100000000000001421 0.00056961240204916050497 -0.00053572666309125436309
6.9199999999999999289 0.00057048443194040261619 -0.00053859197431271128766
6.9299999999999997158 0.00057135405997788999647 -0.00053148848794327583581
6.9400000000000003908 0.00057222129912045337739 -0.00051840277596422955873
6.9500000000000001776 0.0005730861622014905149 -0.00052524747575995352211
6.9599999999999999645 0.00057394866193067185615 -0.00052411669415892005001
6.9699999999999997513 0.00057480881089561964344 -0.00050903061794800098013
6.9800000000000004263 0.00057566662156359829378 -0.00052583465379184648764
6.9900000000000002132 0.00057652210628331872818 -0.00053067669753401774165
7 0.00057737527728726528633 -0.00051159708433964662302
7.0099999999999997868 0.00057822614669599502191 -0.00052042106451732038364
7.0200000000000004619 0.0005790747265292596653 -0.00052326292568079984038
7.0300000000000002487 0.00057992102873944708068 -0.00053008906096769527454
7.0400000000000000355 0.00058076506531400335157 -0.00050302719893701103651
7.0499999999999998224 0.00058160684857976128331 -0.00049190930877339531652
7.0600000000000004974 0.00058244639206651513137 -0.00048477573421524752535
7.0700000000000002842 0.00058328371283539789255 -0.00048561305498413028653
7.0800000000000000711 0.00058411883743148820206 -0.00049840785300959424779
7.0899999999999998579 0.00058495181629577468543 -0.0004972475541816447249
7.1000000000000005329 0.0005857827567736919672 -0.0004960852169673260004
7.1100000000000003197 0.00058661189454737553035 -0.00047698157054269194098
7.1200000000000001066 0.00058743973948402071397 -0.0004778094154793371246
7.1299999999999998934 0.00058826735609277740029 -0.00048661014285703778175
7.1400000000000005684 0.0005890968702616083269 -0.00048743965702586870836
7.1500000000000003553 0.00058993232692090651331 -0.0004543893710892819458
7.1600000000000001421 0.000590781044096428949 -0.00046121793589342762864
7.1699999999999999289 0.00059165559488261274673 -0.00044614625058980814792
7.1799999999999997158 0.00059257647222804078237 -0.00047895958556292751208
7.1900000000000003908 0.00059357532932811409021 -0.00044407942965083747888
7.2000000000000001776 0.00059469844052380976297 -0.00047111516539751646139
7.2099999999999999645 0.00059600973417191346806 -0.00045050038987910886925
7.2199999999999997513 0.0005975924990322111505 -0.00042816380788065924821
7.2300000000000004263 0.00059954878295744484969 -0.00043211336949812895365
7.2400000000000002132 0.00060199570317040625948 -0.00043057373432661835092
7.25 0.00060505841916695744364 -0.00043762300570764154761
7.2599999999999997868 0.00060886030971223266146 -0.00039956605016404535139
7.2700000000000004619 0.00061351174058330276012 -0.00040421748103511545005
7.2800000000000002487 0.00061909942675382294286 -0.00040183205643669166196
7.2900000000000000355 0.00062567852584686708961 -0.00044229689084966319771
7.2999999999999998224 0.00063326913669046254896 -0.00044590094630878653612
7.3100000000000004974 0.00064185791683589053704 -0.00042459054651875925614
7.3200000000000002842 0.00065140436411454934271 -0.00044211010456636203264
7.3300000000000000711 0.00066185029759920261955 -0.00046052914881995938873
7.3399999999999998579 0.00067313052382781009535 -0.0004100177520373353879
7.3500000000000005329 0.00068518270577794910484 -0.00047588844622976179477
7.3600000000000003197 0.00069795497653435238389 -0.00046274809243518181829
7.3700000000000001066 0.00071141062015297725028 -0.00047819701374604269093
7.3799999999999998934 0.00072552990540792564739 -0.0004743767997708670317
7.3900000000000005684 0.00074030969858972868382 -0.00041939183006866416394
7.4000000000000003553 0.00075576171684732604966 -0.00048268254204375613675
7.4100000000000001421 0.00077191024791894828367 -0.00051278403151294575137
7.4199999999999999289 0.00078878995858384980209 -0.00047185864544725729473
7.4299999999999997158 0.00080644415756643366127 -0.00050545906596772909557
7.4400000000000003908 0.00082492365436942266445 -0.00048606627206631885987
7.4500000000000001776 0.00084428620470207828633 -0.00055725407150094110123
7.4599999999999999645 0.00086459645892537917173 -0.00051577270271301056421
7.4699999999999997513 0.00088592631370890768863 -0.00052912944672759516448
7.4800000000000004263 0.00090835558454031460271 -0.00061335034057023339257
7.4900000000000002132 0.00093197294773375311677 -0.00060108867619959333722
7.5 0.00095687713287208688885 -0.00054626172454465640217
7.5099999999999997868 0.0009831783750613512507 -0.00064033443737377543359
7.5200000000000004619 0.0010110001605932487315 -0.0006083578630347622699
7.5300000000000002487 0.0010404813216379267971 -0.00064581213484838436052
7.5400000000000000355 0.001071778558398138936 -0.00067511610846827572151
7.5499999999999998224 0.0011050694941250392526 -0.00064262883669564214648
7.5600000000000004974 0.0011405564036566491568 -0.00069406199686897055746
7.5700000000000002842 0.0011784708061578774707 -0.00071005033020368757413
7.5800000000000000711 0.0012190791909582161193 -0.00074667215961955421023
7.5899999999999998579 0.0012626902859239506546 -0.00077633029618772147334
7.6000000000000005329 0.0013096645754537051837 -0.00078343903187275587725
7.6100000000000003197 0.001360427496644707121 -0.00079234307787105599796
7.6200000000000001066 0.0014154896153503557666 -0.00087531111337183918793
7.6299999999999998934 0.0014754819911239312486 -0.00088945808767207129759
7.6400000000000005684 0.0015412274267012858985 -0.00085354628818581348634
7.6500000000000003553 0.0016138984892353422373 -0.00074283568661883542239
7.6600000000000001421 0.0016953816166758611285 -0.00081036591386944795481
7.6699999999999999289 0.0017891104211566364809 -0.00072868616501813249578
7.6799999999999997158 0.0019019082790282162282 -0.00069597464949307718748
7.6900000000000003908 0.002047861493729149357 -0.0006246605520845403825
7.7000000000000001776 0.0022559780698768508965 -0.00054375164457929280569
7.7099999999999999645 0.0025843140017567482747 -0.00063289413697554717207
7.7199999999999997513 0.0031440599624713511454 -0.0006644212909688801752
7.7300000000000004263 0.0041370578358008716288 -0.0012846761630906917799
7.7400000000000002132 0.005908174267460463043 -0.0021628037229672650819
7.75 0.0090085037124355334809 -0.0047428875301976690729
7.7599999999999997868 0.014255681577164390147 -0.0092047136640434051164
7.7700000000000004619 0.02276469715106450506 -0.016495835913151134927
7.7800000000000002487 0.035910728577974532216 -0.028461846247765515416
7.7900000000000000355 0.055182364450549942214 -0.046567413637196880538
7.7999999999999998224 0.081898244566604674888 -0.072190977170452655387
7.8100000000000004974 0.11679833710156753424 -0.10569577526264264944
7.8200000000000002842 0.15957876866600212429 -0.14736993716946539257
7.8300000000000000711 0.20849861464954566603 -0.1949363470033521617
7.8399999999999998579 0.26021956435801202323 -0.24556896618963891532
7.8500000000000005329 0.31001650745526959652 -0.29404436627880742305
7.8600000000000003197 0.35240765464280610075 -0.33577573661480908385
7.8700000000000001066 0.382116009042185234 -0.36547412586263983147
7.8799999999999998934 0.39513881863251354432 -0.37815608442917492127
7.8900000000000005684 0.38962822614964920387 -0.37314979194459396705
7.9000000000000003553 0.36631643048221068648 -0.35032036921674208907
7.9100000000000001421 0.32835093935130132969 -0.31315019589958681401
7.9199999999999999289 0.28059149575474140459 -0.2665089820051419478
7.930000000000000604 0.22858572713299488144 -0.21558954994394277649
7.9400000000000003908 0.17752108849587147632 -0.16618331927808230319
7.9500000000000001776 0.1314218882863580351 -0.12117244959074846555
7.9599999999999999645 0.092745977126522147205 -0.084206771709485137012
7.9699999999999997513 0.062391629489041471046 -0.05528559121293535189
7.9800000000000004263 0.040008920487005467104 -0.034011144898820871996
7.9900000000000002132 0.024455855640636937898 -0.019532457499819057267
8 0.014249556826410905014 -0.010276952421275988708
8.0099999999999997868 0.0079142505226759089082 -0.0049342988448319805711
8.0199999999999995737 0.0041899232055927536703 -0.0020052898071641948007
8.0299999999999993605 0.0021144060581953800365 -0.00044204524495020298437
8.0400000000000009237 0.0010170804018561233149 0.00023071198645639571546
8.0500000000000007105 0.00046634299317851942183 0.00041269292020693141817
8.0600000000000004974 0.00020381577878592974638 0.0004260602629989528262
8.0700000000000002842 8.4908540170456698248e-05 0.00037952538039926115871
8.0800000000000000711 3.3716721749604689471e-05 0.00025132211920738132876
8.0899999999999998579 1.2762007096208260274e-05 0.00018058601636217574255
8.0999999999999996447 4.6043852854121410339e-06 0.00012894527830206115797
8.1099999999999994316 1.5834443570081074012e-06 7.0174588943276182732e-05
8.1200000000000009948 5.1905326995569957718e-07 6.7252424645856590424e-05
8.1300000000000007816 1.6218048232558545099e-07 2.5750442249668322787e-05
8.1400000000000005684 4.8301695839073190106e-08 1.9884484321468006172e-05
8.1500000000000003553 1.3712067697014054051e-08 9.9526809409565266892e-06
8.1600000000000001421 3.710393554547908015e-09 5.9761254116375763187e-06
8.1699999999999999289 9.5700272342508321092e-10 3.9856002007379913175e-06
8.1799999999999997158 2.3527851847244583364e-10 3.9863219249429439385e-06
8.1899999999999995026 5.5134957958023763816e-11 1.9932234667727498817e-06
8.1999999999999992895 1.231536447216374904e-11 1.9932662863662357992e-06
8.2100000000000008527 2.6220607095965546954e-12 -2.6220607095965546954e-12
8.2200000000000006395 5.3212453870356773626e-13 -5.3212453870356773626e-13
8.2300000000000004263 1.0293397254206806911e-13 -1.0293397254206806911e-13
8.2400000000000002132 1.8979244945140020669e-14 -1.8979244945140020669e-14
8.25 3.3355982393031513654e-15 1.9932785983951096507e-06
8.2599999999999997868 5.5878278561021001313e-16 1.9932786011719250562e-06
8.2699999999999995737 8.9225020627047716811e-17 -8.9225020627047716811e-17
8.2799999999999993605 1.3580149143669876249e-17 -1.3580149143669876249e-17
8.2900000000000009237 1.9701376097456148133e-18 -1.9701376097456148133e-18
8.3000000000000007105 2.72434827634215907e-19 -2.72434827634215907e-19
8.3100000000000004974 3.5908944752884193719e-20 -3.5908944752884193719e-20
8.3200000000000002842 4.5114539293885863433e-21 -4.5114539293885863433e-21
8.3300000000000000711 5.4026172275172411133e-22 -5.4026172275172411133e-22
8.3399999999999998579 6.1668812530731288451e-23 -6.1668812530731288451e-23
8.3499999999999996447 6.7096616096919904654e-24 -6.7096616096919904654e-24
8.3599999999999994316 6.9583974269575591685e-25 -6.9583974269575591685e-25
8.3700000000000009948 6.8784622862564491749e-26 -6.8784622862564491749e-26
8.3800000000000007816 6.4810735846103999943e-27 -6.4810735846103999943e-27
8.3900000000000005684 5.8207098508125475715e-28 1.9932786017307080328e-06
8.4000000000000003553 4.9828556469182044543e-29 -4.9828556469182044543e-29
8.4100000000000001421 4.0658744873317158817e-30 -4.0658744873317158817e-30
8.4199999999999999289 3.1622987162537973993e-31 -3.1622987162537973993e-31
8.4299999999999997158 2.3443639478494249051e-32 -2.3443639478494249051e-32
8.4399999999999995026 1.6566102875265857958e-33 -1.6566102875265857958e-33
8.4499999999999992895 1.1158063089746503299e-34 -1.1158063089746503299e-34
8.4600000000000008527 7.1635842552503970246e-36 -7.1635842552503970246e-36
8.4700000000000006395 4.3837421459404890652e-37 -4.3837421459404890652e-37
8.4800000000000004263 2.5570113868413337956e-38 -2.5570113868413337956e-38
8.4900000000000002132 1.4216520817201907171e-39 -1.4216520817201907171e-39
8.5 7.5340233270594122855e-41 -7.5340233270594122855e-41
8.5099999999999997868 3.8056911386932549761e-42 -3.8056911386932549761e-42
8.5199999999999995737 1.8323694118029740673e-43 -1.8323694118029740673e-43
8.5299999999999993605 8.4094078801894761389e-45 -8.4094078801894761389e-45
8.5400000000000009237 3.6786686096650301865e-46 -3.6786686096650301865e-46
8.5500000000000007105 1.5338707170155529735e-47 -1.5338707170155529735e-47
8.5600000000000004974 6.0962064296563858805e-49 -6.0962064296563858805e-49
8.5700000000000002842 2.3094223755192579917e-50 -2.3094223755192579917e-50
8.5800000000000000711 8.3391128205473611279e-52 -8.3391128205473611279e-52
8.5899999999999998579 2.8701796786772469257e-53 -2.8701796786772469257e-53
8.5999999999999996447 9.4160998977639292689e-55 -9.4160998977639292689e-55
8.6099999999999994316 2.944460601342956081e-56 -2.944460601342956081e-56
8.6200000000000009948 8.7763339058574464804e-58 -8.7763339058574464804e-58
8.6300000000000007816 2.4934072165703486231e-59 -2.4934072165703486231e-59
8.6400000000000005684 6.7522101937292766704e-61 -6.7522101937292766704e-61
8.6500000000000003553 1.7428954892421078824e-62 -1.7428954892421078824e-62
8.6600000000000001421 4.2881441391718502944e-64 -4.2881441391718502944e-64
8.6699999999999999289 1.0056341805578539005e-65 -1.0056341805578539005e-65
8.6799999999999997158 2.2479325989505242476e-67 1.9932786017307080328e-06
8.6899999999999995026 4.7895988321279024761e-69 -4.7895988321279024761e-69
8.7000000000000010658 9.7271939381076581318e-71 -9.7271939381076581318e-71
8.7100000000000008527 1.882992454058014987e-72 -1.882992454058014987e-72
8.7200000000000006395 3.4744186027582460917e-74 -3.4744186027582460917e-74
8.7300000000000004263 6.1106618192253781008e-76 -6.1106618192253781008e-76
8.7400000000000002132 1.0243936824190767281e-77 -1.0243936824190767281e-77
8.75 1.6368845787443469982e-79 -1.6368845787443469982e-79
8.7599999999999997868 2.493111695871881218e-81 -2.493111695871881218e-81
8.7699999999999995737 3.619411134811415759e-83 -3.619411134811415759e-83
8.7799999999999993605 5.0084874915853849186e-85 -5.0084874915853849186e-85
8.7900000000000009237 6.6061396889207870938e-87 -6.6061396889207870938e-87
8.8000000000000007105 8.3054159349899422942e-89 -8.3054159349899422942e-89
8.8100000000000004974 9.9528506401096937754e-91 -9.9528506401096937754e-91
8.8200000000000002842 1.1368575338209484783e-92 -1.1368575338209484783e-92
8.8300000000000000711 1.2377617297151848471e-94 -1.2377617297151848471e-94
8.8399999999999998579 1.2845188985037026052e-96 -1.2845188985037026052e-96
8.8499999999999996447 1.2706220248901253491e-98 1.9932786017307080328e-06
8.8599999999999994316 1.1980217032429854334e-100 -1.1980217032429854334e-100
8.8700000000000009948 1.0766769383706254774e-102 -1.0766769383706254774e-102
8.8800000000000007816 9.2231346152084273149e-105 -9.2231346152084273149e-105
8.8900000000000005684 7.5308515777722383285e-107 -7.5308515777722383285e-107
8.9000000000000003553 5.8611390829068064271e-109 -5.8611390829068064271e-109
8.9100000000000001421 4.3480282518087108263e-111 -4.3480282518087108263e-111
8.9199999999999999289 3.07450407120465631e-113 -3.07450407120465631e-113
8.9299999999999997158 2.0721928294328112869e-115 -2.0721928294328112869e-115
8.9399999999999995026 1.3312439086697381957e-117 -1.3312439086697381957e-117
8.9500000000000010658 8.1518741783001270334e-120 -8.1518741783001270334e-120
8.9600000000000008527 4.758057254504267901e-122 -4.758057254504267901e-122
8.9700000000000006395 2.647123573639116793e-124 -2.647123573639116793e-124
8.9800000000000004263 1.4037543605816870905e-126 1.9932786017307080328e-06
8.9900000000000002132 7.0954569060032547271e-129 -7.0954569060032547271e-129
9 3.4185501525880180466e-131 -3.4185501525880180466e-131
9.0099999999999997868 1.5699140650321286249e-133 -1.5699140650321286249e-133
9.0199999999999995737 6.8719839417061807008e-136 1.9932786017307080328e-06
9.0299999999999993605 2.8672180226984676555e-138 -2.8672180226984676555e-138
9.0400000000000009237 1.1402803005478017126e-140 -1.1402803005478017126e-140
9.0500000000000007105 4.3224984134585306137e-143 -4.3224984134585306137e-143
9.0600000000000004974 1.5618178303850609421e-145 -1.5618178303850609421e-145
9.0700000000000002842 5.3789588214369856794e-148 -5.3789588214369856794e-148
9.0800000000000000711 1.7657872119865055705e-150 -1.7657872119865055705e-150
9.0899999999999998579 5.5252357837968951444e-153 -5.5252357837968951444e-153
9.0999999999999996447 1.6479178625435794133e-155 -1.6479178625435794133e-155
9.1099999999999994316 4.6848166643902525951e-158 -4.6848166643902525951e-158
9.1200000000000009948 1.2694684969017344112e-160 -1.2694684969017344112e-160
9.1300000000000007816 3.2788650440197406929e-163 -3.2788650440197406929e-163
9.1400000000000005684 8.0723026803852415814e-166 -8.0723026803852415814e-166
9.1500000000000003553 1.8942775529246153399e-168 -1.8942775529246153399e-168
9.1600000000000001421 4.2370351166263609175e-171 -4.2370351166263609175e-171
9.1699999999999999289 9.0334321350395315345e-174 -9.0334321350395315345e-174
9.1799999999999997158 1.8357594730718726707e-176 -1.8357594730718726707e-176
9.1899999999999995026 3.5559122531126784906e-179 -3.5559122531126784906e-179
9.2000000000000010658 6.5653601702839436248e-182 -6.5653601702839436248e-182
9.2100000000000008527 1.1554158913465828077e-184 -1.1554158913465828077e-184
9.2200000000000006395 1.9381633353766024874e-187 -1.9381633353766024874e-187
9.2300000000000004263 3.0989506835366182344e-190 -3.0989506835366182344e-190
9.2400000000000002132 4.7229267233750816105e-193 -4.7229267233750816105e-193
9.25 6.8608827678010640155e-196 1.9932786017307080328e-06
9.2599999999999997868 9.4999437871439580554e-199 -9.4999437871439580554e-199
9.2699999999999995737 1.25381746677314319e-201 -1.25381746677314319e-201
9.2799999999999993605 1.5773200957797669674e-204 -1.5773200957797669674e-204
9.2900000000000009237 1.8913747873210431886e-207 -1.8913747873210431886e-207
9.3000000000000007105 2.1617605649339562034e-210 -2.1617605649339562034e-210
9.3100000000000004974 2.3551025252745196063e-213 -2.3551025252745196063e-213
9.3200000000000002842 2.4455935317881066427e-216 -2.4455935317881066427e-216
9.3300000000000000711 2.4206442312783351977e-219 -2.4206442312783351977e-219
9.3399999999999998579 2.283756932422593199e-222 -2.283756932422593199e-222
9.3499999999999996447 2.0537189804064864054e-225 -2.0537189804064864054e-225
9.3599999999999994316 1.7603716955508270776e-228 1.9932786017307080328e-06
9.3700000000000009948 1.4382684610569549077e-231 -1.4382684610569549077e-231
9.3800000000000007816 1.1200766794309816725e-234 -1.1200766794309816725e-234
9.3900000000000005684 8.3143397812620565818e-238 -8.3143397812620565818e-238
9.4000000000000003553 5.8827446330396182817e-241 -5.8827446330396182817e-241
9.4100000000000001421 3.9673858095251289105e-244 -3.9673858095251289105e-244
9.4199999999999999289 2.5503576309155484475e-247 -2.5503576309155484475e-247
9.4299999999999997158 1.5626795978574784903e-250 -1.5626795978574784903e-250
9.4399999999999995026 9.126641794512029678e-254 -9.126641794512029678e-254
9.4500000000000010658 5.0807084399567453661e-257 -5.0807084399567453661e-257
9.4600000000000008527 2.6959370282423861003e-260 -2.6959370282423861003e-260
9.4700000000000006395 1.3635385315531057141e-263 -1.3635385315531057141e-263
9.4800000000000004263 6.5735093551399382521e-267 -6.5735093551399382521e-267
9.4900000000000002132 3.0206426711998690791e-270 -3.0206426711998690791e-270
9.5 1.3230419565294802109e-273 -1.3230419565294802109e-273
9.5099999999999997868 5.5235727025857369057e-277 -5.5235727025857369057e-277
9.5199999999999995737 2.1980558600481744779e-280 -2.1980558600481744779e-280
9.5299999999999993605 8.3373794328941863827e-284 -8.3373794328941863827e-284
9.5400000000000009237 3.0143425057170582504e-287 -3.0143425057170582504e-287
9.5500000000000007105 1.0387901350869596177e-290 -1.0387901350869596177e-290
9.5600000000000004974 3.4122058425685497843e-294 -3.4122058425685497843e-294
9.5700000000000002842 1.0683530960733569727e-297 -1.0683530960733569727e-297
9.5800000000000000711 3.1883543857854976451e-301 -3.1883543857854976451e-301
9.5899999999999998579 9.0696503344763538471e-305 -9.0696503344763538471e-305
9.5999999999999996447 2.4591594069533144081e-308 -2.4591594069533144081e-308
9.6099999999999994316 6.3555772004171497071e-312 -6.3555772004171497071e-312
9.6200000000000009948 1.56565291552786339e-315 -1.56565291552786339e-315
9.6300000000000007816 3.6762930641401314106e-319 -3.6762930641401314106e-319
9.6400000000000005684 7.4109846876186981626e-323 -7.4109846876186981626e-323
9.6500000000000003553 0 0
9.6600000000000001421 0 0
9.6699999999999999289 0 0
9.6799999999999997158 0 0
9.6899999999999995026 0 0
9.7000000000000010658 0 0
9.7100000000000008527 0 0
9.7200000000000006395 0 0
9.7300000000000004263 0 0
9.7400000000000002132 0 0
9.75 0 0
9.7599999999999997868 0 0
9.7699999999999995737 0 0
9.7799999999999993605 0 0
9.7900000000000009237 0 0
9.8000000000000007105 0 0
9.8100000000000004974 0 0
9.8200000000000002842 0 0
9.8300000000000000711 0 0
9.8399999999999998579 0 0
9.8499999999999996447 0 0
9.8599999999999994316 0 0
9.8700000000000009948 0 0
9.8800000000000007816 0 0
9.8900000000000005684 0 0
9.9000000000000003553 0 0
9.9100000000000001421 0 0
9.9199999999999999289 0 0
9.9299999999999997158 0 0
9.9399999999999995026 0 0
9.9500000000000010658 0 0
9.9600000000000008527 0 0
9.9700000000000006395 0 0
9.9800000000000004263 0 0
9.9900000000000002132 0 0
10 0 0
10.009999999999999787 0 0
10.019999999999999574 0 0
10.029999999999999361 0 0
10.040000000000000924 0 0
10.050000000000000711 0 0
10.060000000000000497 0 0
10.070000000000000284 0 0
10.080000000000000071 0 0
10.089999999999999858 0 0
10.099999999999999645 0 0
10.109999999999999432 0 0
10.120000000000000995 0 0
10.130000000000000782 0 0
10.140000000000000568 0 0
10.150000000000000355 0 0
10.160000000000000142 0 0
10.169999999999999929 0 0
10.179999999999999716 0 0
10.189999999999999503 0 0
10.200000000000001066 0 0
10.210000000000000853 0 0
10.220000000000000639 0 0
10.230000000000000426 0 0
