0 0 0
0.010000000000000000208 0 0
0.020000000000000000416 0 0
0.02999999999999999889 0 0
0.040000000000000000833 0 0
0.050000000000000002776 0 0
0.05999999999999999778 0 0
0.070000000000000006661 0 0
0.080000000000000001665 0 0
0.089999999999999996669 0 0
0.10000000000000000555 0 0
0.11000000000000000056 0 0
0.11999999999999999556 0 0
0.13000000000000000444 0 0
0.14000000000000001332 0 0
0.14999999999999999445 0 6.8086745159234851599e-05
0.16000000000000000333 0 4.605867798090911724e-05
0.17000000000000001221 0 4.605867798090911724e-05
0.17999999999999999334 0 4.0051025280263268132e-05
0.19000000000000000222 0 4.0051025280263268132e-05
0.2000000000000000111 0 4.8061228881124407053e-05
0.20999999999999999223 0 3.6045923479832708836e-05
0.22000000000000000111 0 4.4056127080693840981e-05
0.23000000000000000999 0 2.6033167159766890109e-05
0.23999999999999999112 0 2.8035718059982169757e-05
0.25 0 4.2053576180478557944e-05
0.26000000000000000888 0 2.4030614440562200138e-05
0.27000000000000001776 0 2.202806354034692049e-05
0.28000000000000002665 0 2.6033167159766890109e-05
0.28999999999999998002 0 1.2015307220281100069e-05
0.2999999999999999889 0 2.202806354034692049e-05
0.30999999999999999778 0 2.202806354034692049e-05
0.32000000000000000666 0 3.0038268960197459569e-05
0.33000000000000001554 0 3.6045923479832708836e-05
0.34000000000000002442 0 3.8048474380047991872e-05
0.35000000000000003331 0 4.8061228881124407053e-05
0.35999999999999998668 0 2.8035718059982169757e-05
0.36999999999999999556 0 3.6045923479832708836e-05
0.38000000000000000444 0 3.2040821679402142763e-05
0.39000000000000001332 0 4.605867798090911724e-05
0.4000000000000000222 0 4.0051025280263268132e-05
0.41000000000000003109 0 2.4030614440562200138e-05
0.41999999999999998446 0 3.2040821679402142763e-05
0.42999999999999999334 0 5.8073987020179629326e-05
0.44000000000000000222 0 2.202806354034692049e-05
0.4500000000000000111 0 4.0051025280263268132e-05
0.46000000000000001998 0 3.6045923479832708836e-05
0.47000000000000002887 0 2.8035718059982169757e-05
0.47999999999999998224 0 1.6020410839701071382e-05
0.48999999999999999112 4.495997377155343552e-322 3.2040821679402142763e-05
0.5 1.0321031341623640308e-319 3.0038268960197459569e-05
0.51000000000000000888 2.3318628734997024882e-317 2.0025512640131640842e-05
0.52000000000000001776 5.162714322223691202e-315 3.0038268960197459569e-05
0.53000000000000002665 1.1200908444027260408e-312 3.2040821679402142763e-05
0.54000000000000003553 2.3813788612104381547e-310 3.2040821679402142763e-05
0.55000000000000004441 4.9613953429852044644e-308 2.4030614440562200138e-05
0.56000000000000005329 1.012929614832209312e-305 3.2040821679402142763e-05
0.57000000000000006217 2.0265382082967811162e-303 2.4030614440562200138e-05
0.57999999999999996003 3.9731084300548898647e-301 1.802296173991635103e-05
0.58999999999999996891 7.6331910487521891884e-299 4.0051025280263268132e-05
0.5999999999999999778 1.4370832938341001894e-296 2.6033167159766890109e-05
0.60999999999999998668 2.6512937172951783252e-294 2.8035718059982169757e-05
0.61999999999999999556 4.793291468922088299e-292 3.2040821679402142763e-05
0.63000000000000000444 8.4919988634261682548e-290 3.8048474380047991872e-05
0.64000000000000001332 1.4743008301751096518e-287 2.8035718059982169757e-05
0.6500000000000000222 2.5082012871993933184e-285 2.202806354034692049e-05
0.66000000000000003109 4.1815640780725078747e-283 3.4043372579617432576e-05
0.67000000000000003997 6.8314865834807308053e-281 2.8035718059982169757e-05
0.68000000000000004885 1.0936837938473986186e-278 2.202806354034692049e-05
0.69000000000000005773 1.7158069690220854341e-276 2.8035718059982169757e-05
0.70000000000000006661 2.6378200905840010279e-274 2.202806354034692049e-05
0.70999999999999996447 3.9739464400189557195e-272 1.802296173991635103e-05
0.71999999999999997335 5.8667683566717722525e-270 3.0038268960197459569e-05
0.72999999999999998224 8.4874253174806003864e-268 1.802296173991635103e-05
0.73999999999999999112 1.2032422813909692599e-265 3.0038268960197459569e-05
0.75 1.6715920483896520121e-263 4.2053576180478557944e-05
0.76000000000000000888 2.2756611866615199998e-261 3.4043372579617432576e-05
0.77000000000000001776 3.0358827998951687114e-259 3.6045923479832708836e-05
0.78000000000000002665 3.968829979009137974e-257 3.8048474380047991872e-05
0.79000000000000003553 5.0844043430758400795e-255 2.8035718059982169757e-05
0.80000000000000004441 6.3828958942204260223e-253 3.6045923479832708836e-05
0.81000000000000005329 7.852275611599915606e-251 3.0038268960197459569e-05
0.82000000000000006217 9.4661504360104515928e-249 2.202806354034692049e-05
0.83000000000000007105 1.1182820729210208657e-246 3.2040821679402142763e-05
0.83999999999999996891 1.2945815617512605896e-244 2.4030614440562200138e-05
0.8499999999999999778 1.4686136662084917218e-242 2.6033167159766890109e-05
0.85999999999999998668 1.6326226103999798067e-240 3.0038268960197459569e-05
0.86999999999999999556 1.7785420676878008257e-238 4.0051025280263268132e-05
0.88000000000000000444 1.8986397573410651862e-236 2.0025512640131640842e-05
0.89000000000000001332 1.9861913814486214077e-234 2.4030614440562200138e-05
0.9000000000000000222 2.0361028367018737265e-232 1.802296173991635103e-05
0.91000000000000003109 2.0454007858707807503e-230 1.802296173991635103e-05
0.92000000000000003997 2.0135259057919978514e-228 3.2040821679402142763e-05
0.93000000000000004885 1.9423885898616822456e-226 2.6033167159766890109e-05
0.94000000000000005773 1.8361793904239044867e-224 4.2053576180478557944e-05
0.95000000000000006661 1.7009603584733187414e-222 3.2040821679402142763e-05
0.95999999999999996447 1.5440926999863033956e-220 3.6045923479832708836e-05
0.96999999999999997335 1.3735758318095677842e-218 3.0038268960197459569e-05
0.97999999999999998224 1.1973800153678169701e-216 3.2040821679402142763e-05
0.98999999999999999112 1.0228488554782201726e-214 1.802296173991635103e-05
1 8.562311337004602556e-213 3.0038268960197459569e-05
1.0100000000000000089 7.0237761280739330138e-211 4.2053576180478557944e-05
1.0200000000000000178 5.6461238402789893325e-209 2.4030614440562200138e-05
1.0300000000000000266 4.447646192696904075e-207 2.0025512640131640842e-05
1.0400000000000000355 3.4332873884297558771e-205 2.4030614440562200138e-05
1.0500000000000000444 2.5971090039509371157e-203 1.802296173991635103e-05
1.0600000000000000533 1.9251753449056421357e-201 2.6033167159766890109e-05
1.0700000000000000622 1.398461446529458874e-199 3.0038268960197459569e-05
1.0800000000000000711 9.9547601012449960063e-198 2.8035718059982169757e-05
1.0900000000000000799 6.9440236692333201347e-196 3.8048474380047991872e-05
1.1000000000000000888 4.74669886020889788e-194 2.202806354034692049e-05
1.1100000000000000977 3.1795983379968188445e-192 2.8035718059982169757e-05
1.1200000000000001066 2.0871465103510487811e-190 2.6033167159766890109e-05
1.1300000000000001155 1.3425600021619429962e-188 3.4043372579617432576e-05
1.1400000000000001243 8.4628095290309019752e-187 2.8035718059982169757e-05
1.1500000000000001332 5.227517819725821454e-185 2.0025512640131640842e-05
1.1599999999999999201 3.1642921296629310838e-183 2.0025512640131640842e-05
1.1699999999999999289 1.8769716530840811278e-181 4.4056127080693840981e-05
1.1799999999999999378 1.0910356713068383572e-179 3.0038268960197459569e-05
1.1899999999999999467 6.2147015879403066402e-178 3.4043372579617432576e-05
1.1999999999999999556 3.468979260269613563e-176 3.0038268960197459569e-05
1.2099999999999999645 1.8975062734140494483e-174 2.6033167159766890109e-05
1.2199999999999999734 1.0171027558341212777e-172 1.802296173991635103e-05
1.2299999999999999822 5.3425246573862418783e-171 2.4030614440562200138e-05
1.2399999999999999911 2.749972387124118292e-169 3.0038268960197459569e-05
1.25 1.3871078336941285102e-167 2.202806354034692049e-05
1.2600000000000000089 6.8563378472830926936e-166 3.0038268960197459569e-05
1.2700000000000000178 3.3210413877359471862e-164 3.0038268960197459569e-05
1.2800000000000000266 1.5763638254040727122e-162 1.802296173991635103e-05
1.2900000000000000355 7.3322746757061794627e-161 2.6033167159766890109e-05
1.3000000000000000444 3.3421126565595730136e-159 2.6033167159766890109e-05
1.3100000000000000533 1.4928065706473939002e-157 3.2040821679402142763e-05
1.3200000000000000622 6.5341046289645821017e-156 2.202806354034692049e-05
1.3300000000000000711 2.8026490890004007437e-154 2.202806354034692049e-05
1.3400000000000000799 1.1780167296374595125e-152 2.4030614440562200138e-05
1.3500000000000000888 4.8521507499775240559e-151 1.0012756320065820421e-05
1.3600000000000000977 1.9584712752929017969e-149 3.4043372579617432576e-05
1.3700000000000001066 7.7464053818007027402e-148 2.6033167159766890109e-05
1.3800000000000001155 3.0025021603004091007e-146 4.2053576180478557944e-05
1.3900000000000001243 1.1404244772298755163e-144 2.0025512640131640842e-05
1.4000000000000001332 4.2447276008289237527e-143 2.8035718059982169757e-05
1.4099999999999999201 1.5482219271771729358e-141 1.6020410839701071382e-05
1.4199999999999999289 5.5337138299384242614e-140 1.802296173991635103e-05
1.4299999999999999378 1.9382075109429309026e-138 3.0038268960197459569e-05
1.4399999999999999467 6.6524855778512630265e-137 1.4017859029991089961e-05
1.4499999999999999556 2.2375240126594577373e-135 2.202806354034692049e-05
1.4599999999999999645 7.3748223202944821473e-134 3.0038268960197459569e-05
1.4699999999999999734 2.3819657453266689876e-132 3.4043372579617432576e-05
1.4799999999999999822 7.5391008954835372424e-131 3.0038268960197459569e-05
1.4899999999999999911 2.3383186466608934513e-129 2.0025512640131640842e-05
1.5 7.1070263216285669434e-128 3.6045923479832708836e-05
1.5100000000000000089 2.1167630625312807608e-126 2.4030614440562200138e-05
1.5200000000000000178 6.1781246536116418115e-125 1.6020410839701071382e-05
1.5300000000000000266 1.767018833499434717e-123 2.6033167159766890109e-05
1.5400000000000000355 4.9525148191104053042e-122 3.4043372579617432576e-05
1.5500000000000000444 1.3602241544319850964e-120 2.4030614440562200138e-05
1.5600000000000000533 3.6609624562479550441e-119 3.0038268960197459569e-05
1.5700000000000000622 9.6556199022692375762e-118 1.2015307220281100069e-05
1.5800000000000000711 2.4955434794103916629e-116 2.4030614440562200138e-05
1.5900000000000000799 6.3204822228745458448e-115 2.8035718059982169757e-05
1.6000000000000000888 1.5686836896269143916e-113 2.8035718059982169757e-05
1.6100000000000000977 3.8152292711379771627e-112 4.4056127080693840981e-05
1.6200000000000001066 9.0929749661817679471e-111 2.202806354034692049e-05
1.6300000000000001155 2.1236915695646444872e-109 3.4043372579617432576e-05
1.6400000000000001243 4.8604556445528984871e-108 3.4043372579617432576e-05
1.6500000000000001332 1.0900906609766402448e-106 3.0038268960197459569e-05
1.6600000000000001421 2.3957877905224249804e-105 3.8048474380047991872e-05
1.6699999999999999289 5.1598154578991366364e-104 1.802296173991635103e-05
1.6799999999999999378 1.0889804541324804526e-102 3.8048474380047991872e-05
1.6899999999999999467 2.2521955387826048774e-101 3.4043372579617432576e-05
1.6999999999999999556 4.5644893338007545712e-100 4.2053576180478557944e-05
1.7099999999999999645 9.065220930884445638e-99 6.0076537920394912362e-05
1.7199999999999999734 1.7642685112909317534e-97 4.2053576180478557944e-05
1.7299999999999999822 3.3647365617963573691e-96 5.6071436119964353066e-05
1.7399999999999999911 6.2883622177989559513e-95 4.8061228881124407053e-05
1.75 1.1516596447961968439e-93 5.4068885219749063253e-05
1.7600000000000000089 2.0668595383720208024e-92 4.8061228881124407053e-05
1.7700000000000000178 3.6349503622030377595e-91 4.605867798090911724e-05
1.7800000000000000266 6.2645388946112454954e-90 3.0038268960197459569e-05
1.7900000000000000355 1.0580207862376232221e-88 4.4056127080693840981e-05
1.8000000000000000444 1.7513223180926809015e-87 3.6045923479832708836e-05
1.8100000000000000533 2.8427514874065714476e-86 2.8035718059982169757e-05
1.8200000000000000622 4.535530864462889189e-85 2.0025512640131640842e-05
1.8300000000000000711 7.1822896971422072428e-84 2.8035718059982169757e-05
1.8400000000000000799 1.1720042390811836281e-82 2.202806354034692049e-05
1.8500000000000000888 2.2146944025024578837e-81 2.0025512640131640842e-05
1.8600000000000000977 5.9251705212824808775e-80 3.2040821679402142763e-05
1.8700000000000001066 2.3321584706445338319e-78 4.0051025280263268132e-05
1.8800000000000001155 1.1085751880856419452e-76 2.4030614440562200138e-05
1.8900000000000001243 5.4469325899650978161e-75 4.2053576180478557944e-05
1.9000000000000001332 2.6108969475393682779e-73 3.6045923479832708836e-05
1.9100000000000001421 1.2006693211527937748e-71 2.202806354034692049e-05
1.9199999999999999289 5.2732475863495905877e-70 1.802296173991635103e-05
1.9299999999999999378 2.2091040280685988357e-68 1.802296173991635103e-05
1.9399999999999999467 8.8244854587568904851e-67 2.6033167159766890109e-05
1.9499999999999999556 3.3609145089136391974e-65 2.6033167159766890109e-05
1.9599999999999999645 1.2204233958211569868e-63 3.2040821679402142763e-05
1.9699999999999999734 4.225203437360986685e-62 2.6033167159766890109e-05
1.9799999999999999822 1.3946670932140699142e-60 2.202806354034692049e-05
1.9899999999999999911 4.389166145819512326e-59 2.8035718059982169757e-05
2 1.3169979790740487152e-57 1.4017859029991089961e-05
2.0100000000000002309 3.7677589847472699248e-56 3.4043372579617432576e-05
2.0200000000000000178 1.0277311056476208268e-54 4.0051025280263268132e-05
2.0300000000000002487 2.6728703323708228188e-53 1.6020410839701071382e-05
2.0400000000000000355 6.6279933296710798143e-52 2.8035718059982169757e-05
2.0499999999999998224 1.5670973094693940473e-50 2.8035718059982169757e-05
2.0600000000000000533 3.5328379802912419675e-49 2.4030614440562200138e-05
2.0699999999999998401 7.5939833231324115212e-48 3.2040821679402142763e-05
2.0800000000000000711 1.5564609406251878897e-46 2.4030614440562200138e-05
2.0899999999999998579 3.0418248161533289038e-45 2.6033167159766890109e-05
2.1000000000000000888 5.6684261541847431353e-44 3.2040821679402142763e-05
2.1099999999999998757 1.0072291449810900452e-42 2.8035718059982169757e-05
2.1200000000000001066 1.7066206485640894944e-41 2.6033167159766890109e-05
2.1299999999999998934 2.7573653995426822887e-40 3.0038268960197459569e-05
2.1400000000000001243 4.248212560515577798e-39 2.4030614440562200138e-05
2.1499999999999999112 6.241357062767584993e-38 4.4056127080693840981e-05
2.1600000000000001421 8.7441842276270249125e-37 2.4030614440562200138e-05
2.1699999999999999289 1.168245193559104394e-35 2.4030614440562200138e-05
2.1800000000000001599 1.4884370305021573117e-34 1.4017859029991089961e-05
2.1899999999999999467 1.8084912532037601589e-33 2.4030614440562200138e-05
2.2000000000000001776 2.0955594831535461713e-32 3.2040821679402142763e-05
2.2099999999999999645 2.3157401014384341484e-31 2.8035718059982169757e-05
2.2200000000000001954 2.4405908848874136061e-30 3.4043372579617432576e-05
2.2299999999999999822 2.4531558004394982219e-29 3.6045923479832708836e-05
2.2400000000000002132 2.3517462452051719559e-28 3.2040821679402142763e-05
2.25 2.1503135424471783552e-27 3.8048474380047991872e-05
2.2600000000000002309 1.8752993829372316364e-26 3.6045923479832708836e-05
2.2700000000000000178 1.5599444358921601891e-25 2.8035718059982169757e-05
2.2800000000000002487 1.2377425903883360963e-24 2.202806354034692049e-05
2.2900000000000000355 9.368025507595311252e-24 4.4056127080693840981e-05
2.3000000000000002665 6.7635869090161582587e-23 3.2040821679402142763e-05
2.3100000000000000533 4.658360829617971139e-22 2.6033167159766890109e-05
2.3199999999999998401 3.0607867114016045281e-21 3.4043372579617432576e-05
2.3300000000000000711 1.9186464046633694188e-20 2.603316715976686978e-05
2.3399999999999998579 1.1474614497989354298e-19 1.4017859029990974764e-05
2.3500000000000000888 6.5476178228502720341e-19 3.8048474380047334574e-05
2.3599999999999998757 3.564945892375690597e-18 3.6045923479829144521e-05
2.3700000000000001066 1.852128148490554639e-17 3.0038268960178936653e-05
2.3799999999999998934 9.1825553755999377963e-17 3.4043372579525607428e-05
2.3900000000000001243 4.3446878043649109642e-16 4.0051025279828801216e-05
2.3999999999999999112 1.9619433636701677421e-15 3.4043372577655487429e-05
2.4100000000000001421 8.4562959824170340227e-15 2.6033167151310594278e-05
2.4199999999999999289 3.4791687940721156038e-14 2.6033167124975201535e-05
2.4300000000000001599 1.3665055749182326822e-13 3.003826882354690135e-05
2.4399999999999999467 5.1242511876399086139e-13 3.4043372067192315047e-05
2.4500000000000001776 1.8347587745653939839e-12 2.4030612605803424971e-05
2.4599999999999999645 6.2734724619585163157e-12 2.6033160886294429327e-05
2.4700000000000001954 2.0486763621762987315e-11 2.202804305358329828e-05
2.4799999999999999822 6.3905250006125828349e-11 2.8035654154732164549e-05
2.4900000000000002132 1.9044314661854065007e-10 1.6020220396554453609e-05
2.5 5.422939365765985434e-10 3.4042830285680856139e-05
2.5100000000000002309 1.4758010316446071617e-09 2.4029138639530557e-05
2.5200000000000000178 3.8391653657537584278e-09 1.8019122574550598443e-05
2.5300000000000002487 9.549146605139386061e-09 3.6036374333227567479e-05
2.5400000000000000355 2.2715683025976284893e-08 3.802575869702201248e-05
2.5500000000000002665 5.169505498935193063e-08 2.5981472104777537073e-05
2.5600000000000000533 1.1258442889312284378e-07 3.793588995115486568e-05
2.5699999999999998401 2.3473397672308355391e-07 2.3795880463839116849e-05
2.5800000000000000711 4.6873215480146836581e-07 2.5564435004965420102e-05
2.5899999999999998579 8.9687381887400505993e-07 2.7138844241108164379e-05
2.6000000000000000888 1.6452418185816420775e-06 4.2410885262112200597e-05
2.6099999999999998757 2.8952449824778160999e-06 1.3125165857223255282e-05
2.6200000000000001066 4.8910205482607851929e-06 1.3131941191655565837e-05
2.6299999999999998934 7.9380684731849222765e-06 2.0097649586797249174e-05
2.6400000000000001243 1.2388560656553513866e-05 2.1654811923063917015e-05
2.6499999999999999112 1.8610584669299919472e-05 1.5432787910317513104e-05
2.6600000000000001421 2.6942275171933704943e-05 1.0934428880484648133e-06
2.6699999999999999289 3.7636682812843528676e-05 -1.5907593330108198409e-06
2.6800000000000001599 5.0807829982730279305e-05 -2.4774662822963389197e-05
2.6899999999999999467 6.6390812690294529223e-05 -5.0370401850593457841e-05
2.7000000000000001776 8.4127537909056628214e-05 -3.6066309027932221161e-05
2.7099999999999999645 0.00010358445951781731424 -7.5548741457835141095e-05
2.7200000000000001954 0.00012420080365887676177 -9.8167636499109871663e-05
2.7299999999999999822 0.00014535779482429864694 -0.00011131442224468122114
2.7400000000000002132 0.00016645407090466366688 -0.00014442600736431674639
2.75 0.00018697161421526534175 -0.0001449180380347867838
2.7600000000000002309 0.00020652021105363848187 -0.00018849724931372212745
2.7700000000000000178 0.00022485509075438633408 -0.00020082447631382413056
2.7800000000000002487 0.00024186950349195651265 -0.00021183123453175905647
2.7900000000000000355 0.00025756929546478417661 -0.00023353868102422197309
2.8000000000000002665 0.00027203880070537233985 -0.00025001073716502541936
2.8100000000000000533 0.00028540665889737804918 -0.00025136328631776062338
2.8199999999999998401 0.00029781751766956620145 -0.00027378690322900399792
2.8300000000000000711 0.00030941234144350477503 -0.00028137662338352260188
2.8399999999999998579 0.00032031733041885642257 -0.00029027906145865896639
2.8500000000000000888 0.00033063980854809943508 -0.00030861174500775251459
2.8599999999999998757 0.00034046889092157270199 -0.00031243317286159052884
2.8700000000000001066 0.00034987898256428506165 -0.00031984071360408760547
2.8799999999999998934 0.00035893479551500157227 -0.00033089907745501939912
2.8900000000000001243 0.00036769727692884736662 -0.00034767176428871572917
2.8999999999999999112 0.00037623043055670001488 -0.00034418960887729787212
2.9100000000000001421 0.00038460941693740664099 -0.00034455839165714336608
2.9199999999999999289 0.00039293052845937868119 -0.00036489481039939650805
2.9300000000000001599 0.00040132366369467531485 -0.00036327518931462732298
2.9399999999999999467 0.00040996776623514576739 -0.00037992949727494831121
2.9500000000000001776 0.00041910932076826218698 -0.00037905829548799891207
2.9599999999999999645 0.00042908337810560885943 -0.00039103490372556086755
2.9700000000000001954 0.00044033569067118976011 -0.00039627956359049591913
2.9799999999999999822 0.00045344340460420348238 -0.00037734645584410749864
2.9900000000000002132 0.00046913047287012592549 -0.00042106924398900151844
3 0.00048827272091185044229 -0.00041217577215175445855
3.0100000000000002309 0.000511886607994415147 -0.00042177179929483337491
3.0200000000000000178 0.00054109555465906412994 -0.00045899095683630110418
3.0300000000000002487 0.00057706863622771116529 -0.00046893086578821303878
3.0400000000000000355 0.00062092878146685008111 -0.00050878590922692138853
3.0500000000000002665 0.0006736314756660858943 -0.00055347839982529606958
3.0600000000000000533 0.00073582015050853042878 -0.00061166197286731003799
3.0700000000000002842 0.00080767036784438908745 -0.00065948157940058530022
3.0800000000000000711 0.00088874060921689096958 -0.00069449313187824163705
3.0899999999999998579 0.00097785173399524681105 -0.00074755833317676476969
3.1000000000000000888 0.0010730186781269801521 -0.00083671763552178868295
3.1099999999999998757 0.0011714556895863477252 -0.00091512911615113058314
3.1200000000000001066 0.0012696698559250421765 -0.00097128973177519812611
3.1299999999999998934 0.0013636472107277351241 -0.0010071930995577114444
3.1400000000000001243 0.0014491225622199628131 -0.00099254088421130213897
3.1499999999999999112 0.0015219104232166060908 -0.0010433006671156832678
3.1600000000000001421 0.0015782625535313470413 -0.0010636068885025067379
3.1699999999999999289 0.0016152101223097855166 -0.0011586284443011248425
3.1800000000000001599 0.0016308472104169847734 -0.0011061787799731316335
3.1899999999999999467 0.0016245180553120985769 -0.0010537909505253151201
3.2000000000000001776 0.0015968824883294048967 -0.0010341655725915673437
3.2099999999999999645 0.0015498505148581725576 -0.0010992764786362213113
3.2200000000000001954 0.0014863950871481963756 -0.0010117904546755769613
3.2299999999999999822 0.0014102686200467102681 -0.0009897328509659670745
3.2400000000000002132 0.0013256608474704369149 -0.00096720415993434630253
3.25 0.0012368412997367476003 -0.00095448158278862581423
3.2600000000000002309 0.0011478283945709558123 -0.0009295503064297230833
3.2700000000000000178 0.001062119630983320755 -0.00091393084253951696778
3.2800000000000002487 0.00098250550718504249884 -0.000816293749725364743
3.2900000000000000355 0.00091097601971029380872 -0.00080484080380898977234
3.3000000000000002665 0.00084871545742792669446 -0.00075259299966567788035
3.3100000000000000533 0.00079617073561517209043 -0.00069203806697610452999
3.3200000000000002842 0.00075317197471232112584 -0.0006830826822908497983
3.3300000000000000711 0.000719081752592621898 -0.00064899246017115057045
3.3399999999999998579 0.00069295096853437304803 -0.00061885657431247115441
3.3500000000000000888 0.00067366350834246893978 -0.00061358697042207402741
3.3599999999999998757 0.00066005760514136564612 -0.00059998106722097073375
3.3700000000000001066 0.00065101771554730320391 -0.00061296924116725521204
3.3799999999999998934 0.00064553591466711486742 -0.00058145427130831058189
3.3900000000000001243 0.00064274567437922391824 -0.00056064107655646089248
3.3999999999999999112 0.00064193322975704555054 -0.00058586179363708120425
3.4100000000000001421 0.00064253266984651887656 -0.00057244337742504754901
3.4199999999999999289 0.00064411071904833360879 -0.00060005459196763976781
3.4300000000000001599 0.00064634629129558130584 -0.00057024934253548532209
3.4399999999999999467 0.00064900867313385916281 -0.00061296274965402645397
3.4500000000000001776 0.00065193692056586354227 -0.00059987058624632976205
3.4599999999999999645 0.00065502193484743176811 -0.00062298111316802962534
3.4700000000000001954 0.0006581918138115784838 -0.00059811527589118357144
3.4799999999999999822 0.00066140047994915813784 -0.00059531628932811737637
3.4900000000000002132 0.00066461923582456742133 -0.00062456821054430414642
3.5 0.00066783073740734114326 -0.00062577716122686258531
3.5100000000000002309 0.00067102484658895637272 -0.00060694320323015208719
3.5200000000000000178 0.00067419587203327430418 -0.00062813719405236518017
3.5300000000000002487 0.00067734079143867177708 -0.00062727701165733208699
3.5400000000000000355 0.00068045814057943773516 -0.00063439946259852861114
3.5500000000000002665 0.00068354733914594999113 -0.00062347080122555507877
3.5600000000000000533 0.00068660829314612468067 -0.00062452920432551448527
3.5700000000000002842 0.00068964116686303787891 -0.00063757483254350409869
3.5800000000000000711 0.00069264625561663223981 -0.00062055440865696682214
3.5899999999999998579 0.00069562391670704363904 -0.00063354482788643344364
3.6000000000000000888 0.00069857453298910053736 -0.00063249034236805977589
3.6099999999999998757 0.00070149849424269662603 -0.00065744236716200278505
3.6200000000000001066 0.00070439618798465272916 -0.00064031454462584844363
3.6299999999999998934 0.00070726799515409099865 -0.00064518890633348080325
3.6400000000000001243 0.00071011428824417112404 -0.00066005050846283143395
3.6499999999999999112 0.00071293543062607965272 -0.00064685124000503889125
3.6600000000000001421 0.00071573177643487065694 -0.00065365268761426046154
3.6699999999999999289 0.00071850367070881531167 -0.00067645009452833675372
3.6800000000000001599 0.00072125144963558430935 -0.00065316470447634945775
3.6899999999999999467 0.00072397544083750047569 -0.0006679040047175361294
3.7000000000000001776 0.00072667596366558404822 -0.00066659942574518913586
3.7099999999999999645 0.00072935332948944697849 -0.00067528444426969791523
3.7200000000000001954 0.00073200784197786851644 -0.00068394661309674410939
3.7299999999999999822 0.00073463979736828894773 -0.00066855560674724818625
3.7400000000000002132 0.00073724948472488407991 -0.00068718570494354438982
3.75 0.00073983718618546117068 -0.00066974789376398984313
3.7600000000000002309 0.00074240317719762656708 -0.00068232663927723165471
3.7700000000000000178 0.00074494772674473257092 -0.0006808660833859282854
3.7800000000000002487 0.00074747109756212600732 -0.00066937160153979354763
3.7900000000000000355 0.00074997354634418866414 -0.00069790721202465488392
3.8000000000000002665 0.00075245532394264469985 -0.00067235327338211815004
3.8100000000000000533 0.00075491667555657856678 -0.00070885799757566944276
3.8200000000000002842 0.00075735784091458737289 -0.00070529150659505359267
3.8300000000000000711 0.00075977905444945148961 -0.00068968976202798016207
3.8399999999999998579 0.00076218054546570721333 -0.00072012696928522865539
3.8500000000000000888 0.00076456253830046224523 -0.00071049365308071318198
3.8599999999999998757 0.00076692525247778738171 -0.00068482065465502435595
3.8700000000000001066 0.00076926890285699482241 -0.00071119491583681519308
3.8799999999999998934 0.00077159369977509474625 -0.00071952736545556096603
3.8900000000000001243 0.00077389984918371063864 -0.00071182076036310044324
3.8999999999999999112 0.00077618755278070772352 -0.00070409570582104230585
3.9100000000000001421 0.00077845700813678961327 -0.00070436261391488771966
3.9199999999999999289 0.00078070840881729096708 -0.00068658849831727862892
3.9300000000000001599 0.00078294194449938635944 -0.00069883479213842924355
3.9399999999999999467 0.00078515780108492927176 -0.00071506850866345794421
3.9500000000000001776 0.00078735616080911354463 -0.00068923114850867064039
3.9599999999999999645 0.00078953720234514691758 -0.00073146321532496728825
3.9700000000000001954 0.00079170110090511403196 -0.00071760670668321213835
3.9799999999999999822 0.00079384802833719499658 -0.00070173067237537674855
3.9900000000000002132 0.00079597815321940377283 -0.00069985569545715495873
4 0.00079809164094998895182 -0.00071398448858903183593
4.0099999999999997868 0.00080018865383465088027 -0.00072609425961274898665
4.0200000000000004619 0.00080226935117070404674 -0.0007041443388702611425
4.0300000000000002487 0.00080433388932831483258 -0.0007042063297656354524
4.0400000000000000355 0.0008063824218289414791 -0.00070224975318987391867
4.0499999999999998224 0.000808415099421091847 -0.00067624671817901032406
4.0600000000000004974 0.00081043207015350489462 -0.00070429685425220085824
4.0700000000000002842 0.00081243347944587004147 -0.00068026509820378851853
4.0800000000000000711 0.00081441947015717950156 -0.00065221282177388992599
4.0899999999999998579 0.00081639018265181094794 -0.00067420905054663181691
4.0999999999999996447 0.00081834575486343374973 -0.00068617737362135222678
4.1100000000000003197 0.00082028632235681944642 -0.00068611539385250144753
4.1200000000000001066 0.00082221201838765056811 -0.00067001812086745860062
4.1299999999999998934 0.00082412297396039328745 -0.00066391887283934018782
4.1399999999999996803 0.00082601931788432291642 -0.00065179735682378402845
4.1500000000000003553 0.00082790117682776187893 -0.00064366646490412538287
4.1600000000000001421 0.00082976867537060713768 -0.000671567121511790514
4.1699999999999999289 0.00083162193605521191053 -0.00063136681692985315018
4.1799999999999997158 0.00083346107943567870543 -0.00064922636751204220937
4.1900000000000003908 0.0008352862241256300271 -0.00062702088684749490623
4.2000000000000001776 0.0008370974868445093392 -0.00061281174236465195404
4.2099999999999999645 0.00083889498246247082899 -0.00059057862718003004739
4.2199999999999997513 0.00084067882404390893193 -0.00065844665938250891181
4.2300000000000004263 0.00084244912288967846534 -0.00064219400376431970499
4.2400000000000002132 0.00084420598857807194106 -0.0005938870860333945751
4.25 0.00084594952900465521326 -0.00061966123726256135216
4.2599999999999997868 0.00084767985042123012666 -0.00057132777525981765995
4.2700000000000004619 0.00084939705747483077499 -0.00058706284225290409663
4.2800000000000002487 0.0008511012532498708847 -0.00057474917808845852642
4.2900000000000000355 0.00085279253932388926224 -0.00054840474428350543569
4.2999999999999998224 0.00085447101587034994096 -0.00055609089172050578213
4.3100000000000004974 0.00085613678190986104016 -0.00054373879782053120141
4.3200000000000002842 0.00085778993600050721345 -0.00053738173375840101419
4.3300000000000000711 0.00085943057815426372476 -0.00052500451597267173715
4.3399999999999998579 0.00086105881498868769644 -0.00050660725108090049265
4.3500000000000005329 0.00086267477294274671432 -0.00048219003641822440979
4.3600000000000003197 0.00086427863045975385561 -0.00056389592994384287253
4.3700000000000001066 0.00086587069220345289772 -0.00048738850294116712334
4.3799999999999998934 0.00086745155087172755998 -0.00043890559274203846257
4.3899999999999996803 0.00086902242025336585464 -0.00048453258920437054401
4.4000000000000003553 0.00087058578125942304073 -0.00045605768306921973167
4.4100000000000001421 0.00087214656030256310255 -0.00045962100937459632365
4.4199999999999999289 0.00087371414484970117992 -0.00049923705011188830322
4.4299999999999997158 0.00087530560398087144287 -0.00039469330061771214398
4.4400000000000003908 0.00087695046988740669221 -0.00041235857372596971182
4.4500000000000001776 0.00087869728130463985345 -0.0004080977433564933368
4.4599999999999999645 0.00088062173122114694324 -0.00041202474053523695675
4.4699999999999997513 0.00088283568569711855147 -0.00042425146042622134722
4.4800000000000004263 0.00088549562807667110773 -0.0003508144322178051314
4.4900000000000002132 0.00088880843165097412478 -0.00033810685769421634089
4.5 0.00089303206605604570825 -0.00035034068114823382813
4.5099999999999997868 0.00089846919201188495466 -0.00030971913276114275762
4.5200000000000004619 0.00090545274786350208717 -0.00039480217735913473564
4.5300000000000002487 0.00091432445659335914636 -0.00031355905556153718019
4.5400000000000000355 0.00092540923958168454493 -0.00035868722931937404002
4.5499999999999998224 0.00093899015123830021062 -0.00036626047008544982114
4.5600000000000004974 0.00095528900624881820259 -0.0002804292109950943428
4.5700000000000002842 0.00097445702297659650762 -0.00031962275855289832074
4.5800000000000000711 0.00099657770844442075849 -0.00033573577313018268704
4.5899999999999998579 0.0010216814903976100849 -0.00034682169514388622514
4.6000000000000005329 0.0010497691260992741275 -0.00040695020345665570971
4.6100000000000003197 0.0010808394453643932562 -0.00040197455558619644457
4.6200000000000001066 0.0011149168822594934108 -0.00038598822361389333035
4.6299999999999998934 0.0011520753885777628659 -0.00043916716623771550644
4.6399999999999996803 0.0011924572060178551848 -0.00032334994797739722086
4.6500000000000003553 0.0012362870084538064245 -0.00040322565934126594102
4.6600000000000001421 0.0012838837205053381038 -0.00041277394430647412066
4.6699999999999999289 0.0013356739468515100699 -0.00038245952917413737586
4.6799999999999997158 0.0013922131959602100822 -0.00026277432816772315453
4.6900000000000003908 0.0014542258500108834734 -0.00031677679316945042513
4.7000000000000001776 0.0015226858709160551696 -0.00018898677492182108448
4.7099999999999999645 0.0015989843091181623995 -0.00017717290075487950214
4.7199999999999997513 0.0016852777568147313259 1.4888273972200622569e-05
4.7300000000000004263 0.0017851988287978827474 0.00023938049875562835214
4.7400000000000002132 0.0019052495171238382436 0.00038566920748756374805
4.75 0.002057390012457148247 0.00063604143945954682779
4.7599999999999997868 0.0022635371382532529574 0.00086244545362909510317
4.7700000000000004619 0.0025627783219396020782 0.0014363166225076768982
4.7800000000000002487 0.0030218649675391308189 0.0019524723271586315841
4.7900000000000000355 0.0037486660413727558062 0.0024472274698033535077
4.7999999999999998224 0.0049064695148021020971 0.0028454065078645906367
4.8100000000000004974 0.0067243330694393230879 0.0031462417401715205706
4.8200000000000002842 0.0094957283569208836282 0.0033406254964240371386
4.8300000000000000711 0.01355592500736142389 0.0021240509642181278072
4.8399999999999998579 0.019229956884106225168 0.0001887818982996246342
4.8500000000000005329 0.026749411648278955539 -0.0033856463191564156734
4.8600000000000003197 0.036147902038708788763 -0.0082343409478817970737
4.8700000000000001066 0.047159262609268080835 -0.014371492576385390405
4.8799999999999998934 0.059153570926964063603 -0.021864063239872236211
4.8899999999999996803 0.071147010479200398225 -0.030154787752855335969
4.9000000000000003553 0.081907560577826360459 -0.037100476673083172818
4.9100000000000001421 0.090150615765366523546 -0.043014566047701804918
4.9199999999999999289 0.094785442898457555883 -0.046205552617495565526
4.9299999999999997158 0.095148402516095839654 -0.047363526437728606377
4.9400000000000003908 0.091154545167723199928 -0.045706644276419176876
4.9500000000000001776 0.08332018534678142796 -0.040918163759886438946
4.9599999999999999645 0.072648755889512098283 -0.033775232415772481198
4.9699999999999997513 0.060415178508186541395 -0.026219613820934503656
4.9800000000000004263 0.047913064093870506854 -0.018834017993492466886
4.9900000000000002132 0.036233772577664205561 -0.01201291480841333581
5 0.026127335779345815109 -0.0067326269820101938834
5.0099999999999997868 0.017962848602434845074 -0.0024610998319594557665
5.0200000000000004619 0.011774299830199636691 -7.7397726477535996881e-05
5.0300000000000002487 0.0073579980730726123397 0.0011428321972773670609
5.0400000000000000355 0.0043836576416721511826 0.0016940854937205146805
5.0499999999999998224 0.0024897504627593262938 0.0017716784931830660554
5.0600000000000004974 0.0013480587291881814763 0.0014835486293419827223
5.0700000000000002842 0.00069580657793755847258 0.0012867191115898334811
5.0800000000000000711 0.000342364713128864124 0.00092124514137560198704
5.0899999999999998579 0.00016058505466875127796 0.00053229769504893132206
5.1000000000000005329 7.1801340363201950241e-05 0.00037276502496820946566
5.1100000000000003197 3.0603247724598251986e-05 0.00025375901648576007106
5.1200000000000001066 1.2433882488311131801e-05 0.00012574215509239506598
5.1299999999999998934 4.815566960763087434e-06 7.3283929061569372254e-05
5.1399999999999996803 1.7778168699318224723e-06 5.2291068349817238664e-05
5.1500000000000003553 6.2563833001806140229e-07 2.7410079729964109837e-05
5.1600000000000001421 2.0987197682382745445e-07 3.795230733101440338e-06
5.1699999999999999289 6.7108666049290820854e-08 3.937994043875976826e-06
5.1799999999999997158 2.0454754012564156695e-08 3.9846479559127037648e-06
5.1900000000000003908 5.9429220337046683053e-09 1.9966084329289293462e-06
5.2000000000000001776 1.6458667658975449245e-09 4.0034568431593702215e-06
5.2099999999999999645 4.3448728054614346345e-10 2.0021168676820878403e-06
5.2199999999999997513 1.0933172243583618915e-10 -1.0933172243583618915e-10
5.2300000000000004263 2.6224131993304934216e-11 -2.6224131993304934216e-11
5.2400000000000002132 5.9957155881300645428e-12 -5.9957155881300645428e-12
5.25 1.306667616414567989e-12 2.0025500482950175097e-06
5.2599999999999997868 2.7143930481275925237e-13 -2.7143930481275925237e-13
5.2700000000000004619 5.3748110302619416544e-14 -5.3748110302619416544e-14
5.2800000000000002487 1.0144623490101754105e-14 2.0025513448180104222e-06
5.2900000000000000355 1.8251156544353719759e-15 -1.8251156544353719759e-15
5.2999999999999998224 3.1298683339248583351e-16 -3.1298683339248583351e-16
5.3100000000000004974 5.1161409697282794415e-17 2.0025513549114727092e-06
5.3200000000000002842 7.9714855338455360127e-18 4.0051027099172964183e-06
5.3300000000000000711 1.1839025277385625586e-18 2.0025513549614501942e-06
5.3399999999999998579 1.675992949109124813e-19 -1.675992949109124813e-19
5.3500000000000005329 2.2615575003152343481e-20 2.0025513549626114763e-06
5.3600000000000003197 2.9088542800056769822e-21 -2.9088542800056769822e-21
5.3700000000000001066 3.5662754158587425545e-22 -3.5662754158587425545e-22
5.3799999999999998934 4.1676006210221181069e-23 2.0025513549626339227e-06
5.3899999999999996803 4.6423228905196715081e-24 -4.6423228905196715081e-24
5.4000000000000003553 4.9290404374470478679e-25 -4.9290404374470478679e-25
5.4100000000000001421 4.9884654916361878594e-26 -4.9884654916361878594e-26
5.4199999999999999289 4.8122579442500386247e-27 4.0051027099252678454e-06
5.4299999999999997158 4.424945764818909859e-28 -4.424945764818909859e-28
5.4400000000000003908 3.878322674154906944e-29 4.0051027099252678454e-06
5.4500000000000001776 3.2400870324832086286e-30 -3.2400870324832086286e-30
5.4599999999999999645 2.5801561409087928675e-31 -2.5801561409087928675e-31
5.4699999999999997513 1.9584465021247422231e-32 -1.9584465021247422231e-32
5.4800000000000004263 1.4169472830219628479e-33 -1.4169472830219628479e-33
5.4900000000000002132 9.771737268116427106e-35 -9.771737268116427106e-35
5.5 6.4234128970467660427e-36 -6.4234128970467660427e-36
5.5099999999999997868 4.024720569690533351e-37 -4.024720569690533351e-37
5.5200000000000004619 2.4037059442341728473e-38 -2.4037059442341728473e-38
5.5300000000000002487 1.3683668102443023585e-39 -1.3683668102443023585e-39
5.5400000000000000355 7.4250469193376760821e-41 2.0025513549626339227e-06
5.5499999999999998224 3.8403538342199389327e-42 -3.8403538342199389327e-42
5.5600000000000004974 1.893296107955214034e-43 -1.893296107955214034e-43
5.5700000000000002842 8.8969471132099858454e-45 -8.8969471132099858454e-45
5.5800000000000000711 3.9850937849127465879e-46 -3.9850937849127465879e-46
5.5899999999999998579 1.7014181627802037171e-47 -1.7014181627802037171e-47
5.6000000000000005329 6.924022606822487276e-49 2.0025513549626339227e-06
5.6100000000000003197 2.6858434898375008528e-50 -2.6858434898375008528e-50
5.6200000000000001066 9.9306496294218981802e-52 -9.9306496294218981802e-52
5.6299999999999998934 3.4998487391842842329e-53 -3.4998487391842842329e-53
5.6399999999999996803 1.1756971772808098194e-54 -1.1756971772808098194e-54
5.6500000000000003553 3.7645770643697149136e-56 -3.7645770643697149136e-56
5.6600000000000001421 1.14897705965169505e-57 -1.14897705965169505e-57
5.6699999999999999289 3.3425730612175846986e-59 -3.3425730612175846986e-59
5.6799999999999997158 9.2688271596117949167e-61 -9.2688271596117949167e-61
5.6900000000000003908 2.4498693461218514461e-62 -2.4498693461218514461e-62
5.7000000000000001776 6.1721329414737917042e-64 -6.1721329414737917042e-64
5.7099999999999999645 1.4821828147132462019e-65 -1.4821828147132462019e-65
5.7199999999999997513 3.3926759201689407073e-67 -3.3926759201689407073e-67
5.7300000000000004263 7.4021354818020686332e-69 -7.4021354818020686332e-69
5.7400000000000002132 1.5393794512336702958e-70 -1.5393794512336702958e-70
5.75 3.0514643119725989154e-72 -3.0514643119725989154e-72
5.7599999999999997868 5.7656040589936330429e-74 -5.7656040589936330429e-74
5.7700000000000004619 1.0383773358936699156e-75 -1.0383773358936699156e-75
5.7800000000000002487 1.7825405161134896387e-77 -1.7825405161134896387e-77
5.7900000000000000355 2.916737883762347441e-79 2.0025513549626339227e-06
5.7999999999999998224 4.5491382862641938676e-81 -4.5491382862641938676e-81
5.8100000000000004974 6.7629251548131050751e-83 -6.7629251548131050751e-83
5.8200000000000002842 9.5832693021233597552e-85 -9.5832693021233597552e-85
5.8300000000000000711 1.2943938405828773344e-86 -1.2943938405828773344e-86
5.8399999999999998579 1.6664518974404697301e-88 -1.6664518974404697301e-88
5.8500000000000005329 2.0449970827351224047e-90 -2.0449970827351224047e-90
5.8600000000000003197 2.3920273306452466824e-92 -2.3920273306452466824e-92
5.8700000000000001066 2.666939016582656951e-94 2.0025513549626339227e-06
5.8799999999999998934 2.834219653935419369e-96 -2.834219653935419369e-96
5.8899999999999996803 2.8709615037804940039e-98 -2.8709615037804940039e-98
5.9000000000000003553 2.7720090779234108225e-100 -2.7720090779234108225e-100
5.9100000000000001421 2.5511460078997027051e-102 -2.5511460078997027051e-102
5.9199999999999999289 2.2379446591284015876e-104 -2.2379446591284015876e-104
5.9299999999999997158 1.871271081617090445e-106 -1.871271081617090445e-106
5.9400000000000003908 1.4914111291506808085e-108 -1.4914111291506808085e-108
5.9500000000000001776 1.1330037280012512648e-110 -1.1330037280012512648e-110
5.9599999999999999645 8.2042438546206927419e-113 -8.2042438546206927419e-113
5.9699999999999997513 5.662640897839462891e-115 -5.662640897839462891e-115
5.9800000000000004263 3.7253981890518078468e-117 -3.7253981890518078468e-117
5.9900000000000002132 2.3361438014070664664e-119 -2.3361438014070664664e-119
6 1.396367138217706045e-121 -1.396367138217706045e-121
6.0099999999999997868 7.955597833762751508e-124 -7.955597833762751508e-124
6.0200000000000004619 4.3203522336502274769e-126 -4.3203522336502274769e-126
6.0300000000000002487 2.236343982665086038e-128 -2.236343982665086038e-128
6.0400000000000000355 1.1033953521684211691e-130 -1.1033953521684211691e-130
6.0499999999999998224 5.1891565437929851648e-133 -5.1891565437929851648e-133
6.0600000000000004974 2.3261378821304742164e-135 -2.3261378821304742164e-135
6.0700000000000002842 9.9391026850066022181e-138 -9.9391026850066022181e-138
6.0800000000000000711 4.0479200475952083803e-140 -4.0479200475952083803e-140
6.0899999999999998579 1.5714106162916322223e-142 -1.5714106162916322223e-142
6.1000000000000005329 5.8146078749217681131e-145 -5.8146078749217681131e-145
6.1100000000000003197 2.050804010505948901e-147 -2.050804010505948901e-147
6.1200000000000001066 6.8944693519799720501e-150 -6.8944693519799720501e-150
6.1299999999999998934 2.2092785659350191504e-152 -2.2092785659350191504e-152
6.1400000000000005684 6.7479684717360242938e-155 -6.7479684717360242938e-155
6.1500000000000003553 1.964574615447386599e-157 -1.964574615447386599e-157
6.1600000000000001421 5.4517623418393464799e-160 -5.4517623418393464799e-160
6.1699999999999999289 1.4420429412590279432e-162 -1.4420429412590279432e-162
6.1799999999999997158 3.6357360614361440398e-165 -3.6357360614361440398e-165
6.1900000000000003908 8.7373426345902968396e-168 -8.7373426345902968396e-168
6.2000000000000001776 2.0014246193010874231e-170 -2.0014246193010874231e-170
6.2099999999999999645 4.369904519545239803e-173 -4.369904519545239803e-173
6.2199999999999997513 9.0944719044883864765e-176 2.0025513549626339227e-06
6.2300000000000004263 1.8040801956409252435e-178 -1.8040801956409252435e-178
6.2400000000000002132 3.4111985370840589368e-181 -3.4111985370840589368e-181
6.25 6.1479587873176371267e-184 -6.1479587873176371267e-184
6.2599999999999997868 1.0561550513246884145e-186 -1.0561550513246884145e-186
6.2700000000000004619 1.7294068900636024487e-189 -1.7294068900636024487e-189
6.2800000000000002487 2.6992272538165814488e-192 -2.6992272538165814488e-192
6.2900000000000000355 4.0156371784126059896e-195 -4.0156371784126059896e-195
6.2999999999999998224 5.6943246430601481382e-198 2.0025513549626339227e-06
6.3100000000000004974 7.6966672528806803239e-201 -7.6966672528806803239e-201
6.3200000000000002842 9.9159863570243631786e-204 -9.9159863570243631786e-204
6.3300000000000000711 1.2177043063122436972e-206 -1.2177043063122436972e-206
6.3399999999999998579 1.425346540744622486e-209 2.0025513549626339227e-06
6.3500000000000005329 1.5902733611495735823e-212 2.0025513549626339227e-06
6.3600000000000003197 1.6912031824464023649e-215 -1.6912031824464023649e-215
6.3700000000000001066 1.7143222695342303644e-218 -1.7143222695342303644e-218
6.3799999999999998934 1.6563870041042254544e-221 -1.6563870041042254544e-221
6.3900000000000005684 1.5254705289638010542e-224 -1.5254705289638010542e-224
6.4000000000000003553 1.33911686879944252e-227 -1.33911686879944252e-227
6.4100000000000001421 1.1204843207192752871e-230 -1.1204843207192752871e-230
6.4199999999999999289 8.9364642539845629219e-234 -8.9364642539845629219e-234
6.4299999999999997158 6.7935736767383500013e-237 -6.7935736767383500013e-237
6.4400000000000003908 4.9227012252213412144e-240 -4.9227012252213412144e-240
6.4500000000000001776 3.4000184954974271034e-243 -3.4000184954974271034e-243
6.4599999999999999645 2.2383690267158230811e-246 -2.2383690267158230811e-246
6.4699999999999997513 1.4046065690715997484e-249 -1.4046065690715997484e-249
6.4800000000000004263 8.4013735511689781765e-253 -8.4013735511689781765e-253
6.4900000000000002132 4.7898121464068631068e-256 -4.7898121464068631068e-256
6.5 2.6029105629289528653e-259 -2.6029105629289528653e-259
6.5099999999999997868 1.3482566879858019627e-262 2.0025513549626339227e-06
6.5200000000000004619 6.6566923673069288414e-266 -6.6566923673069288414e-266
6.5300000000000002487 3.1326866078188281083e-269 -3.1326866078188281083e-269
6.5400000000000000355 1.4052317956111511668e-272 2.0025513549626339227e-06
6.5499999999999998224 6.0082989440113016178e-276 -6.0082989440113016178e-276
6.5600000000000004974 2.4486552241833571727e-279 2.0025513549626339227e-06
6.5700000000000002842 9.5120972715426297613e-283 -9.5120972715426297613e-283
6.5800000000000000711 3.522065724408880323e-286 -3.522065724408880323e-286
6.5899999999999998579 1.2430573157400791079e-289 -1.2430573157400791079e-289
6.6000000000000005329 4.1817433110855154553e-293 -4.1817433110855154553e-293
6.6100000000000003197 1.3408991074973951029e-296 -1.3408991074973951029e-296
6.6200000000000001066 4.0983339241482278381e-300 -4.0983339241482278381e-300
6.6299999999999998934 1.1939635907764700682e-303 -1.1939635907764700682e-303
6.6400000000000005684 3.3154869589327967239e-307 -3.3154869589327967239e-307
6.6500000000000003553 8.7755846057675537258e-311 -8.7755846057675537258e-311
6.6600000000000001421 2.2139982815290836662e-314 2.0025513549626339227e-06
6.6699999999999999289 5.3241600940273578343e-318 -5.3241600940273578343e-318
6.6799999999999997158 1.2154014887694664987e-321 -1.2154014887694664987e-321
6.6900000000000003908 0 0
6.7000000000000001776 0 0
6.7099999999999999645 0 0
6.7199999999999997513 0 0
6.7300000000000004263 0 0
6.7400000000000002132 0 0
6.75 0 0
6.7599999999999997868 0 0
6.7700000000000004619 0 0
6.7800000000000002487 0 0
6.7900000000000000355 0 0
6.7999999999999998224 0 0
6.8100000000000004974 0 0
6.8200000000000002842 0 0
6.8300000000000000711 0 0
6.8399999999999998579 0 0
6.8500000000000005329 0 0
6.8600000000000003197 0 0
6.8700000000000001066 0 0
6.8799999999999998934 0 0
6.8900000000000005684 0 0
6.9000000000000003553 0 0
6.9100000000000001421 0 0
6.9199999999999999289 0 0
6.9299999999999997158 0 0
6.9400000000000003908 0 2.0025513549626339227e-06
6.9500000000000001776 0 0
6.9599999999999999645 0 0
6.9699999999999997513 0 0
6.9800000000000004263 0 0
6.9900000000000002132 0 0
7 0 0
7.0099999999999997868 0 0
7.0200000000000004619 0 0
7.0300000000000002487 0 0
7.0400000000000000355 0 0
7.0499999999999998224 0 0
7.0600000000000004974 0 0
7.0700000000000002842 0 0
7.0800000000000000711 0 0
7.0899999999999998579 0 0
7.1000000000000005329 0 0
7.1100000000000003197 0 0
7.1200000000000001066 0 0
7.1299999999999998934 0 0
7.1400000000000005684 0 0
7.1500000000000003553 0 0
7.1600000000000001421 0 0
7.1699999999999999289 0 0
7.1799999999999997158 0 0
7.1900000000000003908 0 0
7.2000000000000001776 0 0
7.2099999999999999645 0 0
7.2199999999999997513 0 0
7.2300000000000004263 0 0
7.2400000000000002132 0 0
7.25 0 0
7.2599999999999997868 0 0
7.2700000000000004619 0 0
7.2800000000000002487 0 0
7.2900000000000000355 0 0
7.2999999999999998224 0 0
7.3100000000000004974 0 0
7.3200000000000002842 0 0
7.3300000000000000711 0 0
7.3399999999999998579 0 0
7.3500000000000005329 0 0
7.3600000000000003197 0 0
7.3700000000000001066 0 0
7.3799999999999998934 0 0
7.3900000000000005684 0 0
7.4000000000000003553 0 0
7.4100000000000001421 0 0
7.4199999999999999289 0 0
7.4299999999999997158 0 0
7.4400000000000003908 0 0
7.4500000000000001776 0 0
7.4599999999999999645 0 0
7.4699999999999997513 0 0
7.4800000000000004263 0 0
7.4900000000000002132 0 2.0025513549626339227e-06
7.5 0 0
7.5099999999999997868 0 0
7.5200000000000004619 0 0
7.5300000000000002487 0 0
7.5400000000000000355 0 0
7.5499999999999998224 0 0
7.5600000000000004974 0 0
7.5700000000000002842 0 0
7.5800000000000000711 0 0
7.5899999999999998579 0 0
7.6000000000000005329 0 0
7.6100000000000003197 0 0
7.6200000000000001066 0 0
7.6299999999999998934 0 0
7.6400000000000005684 0 0
7.6500000000000003553 0 0
7.6600000000000001421 0 0
7.6699999999999999289 0 0
7.6799999999999997158 0 0
7.6900000000000003908 0 0
7.7000000000000001776 0 0
7.7099999999999999645 0 0
7.7199999999999997513 0 0
7.7300000000000004263 0 0
7.7400000000000002132 0 0
7.75 0 0
7.7599999999999997868 0 0
7.7700000000000004619 0 0
7.7800000000000002487 0 0
7.7900000000000000355 0 0
7.7999999999999998224 0 0
7.8100000000000004974 0 0
7.8200000000000002842 0 0
7.8300000000000000711 0 0
7.8399999999999998579 0 0
7.8500000000000005329 0 0
7.8600000000000003197 0 0
7.8700000000000001066 0 0
7.8799999999999998934 0 0
7.8900000000000005684 0 0
7.9000000000000003553 0 0
7.9100000000000001421 0 0
7.9199999999999999289 0 0
7.930000000000000604 0 0
7.9400000000000003908 0 2.0025513549626339227e-06
7.9500000000000001776 0 0
7.9599999999999999645 0 0
7.9699999999999997513 0 0
7.9800000000000004263 0 0
7.9900000000000002132 0 0
8 0 0
8.0099999999999997868 0 2.0025513549626339227e-06
8.0199999999999995737 0 0
8.0299999999999993605 0 2.0025513549626339227e-06
8.0400000000000009237 0 0
8.0500000000000007105 0 0
8.0600000000000004974 0 2.0025513549626339227e-06
8.0700000000000002842 0 0
8.0800000000000000711 0 2.0025513549626339227e-06
8.0899999999999998579 0 0
8.0999999999999996447 0 0
8.1099999999999994316 0 0
8.1200000000000009948 0 0
8.1300000000000007816 0 0
8.1400000000000005684 0 0
8.1500000000000003553 0 0
8.1600000000000001421 0 0
8.1699999999999999289 0 0
8.1799999999999997158 0 0
8.1899999999999995026 0 0
8.1999999999999992895 0 0
8.2100000000000008527 0 0
8.2200000000000006395 0 0
8.2300000000000004263 0 0
8.2400000000000002132 0 0
8.25 0 0
8.2599999999999997868 0 0
8.2699999999999995737 0 0
8.2799999999999993605 0 2.0025513549626339227e-06
8.2900000000000009237 0 2.0025513549626339227e-06
8.3000000000000007105 0 0
8.3100000000000004974 0 0
8.3200000000000002842 0 0
8.3300000000000000711 0 0
8.3399999999999998579 0 0
8.3499999999999996447 0 0
8.3599999999999994316 0 0
8.3700000000000009948 0 0
8.3800000000000007816 0 0
8.3900000000000005684 0 0
8.4000000000000003553 0 0
8.4100000000000001421 0 0
8.4199999999999999289 0 2.0025513549626339227e-06
8.4299999999999997158 0 0
8.4399999999999995026 0 0
8.4499999999999992895 0 0
8.4600000000000008527 0 0
8.4700000000000006395 0 0
8.4800000000000004263 0 0
8.4900000000000002132 0 0
8.5 0 0
8.5099999999999997868 0 0
8.5199999999999995737 0 0
8.5299999999999993605 0 0
8.5400000000000009237 0 0
8.5500000000000007105 0 0
8.5600000000000004974 0 0
8.5700000000000002842 0 2.0025513549626339227e-06
8.5800000000000000711 0 0
8.5899999999999998579 0 0
8.5999999999999996447 0 0
8.6099999999999994316 0 0
8.6200000000000009948 0 0
8.6300000000000007816 0 0
8.6400000000000005684 0 0
8.6500000000000003553 0 0
8.6600000000000001421 0 0
8.6699999999999999289 0 0
8.6799999999999997158 0 0
8.6899999999999995026 0 0
8.7000000000000010658 0 0
8.7100000000000008527 0 0
8.7200000000000006395 0 0
8.7300000000000004263 0 0
8.7400000000000002132 0 0
8.75 0 0
8.7599999999999997868 0 0
8.7699999999999995737 0 0
8.7799999999999993605 0 0
8.7900000000000009237 0 0
8.8000000000000007105 0 0
8.8100000000000004974 0 0
8.8200000000000002842 0 0
8.8300000000000000711 0 0
8.8399999999999998579 0 0
8.8499999999999996447 0 0
8.8599999999999994316 0 0
8.8700000000000009948 0 0
8.8800000000000007816 0 0
8.8900000000000005684 0 2.0025513549626339227e-06
8.9000000000000003553 0 0
8.9100000000000001421 0 0
8.9199999999999999289 0 0
8.9299999999999997158 0 0
8.9399999999999995026 0 0
8.9500000000000010658 0 2.0025513549626339227e-06
8.9600000000000008527 0 0
8.9700000000000006395 0 0
8.9800000000000004263 0 0
8.9900000000000002132 0 0
9 0 0
9.0099999999999997868 0 0
9.0199999999999995737 0 0
9.0299999999999993605 0 0
9.0400000000000009237 0 0
9.0500000000000007105 0 0
9.0600000000000004974 0 2.0025513549626339227e-06
9.0700000000000002842 0 0
9.0800000000000000711 0 0
9.0899999999999998579 0 0
9.0999999999999996447 0 0
9.1099999999999994316 0 0
9.1200000000000009948 0 2.0025513549626339227e-06
9.1300000000000007816 0 2.0025513549626339227e-06
9.1400000000000005684 0 0
9.1500000000000003553 0 0
9.1600000000000001421 0 0
9.1699999999999999289 0 2.0025513549626339227e-06
9.1799999999999997158 0 0
9.1899999999999995026 0 0
9.2000000000000010658 0 4.0051027099252678454e-06
9.2100000000000008527 0 2.0025513549626339227e-06
9.2200000000000006395 0 0
9.2300000000000004263 0 0
9.2400000000000002132 0 0
9.25 0 0
9.2599999999999997868 0 4.0051027099252678454e-06
9.2699999999999995737 0 0
9.2799999999999993605 0 0
9.2900000000000009237 0 0
9.3000000000000007105 0 0
9.3100000000000004974 0 2.0025513549626339227e-06
9.3200000000000002842 0 0
9.3300000000000000711 0 0
9.3399999999999998579 0 0
9.3499999999999996447 0 0
9.3599999999999994316 0 0
9.3700000000000009948 0 2.0025513549626339227e-06
9.3800000000000007816 0 2.0025513549626339227e-06
9.3900000000000005684 0 0
9.4000000000000003553 0 0
9.4100000000000001421 0 0
9.4199999999999999289 0 2.0025513549626339227e-06
9.4299999999999997158 0 2.0025513549626339227e-06
9.4399999999999995026 0 0
9.4500000000000010658 0 2.0025513549626339227e-06
9.4600000000000008527 0 0
9.4700000000000006395 0 0
9.4800000000000004263 0 0
9.4900000000000002132 0 0
9.5 0 0
9.5099999999999997868 0 0
9.5199999999999995737 0 2.0025513549626339227e-06
9.5299999999999993605 0 0
9.5400000000000009237 0 0
9.5500000000000007105 0 0
9.5600000000000004974 0 2.0025513549626339227e-06
9.5700000000000002842 0 0
9.5800000000000000711 0 2.0025513549626339227e-06
9.5899999999999998579 0 0
9.5999999999999996447 0 0
9.6099999999999994316 0 2.0025513549626339227e-06
9.6200000000000009948 0 0
9.6300000000000007816 0 4.0051027099252678454e-06
9.6400000000000005684 0 0
9.6500000000000003553 0 2.0025513549626339227e-06
9.6600000000000001421 0 2.0025513549626339227e-06
9.6699999999999999289 0 0
9.6799999999999997158 0 0
9.6899999999999995026 0 2.0025513549626339227e-06
9.7000000000000010658 0 2.0025513549626339227e-06
9.7100000000000008527 0 2.0025513549626339227e-06
9.7200000000000006395 0 2.0025513549626339227e-06
9.7300000000000004263 0 4.0051027099252678454e-06
9.7400000000000002132 0 6.0076536101405508816e-06
9.75 0 8.0102054198505356908e-06
9.7599999999999997868 0 8.0102054198505356908e-06
9.7699999999999995737 0 8.0102054198505356908e-06
9.7799999999999993605 0 2.8035718059982169757e-05
9.7900000000000009237 0 1.2015307220281100069e-05
9.8000000000000007105 0 1.0012756320065820421e-05
9.8100000000000004974 0 1.0012756320065820421e-05
9.8200000000000002842 0 1.802296173991635103e-05
9.8300000000000000711 0 1.4017859029991089961e-05
9.8399999999999998579 0 1.2015307220281100069e-05
9.8499999999999996447 0 1.6020410839701071382e-05
9.8599999999999994316 0 8.0102054198505356908e-06
9.8700000000000009948 0 1.0012756320065820421e-05
9.8800000000000007816 0 8.0102054198505356908e-06
9.8900000000000005684 0 1.4017859029991089961e-05
9.9000000000000003553 0 6.0076536101405508816e-06
9.9100000000000001421 0 1.4017859029991089961e-05
9.9199999999999999289 0 8.0102054198505356908e-06
9.9299999999999997158 0 1.4017859029991089961e-05
9.9399999999999995026 0 1.4017859029991089961e-05
9.9500000000000010658 0 6.0076536101405508816e-06
9.9600000000000008527 0 4.0051027099252678454e-06
9.9700000000000006395 0 0
9.9800000000000004263 0 4.0051027099252678454e-06
9.9900000000000002132 0 2.0025513549626339227e-06
10 0 2.0025513549626339227e-06
10.009999999999999787 0 0
10.019999999999999574 0 2.0025513549626339227e-06
10.029999999999999361 0 2.0025513549626339227e-06
10.040000000000000924 0 4.0051027099252678454e-06
10.050000000000000711 0 2.0025513549626339227e-06
10.060000000000000497 0 0
10.070000000000000284 0 4.0051027099252678454e-06
10.080000000000000071 0 0
10.089999999999999858 0 0
10.099999999999999645 0 0
10.109999999999999432 0 0
10.120000000000000995 0 0
10.130000000000000782 0 0
10.140000000000000568 0 0
10.150000000000000355 0 0
10.160000000000000142 0 0
10.169999999999999929 0 0
10.179999999999999716 0 0
10.189999999999999503 0 0
10.200000000000001066 0 0
10.210000000000000853 0 0
10.220000000000000639 0 0
10.230000000000000426 0 0
