0 6.5819934061454061632e-110 -6.5819934061454061632e-110
0.010000000000000000208 7.9489770803983786122e-108 -7.9489770803983786122e-108
0.020000000000000000416 9.1481835374174908842e-106 -9.1481835374174908842e-106
0.02999999999999999889 1.0032971971146101669e-103 -1.0032971971146101669e-103
0.040000000000000000833 1.0485683781317933587e-101 -1.0485683781317933587e-101
0.050000000000000002776 1.0443298818467669065e-99 -1.0443298818467669065e-99
0.05999999999999999778 9.9118301154361516324e-98 -9.9118301154361516324e-98
0.070000000000000006661 8.9649246067839421593e-96 -8.9649246067839421593e-96
0.080000000000000001665 7.7271185737678350904e-94 -7.7271185737678350904e-94
0.089999999999999996669 6.3469956342750771895e-92 -6.3469956342750771895e-92
0.10000000000000000555 4.9682118410012107169e-90 -4.9682118410012107169e-90
0.11000000000000000056 3.706081299713204948e-88 -3.706081299713204948e-88
0.11999999999999999556 2.6345983271311611474e-86 -2.6345983271311611474e-86
0.13000000000000000444 1.7848440429311044687e-84 -1.7848440429311044687e-84
0.14000000000000001332 1.1523233144040849265e-82 -1.1523233144040849265e-82
0.14999999999999999445 7.0898740196061712202e-81 9.5878232968971133232e-05
0.16000000000000000333 4.1571407615162881168e-79 9.3880771601106971502e-05
0.17000000000000001221 2.3229774851662874375e-77 9.3880771601106971502e-05
0.17999999999999999334 1.2370618614487759147e-75 8.58909188536927104e-05
0.19000000000000000222 6.2782144364528382902e-74 8.389345748582854867e-05
0.2000000000000000111 3.0365569096864017033e-72 6.5916283347178250551e-05
0.20999999999999999223 1.399682657561749686e-70 8.7888380221556872129e-05
0.22000000000000000111 6.1486960792544829336e-69 5.992389560560695827e-05
0.23000000000000000999 2.5742117239842037987e-67 8.7888380221556872129e-05
0.23999999999999999112 1.0271074768082090792e-65 0.0001018706243485212055
0.25 3.9057155099766660367e-64 6.9911213358864188194e-05
0.26000000000000000888 1.4154717817452699383e-62 0.0001018706243485212055
0.27000000000000001776 4.8890067350876918908e-61 7.9898527474142611027e-05
0.28000000000000002665 1.6093922253032531795e-59 7.9898527474142611027e-05
0.28999999999999998002 5.0492649901653245217e-58 7.9898527474142611027e-05
0.2999999999999999889 1.5098114570155027415e-56 9.1883310233242809772e-05
0.30999999999999999778 4.3027784388364609975e-55 8.1895988842006772757e-05
0.32000000000000000666 1.1687201592266622782e-53 7.3906136094592511654e-05
0.33000000000000001554 3.025597100375995142e-52 6.7913751991000026464e-05
0.34000000000000002442 7.4654252329858302934e-51 0.00010586555436020719735
0.35000000000000003331 1.7556783699244583736e-49 7.7901066106278449297e-05
0.35999999999999998668 3.9353789705500447888e-48 8.58909188536927104e-05
0.36999999999999999556 8.4078274319664434861e-47 8.389345748582854867e-05
0.38000000000000000444 1.7121479215121254159e-45 9.5878232968971133232e-05
0.39000000000000001332 3.3232567583101223886e-44 8.58909188536927104e-05
0.4000000000000000222 6.1483235887228393851e-43 0.00013383003533817830412
0.41000000000000003109 1.0842391239946838917e-41 0.00016578944632783529432
0.41999999999999998446 1.8225294871312332404e-40 0.00016578944632783529432
0.42999999999999999334 2.9201896397718327628e-39 0.00017577676044311369005
0.44000000000000000222 4.4600601942688895331e-38 0.00019175646593794229357
0.4500000000000000111 6.4933683908627871747e-37 0.0002337031910428777066
0.46000000000000001998 9.0116817968963690694e-36 0.00022970826830714941025
0.47000000000000002887 1.1922170412330527906e-34 0.00024369051971007141201
0.47999999999999998224 1.5035783002098834137e-33 0.00020973364007659259169
0.48999999999999999112 1.8076985640414959521e-32 0.00025967022520489990711
0.5 2.0718755039250229109e-31 0.0002876346989069133997
0.51000000000000000888 2.2638512987204916821e-30 0.00026965752476826310158
0.52000000000000001776 2.3582409270293454541e-29 0.0002836397907231003046
0.53000000000000002665 2.3420408968246787868e-28 0.00028164230752736330032
0.54000000000000003553 2.2175702976510283826e-27 0.00026166767929680650887
0.55000000000000004441 2.0019267251452359539e-26 0.00024568798835389321503
0.56000000000000005329 1.7231328413383182263e-25 0.00023969558242242780598
0.57000000000000006217 1.4141707280134842711e-24 0.00025967022520489990711
0.57999999999999996003 1.106651690233738979e-23 0.00022771081421524288981
0.58999999999999996891 8.2577266201446275789e-23 0.0002516803797334433144
0.5999999999999999778 5.875784788199842085e-22 0.00022970826830714941025
0.60999999999999998668 3.9869752348665300668e-21 0.00024768544244579970837
0.61999999999999999556 2.5799487381375759274e-20 0.00023170573695097118616
0.63000000000000000444 1.5921623994805684336e-19 0.00022970826830714924762
0.64000000000000001332 9.371144756436511295e-19 0.00022771081421524194113
0.6500000000000000222 5.2607624500194343269e-18 0.00025567528791725115112
0.66000000000000003109 2.8169486520994099203e-17 0.00021173110872038615124
0.67000000000000003997 1.4388271681039006029e-16 0.00021572603145599881743
0.68000000000000004885 7.010759641899942518e-16 0.0002456879883531921157
0.69000000000000005773 3.2589507773320594922e-15 0.00024169305106299065989
0.70000000000000006661 1.4453692151009155434e-14 0.00027964485342100309099
0.70999999999999996447 6.116497829329183421e-14 0.00026965752470709810707
0.71999999999999997335 2.46994727898115267e-13 0.00023969558217543307987
0.72999999999999998224 9.518633052993332323e-13 0.00022371587597573599398
0.73999999999999999112 3.5011325111268772376e-12 0.00023170573344983869677
0.75 1.2292461359184084035e-11 0.00022970825601468806347
0.76000000000000000888 4.1202119322443726098e-11 0.00023969554122030848004
0.77000000000000001776 1.3185909746582240605e-10 0.00024169291920715215631
0.78000000000000002665 4.0297303550780558956e-10 0.00023570025671366400823
0.79000000000000003553 1.1762227655958336119e-09 0.00026366395716594738562
0.80000000000000004441 3.2796765212259827883e-09 0.00025966694552837865997
0.81000000000000005329 8.7375410457603655151e-09 0.00029162089865351122769
0.82000000000000006217 2.2246578692378556685e-08 0.00029759978099541472369
0.83000000000000007105 5.4145636884056344145e-08 0.00034350952977788674165
0.83999999999999996891 1.2601245912814819802e-07 0.00030149092329879192921
0.8499999999999999778 2.8051225657154780913e-07 0.00032530598901954894649
0.85999999999999998668 5.9749502238475046706e-07 0.0003369737890128359295
0.86999999999999999556 1.2182498493600549932e-06 0.00030838856048384714848
0.88000000000000000444 2.3787912235340670026e-06 0.00037913668656044393701
0.89000000000000001332 4.4506001833747626647e-06 0.00033911307523139602726
0.9000000000000000222 7.9832107645630775864e-06 0.00036354493835222121594
0.91000000000000003109 1.3737963398711308633e-05 0.00032183586654460286233
0.92000000000000003997 2.2697675969060829602e-05 0.00037879243004547392352
0.93000000000000004885 3.6035318530289712851e-05 0.00042537867217591569585
0.94000000000000005773 5.5028559792088560813e-05 0.00041038036820176037938
0.95000000000000006661 8.0917649574605474117e-05 0.00035253186742958638779
0.95999999999999996447 0.00011472034044478152321 0.00034070128798570418864
0.96999999999999997335 0.00015703513094672877826 0.00029239410610420687488
0.97999999999999998224 0.00020787650464577955064 0.00029748170891301351729
0.98999999999999999112 0.00026658675561436141668 0.00022878412927723800006
1 0.00033185548621976143375 0.00019747229285723203168
1.0100000000000000089 0.00040185247162320550992 7.5541239129743608695e-05
1.0200000000000000178 0.0004744500824371646378 5.4877696639828827622e-05
1.0300000000000000266 0.0005474879738392983029 -7.8084108557805776991e-05
1.0400000000000000355 0.00061902348195711312008 -0.00011366526839832005215
1.0500000000000000444 0.00068751882859856923349 -0.00014820377906204303033
1.0600000000000000533 0.00075193707119330563914 -0.00020463214708149233233
1.0700000000000000622 0.00081174453365025006028 -0.00021650047850203595848
1.0800000000000000711 0.00086683933991004878325 -0.00039543802053664976401
1.0900000000000000799 0.00091743768200719562345 -0.00029822406134078112416
1.1000000000000000888 0.00096395025906009128899 -0.00039467322352198413223
1.1100000000000000977 0.0010068736635151184257 -0.00040363979199927813371
1.1200000000000001066 0.0010467100994968549406 -0.0004674457934992150461
1.1300000000000001155 0.0010839181333810027612 -0.00044273245949595532549
1.1400000000000001243 0.0011188898829011452874 -0.00049168644586710459794
1.1500000000000001332 0.0011519467876731591654 -0.00052474335063911847592
1.1599999999999999201 0.001183346044807187308 -0.00052418316767965911739
1.1699999999999999289 0.001213291527815231214 -0.00048421746643266929191
1.1799999999999999378 0.0012419452532921541194 -0.00058477983025653247628
1.1899999999999999467 0.0012694374086372670323 -0.00053636838086323110168
1.1999999999999999556 0.001295874286597593775 -0.00053883575151301836038
1.2099999999999999645 0.0013213442043980819143 -0.00058827517662404598363
1.2199999999999999734 0.0013459217827617314407 -0.00059487560995287566863
1.2299999999999999822 0.0013696710074954968842 -0.0006425944002048415097
1.2399999999999999911 0.001392647432946040242 -0.0006455961683209975651
1.25 0.0014148997948629296606 -0.00052203374124443896465
1.2600000000000000089 0.0014364712178462537683 -0.00058555187478078331124
1.2700000000000000178 0.001457400140862157847 -0.000632447817406794335
1.2800000000000000266 0.0014777210422621351801 -0.00056687778540116372933
1.2900000000000000355 0.0014974650184686724621 -0.00072444673423352284013
1.3000000000000000444 0.0015166602531267172563 -0.00059383227171430652026
1.3100000000000000533 0.0015353324024177884746 -0.00073434964448062536001
1.3200000000000000622 0.001553504914990004376 -0.00062268705900230653626
1.3300000000000000711 0.0015711993000953672957 -0.00065236622686676965475
1.3400000000000000799 0.001588435354162673601 -0.00066960228093407596003
1.3500000000000000888 0.0016052313536432907988 -0.00068639828041469315781
1.3600000000000000977 0.0016216042202285524225 -0.00072474325842624863145
1.3700000000000001066 0.0016375696632568101114 -0.00065082280165742437301
1.3800000000000001155 0.0016531423031965765923 -0.00069435997350686525995
1.3900000000000001243 0.0016683357794878865207 -0.00071554581207389483105
1.4000000000000001332 0.0016831628458706267802 -0.00068243380562789477534
1.4099999999999999201 0.0016976354570617090828 -0.0007648201469821046955
1.4199999999999999289 0.0017117648533923513106 -0.00070504333445857826981
1.4299999999999999378 0.0017255616573715586853 -0.00068688075655195862321
1.4399999999999999467 0.0017390360135113294357 -0.00073431206508478433573
1.4499999999999999556 0.0017521978404289218108 -0.00073149414285180272034
1.4599999999999999645 0.0017650573398868389403 -0.00065846276711177304138
1.4699999999999999734 0.0017776260476731118015 -0.00060112023243535082397
1.4799999999999999822 0.0017899189496475443467 -0.00061341313440978336921
1.4899999999999999911 0.001801958553441092856 -0.00065741212008915889987
1.5 0.0018137823075459081224 -0.00061730183497376005936
1.5100000000000000089 0.0018254553407217944446 -0.00069489120242852836506
1.5200000000000000178 0.0018370910069414401588 -0.00053274754774505122049
1.5300000000000000266 0.0018488819140759628432 -0.00053055615982090689568
1.5400000000000000355 0.0018611437059271758714 -0.00048688900426809293871
1.5500000000000000444 0.0018743727476612053167 -0.00055404953931424238793
1.5600000000000000533 0.0018893174848858033336 -0.00045314147354697333937
1.5700000000000000622 0.0019070631997293891347 -0.00039498358365214506979
1.5800000000000000711 0.0019291346426074829513 -0.00036312353321811801504
1.5900000000000000799 0.001957636664683524378 -0.0001139781559506094534
1.6000000000000000888 0.0019954886065805619438 -7.5926493109232948489e-05
1.6100000000000000977 0.0020468750403580039145 9.44055250528480841e-05
1.6200000000000001066 0.0021181429056356271962 0.00035671412293812381974
1.6300000000000001155 0.0022195207798874805501 0.00053298353161449927781
1.6400000000000001243 0.0023681875820012981797 0.00086970040214040880699
1.6500000000000001332 0.0025932881104226363292 0.0010540798252050625691
1.6600000000000001421 0.002943320230106206796 0.00114948206349244509
1.6699999999999999289 0.0034956826706630727761 0.0010125919366972902305
1.6799999999999999378 0.0043668787555427510116 0.001325891483422998729
1.6899999999999999467 0.0057199291666981703572 0.0010035320403042309947
1.6999999999999999556 0.0077634010147269319826 0.00081570319272917992531
1.7099999999999999645 0.010735143636070979684 0.00021894489536355976611
1.7199999999999999734 0.014864814203200928805 -3.1652595816248838001e-05
1.7299999999999999822 0.0203139047851534707 -0.00027535406553466992841
1.7399999999999999911 0.027100420763453914735 -0.0014290243589491352649
1.75 0.03502568527190382669 -0.00069528370229895997134
1.7600000000000000089 0.04362878983133890165 0.0001056675124778555519
1.7700000000000000178 0.052194839136502850507 0.00063007159362066939012
1.7800000000000000266 0.059832817864513720973 0.0016091512619492223668
1.7900000000000000355 0.065618466454110443986 0.0011926853484293814534
1.8000000000000000444 0.068773302005582209739 -0.00034220771675622096986
1.8100000000000000533 0.068832825263328581422 -0.00089311166603091296512
1.8200000000000000622 0.065754137443553975495 -0.0040584909489269765936
1.8300000000000000711 0.059928948636492458679 -0.0061192872182929194946
1.8400000000000000799 0.052097272469351141311 -0.0089221041339133735915
1.8500000000000000888 0.043188462462200892522 -0.009742936547770274236
1.8600000000000000977 0.034137099477400401071 -0.0095922718373437909634
1.8700000000000001066 0.025724039873586290739 -0.009258949658380141029
1.8800000000000001155 0.018478409819387635327 -0.0079357991591922846797
1.8900000000000001243 0.01265233516669199941 -0.0061246253920190143333
1.9000000000000001332 0.0082571800306703614647 -0.0045658681050207185204
1.9100000000000001421 0.0051360239367173711814 -0.0028928727469579970828
1.9199999999999999289 0.0030446656688642714794 -0.0019780202943426583584
1.9299999999999999378 0.0017201071925329993254 -0.0011508301569948921686
1.9399999999999999467 0.00092611120550583248164 -0.00065645368073756938006
1.9499999999999999556 0.00047517409823041612546 -0.00038129332662930915396
1.9599999999999999645 0.00023233580629992763998 -0.00018040176344173494282
1.9699999999999999734 0.00010825458389029682751 -6.8305320153225521996e-05
1.9799999999999999822 4.8065913629063823317e-05 -3.4083671321088866387e-05
1.9899999999999999911 2.0336850035595595629e-05 -1.0349534101327769251e-05
2 8.1993845100034344403e-06 -4.2044581362963030419e-06
2.0100000000000002309 3.1501118926343443139e-06 -1.1526487057807794617e-06
2.0200000000000000178 1.1532260059323406242e-06 -1.1532260059323406242e-06
2.0300000000000002487 4.0229400670349681949e-07 -4.0229400670349681949e-07
2.0400000000000000355 1.3372441343894319634e-07 -1.3372441343894319634e-07
2.0499999999999998224 4.2355855509455075576e-08 3.9525705181976763757e-06
2.0600000000000000533 1.2783497828238750917e-08 -1.2783497828238750917e-08
2.0699999999999998401 3.6763557051092611556e-09 3.9912500180020218357e-06
2.0800000000000000711 1.0074307683705979385e-09 -1.0074307683705979385e-09
2.0899999999999998579 2.6305175987516311075e-10 1.997200135093689762e-06
2.1000000000000000888 6.5447660521751936524e-11 1.9973977391930431325e-06
2.1099999999999998757 1.5515746850457534881e-11 1.9974476711067142445e-06
2.1200000000000001066 3.5049007886589113299e-12 3.9949228688063423469e-06
2.1299999999999998934 7.5440090850951140966e-13 -7.5440090850951140966e-13
2.1400000000000001243 1.5472166837387374583e-13 -1.5472166837387374583e-13
2.1499999999999999112 3.0235813241616655599e-14 -3.0235813241616655599e-14
2.1600000000000001421 5.630058809104143561e-15 3.9949263680770728046e-06
2.1699999999999999289 9.9890507810450804967e-16 1.9974631858546597445e-06
2.1800000000000001599 1.6887090482985966871e-16 -1.6887090482985966871e-16
2.1899999999999999467 2.7202205614654302356e-17 -2.7202205614654302356e-17
2.2000000000000001776 4.1751443302906887569e-18 -4.1751443302906887569e-18
2.2099999999999999645 6.1059944016559386972e-19 -6.1059944016559386972e-19
2.2200000000000001954 8.5086044066910406479e-20 1.9974631868534797253e-06
2.2299999999999999822 1.1297355821236529174e-20 -1.1297355821236529174e-20
2.2400000000000002132 1.4292604688382829098e-21 1.9974631868535635816e-06
2.25 1.722906222937656988e-22 -1.722906222937656988e-22
2.2600000000000002309 1.9789152313469033759e-23 -1.9789152313469033759e-23
2.2700000000000000178 2.165746752795919972e-24 -2.165746752795919972e-24
2.2800000000000002487 2.2584097471354344221e-25 -2.2584097471354344221e-25
2.2900000000000000355 2.2439443001815625707e-26 -2.2439443001815625707e-26
2.3000000000000002665 2.1243954791734354041e-27 3.9949263737071313984e-06
2.3100000000000000533 1.9163390204505194835e-28 -1.9163390204505194835e-28
2.3199999999999998401 1.6471104660054042612e-29 -1.6471104660054042612e-29
2.3300000000000000711 1.3489202275928482893e-30 -1.3489202275928482893e-30
2.3399999999999998579 1.0525984458692622474e-31 -1.0525984458692622474e-31
2.3500000000000000888 7.8262167615085442666e-33 -7.8262167615085442666e-33
2.3599999999999998757 5.5443864867408459029e-34 -5.5443864867408459029e-34
2.3700000000000001066 3.7425481235727966067e-35 -3.7425481235727966067e-35
2.3799999999999998934 2.4070957765473427649e-36 -2.4070957765473427649e-36
2.3900000000000001243 1.4751332279451628638e-37 -1.4751332279451628638e-37
2.3999999999999999112 8.6135235277194568189e-39 -8.6135235277194568189e-39
2.4100000000000001421 4.7922779748932604694e-40 -4.7922779748932604694e-40
2.4199999999999999289 2.5404728575668017614e-41 3.9949263737071313984e-06
2.4300000000000001599 1.2832118707302540881e-42 -1.2832118707302540881e-42
2.4399999999999999467 6.1758008968680111876e-44 -6.1758008968680111876e-44
2.4500000000000001776 2.8320386505297727145e-45 -2.8320386505297727145e-45
2.4599999999999999645 1.2374165156530230736e-46 -1.2374165156530230736e-46
2.4700000000000001954 5.1516145151585455566e-48 -5.1516145151585455566e-48
2.4799999999999999822 2.0435318333275027374e-49 -2.0435318333275027374e-49
2.4900000000000002132 7.7237808368960306163e-51 1.9974631868535648522e-06
2.5 2.7815626988388198493e-52 -2.7815626988388198493e-52
2.5100000000000002309 9.5446067176298297943e-54 -9.5446067176298297943e-54
2.5200000000000000178 3.120594907776537282e-55 -3.120594907776537282e-55
2.5300000000000002487 9.7213556110356946718e-57 -9.7213556110356946718e-57
2.5400000000000000355 2.8855343604337726773e-58 1.9974631868535648522e-06
2.5500000000000002665 8.1608532362198931101e-60 -8.1608532362198931101e-60
2.5600000000000000533 2.1991492150864554754e-61 -2.1991492150864554754e-61
2.5699999999999998401 5.6465549561276423691e-63 -5.6465549561276423691e-63
2.5800000000000000711 1.3814083413560889737e-64 -1.3814083413560889737e-64
2.5899999999999998579 3.220105989980301365e-66 -3.220105989980301365e-66
2.6000000000000000888 7.1520042686032542499e-68 -7.1520042686032542499e-68
2.6099999999999998757 1.5135431227360188857e-69 -1.5135431227360188857e-69
2.6200000000000001066 3.051906342760104512e-71 -3.051906342760104512e-71
2.6299999999999998934 5.8634997168216075767e-73 -5.8634997168216075767e-73
2.6400000000000001243 1.0733759413054982208e-74 1.9974631868535648522e-06
2.6499999999999999112 1.8722161463674385904e-76 -1.8722161463674385904e-76
2.6600000000000001421 3.1114959441991148217e-78 1.9974631868535648522e-06
2.6699999999999999289 4.9271020702989813917e-80 1.9974631868535648522e-06
2.6800000000000001599 7.4340057433839686945e-82 1.9974631868535648522e-06
2.6899999999999999467 1.0687181523015936343e-83 1.9974631868535648522e-06
2.7000000000000001776 1.4639032999806350207e-85 1.9974631868535648522e-06
2.7099999999999999645 1.9106029974575202027e-87 -1.9106029974575202027e-87
2.7200000000000001954 2.3759502000384181588e-89 -2.3759502000384181588e-89
2.7299999999999999822 2.8152241572464364724e-91 -2.8152241572464364724e-91
2.7400000000000002132 3.1783180270424736552e-93 1.9974631868535648522e-06
2.75 3.4189315246369075074e-95 -3.4189315246369075074e-95
2.7600000000000002309 3.5042258865374416168e-97 -3.5042258865374416168e-97
2.7700000000000000178 3.4221763321569393567e-99 -3.4221763321569393567e-99
2.7800000000000002487 3.1843532049656903428e-101 1.9974631868535648522e-06
2.7900000000000000355 2.8232452437197352508e-103 1.9974631868535648522e-06
2.8000000000000002665 2.3849784682001405772e-105 -2.3849784682001405772e-105
2.8100000000000000533 1.9196796882622344254e-107 -1.9196796882622344254e-107
2.8199999999999998401 1.4722497598935896793e-109 1.9974631868535648522e-06
2.8300000000000000711 1.0758273882401662984e-111 1.9974631868535648522e-06
2.8399999999999998579 7.4905214070284629108e-114 -7.4905214070284629108e-114
2.8500000000000000888 4.9692382583427495584e-116 -4.9692382583427495584e-116
2.8599999999999998757 3.141057434786700906e-118 1.9974631868535648522e-06
2.8700000000000001066 1.8917780924942874404e-120 -1.8917780924942874404e-120
2.8799999999999998934 1.0856072472274910527e-122 1.9974631868535648522e-06
2.8900000000000001243 5.9358576233259183406e-125 -5.9358576233259183406e-125
2.8999999999999999112 3.0924478823288237783e-127 -3.0924478823288237783e-127
2.9100000000000001421 1.5350744669552262285e-129 -1.5350744669552262285e-129
2.9199999999999999289 7.2604681799792033887e-132 1.9974631868535648522e-06
2.9300000000000001599 3.2719593445526138013e-134 -3.2719593445526138013e-134
2.9399999999999999467 1.4049447327957969087e-136 -1.4049447327957969087e-136
2.9500000000000001776 5.7480247246860765025e-139 1.9974631868535648522e-06
2.9599999999999999645 2.240711982666300939e-141 1.9974631868535648522e-06
2.9700000000000001954 8.3226464303693723996e-144 -8.3226464303693723996e-144
2.9799999999999999822 2.9454037154351056134e-146 1.9974631868535648522e-06
2.9900000000000002132 9.9319876550514902007e-149 1.9974631868535648522e-06
3 3.1910634978563599442e-151 -3.1910634978563599442e-151
3.0100000000000002309 9.7688318677190360541e-154 1.9974631868535648522e-06
3.0200000000000000178 2.8494281963070786791e-156 1.9974631868535648522e-06
3.0300000000000002487 7.9191883834647365881e-159 -7.9191883834647365881e-159
3.0400000000000000355 2.0970630394046765335e-161 -2.0970630394046765335e-161
3.0500000000000002665 5.2911507361907037576e-164 -5.2911507361907037576e-164
3.0600000000000000533 1.2720277928560451955e-166 -1.2720277928560451955e-166
3.0700000000000002842 2.9137404781634296899e-169 -2.9137404781634296899e-169
3.0800000000000000711 6.3593527731745535464e-172 -6.3593527731745535464e-172
3.0899999999999998579 1.3224605744028807505e-174 1.9974631868535648522e-06
3.1000000000000000888 2.62035600732690808e-177 -2.62035600732690808e-177
3.1099999999999998757 4.9470420172482950323e-180 1.9974631868535648522e-06
3.1200000000000001066 8.8989469188025886042e-183 1.9974631868535648522e-06
3.1299999999999998934 1.5252440371746405137e-185 -1.5252440371746405137e-185
3.1400000000000001243 2.4908509618260728604e-188 -2.4908509618260728604e-188
3.1499999999999999112 3.8758219857000565033e-191 3.9949263737071313984e-06
3.1600000000000001421 5.7462902569932007272e-194 1.9974631868535648522e-06
3.1699999999999999289 8.117437260964117904e-197 -8.117437260964117904e-197
3.1800000000000001599 1.0925918388880833603e-199 -1.0925918388880833603e-199
3.1899999999999999467 1.401214363348197343e-202 1.9974631868535648522e-06
3.2000000000000001776 1.7122170295575347475e-205 1.9974631868535648522e-06
3.2099999999999999645 1.9935201716653920051e-208 -1.9935201716653920051e-208
3.2200000000000001954 2.21151573985329193e-211 -2.21151573985329193e-211
3.2299999999999999822 2.3375827859123465658e-214 1.9974631868535648522e-06
3.2400000000000002132 2.3542442566250442713e-217 -2.3542442566250442713e-217
3.25 2.2591422633841356104e-220 -2.2591422633841356104e-220
3.2600000000000002309 2.0655854746106887898e-223 -2.0655854746106887898e-223
3.2700000000000000178 1.7994934910278712427e-226 3.9949263737071313984e-06
3.2800000000000002487 1.4937052128937180351e-229 1.9974631868535648522e-06
3.2900000000000000355 1.1813729148737887259e-232 1.9974631868535648522e-06
3.3000000000000002665 8.9025948285655690169e-236 -8.9025948285655690169e-236
3.3100000000000000533 6.3922489776033705852e-239 -6.3922489776033705852e-239
3.3200000000000002842 4.3731887409794228522e-242 -4.3731887409794228522e-242
3.3300000000000000711 2.8506914629576520511e-245 -2.8506914629576520511e-245
3.3399999999999998579 1.7705559452095125899e-248 1.9974631868535648522e-06
3.3500000000000000888 1.0477954978494684452e-251 -1.0477954978494684452e-251
3.3599999999999998757 5.9081406811852877936e-255 3.9949263737071313984e-06
3.3700000000000001066 3.1741872603811341191e-258 1.9974631868535648522e-06
3.3799999999999998934 1.6248814021549025857e-261 3.9949263737071313984e-06
3.3900000000000001243 7.925345241431681562e-265 -7.925345241431681562e-265
3.3999999999999999112 3.6831728567756470942e-268 1.9974631868535648522e-06
3.4100000000000001421 1.6309227613103342777e-271 1.9974631868535648522e-06
3.4199999999999999289 6.8810079345842105112e-275 -6.8810079345842105112e-275
3.4300000000000001599 2.766165035668820575e-278 5.992389560560695827e-06
3.4399999999999999467 1.0595256435826418783e-281 3.9949263737071313984e-06
3.4500000000000001776 3.8668044086138525084e-285 3.9949263737071313984e-06
3.4599999999999999645 1.3446222016353928318e-288 7.9898527474142611027e-06
3.4700000000000001954 4.4550818027635500171e-292 -4.4550818027635500171e-292
3.4799999999999999822 1.4064309421880516812e-295 5.992389560560695827e-06
3.4900000000000002132 4.2304684398739338044e-299 5.992389560560695827e-06
3.5 1.2124555234522000913e-302 3.9949263737071313984e-06
3.5100000000000002309 3.310933635989654211e-306 9.9873159342678263783e-06
3.5200000000000000178 8.6147450873244842797e-310 1.9974631868535649369e-05
3.5300000000000002487 2.1357070189513876379e-313 9.9873159342678263783e-06
3.5400000000000000355 5.0448494683982800842e-317 1.9974631868535649369e-05
3.5500000000000002665 1.1353628541431845585e-320 1.7977168681682090869e-05
3.5600000000000000533 0 1.7977168681682090869e-05
3.5700000000000002842 0 1.7977168681682090869e-05
3.5800000000000000711 0 2.197209505538922142e-05
3.5899999999999998579 0 2.9961947802803479135e-05
3.6000000000000000888 0 2.396955824224277992e-05
3.6099999999999998757 0 2.7964484615949910471e-05
3.6200000000000001066 0 2.396955824224277992e-05
3.6299999999999998934 0 2.9961947802803479135e-05
3.6400000000000001243 0 3.1959410989657037634e-05
3.6499999999999999112 0 2.197209505538922142e-05
3.6600000000000001421 0 3.9949263737071313984e-06
3.6699999999999999289 0 1.5979705494828518817e-05
3.6800000000000001599 0 3.9949263737071313984e-06
3.6899999999999999467 0 5.992389560560695827e-06
3.7000000000000001776 0 1.9974631868535648522e-06
3.7099999999999999645 0 1.9974631868535648522e-06
3.7200000000000001954 0 5.992389560560695827e-06
3.7299999999999999822 0 3.9949263737071313984e-06
3.7400000000000002132 0 0
3.75 0 0
3.7600000000000002309 0 1.9974631868535648522e-06
3.7700000000000000178 0 0
3.7800000000000002487 0 0
3.7900000000000000355 0 0
3.8000000000000002665 0 0
3.8100000000000000533 0 0
3.8200000000000002842 0 0
3.8300000000000000711 0 0
3.8399999999999998579 0 0
3.8500000000000000888 0 0
3.8599999999999998757 0 0
3.8700000000000001066 0 0
3.8799999999999998934 0 0
3.8900000000000001243 0 0
3.8999999999999999112 0 0
3.9100000000000001421 0 0
3.9199999999999999289 0 0
3.9300000000000001599 0 0
3.9399999999999999467 0 0
3.9500000000000001776 0 0
3.9599999999999999645 0 0
3.9700000000000001954 0 0
3.9799999999999999822 0 0
3.9900000000000002132 0 0
4 0 0
4.0099999999999997868 0 0
4.0200000000000004619 0 0
4.0300000000000002487 0 0
4.0400000000000000355 0 0
4.0499999999999998224 0 0
4.0600000000000004974 0 0
4.0700000000000002842 0 0
4.0800000000000000711 0 0
4.0899999999999998579 0 0
4.0999999999999996447 0 0
4.1100000000000003197 0 0
4.1200000000000001066 0 0
4.1299999999999998934 0 0
4.1399999999999996803 0 0
4.1500000000000003553 0 0
4.1600000000000001421 0 0
4.1699999999999999289 0 0
4.1799999999999997158 0 0
4.1900000000000003908 0 0
4.2000000000000001776 0 0
4.2099999999999999645 0 0
4.2199999999999997513 0 0
4.2300000000000004263 0 0
4.2400000000000002132 0 0
4.25 0 0
4.2599999999999997868 0 0
4.2700000000000004619 0 0
4.2800000000000002487 0 0
4.2900000000000000355 0 0
4.2999999999999998224 0 0
4.3100000000000004974 0 0
4.3200000000000002842 0 0
4.3300000000000000711 0 0
4.3399999999999998579 0 0
4.3500000000000005329 0 0
4.3600000000000003197 0 0
4.3700000000000001066 0 0
4.3799999999999998934 0 0
4.3899999999999996803 0 0
4.4000000000000003553 0 0
4.4100000000000001421 0 0
4.4199999999999999289 0 0
4.4299999999999997158 0 0
4.4400000000000003908 0 0
4.4500000000000001776 0 0
4.4599999999999999645 0 0
4.4699999999999997513 0 0
4.4800000000000004263 0 0
4.4900000000000002132 0 0
4.5 0 0
4.5099999999999997868 0 0
4.5200000000000004619 0 0
4.5300000000000002487 0 0
4.5400000000000000355 0 0
4.5499999999999998224 0 0
4.5600000000000004974 0 0
4.5700000000000002842 0 0
4.5800000000000000711 0 0
4.5899999999999998579 0 0
4.6000000000000005329 0 0
4.6100000000000003197 0 0
4.6200000000000001066 0 0
4.6299999999999998934 0 0
4.6399999999999996803 0 0
4.6500000000000003553 0 0
4.6600000000000001421 0 0
4.6699999999999999289 0 0
4.6799999999999997158 0 0
4.6900000000000003908 0 0
4.7000000000000001776 0 0
4.7099999999999999645 0 0
4.7199999999999997513 0 0
4.7300000000000004263 0 0
4.7400000000000002132 0 0
4.75 0 0
4.7599999999999997868 0 0
4.7700000000000004619 0 0
4.7800000000000002487 0 0
4.7900000000000000355 0 0
4.7999999999999998224 0 0
4.8100000000000004974 0 0
4.8200000000000002842 0 0
4.8300000000000000711 0 0
4.8399999999999998579 0 0
4.8500000000000005329 0 0
4.8600000000000003197 0 0
4.8700000000000001066 0 0
4.8799999999999998934 0 0
4.8899999999999996803 0 0
4.9000000000000003553 0 0
4.9100000000000001421 0 0
4.9199999999999999289 0 0
4.9299999999999997158 0 0
4.9400000000000003908 0 0
4.9500000000000001776 0 0
4.9599999999999999645 0 0
4.9699999999999997513 0 0
4.9800000000000004263 0 0
4.9900000000000002132 0 0
5 0 0
5.0099999999999997868 0 0
5.0200000000000004619 0 0
5.0300000000000002487 0 0
5.0400000000000000355 0 0
5.0499999999999998224 0 0
5.0600000000000004974 0 0
5.0700000000000002842 0 0
5.0800000000000000711 0 0
5.0899999999999998579 0 0
5.1000000000000005329 0 0
5.1100000000000003197 0 0
5.1200000000000001066 0 0
5.1299999999999998934 0 0
5.1399999999999996803 0 0
5.1500000000000003553 0 0
5.1600000000000001421 0 0
5.1699999999999999289 0 0
5.1799999999999997158 0 0
5.1900000000000003908 0 0
5.2000000000000001776 0 0
5.2099999999999999645 0 0
5.2199999999999997513 0 0
5.2300000000000004263 0 0
5.2400000000000002132 0 0
5.25 0 0
5.2599999999999997868 0 0
5.2700000000000004619 0 0
5.2800000000000002487 0 0
5.2900000000000000355 0 0
5.2999999999999998224 0 0
5.3100000000000004974 0 0
5.3200000000000002842 0 0
5.3300000000000000711 0 0
5.3399999999999998579 0 0
5.3500000000000005329 0 0
5.3600000000000003197 0 0
5.3700000000000001066 0 0
5.3799999999999998934 0 0
5.3899999999999996803 0 0
5.4000000000000003553 0 0
5.4100000000000001421 0 0
5.4199999999999999289 0 0
5.4299999999999997158 0 0
5.4400000000000003908 0 0
5.4500000000000001776 0 0
5.4599999999999999645 0 0
5.4699999999999997513 0 0
5.4800000000000004263 0 0
5.4900000000000002132 0 0
5.5 0 0
5.5099999999999997868 0 0
5.5200000000000004619 0 0
5.5300000000000002487 0 0
5.5400000000000000355 0 0
5.5499999999999998224 0 0
5.5600000000000004974 0 0
5.5700000000000002842 0 0
5.5800000000000000711 0 0
5.5899999999999998579 0 0
5.6000000000000005329 0 0
5.6100000000000003197 0 0
5.6200000000000001066 0 0
5.6299999999999998934 0 0
5.6399999999999996803 0 0
5.6500000000000003553 0 0
5.6600000000000001421 0 0
5.6699999999999999289 0 0
5.6799999999999997158 0 0
5.6900000000000003908 0 0
5.7000000000000001776 0 0
5.7099999999999999645 0 0
5.7199999999999997513 0 0
5.7300000000000004263 0 0
5.7400000000000002132 0 0
5.75 0 0
5.7599999999999997868 0 0
5.7700000000000004619 0 0
5.7800000000000002487 0 0
5.7900000000000000355 0 0
5.7999999999999998224 0 0
5.8100000000000004974 0 0
5.8200000000000002842 0 0
5.8300000000000000711 0 0
5.8399999999999998579 0 0
5.8500000000000005329 0 0
5.8600000000000003197 0 0
5.8700000000000001066 0 0
5.8799999999999998934 0 0
5.8899999999999996803 0 0
5.9000000000000003553 0 0
5.9100000000000001421 0 0
5.9199999999999999289 0 0
5.9299999999999997158 0 0
5.9400000000000003908 0 0
5.9500000000000001776 0 0
5.9599999999999999645 0 0
5.9699999999999997513 0 0
5.9800000000000004263 0 0
5.9900000000000002132 0 0
6 0 0
6.0099999999999997868 0 0
6.0200000000000004619 0 0
6.0300000000000002487 0 0
6.0400000000000000355 0 0
6.0499999999999998224 0 0
6.0600000000000004974 0 0
6.0700000000000002842 0 0
6.0800000000000000711 0 0
6.0899999999999998579 0 0
6.1000000000000005329 0 0
6.1100000000000003197 0 0
6.1200000000000001066 0 0
6.1299999999999998934 0 0
6.1400000000000005684 0 0
6.1500000000000003553 0 0
6.1600000000000001421 0 0
6.1699999999999999289 0 0
6.1799999999999997158 0 0
6.1900000000000003908 0 0
6.2000000000000001776 0 0
6.2099999999999999645 0 0
6.2199999999999997513 0 0
6.2300000000000004263 0 0
6.2400000000000002132 0 0
6.25 0 0
6.2599999999999997868 0 0
6.2700000000000004619 0 0
6.2800000000000002487 0 0
6.2900000000000000355 0 0
6.2999999999999998224 0 0
6.3100000000000004974 0 0
6.3200000000000002842 0 0
6.3300000000000000711 0 0
6.3399999999999998579 0 0
6.3500000000000005329 0 0
6.3600000000000003197 0 0
6.3700000000000001066 0 0
6.3799999999999998934 0 0
6.3900000000000005684 0 0
6.4000000000000003553 0 0
6.4100000000000001421 0 0
6.4199999999999999289 0 0
6.4299999999999997158 0 0
6.4400000000000003908 0 0
6.4500000000000001776 0 0
6.4599999999999999645 0 0
6.4699999999999997513 0 0
6.4800000000000004263 0 0
6.4900000000000002132 0 0
6.5 0 0
6.5099999999999997868 0 0
6.5200000000000004619 0 0
6.5300000000000002487 0 0
6.5400000000000000355 0 0
6.5499999999999998224 0 0
6.5600000000000004974 0 0
6.5700000000000002842 0 0
6.5800000000000000711 0 0
6.5899999999999998579 0 0
6.6000000000000005329 0 0
6.6100000000000003197 0 0
6.6200000000000001066 0 0
6.6299999999999998934 0 0
6.6400000000000005684 0 0
6.6500000000000003553 0 0
6.6600000000000001421 0 0
6.6699999999999999289 0 0
6.6799999999999997158 0 0
6.6900000000000003908 0 0
6.7000000000000001776 0 0
6.7099999999999999645 0 0
6.7199999999999997513 0 0
6.7300000000000004263 0 0
6.7400000000000002132 0 0
6.75 0 0
6.7599999999999997868 0 0
6.7700000000000004619 0 0
6.7800000000000002487 0 0
6.7900000000000000355 0 0
6.7999999999999998224 0 0
6.8100000000000004974 0 0
6.8200000000000002842 0 0
6.8300000000000000711 0 0
6.8399999999999998579 0 0
6.8500000000000005329 0 0
6.8600000000000003197 0 0
6.8700000000000001066 0 0
6.8799999999999998934 0 0
6.8900000000000005684 0 0
6.9000000000000003553 0 0
6.9100000000000001421 0 0
6.9199999999999999289 0 0
6.9299999999999997158 0 0
6.9400000000000003908 0 0
6.9500000000000001776 0 0
6.9599999999999999645 0 0
6.9699999999999997513 0 0
6.9800000000000004263 0 0
6.9900000000000002132 0 0
7 0 0
7.0099999999999997868 0 0
7.0200000000000004619 0 0
7.0300000000000002487 0 0
7.0400000000000000355 0 0
7.0499999999999998224 0 0
7.0600000000000004974 0 0
7.0700000000000002842 0 0
7.0800000000000000711 0 0
7.0899999999999998579 0 0
7.1000000000000005329 0 0
7.1100000000000003197 0 0
7.1200000000000001066 0 0
7.1299999999999998934 0 0
7.1400000000000005684 0 0
7.1500000000000003553 0 0
7.1600000000000001421 0 0
7.1699999999999999289 0 0
7.1799999999999997158 0 0
7.1900000000000003908 0 0
7.2000000000000001776 0 0
7.2099999999999999645 0 0
7.2199999999999997513 0 0
7.2300000000000004263 0 0
7.2400000000000002132 0 0
7.25 0 0
7.2599999999999997868 0 0
7.2700000000000004619 0 0
7.2800000000000002487 0 0
7.2900000000000000355 0 0
7.2999999999999998224 0 0
7.3100000000000004974 0 0
7.3200000000000002842 0 0
7.3300000000000000711 0 0
7.3399999999999998579 0 0
7.3500000000000005329 0 0
7.3600000000000003197 0 0
7.3700000000000001066 0 0
7.3799999999999998934 0 0
7.3900000000000005684 0 0
7.4000000000000003553 0 0
7.4100000000000001421 0 0
7.4199999999999999289 0 0
7.4299999999999997158 0 0
7.4400000000000003908 0 0
7.4500000000000001776 0 0
7.4599999999999999645 0 0
7.4699999999999997513 0 0
7.4800000000000004263 0 0
7.4900000000000002132 0 0
7.5 0 0
7.5099999999999997868 0 0
7.5200000000000004619 0 0
7.5300000000000002487 0 0
7.5400000000000000355 0 0
7.5499999999999998224 0 0
7.5600000000000004974 0 0
7.5700000000000002842 0 0
7.5800000000000000711 0 0
7.5899999999999998579 0 0
7.6000000000000005329 0 0
7.6100000000000003197 0 0
7.6200000000000001066 0 0
7.6299999999999998934 0 0
7.6400000000000005684 0 0
7.6500000000000003553 0 0
7.6600000000000001421 0 0
7.6699999999999999289 0 0
7.6799999999999997158 0 0
7.6900000000000003908 0 0
7.7000000000000001776 0 0
7.7099999999999999645 0 0
7.7199999999999997513 0 0
7.7300000000000004263 0 0
7.7400000000000002132 0 0
7.75 0 0
7.7599999999999997868 0 0
7.7700000000000004619 0 0
7.7800000000000002487 0 0
7.7900000000000000355 0 0
7.7999999999999998224 0 0
7.8100000000000004974 0 0
7.8200000000000002842 0 0
7.8300000000000000711 0 0
7.8399999999999998579 0 0
7.8500000000000005329 0 0
7.8600000000000003197 0 0
7.8700000000000001066 0 0
7.8799999999999998934 0 0
7.8900000000000005684 0 0
7.9000000000000003553 0 0
7.9100000000000001421 0 0
7.9199999999999999289 0 0
7.930000000000000604 0 0
7.9400000000000003908 0 0
7.9500000000000001776 0 0
7.9599999999999999645 0 0
7.9699999999999997513 0 0
7.9800000000000004263 0 0
7.9900000000000002132 0 0
8 0 0
8.0099999999999997868 0 0
8.0199999999999995737 0 0
8.0299999999999993605 0 0
8.0400000000000009237 0 0
8.0500000000000007105 0 0
8.0600000000000004974 0 0
8.0700000000000002842 0 0
8.0800000000000000711 0 0
8.0899999999999998579 0 0
8.0999999999999996447 0 0
8.1099999999999994316 0 0
8.1200000000000009948 0 0
8.1300000000000007816 0 0
8.1400000000000005684 0 0
8.1500000000000003553 0 0
8.1600000000000001421 0 0
8.1699999999999999289 0 0
8.1799999999999997158 0 0
8.1899999999999995026 0 0
8.1999999999999992895 0 0
8.2100000000000008527 0 0
8.2200000000000006395 0 0
8.2300000000000004263 0 0
8.2400000000000002132 0 0
8.25 0 0
8.2599999999999997868 0 0
8.2699999999999995737 0 0
8.2799999999999993605 0 0
8.2900000000000009237 0 0
8.3000000000000007105 0 0
8.3100000000000004974 0 0
8.3200000000000002842 0 0
8.3300000000000000711 0 0
8.3399999999999998579 0 0
8.3499999999999996447 0 0
8.3599999999999994316 0 0
8.3700000000000009948 0 0
8.3800000000000007816 0 0
8.3900000000000005684 0 0
8.4000000000000003553 0 0
8.4100000000000001421 0 0
8.4199999999999999289 0 0
8.4299999999999997158 0 0
8.4399999999999995026 0 0
8.4499999999999992895 0 0
8.4600000000000008527 0 0
8.4700000000000006395 0 0
8.4800000000000004263 0 0
8.4900000000000002132 0 0
8.5 0 0
8.5099999999999997868 0 0
8.5199999999999995737 0 0
8.5299999999999993605 0 0
8.5400000000000009237 0 0
8.5500000000000007105 0 0
8.5600000000000004974 0 0
8.5700000000000002842 0 0
8.5800000000000000711 0 0
8.5899999999999998579 0 0
8.5999999999999996447 0 0
8.6099999999999994316 0 0
8.6200000000000009948 0 0
8.6300000000000007816 0 0
8.6400000000000005684 0 0
8.6500000000000003553 0 0
8.6600000000000001421 0 0
8.6699999999999999289 0 0
8.6799999999999997158 0 0
8.6899999999999995026 0 0
8.7000000000000010658 0 0
8.7100000000000008527 0 0
8.7200000000000006395 0 0
8.7300000000000004263 0 0
8.7400000000000002132 0 0
8.75 0 0
8.7599999999999997868 0 0
8.7699999999999995737 0 0
8.7799999999999993605 0 0
8.7900000000000009237 0 0
8.8000000000000007105 0 0
8.8100000000000004974 0 0
8.8200000000000002842 0 0
8.8300000000000000711 0 0
8.8399999999999998579 0 0
8.8499999999999996447 0 0
8.8599999999999994316 0 0
8.8700000000000009948 0 0
8.8800000000000007816 0 0
8.8900000000000005684 0 0
8.9000000000000003553 0 0
8.9100000000000001421 0 0
8.9199999999999999289 0 0
8.9299999999999997158 0 0
8.9399999999999995026 0 0
8.9500000000000010658 0 0
8.9600000000000008527 0 0
8.9700000000000006395 0 0
8.9800000000000004263 0 0
8.9900000000000002132 0 0
9 0 0
9.0099999999999997868 0 0
9.0199999999999995737 0 0
9.0299999999999993605 0 0
9.0400000000000009237 0 0
9.0500000000000007105 0 0
9.0600000000000004974 0 0
9.0700000000000002842 0 0
9.0800000000000000711 0 0
9.0899999999999998579 0 0
9.0999999999999996447 0 0
9.1099999999999994316 0 0
9.1200000000000009948 0 0
9.1300000000000007816 0 0
9.1400000000000005684 0 0
9.1500000000000003553 0 0
9.1600000000000001421 0 0
9.1699999999999999289 0 0
9.1799999999999997158 0 0
9.1899999999999995026 0 0
9.2000000000000010658 0 0
9.2100000000000008527 0 0
9.2200000000000006395 0 0
9.2300000000000004263 0 0
9.2400000000000002132 0 0
9.25 0 0
9.2599999999999997868 0 0
9.2699999999999995737 0 0
9.2799999999999993605 0 0
9.2900000000000009237 0 0
9.3000000000000007105 0 0
9.3100000000000004974 0 0
9.3200000000000002842 0 0
9.3300000000000000711 0 0
9.3399999999999998579 0 0
9.3499999999999996447 0 0
9.3599999999999994316 0 0
9.3700000000000009948 0 0
9.3800000000000007816 0 0
9.3900000000000005684 0 0
9.4000000000000003553 0 0
9.4100000000000001421 0 0
9.4199999999999999289 0 0
9.4299999999999997158 0 0
9.4399999999999995026 0 0
9.4500000000000010658 0 0
9.4600000000000008527 0 0
9.4700000000000006395 0 0
9.4800000000000004263 0 0
9.4900000000000002132 0 0
9.5 0 0
9.5099999999999997868 0 0
9.5199999999999995737 0 0
9.5299999999999993605 0 0
9.5400000000000009237 0 0
9.5500000000000007105 0 0
9.5600000000000004974 0 0
9.5700000000000002842 0 0
9.5800000000000000711 0 0
9.5899999999999998579 0 0
9.5999999999999996447 0 0
9.6099999999999994316 0 0
9.6200000000000009948 0 0
9.6300000000000007816 0 0
9.6400000000000005684 0 0
9.6500000000000003553 0 0
9.6600000000000001421 0 0
9.6699999999999999289 0 0
9.6799999999999997158 0 0
9.6899999999999995026 0 0
9.7000000000000010658 0 0
9.7100000000000008527 0 0
9.7200000000000006395 0 0
9.7300000000000004263 0 0
9.7400000000000002132 0 0
9.75 0 0
9.7599999999999997868 0 0
9.7699999999999995737 0 0
9.7799999999999993605 0 0
9.7900000000000009237 0 0
9.8000000000000007105 0 0
9.8100000000000004974 0 0
9.8200000000000002842 0 0
9.8300000000000000711 0 0
9.8399999999999998579 0 0
9.8499999999999996447 0 0
9.8599999999999994316 0 0
9.8700000000000009948 0 0
9.8800000000000007816 0 0
9.8900000000000005684 0 0
9.9000000000000003553 0 0
9.9100000000000001421 0 0
9.9199999999999999289 0 0
9.9299999999999997158 0 0
9.9399999999999995026 0 0
9.9500000000000010658 0 0
9.9600000000000008527 0 0
9.9700000000000006395 0 0
9.9800000000000004263 0 0
9.9900000000000002132 0 0
10 0 0
10.009999999999999787 0 0
10.019999999999999574 0 0
10.029999999999999361 0 0
10.040000000000000924 0 0
10.050000000000000711 0 0
10.060000000000000497 0 0
10.070000000000000284 0 0
10.080000000000000071 0 0
10.089999999999999858 0 0
10.099999999999999645 0 0
10.109999999999999432 0 0
10.120000000000000995 0 0
10.130000000000000782 0 0
10.140000000000000568 0 0
10.150000000000000355 0 0
10.160000000000000142 0 0
10.169999999999999929 0 0
10.179999999999999716 0 0
10.189999999999999503 0 0
10.200000000000001066 0 0
10.210000000000000853 0 0
10.220000000000000639 0 0
10.230000000000000426 0 0
