0 8.5751979211561794753e-71 -8.5751979211561794753e-71
0.010000000000000000208 4.5187468801702387403e-69 -4.5187468801702387403e-69
0.020000000000000000416 2.2594297699240068632e-67 -2.2594297699240068632e-67
0.02999999999999999889 1.0719871589856722533e-65 -1.0719871589856722533e-65
0.040000000000000000833 4.8260662287479820727e-64 -4.8260662287479820727e-64
0.050000000000000002776 2.0616413115269643129e-62 -2.0616413115269643129e-62
0.05999999999999999778 8.3570381537461183583e-61 -8.3570381537461183583e-61
0.070000000000000006661 3.2145083413427281848e-59 -3.2145083413427281848e-59
0.080000000000000001665 1.1732841949561416418e-57 -1.1732841949561416418e-57
0.089999999999999996669 4.0637045599267754453e-56 -4.0637045599267754453e-56
0.10000000000000000555 1.3355962471192974168e-54 -1.3355962471192974168e-54
0.11000000000000000056 4.1654938836391221062e-53 -4.1654938836391221062e-53
0.11999999999999999556 1.2328218782406264159e-51 -1.2328218782406264159e-51
0.13000000000000000444 3.4624312156624095028e-50 -3.4624312156624095028e-50
0.14000000000000001332 9.2281286800536519633e-49 -9.2281286800536519633e-49
0.14999999999999999445 2.3340098860790630567e-47 9.596449672244489193e-05
0.16000000000000000333 5.6021332297473377083e-46 0.00015194377920124679804
0.17000000000000001221 1.2760604438422575264e-44 0.0001499445206718519059
0.17999999999999999334 2.7584287818726843769e-43 0.00015194377920124679804
0.19000000000000000222 5.6588860386178733208e-42 0.00015994082787074148655
0.2000000000000000111 1.1017549030038716001e-40 0.00013994821347296240656
0.20999999999999999223 2.0357781929428214484e-39 0.00014794526214245709507
0.22000000000000000111 3.5700495273113919082e-38 0.00013994821347296240656
0.23000000000000000999 5.9418762814170659251e-37 0.00013794895494356748731
0.23999999999999999112 9.3861222762523807996e-36 0.00013794895494356748731
0.25 1.40724635053946356e-34 0.00016393934492953118952
0.26000000000000000888 2.0025525058500328125e-33 0.00015194377920124679804
0.27000000000000001776 2.7048088306228400514e-32 0.00014194748655427249996
0.28000000000000002665 3.4676693058019639203e-31 0.00015994082787074148655
0.28999999999999998002 4.2198530452298955591e-30 0.00017193637904711070387
0.2999999999999999889 4.8744572454388072276e-29 0.0001259534037671982971
0.30999999999999999778 5.3448544438847543728e-28 0.00015794155478943139315
0.32000000000000000666 5.5633743962507795297e-27 0.00015594229626003650101
0.33000000000000001554 5.4972611029303678448e-26 0.0001239541306858882037
0.34000000000000002442 5.1567234652634713016e-25 0.00017393563757650548759
0.35000000000000003331 4.5923540420996720847e-24 0.0001759349106578156081
0.35999999999999998668 3.8828137829332409215e-23 0.00017793416918721050024
0.36999999999999999556 3.1169093322797265045e-22 0.00014394674508366731079
0.38000000000000000444 2.3756698948427026552e-21 0.00015594229626003650101
0.39000000000000001332 1.7192995435663794442e-20 0.00021392085182014847341
0.4000000000000000222 1.1815202351608931418e-19 0.0001639393449295310811
0.41000000000000003109 7.7104040800891873565e-19 0.00018393194477539433641
0.41999999999999998446 4.7784097532685143796e-18 0.00016393934492952641903
0.42999999999999999334 2.8124559119615970298e-17 0.00019792676903304627103
0.44000000000000000222 1.5722154082070826779e-16 0.00016194008639997919648
0.4500000000000000111 8.3481949970379753713e-16 0.00018193268624516539464
0.46000000000000001998 4.210756470294353642e-15 0.00016993712051350506865
0.47000000000000002887 2.0176708374197557216e-14 0.00016993712049753910746
0.47999999999999998224 9.1854829245509104241e-14 0.0001799334276247505646
0.48999999999999999112 3.973356606107937187e-13 0.00019392825157694894723
0.5 1.6332901241384726836e-12 0.0001799334260833152638
0.51000000000000000888 6.3807275931141340242e-12 0.00018992971398285209269
0.52000000000000001776 2.3693761284747427005e-11 0.00022791565238406652993
0.53000000000000002665 8.3640434015183404168e-11 0.00019992594392203517418
0.54000000000000003553 2.8072749381868685374e-10 0.00021192131256325986706
0.55000000000000004441 8.9601488504757481375e-10 0.00021192069727586865333
0.56000000000000005329 2.720135687684335698e-09 0.00019792404889738672048
0.57000000000000006217 7.8560430771071841316e-09 0.00024190264429242998409
0.57999999999999996003 2.1590302071975199047e-08 0.00025388447576171952781
0.58999999999999996891 5.6476933147061819175e-08 0.00017787769225406343046
0.5999999999999999778 1.4066016067586901751e-07 0.00022577575738775702949
0.60999999999999998668 3.3366073162884222583e-07 0.00020758940094841985859
0.61999999999999999556 7.5411608151507195098e-07 0.00023515859411389223861
0.63000000000000000444 1.6246403056301197367e-06 0.00021829398710270298055
0.64000000000000001332 3.3379053647683052854e-06 0.00023857259497073879254
0.6500000000000000222 6.5437913553261271789e-06 0.0002233711432518965779
0.66000000000000003109 1.2248922888777394731e-05 0.00025565195288077821123
0.67000000000000003997 2.1907488094513149612e-05 0.00021800373915968385185
0.68000000000000004885 3.7468942864740189212e-05 0.00022043564025784099332
0.69000000000000005773 6.1340012393157266148e-05 0.00022655347777417742319
0.70000000000000006661 9.6222813388720419706e-05 0.00021366252060195777148
0.70999999999999996447 0.00014481346252346772468 0.00018906300292377924946
0.71999999999999997335 0.00020938534377452490778 0.00014448373607050117346
0.72999999999999998224 0.00029132819172135600815 6.2540888123670073089e-05
0.73999999999999999112 0.00039075051135845306977 3.9090450811238850511e-05
0.75 0.00050625984943429189981 -0.00011240556989753800691
0.76000000000000000888 0.00063500296317978263856 -0.00024714645923121334077
0.77000000000000001776 0.00077298184837241979122 -0.00038512534442385049343
0.78000000000000002665 0.00091558364989490544777 -0.00047974491213702893239
0.79000000000000003553 0.0010582017022251314926 -0.00067434371533535192485
0.80000000000000004441 0.0011968043004846515807 -0.00080095076241850282281
0.81000000000000005329 0.0013283334442287710736 -0.00092048435498625312545
0.82000000000000006217 0.0014508748550983024961 -0.0010430257658557845479
0.83000000000000007105 0.0015636083638537697817 -0.0011197725919783138061
0.83999999999999996891 0.0016665999142875830875 -0.0012387582106472860323
0.8499999999999999778 0.0017605190589743214061 -0.0013446729356142239978
0.85999999999999998668 0.001846359032549349825 -0.0014225158459678424999
0.86999999999999999556 0.0019252108631264747054 -0.00148937212536859819
0.88000000000000000444 0.0019981124524487236908 -0.0015602744561614523104
0.89000000000000001332 0.0020659690090365592265 -0.0016301302712786827111
0.9000000000000000222 0.0021295275161133165633 -0.0016936887783554400479
0.91000000000000003109 0.0021893844401419831382 -0.001693567917398430215
0.92000000000000003997 0.0022460090369276456031 -0.0018241651088755331429
0.93000000000000004885 0.002299770386556780101 -0.0017899589958998022091
0.94000000000000005773 0.0023509618315094957426 -0.0018911319622950503901
0.95000000000000006661 0.0023998204778625338227 -0.001949986930398893252
0.95999999999999996447 0.0024465416838072690485 -0.0019287332590327116964
0.96999999999999997335 0.002491289419512032581 -0.0020354580673563769586
0.97999999999999998224 0.0025342035754111575871 -0.002012396633577810505
0.98999999999999999112 0.0025754051456553365453 -0.0020635944964689637883
1 0.0026149999718646081172 -0.0021351775173562141143
1.0100000000000000089 0.0026530815142572984795 -0.0021272760553651616673
1.0200000000000000178 0.0026897329560294758709 -0.0022199067941680561931
1.0300000000000000266 0.0027250288391601562923 -0.0022072204143855989403
1.0400000000000000355 0.0027590363614476507564 -0.0022032420246145909687
1.0500000000000000444 0.0027918164219115780729 -0.0022360220850785182851
1.0600000000000000533 0.0028234244748493128076 -0.00227962568919262221
1.0700000000000000622 0.0028539112355305965366 -0.0023261065181090648593
1.0800000000000000711 0.0028833232689975283811 -0.0023295281906938634583
1.0900000000000000799 0.002911703485521110156 -0.0023219216954806767492
1.1000000000000000888 0.0029390915606645395472 -0.0022813349224170198157
1.1100000000000000977 0.0029655242938439398299 -0.0023977343476268499385
1.1200000000000001066 0.0029910359162768616371 -0.0023872593165306641751
1.1300000000000001155 0.0030156583569602374642 -0.0024138810157434348672
1.1400000000000001243 0.0030394214736315550325 -0.00241165377153261919
1.1500000000000001332 0.0030623532544599707528 -0.0023446188021229441567
1.1599999999999999201 0.0030844799955939581834 -0.0023647462847275367223
1.1699999999999999289 0.0031058264602198135465 -0.0023920905249415766805
1.1799999999999999378 0.0031264160282230132534 -0.0024206771270623558476
1.1899999999999999467 0.0031462708567312159744 -0.0024505283064251938072
1.1999999999999999556 0.0031654121030271343933 -0.0023956968707181803928
1.2099999999999999645 0.0031838603417373651308 -0.0023821569729580932898
1.2199999999999999734 0.0032016365034546784459 -0.002295971574731551796
1.2299999999999999822 0.0032187641130225000397 -0.0023310925692715880886
1.2399999999999999911 0.003235274605897617891 -0.0021896615219091902088
1.25 0.0032512196493665957223 -0.002237594701848485447
1.2600000000000000089 0.0032666989025049845453 -0.0021711042970740234564
1.2700000000000000178 0.0032819209207439318556 -0.0020843640721061717364
1.2800000000000000266 0.0032973335463175562458 -0.0020278032742062591584
1.2900000000000000355 0.0033138962591526929975 -0.0018104525644792139605
1.3000000000000000444 0.003333633150041625734 -0.0015422959943046426947
1.3100000000000000533 0.0033607163985637420432 -0.0013154731185553072276
1.3200000000000000622 0.0034034941692997924649 -0.0010123788726677414307
1.3300000000000000711 0.0034780710457798769651 -0.00063112433878450896127
1.3400000000000000799 0.0036141818728575728428 -0.00041936406533217692946
1.3500000000000000888 0.0038639699078099588002 -0.00016333916847871381151
1.3600000000000000977 0.0043135741359727232391 -9.5135030074581378168e-05
1.3700000000000001066 0.0050958241170259831881 1.0286474415409710415e-05
1.3800000000000001155 0.0063997568321195056132 7.8724007341454335651e-06
1.3900000000000001243 0.0084696590890539092539 -2.078544249657816867e-05
1.4000000000000001332 0.011584372946322288658 -0.00048647889614137837522
1.4099999999999999201 0.016008912765843305581 -0.00058262068168583522332
1.4199999999999999289 0.021917078472643437836 -0.00042103213813835665968
1.4299999999999999378 0.029295926069728823321 0.00029712441016009616401
1.4399999999999999467 0.037857504981195534699 0.0026255152648333654475
1.4499999999999999556 0.046993526375647957927 0.0042075303133760136309
1.4599999999999999645 0.055806801014601573052 0.0053525713151103340715
1.4699999999999999734 0.06323495833983738823 0.0075708446014849384298
1.4799999999999999822 0.068250355809472695867 0.007393653005815847834
1.4899999999999999911 0.070086922220722741583 0.0062968174891313843933
1.5 0.068425693433979195568 0.0038995436613767919809
1.5100000000000000089 0.063477527389701512983 8.8956167522760698496e-05
1.5200000000000000178 0.055933937797715597984 -0.0038891959883474713777
1.5300000000000000266 0.046802260366721686047 -0.0064571876204448236392
1.5400000000000000355 0.037179785415291821682 -0.008538382693886792385
1.5500000000000000444 0.028036893719395737656 -0.0085081191747990690677
1.5600000000000000533 0.020067151776077315345 -0.0078316788659711349813
1.5700000000000000622 0.013631244331626114416 -0.0062919600419978471278
1.5800000000000000711 0.0087871610996400600219 -0.0048406211537396198058
1.5900000000000000799 0.0053752738155260076924 -0.003240063843487142603
1.6000000000000000888 0.0031201237691055039303 -0.0020985017874698141949
1.6100000000000000977 0.0017184868495504748622 -0.0011866836150701534549
1.6200000000000001066 0.00089807069301607264124 -0.00066015872429127050482
1.6300000000000001155 0.00044530106997182986863 -0.00033334249773826849644
1.6400000000000001243 0.00020949159899619210147 -0.00016350861280234332763
1.6500000000000001332 9.3506396914394725173e-05 -8.3510095172473382263e-05
1.6600000000000001421 3.959781361738756787e-05 -2.560299208819238957e-05
1.6699999999999999289 1.5909280779184346692e-05 -1.391002043080007811e-05
1.6799999999999999378 6.0642123873238279355e-06 -2.0656916905552907718e-06
1.6899999999999999467 2.1929992714740979055e-06 -2.1929992714740979055e-06
1.6999999999999999556 7.5238313607264176894e-07 1.2468772123116272364e-06
1.7099999999999999645 2.4489099167390180778e-07 1.7543693567103672505e-06
1.7199999999999999734 7.5620032074917941755e-08 -7.5620032074917941755e-08
1.7299999999999999822 2.2152799838904917058e-08 -2.2152799838904917058e-08
1.7399999999999999911 6.1566692130667865922e-09 -6.1566692130667865922e-09
1.75 1.6232537078716013536e-09 3.9968974430606652923e-06
1.7600000000000000089 4.06021040567749259e-10 -4.06021040567749259e-10
1.7700000000000000178 9.6345310255042997987e-11 -9.6345310255042997987e-11
1.7800000000000000266 2.1688575730733113719e-11 -2.1688575730733113719e-11
1.7900000000000000355 4.6317867045791782787e-12 1.9992557165975643216e-06
1.8000000000000000444 9.3838684282671618543e-13 -9.3838684282671618543e-13
1.8100000000000000533 1.8035574942974072765e-13 1.9992601680285195968e-06
1.8200000000000000622 3.288454044484271377e-14 -3.288454044484271377e-14
1.8300000000000000711 5.6880883502851069531e-15 -5.6880883502851069531e-15
1.8400000000000000799 9.3336777831553843037e-16 -9.3336777831553843037e-16
1.8500000000000000888 1.4529491029941269273e-16 -1.4529491029941269273e-16
1.8600000000000000977 2.1456476158074147566e-17 1.9992603483628123903e-06
1.8700000000000001066 3.0059110503442763136e-18 -3.0059110503442763136e-18
1.8800000000000001155 3.9948728416104202322e-19 -3.9948728416104202322e-19
1.8900000000000001243 5.0366100546833493546e-20 -5.0366100546833493546e-20
1.9000000000000001332 6.0239546594763634738e-21 -6.0239546594763634738e-21
1.9100000000000001421 6.8349062407281386681e-22 -6.8349062407281386681e-22
1.9199999999999999289 7.3568256802684669885e-23 -7.3568256802684669885e-23
1.9299999999999999378 7.5119895328734633932e-24 -7.5119895328734633932e-24
1.9399999999999999467 7.2765527584522174691e-25 -7.2765527584522174691e-25
1.9499999999999999556 6.686551780768244841e-26 -6.686551780768244841e-26
1.9599999999999999645 5.8288678324228305834e-27 -5.8288678324228305834e-27
1.9699999999999999734 4.8202696838598870106e-28 -4.8202696838598870106e-28
1.9799999999999999822 3.7814928662926996318e-29 -3.7814928662926996318e-29
1.9899999999999999911 2.8142311077009982945e-30 -2.8142311077009982945e-30
2 1.9868289557609324666e-31 -1.9868289557609324666e-31
2.0100000000000002309 1.3306541350141315398e-32 -1.3306541350141315398e-32
2.0200000000000000178 8.4542217226698893946e-34 -8.4542217226698893946e-34
2.0300000000000002487 5.0954856648314195397e-35 -5.0954856648314195397e-35
2.0400000000000000355 2.9134047132132191595e-36 1.9992603483842690054e-06
2.0499999999999998224 1.5802257239935457378e-37 1.9992603483842690054e-06
2.0600000000000000533 8.1309316812717763923e-39 -8.1309316812717763923e-39
2.0699999999999998401 3.9688454217501652362e-40 1.9992603483842690054e-06
2.0800000000000000711 1.8377674939686551793e-41 1.9992603483842690054e-06
2.0899999999999998579 8.0727087763567143785e-43 -8.0727087763567143785e-43
2.1000000000000000888 3.363955039752561585e-44 -3.363955039752561585e-44
2.1099999999999998757 1.3297901233362322397e-45 -1.3297901233362322397e-45
2.1200000000000001066 4.9867534853045577131e-47 -4.9867534853045577131e-47
2.1299999999999998934 1.7740033410442429471e-48 1.9992603483842690054e-06
2.1400000000000001243 5.9867699515968589436e-50 -5.9867699515968589436e-50
2.1499999999999999112 1.916603084898641328e-51 -1.916603084898641328e-51
2.1600000000000001421 5.8206723010584971244e-53 -5.8206723010584971244e-53
2.1699999999999999289 1.6769316206413547883e-54 -1.6769316206413547883e-54
2.1800000000000001599 4.5830931547709599088e-56 -4.5830931547709599088e-56
2.1899999999999999467 1.1882369002487559201e-57 -1.1882369002487559201e-57
2.2000000000000001776 2.9224581656752283555e-59 7.9970413935370743275e-06
2.2099999999999999645 6.8185870705355615292e-61 -6.8185870705355615292e-61
2.2200000000000001954 1.5091805655336575712e-62 -1.5091805655336575712e-62
2.2299999999999999822 3.1687549336296068166e-64 1.9992603483842690054e-06
2.2400000000000002132 6.3115590659556296081e-66 1.9992603483842690054e-06
2.25 1.1925733904502994618e-67 -1.1925733904502994618e-67
2.2600000000000002309 2.1376370338249646911e-69 -2.1376370338249646911e-69
2.2700000000000000178 3.6348218003469578075e-71 -3.6348218003469578075e-71
2.2800000000000002487 5.8631704341879331582e-73 1.9992603483842690054e-06
2.2900000000000000355 8.9718515163789745949e-75 1.9992603483842690054e-06
2.3000000000000002665 1.3023620472610141157e-76 -1.3023620472610141157e-76
2.3100000000000000533 1.7934175512508764863e-78 -1.7934175512508764863e-78
2.3199999999999998401 2.3427776136825199759e-80 -2.3427776136825199759e-80
2.3300000000000000711 2.9032244979484244802e-82 -2.9032244979484244802e-82
2.3399999999999998579 3.4129507362071390386e-84 1.9992603483842690054e-06
2.3500000000000000888 3.8060913484775161635e-86 -3.8060913484775161635e-86
2.3599999999999998757 4.0265039383495863324e-88 1.9992603483842690054e-06
2.3700000000000001066 4.0408872115779868e-90 -4.0408872115779868e-90
2.3799999999999998934 3.8470245452731851631e-92 -3.8470245452731851631e-92
2.3900000000000001243 3.4743435821836415572e-94 3.9985206967685371637e-06
2.3999999999999999112 2.9765974215438614276e-96 -2.9765974215438614276e-96
2.4100000000000001421 2.4191729725312351644e-98 1.9992603483842690054e-06
2.4199999999999999289 1.8651474932215461166e-100 -1.8651474932215461166e-100
2.4300000000000001599 1.3641396577834806374e-102 -1.3641396577834806374e-102
2.4399999999999999467 9.4646343663816852257e-105 -9.4646343663816852257e-105
2.4500000000000001776 6.2294278349300895823e-107 -6.2294278349300895823e-107
2.4599999999999999645 3.8894818470600201997e-109 -3.8894818470600201997e-109
2.4700000000000001954 2.3037458828725123147e-111 -2.3037458828725123147e-111
2.4799999999999999822 1.2944241034396938641e-113 3.9985206967685371637e-06
2.4900000000000002132 6.8995024062991861773e-116 1.9992603483842690054e-06
2.5 3.4886554095463122603e-118 1.9992603483842690054e-06
2.5100000000000002309 1.673391153921139381e-120 3.9985206967685371637e-06
2.5200000000000000178 7.6144040933214551107e-123 -7.6144040933214551107e-123
2.5300000000000002487 3.2868009091092027266e-125 -3.2868009091092027266e-125
2.5400000000000000355 1.3458909415051671469e-127 -1.3458909415051671469e-127
2.5500000000000002665 5.2281170913640588107e-130 -5.2281170913640588107e-130
2.5600000000000000533 1.9265472975961502825e-132 -1.9265472975961502825e-132
2.5699999999999998401 6.7346177589036978158e-135 -6.7346177589036978158e-135
2.5800000000000000711 2.2332899144776045817e-137 -2.2332899144776045817e-137
2.5899999999999998579 7.0254817311422972128e-140 -7.0254817311422972128e-140
2.6000000000000000888 2.0965534420421657049e-142 1.9992603483842690054e-06
2.6099999999999998757 5.9351891521098697277e-145 -5.9351891521098697277e-145
2.6200000000000001066 1.5939032824421754751e-147 3.9985206967685371637e-06
2.6299999999999998934 4.0605804093697591218e-150 -4.0605804093697591218e-150
2.6400000000000001243 9.813252883497603938e-153 3.9985206967685371637e-06
2.6499999999999999112 2.2497619569004561669e-155 -2.2497619569004561669e-155
2.6600000000000001421 4.8928153556877735823e-158 3.9985206967685371637e-06
2.6699999999999999289 1.0094382168168244091e-160 -1.0094382168168244091e-160
2.6800000000000001599 1.9756012656709858899e-163 1.9992603483842690054e-06
2.6899999999999999467 3.6678998114724324836e-166 -3.6678998114724324836e-166
2.7000000000000001776 6.4600254457786379442e-169 -6.4600254457786379442e-169
2.7099999999999999645 1.0793183695282016245e-171 1.9992603483842690054e-06
2.7200000000000001954 1.7106590723071816964e-174 -1.7106590723071816964e-174
2.7299999999999999822 2.5720292238772688698e-177 -2.5720292238772688698e-177
2.7400000000000002132 3.6684858795369104132e-180 -3.6684858795369104132e-180
2.75 4.9635946275458051267e-183 -4.9635946275458051267e-183
2.7600000000000002309 6.3709506858356052066e-186 -6.3709506858356052066e-186
2.7700000000000000178 7.7573010745180766119e-189 1.9992603483842690054e-06
2.7800000000000002487 8.9601545613730612809e-192 3.9985206967685371637e-06
2.7900000000000000355 9.8179041601364955802e-195 3.9985206967685371637e-06
2.8000000000000002665 1.0205175852162246324e-197 -1.0205175852162246324e-197
2.8100000000000000533 1.0062840729001375418e-200 9.9963017419213429093e-06
2.8199999999999998401 9.4128056454173950462e-204 5.9977810451528057456e-06
2.8300000000000000711 8.3524898334673548781e-207 -8.3524898334673548781e-207
2.8399999999999998579 7.0309041411101236649e-210 7.9970413935370743275e-06
2.8500000000000000888 5.6144179668014217716e-213 5.9977810451528057456e-06
2.8599999999999998757 4.2530122463094009575e-216 5.9977810451528057456e-06
2.8700000000000001066 3.0562356752360842413e-219 9.9963017419213429093e-06
2.8799999999999998934 2.0834129068381400494e-222 5.9977810451528057456e-06
2.8900000000000001243 1.3472932947391415058e-225 1.7993343135458420625e-05
2.8999999999999999112 8.2650830589018822231e-229 1.1995562090305609797e-05
2.9100000000000001421 4.8098392232750589058e-232 1.3994821529195179994e-05
2.9199999999999999289 2.655291150190634531e-235 1.7993343135458420625e-05
2.9300000000000001599 1.3905671816111935899e-238 2.3991124180611219594e-05
2.9399999999999999467 6.9082815696155204119e-242 2.7989643058390359988e-05
2.9500000000000001776 3.2557144045979152265e-245 2.1991863832226951012e-05
2.9599999999999999645 1.455528710110678203e-248 3.5986686270916827697e-05
2.9700000000000001954 6.1729597470838172716e-252 3.5986686270916827697e-05
2.9799999999999999822 2.4835007555035081523e-255 4.9981506890617311001e-05
2.9900000000000002132 9.4783626242625498837e-259 1.9992603483842689207e-05
3 3.431630389669893784e-262 2.5990382710006091407e-05
3.0100000000000002309 1.1785983856001904155e-265 4.1984465497080236673e-05
3.0200000000000000178 3.8399831625433737728e-269 2.998890340677462857e-05
3.0300000000000002487 1.1868365979836679531e-272 2.1991863832226951012e-05
3.0400000000000000355 3.4797709807774669594e-276 1.3994821529195179994e-05
3.0500000000000002665 9.6785100808314145914e-280 9.9963017419213429093e-06
3.0600000000000000533 2.553668120660684463e-283 9.9963017419213429093e-06
3.0700000000000002842 6.3917311220701019228e-287 9.9963017419213429093e-06
3.0800000000000000711 1.5176465027234688868e-290 3.9985206967685371637e-06
3.0899999999999998579 3.4183838674795140049e-294 5.9977810451528057456e-06
3.1000000000000000888 7.3041402419652766346e-298 1.9992603483842690054e-06
3.1099999999999998757 1.4805239457092134168e-301 -1.4805239457092134168e-301
3.1200000000000001066 2.8468187679131600462e-305 3.9985206967685371637e-06
3.1299999999999998934 5.1928077949862199683e-309 1.9992603483842690054e-06
3.1400000000000001243 8.9855095747805608486e-313 -8.9855095747805608486e-313
3.1499999999999999112 1.4749631741832841895e-316 -1.4749631741832841895e-316
3.1600000000000001421 2.2964171218701139373e-320 -2.2964171218701139373e-320
3.1699999999999999289 0 0
3.1800000000000001599 0 0
3.1899999999999999467 0 0
3.2000000000000001776 0 0
3.2099999999999999645 0 0
3.2200000000000001954 0 0
3.2299999999999999822 0 0
3.2400000000000002132 0 0
3.25 0 0
3.2600000000000002309 0 0
3.2700000000000000178 0 0
3.2800000000000002487 0 0
3.2900000000000000355 0 0
3.3000000000000002665 0 0
3.3100000000000000533 0 0
3.3200000000000002842 0 0
3.3300000000000000711 0 0
3.3399999999999998579 0 0
3.3500000000000000888 0 0
3.3599999999999998757 0 0
3.3700000000000001066 0 0
3.3799999999999998934 0 0
3.3900000000000001243 0 0
3.3999999999999999112 0 0
3.4100000000000001421 0 0
3.4199999999999999289 0 0
3.4300000000000001599 0 0
3.4399999999999999467 0 0
3.4500000000000001776 0 0
3.4599999999999999645 0 0
3.4700000000000001954 0 0
3.4799999999999999822 0 0
3.4900000000000002132 0 0
3.5 0 0
3.5100000000000002309 0 0
3.5200000000000000178 0 0
3.5300000000000002487 0 0
3.5400000000000000355 0 0
3.5500000000000002665 0 0
3.5600000000000000533 0 0
3.5700000000000002842 0 0
3.5800000000000000711 0 0
3.5899999999999998579 0 0
3.6000000000000000888 0 0
3.6099999999999998757 0 0
3.6200000000000001066 0 0
3.6299999999999998934 0 0
3.6400000000000001243 0 0
3.6499999999999999112 0 0
3.6600000000000001421 0 0
3.6699999999999999289 0 0
3.6800000000000001599 0 0
3.6899999999999999467 0 0
3.7000000000000001776 0 0
3.7099999999999999645 0 0
3.7200000000000001954 0 0
3.7299999999999999822 0 0
3.7400000000000002132 0 0
3.75 0 0
3.7600000000000002309 0 0
3.7700000000000000178 0 0
3.7800000000000002487 0 0
3.7900000000000000355 0 0
3.8000000000000002665 0 0
3.8100000000000000533 0 0
3.8200000000000002842 0 0
3.8300000000000000711 0 0
3.8399999999999998579 0 0
3.8500000000000000888 0 0
3.8599999999999998757 0 0
3.8700000000000001066 0 0
3.8799999999999998934 0 0
3.8900000000000001243 0 0
3.8999999999999999112 0 0
3.9100000000000001421 0 0
3.9199999999999999289 0 0
3.9300000000000001599 0 0
3.9399999999999999467 0 0
3.9500000000000001776 0 0
3.9599999999999999645 0 0
3.9700000000000001954 0 0
3.9799999999999999822 0 0
3.9900000000000002132 0 0
4 0 0
4.0099999999999997868 0 0
4.0200000000000004619 0 0
4.0300000000000002487 0 0
4.0400000000000000355 0 0
4.0499999999999998224 0 0
4.0600000000000004974 0 0
4.0700000000000002842 0 0
4.0800000000000000711 0 0
4.0899999999999998579 0 0
4.0999999999999996447 0 0
4.1100000000000003197 0 0
4.1200000000000001066 0 0
4.1299999999999998934 0 0
4.1399999999999996803 0 0
4.1500000000000003553 0 0
4.1600000000000001421 0 0
4.1699999999999999289 0 0
4.1799999999999997158 0 0
4.1900000000000003908 0 0
4.2000000000000001776 0 0
4.2099999999999999645 0 0
4.2199999999999997513 0 0
4.2300000000000004263 0 0
4.2400000000000002132 0 0
4.25 0 0
4.2599999999999997868 0 0
4.2700000000000004619 0 0
4.2800000000000002487 0 0
4.2900000000000000355 0 0
4.2999999999999998224 0 0
4.3100000000000004974 0 0
4.3200000000000002842 0 0
4.3300000000000000711 0 0
4.3399999999999998579 0 0
4.3500000000000005329 0 0
4.3600000000000003197 0 0
4.3700000000000001066 0 0
4.3799999999999998934 0 0
4.3899999999999996803 0 0
4.4000000000000003553 0 0
4.4100000000000001421 0 0
4.4199999999999999289 0 0
4.4299999999999997158 0 0
4.4400000000000003908 0 0
4.4500000000000001776 0 0
4.4599999999999999645 0 0
4.4699999999999997513 0 0
4.4800000000000004263 0 0
4.4900000000000002132 0 0
4.5 0 0
4.5099999999999997868 0 0
4.5200000000000004619 0 0
4.5300000000000002487 0 0
4.5400000000000000355 0 0
4.5499999999999998224 0 0
4.5600000000000004974 0 0
4.5700000000000002842 0 0
4.5800000000000000711 0 0
4.5899999999999998579 0 0
4.6000000000000005329 0 0
4.6100000000000003197 0 0
4.6200000000000001066 0 0
4.6299999999999998934 0 0
4.6399999999999996803 0 0
4.6500000000000003553 0 0
4.6600000000000001421 0 0
4.6699999999999999289 0 0
4.6799999999999997158 0 0
4.6900000000000003908 0 0
4.7000000000000001776 0 0
4.7099999999999999645 0 0
4.7199999999999997513 0 0
4.7300000000000004263 0 0
4.7400000000000002132 0 0
4.75 0 0
4.7599999999999997868 0 0
4.7700000000000004619 0 0
4.7800000000000002487 0 0
4.7900000000000000355 0 0
4.7999999999999998224 0 0
4.8100000000000004974 0 0
4.8200000000000002842 0 0
4.8300000000000000711 0 0
4.8399999999999998579 0 0
4.8500000000000005329 0 0
4.8600000000000003197 0 0
4.8700000000000001066 0 0
4.8799999999999998934 0 0
4.8899999999999996803 0 0
4.9000000000000003553 0 0
4.9100000000000001421 0 0
4.9199999999999999289 0 0
4.9299999999999997158 0 0
4.9400000000000003908 0 0
4.9500000000000001776 0 0
4.9599999999999999645 0 0
4.9699999999999997513 0 0
4.9800000000000004263 0 0
4.9900000000000002132 0 0
5 0 0
5.0099999999999997868 0 0
5.0200000000000004619 0 0
5.0300000000000002487 0 0
5.0400000000000000355 0 0
5.0499999999999998224 0 0
5.0600000000000004974 0 0
5.0700000000000002842 0 0
5.0800000000000000711 0 0
5.0899999999999998579 0 0
5.1000000000000005329 0 0
5.1100000000000003197 0 0
5.1200000000000001066 0 0
5.1299999999999998934 0 0
5.1399999999999996803 0 0
5.1500000000000003553 0 0
5.1600000000000001421 0 0
5.1699999999999999289 0 0
5.1799999999999997158 0 0
5.1900000000000003908 0 0
5.2000000000000001776 0 0
5.2099999999999999645 0 0
5.2199999999999997513 0 0
5.2300000000000004263 0 0
5.2400000000000002132 0 0
5.25 0 0
5.2599999999999997868 0 0
5.2700000000000004619 0 0
5.2800000000000002487 0 0
5.2900000000000000355 0 0
5.2999999999999998224 0 0
5.3100000000000004974 0 0
5.3200000000000002842 0 0
5.3300000000000000711 0 0
5.3399999999999998579 0 0
5.3500000000000005329 0 0
5.3600000000000003197 0 0
5.3700000000000001066 0 0
5.3799999999999998934 0 0
5.3899999999999996803 0 0
5.4000000000000003553 0 0
5.4100000000000001421 0 0
5.4199999999999999289 0 0
5.4299999999999997158 0 0
5.4400000000000003908 0 0
5.4500000000000001776 0 0
5.4599999999999999645 0 0
5.4699999999999997513 0 0
5.4800000000000004263 0 0
5.4900000000000002132 0 0
5.5 0 0
5.5099999999999997868 0 0
5.5200000000000004619 0 0
5.5300000000000002487 0 0
5.5400000000000000355 0 0
5.5499999999999998224 0 0
5.5600000000000004974 0 0
5.5700000000000002842 0 0
5.5800000000000000711 0 0
5.5899999999999998579 0 0
5.6000000000000005329 0 0
5.6100000000000003197 0 0
5.6200000000000001066 0 0
5.6299999999999998934 0 0
5.6399999999999996803 0 0
5.6500000000000003553 0 0
5.6600000000000001421 0 0
5.6699999999999999289 0 0
5.6799999999999997158 0 0
5.6900000000000003908 0 0
5.7000000000000001776 0 0
5.7099999999999999645 0 0
5.7199999999999997513 0 0
5.7300000000000004263 0 0
5.7400000000000002132 0 0
5.75 0 0
5.7599999999999997868 0 0
5.7700000000000004619 0 0
5.7800000000000002487 0 0
5.7900000000000000355 0 0
5.7999999999999998224 0 0
5.8100000000000004974 0 0
5.8200000000000002842 0 0
5.8300000000000000711 0 0
5.8399999999999998579 0 0
5.8500000000000005329 0 0
5.8600000000000003197 0 0
5.8700000000000001066 0 0
5.8799999999999998934 0 0
5.8899999999999996803 0 0
5.9000000000000003553 0 0
5.9100000000000001421 0 0
5.9199999999999999289 0 0
5.9299999999999997158 0 0
5.9400000000000003908 0 0
5.9500000000000001776 0 0
5.9599999999999999645 0 0
5.9699999999999997513 0 0
5.9800000000000004263 0 0
5.9900000000000002132 0 0
6 0 0
6.0099999999999997868 0 0
6.0200000000000004619 0 0
6.0300000000000002487 0 0
6.0400000000000000355 0 0
6.0499999999999998224 0 0
6.0600000000000004974 0 0
6.0700000000000002842 0 0
6.0800000000000000711 0 0
6.0899999999999998579 0 0
6.1000000000000005329 0 0
6.1100000000000003197 0 0
6.1200000000000001066 0 0
6.1299999999999998934 0 0
6.1400000000000005684 0 0
6.1500000000000003553 0 0
6.1600000000000001421 0 0
6.1699999999999999289 0 0
6.1799999999999997158 0 0
6.1900000000000003908 0 0
6.2000000000000001776 0 0
6.2099999999999999645 0 0
6.2199999999999997513 0 0
6.2300000000000004263 0 0
6.2400000000000002132 0 0
6.25 0 0
6.2599999999999997868 0 0
6.2700000000000004619 0 0
6.2800000000000002487 0 0
6.2900000000000000355 0 0
6.2999999999999998224 0 0
6.3100000000000004974 0 0
6.3200000000000002842 0 0
6.3300000000000000711 0 0
6.3399999999999998579 0 0
6.3500000000000005329 0 0
6.3600000000000003197 0 0
6.3700000000000001066 0 0
6.3799999999999998934 0 0
6.3900000000000005684 0 0
6.4000000000000003553 0 0
6.4100000000000001421 0 0
6.4199999999999999289 0 0
6.4299999999999997158 0 0
6.4400000000000003908 0 0
6.4500000000000001776 0 0
6.4599999999999999645 0 0
6.4699999999999997513 0 0
6.4800000000000004263 0 0
6.4900000000000002132 0 0
6.5 0 0
6.5099999999999997868 0 0
6.5200000000000004619 0 0
6.5300000000000002487 0 0
6.5400000000000000355 0 0
6.5499999999999998224 0 0
6.5600000000000004974 0 0
6.5700000000000002842 0 0
6.5800000000000000711 0 0
6.5899999999999998579 0 0
6.6000000000000005329 0 0
6.6100000000000003197 0 0
6.6200000000000001066 0 0
6.6299999999999998934 0 0
6.6400000000000005684 0 0
6.6500000000000003553 0 0
6.6600000000000001421 0 0
6.6699999999999999289 0 0
6.6799999999999997158 0 0
6.6900000000000003908 0 0
6.7000000000000001776 0 0
6.7099999999999999645 0 0
6.7199999999999997513 0 0
6.7300000000000004263 0 0
6.7400000000000002132 0 0
6.75 0 0
6.7599999999999997868 0 0
6.7700000000000004619 0 0
6.7800000000000002487 0 0
6.7900000000000000355 0 0
6.7999999999999998224 0 0
6.8100000000000004974 0 0
6.8200000000000002842 0 0
6.8300000000000000711 0 0
6.8399999999999998579 0 0
6.8500000000000005329 0 0
6.8600000000000003197 0 0
6.8700000000000001066 0 0
6.8799999999999998934 0 0
6.8900000000000005684 0 0
6.9000000000000003553 0 0
6.9100000000000001421 0 0
6.9199999999999999289 0 0
6.9299999999999997158 0 0
6.9400000000000003908 0 0
6.9500000000000001776 0 0
6.9599999999999999645 0 0
6.9699999999999997513 0 0
6.9800000000000004263 0 0
6.9900000000000002132 0 0
7 0 0
7.0099999999999997868 0 0
7.0200000000000004619 0 0
7.0300000000000002487 0 0
7.0400000000000000355 0 0
7.0499999999999998224 0 0
7.0600000000000004974 0 0
7.0700000000000002842 0 0
7.0800000000000000711 0 0
7.0899999999999998579 0 0
7.1000000000000005329 0 0
7.1100000000000003197 0 0
7.1200000000000001066 0 0
7.1299999999999998934 0 0
7.1400000000000005684 0 0
7.1500000000000003553 0 0
7.1600000000000001421 0 0
7.1699999999999999289 0 0
7.1799999999999997158 0 0
7.1900000000000003908 0 0
7.2000000000000001776 0 0
7.2099999999999999645 0 0
7.2199999999999997513 0 0
7.2300000000000004263 0 0
7.2400000000000002132 0 0
7.25 0 0
7.2599999999999997868 0 0
7.2700000000000004619 0 0
7.2800000000000002487 0 0
7.2900000000000000355 0 0
7.2999999999999998224 0 0
7.3100000000000004974 0 0
7.3200000000000002842 0 0
7.3300000000000000711 0 0
7.3399999999999998579 0 0
7.3500000000000005329 0 0
7.3600000000000003197 0 0
7.3700000000000001066 0 0
7.3799999999999998934 0 0
7.3900000000000005684 0 0
7.4000000000000003553 0 0
7.4100000000000001421 0 0
7.4199999999999999289 0 0
7.4299999999999997158 0 0
7.4400000000000003908 0 0
7.4500000000000001776 0 0
7.4599999999999999645 0 0
7.4699999999999997513 0 0
7.4800000000000004263 0 0
7.4900000000000002132 0 0
7.5 0 0
7.5099999999999997868 0 0
7.5200000000000004619 0 0
7.5300000000000002487 0 0
7.5400000000000000355 0 0
7.5499999999999998224 0 0
7.5600000000000004974 0 0
7.5700000000000002842 0 0
7.5800000000000000711 0 0
7.5899999999999998579 0 0
7.6000000000000005329 0 0
7.6100000000000003197 0 0
7.6200000000000001066 0 0
7.6299999999999998934 0 0
7.6400000000000005684 0 0
7.6500000000000003553 0 0
7.6600000000000001421 0 0
7.6699999999999999289 0 0
7.6799999999999997158 0 0
7.6900000000000003908 0 0
7.7000000000000001776 0 0
7.7099999999999999645 0 0
7.7199999999999997513 0 0
7.7300000000000004263 0 0
7.7400000000000002132 0 0
7.75 0 0
7.7599999999999997868 0 0
7.7700000000000004619 0 0
7.7800000000000002487 0 0
7.7900000000000000355 0 0
7.7999999999999998224 0 0
7.8100000000000004974 0 0
7.8200000000000002842 0 0
7.8300000000000000711 0 0
7.8399999999999998579 0 0
7.8500000000000005329 0 0
7.8600000000000003197 0 0
7.8700000000000001066 0 0
7.8799999999999998934 0 0
7.8900000000000005684 0 0
7.9000000000000003553 0 0
7.9100000000000001421 0 0
7.9199999999999999289 0 0
7.930000000000000604 0 0
7.9400000000000003908 0 0
7.9500000000000001776 0 0
7.9599999999999999645 0 0
7.9699999999999997513 0 0
7.9800000000000004263 0 0
7.9900000000000002132 0 0
8 0 0
8.0099999999999997868 0 0
8.0199999999999995737 0 0
8.0299999999999993605 0 0
8.0400000000000009237 0 0
8.0500000000000007105 0 0
8.0600000000000004974 0 0
8.0700000000000002842 0 0
8.0800000000000000711 0 0
8.0899999999999998579 0 0
8.0999999999999996447 0 0
8.1099999999999994316 0 0
8.1200000000000009948 0 0
8.1300000000000007816 0 0
8.1400000000000005684 0 0
8.1500000000000003553 0 0
8.1600000000000001421 0 0
8.1699999999999999289 0 0
8.1799999999999997158 0 0
8.1899999999999995026 0 0
8.1999999999999992895 0 0
8.2100000000000008527 0 0
8.2200000000000006395 0 0
8.2300000000000004263 0 0
8.2400000000000002132 0 0
8.25 0 0
8.2599999999999997868 0 0
8.2699999999999995737 0 0
8.2799999999999993605 0 0
8.2900000000000009237 0 0
8.3000000000000007105 0 0
8.3100000000000004974 0 0
8.3200000000000002842 0 0
8.3300000000000000711 0 0
8.3399999999999998579 0 0
8.3499999999999996447 0 0
8.3599999999999994316 0 0
8.3700000000000009948 0 0
8.3800000000000007816 0 0
8.3900000000000005684 0 0
8.4000000000000003553 0 0
8.4100000000000001421 0 0
8.4199999999999999289 0 0
8.4299999999999997158 0 0
8.4399999999999995026 0 0
8.4499999999999992895 0 0
8.4600000000000008527 0 0
8.4700000000000006395 0 0
8.4800000000000004263 0 0
8.4900000000000002132 0 0
8.5 0 0
8.5099999999999997868 0 0
8.5199999999999995737 0 0
8.5299999999999993605 0 0
8.5400000000000009237 0 0
8.5500000000000007105 0 0
8.5600000000000004974 0 0
8.5700000000000002842 0 0
8.5800000000000000711 0 0
8.5899999999999998579 0 0
8.5999999999999996447 0 0
8.6099999999999994316 0 0
8.6200000000000009948 0 0
8.6300000000000007816 0 0
8.6400000000000005684 0 0
8.6500000000000003553 0 0
8.6600000000000001421 0 0
8.6699999999999999289 0 0
8.6799999999999997158 0 0
8.6899999999999995026 0 0
8.7000000000000010658 0 0
8.7100000000000008527 0 0
8.7200000000000006395 0 0
8.7300000000000004263 0 0
8.7400000000000002132 0 0
8.75 0 0
8.7599999999999997868 0 0
8.7699999999999995737 0 0
8.7799999999999993605 0 0
8.7900000000000009237 0 0
8.8000000000000007105 0 0
8.8100000000000004974 0 0
8.8200000000000002842 0 0
8.8300000000000000711 0 0
8.8399999999999998579 0 0
8.8499999999999996447 0 0
8.8599999999999994316 0 0
8.8700000000000009948 0 0
8.8800000000000007816 0 0
8.8900000000000005684 0 0
8.9000000000000003553 0 0
8.9100000000000001421 0 0
8.9199999999999999289 0 0
8.9299999999999997158 0 0
8.9399999999999995026 0 0
8.9500000000000010658 0 0
8.9600000000000008527 0 0
8.9700000000000006395 0 0
8.9800000000000004263 0 0
8.9900000000000002132 0 0
9 0 0
9.0099999999999997868 0 0
9.0199999999999995737 0 0
9.0299999999999993605 0 0
9.0400000000000009237 0 0
9.0500000000000007105 0 0
9.0600000000000004974 0 0
9.0700000000000002842 0 0
9.0800000000000000711 0 0
9.0899999999999998579 0 0
9.0999999999999996447 0 0
9.1099999999999994316 0 0
9.1200000000000009948 0 0
9.1300000000000007816 0 0
9.1400000000000005684 0 0
9.1500000000000003553 0 0
9.1600000000000001421 0 0
9.1699999999999999289 0 0
9.1799999999999997158 0 0
9.1899999999999995026 0 0
9.2000000000000010658 0 0
9.2100000000000008527 0 0
9.2200000000000006395 0 0
9.2300000000000004263 0 0
9.2400000000000002132 0 0
9.25 0 0
9.2599999999999997868 0 0
9.2699999999999995737 0 0
9.2799999999999993605 0 0
9.2900000000000009237 0 0
9.3000000000000007105 0 0
9.3100000000000004974 0 0
9.3200000000000002842 0 0
9.3300000000000000711 0 0
9.3399999999999998579 0 0
9.3499999999999996447 0 0
9.3599999999999994316 0 0
9.3700000000000009948 0 0
9.3800000000000007816 0 0
9.3900000000000005684 0 0
9.4000000000000003553 0 0
9.4100000000000001421 0 0
9.4199999999999999289 0 0
9.4299999999999997158 0 0
9.4399999999999995026 0 0
9.4500000000000010658 0 0
9.4600000000000008527 0 0
9.4700000000000006395 0 0
9.4800000000000004263 0 0
9.4900000000000002132 0 0
9.5 0 0
9.5099999999999997868 0 0
9.5199999999999995737 0 0
9.5299999999999993605 0 0
9.5400000000000009237 0 0
9.5500000000000007105 0 0
9.5600000000000004974 0 0
9.5700000000000002842 0 0
9.5800000000000000711 0 0
9.5899999999999998579 0 0
9.5999999999999996447 0 0
9.6099999999999994316 0 0
9.6200000000000009948 0 0
9.6300000000000007816 0 0
9.6400000000000005684 0 0
9.6500000000000003553 0 0
9.6600000000000001421 0 0
9.6699999999999999289 0 0
9.6799999999999997158 0 0
9.6899999999999995026 0 0
9.7000000000000010658 0 0
9.7100000000000008527 0 0
9.7200000000000006395 0 0
9.7300000000000004263 0 0
9.7400000000000002132 0 0
9.75 0 0
9.7599999999999997868 0 0
9.7699999999999995737 0 0
9.7799999999999993605 0 0
9.7900000000000009237 0 0
9.8000000000000007105 0 0
9.8100000000000004974 0 0
9.8200000000000002842 0 0
9.8300000000000000711 0 0
9.8399999999999998579 0 0
9.8499999999999996447 0 0
9.8599999999999994316 0 0
9.8700000000000009948 0 0
9.8800000000000007816 0 0
9.8900000000000005684 0 0
9.9000000000000003553 0 0
9.9100000000000001421 0 0
9.9199999999999999289 0 0
9.9299999999999997158 0 0
9.9399999999999995026 0 0
9.9500000000000010658 0 0
9.9600000000000008527 0 0
9.9700000000000006395 0 0
9.9800000000000004263 0 0
9.9900000000000002132 0 0
10 0 0
10.009999999999999787 0 0
10.019999999999999574 0 0
10.029999999999999361 0 0
10.040000000000000924 0 0
10.050000000000000711 0 0
10.060000000000000497 0 0
10.070000000000000284 0 0
10.080000000000000071 0 0
10.089999999999999858 0 0
10.099999999999999645 0 0
10.109999999999999432 0 0
10.120000000000000995 0 0
10.130000000000000782 0 0
10.140000000000000568 0 0
10.150000000000000355 0 0
10.160000000000000142 0 0
10.169999999999999929 0 0
10.179999999999999716 0 0
10.189999999999999503 0 0
10.200000000000001066 0 0
10.210000000000000853 0 0
10.220000000000000639 0 0
10.230000000000000426 0 0
