0 4.7001206025764937579e-92 -4.7001206025764937579e-92
0.010000000000000000208 4.1004200531100520938e-90 -4.1004200531100520938e-90
0.020000000000000000416 3.4013002705756612021e-88 -3.4013002705756612021e-88
0.02999999999999999889 2.6826294835517328708e-86 -2.6826294835517328708e-86
0.040000000000000000833 2.0117656461115383359e-84 -2.0117656461115383359e-84
0.050000000000000002776 1.4344882699569365781e-82 -1.4344882699569365781e-82
0.05999999999999999778 9.7257151973000879269e-81 -9.7257151973000879269e-81
0.070000000000000006661 6.269791693846638135e-79 -6.269791693846638135e-79
0.080000000000000001665 3.843207690082326141e-77 -3.843207690082326141e-77
0.089999999999999996669 2.2399896642412994006e-75 -2.2399896642412994006e-75
0.10000000000000000555 1.2414004909367774506e-73 -1.2414004909367774506e-73
0.11000000000000000056 6.5417502263790146755e-72 -6.5417502263790146755e-72
0.11999999999999999556 3.2778920697034520531e-70 -3.2778920697034520531e-70
0.13000000000000000444 1.5617682228685308613e-68 -1.5617682228685308613e-68
0.14000000000000001332 7.0755866015592368739e-67 -7.0755866015592368739e-67
0.14999999999999999445 3.0481410320687879363e-65 0.00010607913282001389698
0.16000000000000000333 1.2486402009703887936e-63 0.00010407764057163150474
0.17000000000000001221 4.8637612549103737435e-62 0.00015011198411230000584
0.17999999999999999334 1.8015362976276741318e-60 0.00011208361684111879631
0.19000000000000000222 6.3453108213454955277e-59 9.4070179329719394445e-05
0.2000000000000000111 2.1252269820895874213e-57 0.0001300970470765606111
0.20999999999999999223 6.7686778440358317477e-56 0.00011408510908950120211
0.22000000000000000111 2.0499921101336931795e-54 0.00011608660133788359435
0.23000000000000000999 5.904107259098095548e-53 0.00010407764057163150474
0.23999999999999999112 1.6170149864721848188e-51 0.00010607913282001389698
0.25 4.2114906789997540728e-50 0.0001300970470765606111
0.26000000000000000888 1.0430954798897618181e-48 0.00012409257760737091303
0.27000000000000001776 2.4568765579990009136e-47 0.00013209854660090059042
0.28000000000000002665 5.5032407611118518076e-46 0.00010607913282001389698
0.28999999999999998002 1.1722889573718184744e-44 0.00010808062506839630277
0.2999999999999999889 2.3748552589698395504e-43 0.00012609406257979569109
0.30999999999999999778 4.5754257899803599186e-42 0.00014010451559443029492
0.32000000000000000666 8.3834668390248205272e-41 0.00011408510908950120211
0.33000000000000001554 1.4608973935038905391e-39 0.00011608660133788359435
0.34000000000000002442 2.4211750327841154533e-38 0.0001000746560748667067
0.35000000000000003331 3.8163648607114628912e-37 0.00012809556210413580593
0.35999999999999998668 5.7213432206655960867e-36 0.00012409257760737091303
0.36999999999999999556 8.1578947463608221207e-35 0.0001220910780830309066
0.38000000000000000444 1.1063643274646176913e-33 0.0001300970470765606111
0.39000000000000001332 1.4271401899045314217e-32 0.00018413735961075869472
0.4000000000000000222 1.7510253352832518016e-31 0.00020415229664649808946
0.41000000000000003109 2.0435486301144844676e-30 0.00016212093760259449482
0.41999999999999998446 2.2685808823431433583e-29 0.00018613885913509880957
0.42999999999999999334 2.3955811840956867017e-28 0.00016212093760259449482
0.44000000000000000222 2.4063904378745706857e-27 0.00021816274966113269329
0.4500000000000000111 2.2994915058957109471e-26 0.00021415976516436790881
0.46000000000000001998 2.0903583584781749247e-25 0.00022016424918547269972
0.47000000000000002887 1.807783539408588851e-24 0.00020815528114326300947
0.47999999999999998224 1.4873845986907549982e-23 0.00019014184363186359406
0.48999999999999999112 1.1643048366717711511e-22 0.00017613139061722899023
0.5 8.6714785211228991361e-22 0.0002321732026757671887
0.51000000000000000888 6.1449768940350952338e-21 0.00021616125013679268686
0.52000000000000001776 4.1434957207734575583e-20 0.00022416723368223753841
0.53000000000000002665 2.6586021477672277994e-19 0.00020415229664649781841
0.54000000000000003553 1.6233098541280455118e-18 0.00023017170315142558307
0.55000000000000004441 9.4326689321172915195e-18 0.00022817021817899297165
0.56000000000000005329 5.21648751816935902e-17 0.00020014931214968112775
0.57000000000000006217 2.7457407157332317082e-16 0.00019814781262511872435
0.57999999999999996003 1.3756509530018654244e-15 0.00021616125013541702404
0.58999999999999996891 6.5607949372405848253e-15 0.00020815528113670220397
0.5999999999999999778 2.9787841041841790527e-14 0.0002001493121199454737
0.60999999999999998668 1.2876383437372604971e-13 0.00024418215603729800586
0.61999999999999999556 5.2998365762761238074e-13 0.00020615379564085454102
0.63000000000000000444 2.0772558920035574053e-12 0.00021816274758387679128
0.64000000000000001332 7.7540038845661007333e-12 0.00022016424143146882627
0.6500000000000000222 2.7569247520514160027e-11 0.0002141597375951203783
0.66000000000000003109 9.337842329554456869e-11 0.00021816265628270939988
0.67000000000000003997 3.0134006893048562612e-10 0.00021816244832106377444
0.68000000000000004885 9.26678135179555283e-10 0.00025418869800579636407
0.69000000000000005773 2.7160859074293439838e-09 0.00027420184563376343847
0.70000000000000006661 7.5891039166844804751e-09 0.00024617606658648510075
0.70999999999999996447 2.0219481637952633294e-08 0.00027818731218288257016
0.71999999999999997335 5.1379974161939252027e-08 0.00027615468126984899161
0.72999999999999998224 1.2456250651360219599e-07 0.00025006206312873781143
0.73999999999999999112 2.8819805297358811438e-07 0.00027591786319103734628
0.75 6.365952055919247748e-07 0.00025555452900267956523
0.76000000000000000888 1.3430218544394332486e-06 0.00025885107229868168201
0.77000000000000001776 2.7074004777275251152e-06 0.00028750909922900264731
0.78000000000000002665 5.2179641232182391377e-06 0.00037706722266484898843
0.79000000000000003553 9.6203224490472869293e-06 0.0003286320203226915349
0.80000000000000004441 1.6979113602096677579e-05 0.00039132547969089961654
0.81000000000000005329 2.8708841570913885149e-05 0.00035958081468634304134
0.82000000000000006217 4.6545491459578947633e-05 0.00034174416479767794497
0.83000000000000007105 7.2433783665953895936e-05 0.00036189021613197149777
0.83999999999999996891 0.00010831984663674830221 0.00025795340216425963241
0.8499999999999999778 0.00015586502713266908986 0.00024243209764245748656
0.85999999999999998668 0.0002161272025139882307 0.00015815201528054925934
0.86999999999999999556 0.00028928021313273443805 0.0001790691621636496581
0.88000000000000000444 0.00037444803378855137394 4.5865527546654603647e-05
0.89000000000000001332 0.00046971121769181161483 -3.7388717418226295307e-05
0.9000000000000000222 0.00057230176229060866853 -0.0001159613259326038601
0.91000000000000003109 0.00067895168377718137249 -0.00022661424646785668533
0.92000000000000003997 0.00078631833314640991583 -0.00029595249218611590757
0.93000000000000004885 0.00089139127239746998154 -0.00037900902398092697464
0.94000000000000005773 0.00099179714956726850068 -0.00054946718077581347024
0.95000000000000006661 0.0010859543318715682899 -0.00061160045800216409316
0.95999999999999996447 0.0011730734867404447788 -0.00071072858091325032646
0.96999999999999997335 0.0012530378559348948238 -0.00076467354360277130579
0.97999999999999998224 0.0013262170025119944961 -0.00078381234854184235646
0.98999999999999999112 0.0013932682062702268343 -0.00083084861526433527283
1 0.0014549656737371974465 -0.0009886177688613229271
1.0100000000000000089 0.0015120779184194703751 -0.00101971060703866679
1.0200000000000000178 0.0015652958053482977831 -0.00097885833646564764619
1.0300000000000000266 0.0016152022083859198919 -0.0010487796765390091768
1.0400000000000000355 0.0016622696815892126602 -0.0011098575591011908097
1.0500000000000000444 0.0017068732274637440482 -0.0011264402280502835551
1.0600000000000000533 0.0017493085830176974705 -0.0011548651160376871994
1.0700000000000000622 0.0017898102847719388545 -0.0011813563502253788054
1.0800000000000000711 0.00182856688045479783 -0.0012361249421029580492
1.0900000000000000799 0.0018657326408936195788 -0.0012933055813698583064
1.1000000000000000888 0.0019014361247578208825 -0.001282974779901052036
1.1100000000000000977 0.0019357862888206419857 -0.0012592816032771644505
1.1200000000000001066 0.0019688768296271482762 -0.0013143886097475806531
1.1300000000000001155 0.0020007893034815868623 -0.0012942622123845001943
1.1400000000000001243 0.0020315954154670403005 -0.0014391534771152005197
1.1500000000000001332 0.0020613587404955113769 -0.0014168779309261525512
1.1599999999999999201 0.0020901360488198091232 -0.0014156328919045020782
1.1699999999999999289 0.0021179783488859860348 -0.0014254617253554491448
1.1799999999999999378 0.0021449317226203434318 -0.0014684270370768658966
1.1899999999999999467 0.0021710380044378261091 -0.0015405676624350170614
1.1999999999999999556 0.0021963353400488083364 -0.0014798007804338519575
1.2099999999999999645 0.0022208586511629968205 -0.0014562882775868623772
1.2199999999999999734 0.0022446400254347133665 -0.0015120935278326976328
1.2299999999999999822 0.0022677090462809726748 -0.0015271566087892577204
1.2399999999999999911 0.0022900930738301871793 -0.0014394584826419054048
1.25 0.0023118174858025157016 -0.001573266518731310324
1.2600000000000000089 0.0023329058853425472392 -0.0015042877598181753768
1.2700000000000000178 0.0023533802816484211337 -0.0015808039681825874698
1.2800000000000000266 0.0023732612488631043765 -0.0015526490632284317348
1.2900000000000000355 0.0023925680698961412571 -0.0015639499443717693947
1.3000000000000000444 0.002411318876786092049 -0.0015867036921027393402
1.3100000000000000533 0.0024295308131168720685 -0.001448799131196284052
1.3200000000000000622 0.0024472202783944853668 -0.0015425454037758358841
1.3300000000000000711 0.0024644033924926199951 -0.0015297061123203613796
1.3400000000000000799 0.0024810969833145434145 -0.0014583340151096274573
1.3500000000000000888 0.0024973207245904704456 -0.0014625488174471754175
1.3600000000000000977 0.0025131016413029441323 -0.0013982699860166920673
1.3700000000000001066 0.0025284832045084368671 -0.001389633671345425793
1.3800000000000001155 0.0025435428458936283451 -0.0013926842573769163732
1.3900000000000001243 0.0025584242143743885813 -0.001339514933068419603
1.4000000000000001332 0.0025733944250995212377 -0.0012263895234817562448
1.4099999999999999201 0.0025889432494298320574 -0.0011038353171900609512
1.4199999999999999289 0.0026059538194316942024 -0.0011048340074125253055
1.4299999999999999378 0.0026259995292399079293 -0.0010047900950063018508
1.4399999999999999467 0.0026518707543113704921 -0.00063836857746033632763
1.4499999999999999556 0.0026885229002179644557 -0.00054492380725760635601
1.4599999999999999645 0.0027447754414072827664 -0.00021288654667051595121
1.4699999999999999734 0.0028362682257238366196 4.1878951674368183888e-05
1.4799999999999999822 0.0029903287892058738259 0.00034015570908633432565
1.4899999999999999911 0.0032533630519857833011 0.00051745006109269169742
1.5 0.003700890558132623534 0.00076644217752506842156
1.5100000000000000089 0.0044491107796939301233 0.00056262796393910172177
1.5200000000000000178 0.0056647757643805808983 0.00071598434653412628553
1.5300000000000000266 0.0075674875459568261005 0.00038244306976630698669
1.5400000000000000355 0.010416407442245003562 0.00028357438131857565233
1.5500000000000000444 0.014473545696098525162 -0.00026894952680559490454
1.5600000000000000533 0.019940186051697224995 -0.00015742866513201655976
1.5700000000000000622 0.026872354215672737687 -0.00012239872544122717968
1.5800000000000000711 0.035093815414164938882 0.00054076931073816780771
1.5900000000000000799 0.044136078697304022278 0.0015520028354127288206
1.6000000000000000888 0.053237692026348600038 0.0025359163601679710065
1.6100000000000000977 0.061424540864568465126 0.004226436329740769493
1.6200000000000001066 0.067668954381374740725 0.0043247542291599272435
1.6300000000000001155 0.071095442408981079918 0.0031679589205362845838
1.6400000000000001243 0.071177405904818483173 0.0012866504082193891412
1.6500000000000001332 0.067864296865442652607 -0.0017609874725135754581
1.6600000000000001421 0.061597306391082552735 -0.0048809946680887020265
1.6699999999999999289 0.053207677502248092172 -0.007183343816611571786
1.6799999999999999378 0.04373043487065436663 -0.0093367778717816096723
1.6899999999999999467 0.034191533131230258946 -0.0094610835888270378158
1.6999999999999999556 0.025428687657070327133 -0.0091785653185369256435
1.7099999999999999645 0.017986950287648295621 -0.007883412586577985201
1.7199999999999999734 0.012100018745967498421 -0.0060334929253247886888
1.7299999999999999822 0.0077407489904377487291 -0.0044222734310839211663
1.7399999999999999911 0.0047089820366455273359 -0.0028576008847085790365
1.75 0.0027239606705066585386 -0.0018352977338750684107
1.7600000000000000089 0.0014982700946206029165 -0.001095969970796796273
1.7700000000000000178 0.00078357942702748234476 -0.00058543161440208907331
1.7800000000000000266 0.00038964549507627748662 -0.00030358129201604538375
1.7900000000000000355 0.00018422206533908356218 -0.00015820265519617568938
1.8000000000000000444 8.2811732942056551893e-05 -6.479829543065716358e-05
1.8100000000000000533 3.5392744925063476845e-05 -2.7386772293554992362e-05
1.8200000000000000622 1.4381477883019453591e-05 -1.2379984725142332471e-05
1.8300000000000000711 5.5559091712720338975e-06 -3.5544160133949127768e-06
1.8400000000000000799 2.0406340906816398012e-06 -2.0406340906816398012e-06
1.8500000000000000888 7.1257411570803058458e-07 1.2889190421690905361e-06
1.8600000000000000977 2.365629842264563962e-07 -2.365629842264563962e-07
1.8700000000000001066 7.4664243957587721399e-08 3.9283220717966542421e-06
1.8800000000000001155 2.240398539420797741e-08 1.9790891724829133186e-06
1.8900000000000001243 6.3912009129938372649e-09 1.9951019569641272776e-06
1.9000000000000001332 1.7333342441030639069e-09 -1.7333342441030639069e-09
1.9100000000000001421 4.4691310900169222017e-10 2.0010462447681195682e-06
1.9199999999999999289 1.0954769447316347835e-10 -1.0954769447316347835e-10
1.9299999999999999378 2.5528268097837581803e-11 2.0014676296090234819e-06
1.9399999999999999467 5.6555669222074888855e-12 4.0029806601873198346e-06
1.9499999999999999556 1.1911500109104111322e-12 -1.1911500109104111322e-12
1.9599999999999999645 2.3850156355739106256e-13 -2.3850156355739106256e-13
1.9699999999999999734 4.5399334759754961659e-14 2.0014931124777865333e-06
1.9799999999999999822 8.2156200232468441692e-15 2.0014931496615012317e-06
1.9899999999999999911 1.4133931397910758135e-15 -1.4133931397910758135e-15
2 2.3116210398534098147e-16 -2.3116210398534098147e-16
2.0100000000000002309 3.5941866617202204796e-17 -3.5941866617202204796e-17
2.0200000000000000178 5.3126879112533453154e-18 -5.3126879112533453154e-18
2.0300000000000002487 7.4654685755575073758e-19 -7.4654685755575073758e-19
2.0400000000000000355 9.973058739889957173e-20 -9.973058739889957173e-20
2.0499999999999998224 1.2665656514740252037e-20 2.0014931578771084152e-06
2.0600000000000000533 1.5291658128000860614e-21 -1.5291658128000860614e-21
2.0699999999999998401 1.7551270204675633958e-22 -1.7551270204675633958e-22
2.0800000000000000711 1.9150900751279332789e-23 -1.9150900751279332789e-23
2.0899999999999998579 1.986534672046581857e-24 -1.986534672046581857e-24
2.1000000000000000888 1.9589755615215932818e-25 -1.9589755615215932818e-25
2.1099999999999998757 1.8364853515482888651e-26 4.0029863157542422414e-06
2.1200000000000001066 1.6367078994979610238e-27 2.0014931578771211207e-06
2.1299999999999998934 1.3866914722342840077e-28 -1.3866914722342840077e-28
2.1400000000000001243 1.1168971479234313747e-29 -1.1168971479234313747e-29
2.1499999999999999112 8.5520635800377799541e-31 -8.5520635800377799541e-31
2.1600000000000001421 6.2251928206224841398e-32 -6.2251928206224841398e-32
2.1699999999999999289 4.3078304615027149156e-33 -4.3078304615027149156e-33
2.1800000000000001599 2.8339232163219022708e-34 2.0014931578771211207e-06
2.1899999999999999467 1.7723154428215897402e-35 -1.7723154428215897402e-35
2.2000000000000001776 1.0537005994828010729e-36 -1.0537005994828010729e-36
2.2099999999999999645 5.9554763246329579558e-38 -5.9554763246329579558e-38
2.2200000000000001954 3.1999166378265921972e-39 -3.1999166378265921972e-39
2.2299999999999999822 1.6344947843545019728e-40 -1.6344947843545019728e-40
2.2400000000000002132 7.936900954117393969e-42 -7.936900954117393969e-42
2.25 3.6638760405060257661e-43 2.0014931578771211207e-06
2.2600000000000002309 1.6078769981186928033e-44 -1.6078769981186928033e-44
2.2700000000000000178 6.7079060189361663229e-46 2.0014931578771211207e-06
2.2800000000000002487 2.6603763366009623553e-47 -2.6603763366009623553e-47
2.2900000000000000355 1.0030463754958728708e-48 -1.0030463754958728708e-48
2.3000000000000002665 3.5951801316832181107e-50 -3.5951801316832181107e-50
2.3100000000000000533 1.2250163454260180414e-51 2.0014931578771211207e-06
2.3199999999999998401 3.9681180595119370905e-53 2.0014931578771211207e-06
2.3300000000000000711 1.2219365346501498659e-54 2.0014931578771211207e-06
2.3399999999999998579 3.5771238322543839957e-56 -3.5771238322543839957e-56
2.3500000000000000888 9.9549815450935873214e-58 2.0014931578771211207e-06
2.3599999999999998757 2.6337103334090405626e-59 -2.6337103334090405626e-59
2.3700000000000001066 6.6239421090764739547e-61 -6.6239421090764739547e-61
2.3799999999999998934 1.5837474642674870238e-62 -1.5837474642674870238e-62
2.3900000000000001243 3.5997814608365905937e-64 2.0014931578771211207e-06
2.3999999999999999112 7.7783424066684364796e-66 6.0044794736313633621e-06
2.4100000000000001421 1.5977860225506682616e-67 -1.5977860225506682616e-67
2.4199999999999999289 3.1201160121661638835e-69 -3.1201160121661638835e-69
2.4300000000000001599 5.7921974558229072045e-71 2.0014931578771211207e-06
2.4399999999999999467 1.022201224008812762e-72 2.0014931578771211207e-06
2.4500000000000001776 1.7149433931560451224e-74 -1.7149433931560451224e-74
2.4599999999999999645 2.7351646321838736082e-76 2.0014931578771211207e-06
2.4700000000000001954 4.1470319574350837735e-78 4.0029863157542422414e-06
2.4799999999999999822 5.97738816399994627e-80 2.0014931578771211207e-06
2.4900000000000002132 8.1904100571600736797e-82 4.0029863157542422414e-06
2.5 1.0668905897933376321e-83 -1.0668905897933376321e-83
2.5100000000000002309 1.3211560635692654699e-85 -1.3211560635692654699e-85
2.5200000000000000178 1.5552789942392773999e-87 -1.5552789942392773999e-87
2.5300000000000002487 1.7405334984283519038e-89 4.0029863157542422414e-06
2.5400000000000000355 1.8517242438713577352e-91 -1.8517242438713577352e-91
2.5500000000000002665 1.8727941259573002608e-93 -1.8727941259573002608e-93
2.5600000000000000533 1.8006260047871351722e-95 2.0014931578771211207e-06
2.5699999999999998401 1.6457986685763044673e-97 4.0029863157542422414e-06
2.5800000000000000711 1.4300445316526858291e-99 -1.4300445316526858291e-99
2.5899999999999998579 1.1812505977998716366e-101 4.0029863157542422414e-06
2.6000000000000000888 9.2758582944465232105e-104 4.0029863157542422414e-06
2.6099999999999998757 6.9244568741037859849e-106 -6.9244568741037859849e-106
2.6200000000000001066 4.9140190039240185287e-108 -4.9140190039240185287e-108
2.6299999999999998934 3.3151823328904181424e-110 2.0014931578771211207e-06
2.6400000000000001243 2.1261673368698788655e-112 -2.1261673368698788655e-112
2.6499999999999999112 1.2963040123881192149e-114 -1.2963040123881192149e-114
2.6600000000000001421 7.5133852075400148786e-117 -7.5133852075400148786e-117
2.6699999999999999289 4.1398421308715584344e-119 -4.1398421308715584344e-119
2.6800000000000001599 2.1684589603670866598e-121 2.0014931578771211207e-06
2.6899999999999999467 1.0797865322076260549e-123 -1.0797865322076260549e-123
2.7000000000000001776 5.1114468296394129446e-126 -5.1114468296394129446e-126
2.7099999999999999645 2.3002180212923496913e-128 -2.3002180212923496913e-128
2.7200000000000001954 9.840413326559471241e-131 -9.840413326559471241e-131
2.7299999999999999822 4.0019977165931565718e-133 -4.0019977165931565718e-133
2.7400000000000002132 1.5472463363326919862e-135 4.0029863157542422414e-06
2.75 5.6867114729250953502e-138 -5.6867114729250953502e-138
2.7600000000000002309 1.986927424198077351e-140 -1.986927424198077351e-140
2.7700000000000000178 6.5996646565447742097e-143 2.0014931578771211207e-06
2.7800000000000002487 2.0839186609779977752e-145 -2.0839186609779977752e-145
2.7900000000000000355 6.2554515653263514082e-148 -6.2554515653263514082e-148
2.8000000000000002665 1.785071236867887921e-150 -1.785071236867887921e-150
2.8100000000000000533 4.8425197504529286686e-153 -4.8425197504529286686e-153
2.8199999999999998401 1.2488382431010761644e-155 -1.2488382431010761644e-155
2.8300000000000000711 3.0616807098894291378e-158 -3.0616807098894291378e-158
2.8399999999999998579 7.1356329954353011691e-161 -7.1356329954353011691e-161
2.8500000000000000888 1.5809713172941081304e-163 -1.5809713172941081304e-163
2.8599999999999998757 3.3299241091100089608e-166 -3.3299241091100089608e-166
2.8700000000000001066 6.6675076218375029068e-169 -6.6675076218375029068e-169
2.8799999999999998934 1.2691458303002810118e-171 -1.2691458303002810118e-171
2.8900000000000001243 2.2965628589403187495e-174 -2.2965628589403187495e-174
2.8999999999999999112 3.9506079385341204606e-177 -3.9506079385341204606e-177
2.9100000000000001421 6.4605321998057334398e-180 -6.4605321998057334398e-180
2.9199999999999999289 1.0043646295570850835e-182 6.0044794736313633621e-06
2.9300000000000001599 1.4843395490394275637e-185 2.0014931578771211207e-06
2.9399999999999999467 2.0854214041223081459e-188 -2.0854214041223081459e-188
2.9500000000000001776 2.7853071695427247132e-191 2.0014931578771211207e-06
2.9599999999999999645 3.5364787652272650163e-194 2.0014931578771211207e-06
2.9700000000000001954 4.268621864237581579e-197 -4.268621864237581579e-197
2.9799999999999999822 4.8980472669068197547e-200 2.0014931578771211207e-06
2.9900000000000002132 5.3428982320326388371e-203 -5.3428982320326388371e-203
3 5.5405064055460345468e-206 -5.5405064055460345468e-206
3.0100000000000002309 5.4618609010926183126e-209 -5.4618609010926183126e-209
3.0200000000000000178 5.118590797805654065e-212 2.0014931578771211207e-06
3.0300000000000002487 4.5601462984635224866e-215 2.0014931578771211207e-06
3.0400000000000000355 3.8621195741242137594e-218 2.0014931578771211207e-06
3.0500000000000002665 3.1095047057921652175e-221 2.0014931578771211207e-06
3.0600000000000000533 2.3799907629032807341e-224 2.0014931578771211207e-06
3.0700000000000002842 1.7317207583735122683e-227 -1.7317207583735122683e-227
3.0800000000000000711 1.1978404667507025173e-230 2.0014931578771211207e-06
3.0899999999999998579 7.8765967788943013314e-234 4.0029863157542422414e-06
3.1000000000000000888 4.923758569002994654e-237 -4.923758569002994654e-237
3.1099999999999998757 2.9259936416501347393e-240 6.0044794736313633621e-06
3.1200000000000001066 1.6529833831760566423e-243 6.0044794736313633621e-06
3.1299999999999998934 8.8773239457853336739e-247 6.0044794736313633621e-06
3.1400000000000001243 4.532252619888134082e-250 4.0029863157542422414e-06
3.1499999999999999112 2.1997057955356177847e-253 6.0044794736313633621e-06
3.1600000000000001421 1.0149240157027761676e-256 8.0059726315084844828e-06
3.1699999999999999289 4.4516487438292598132e-260 6.0044794736313633621e-06
3.1800000000000001599 1.8562081246908077379e-263 1.0007465789385610686e-05
3.1899999999999999467 7.3578488169427592121e-267 6.0044794736313633621e-06
3.2000000000000001776 2.7726397944717852979e-270 1.2008958947262730112e-05
3.2099999999999999645 9.9324053799886332859e-274 1.2008958947262730112e-05
3.2200000000000001954 3.3824688362110317018e-277 1.8013437511399388313e-05
3.2299999999999999822 1.0950439393916553139e-280 1.4010452105139849539e-05
3.2400000000000002132 3.3701377584223259427e-284 3.2023890526033937931e-05
3.25 9.8601181388178988258e-288 3.4025382774416357279e-05
3.2600000000000002309 2.7424260926388402141e-291 1.8013437511399388313e-05
3.2700000000000000178 7.2511366056968071467e-295 2.8020904210279699078e-05
3.2800000000000002487 1.8226176615387628244e-298 2.0014931578771211207e-05
3.2900000000000000355 4.3551526981643780887e-302 2.401791789452545006e-05
3.3000000000000002665 9.8930343275752768592e-306 1.8013437511399388313e-05
3.3100000000000000533 2.1363576244625034752e-309 1.4010452105139849539e-05
3.3200000000000002842 4.3856775328594525353e-313 1.4010452105139849539e-05
3.3300000000000000711 8.5588963151006045421e-317 2.2016423827153630555e-05
3.3399999999999998579 1.587926985733766393e-320 8.0059726315084844828e-06
3.3500000000000000888 0 1.8013437511399388313e-05
3.3599999999999998757 0 1.0007465789385610686e-05
3.3700000000000001066 0 2.0014931578771211207e-06
3.3799999999999998934 0 2.0014931578771211207e-06
3.3900000000000001243 0 2.0014931578771211207e-06
3.3999999999999999112 0 0
3.4100000000000001421 0 0
3.4199999999999999289 0 0
3.4300000000000001599 0 2.0014931578771211207e-06
3.4399999999999999467 0 0
3.4500000000000001776 0 0
3.4599999999999999645 0 0
3.4700000000000001954 0 0
3.4799999999999999822 0 0
3.4900000000000002132 0 0
3.5 0 0
3.5100000000000002309 0 0
3.5200000000000000178 0 0
3.5300000000000002487 0 0
3.5400000000000000355 0 0
3.5500000000000002665 0 0
3.5600000000000000533 0 0
3.5700000000000002842 0 0
3.5800000000000000711 0 0
3.5899999999999998579 0 0
3.6000000000000000888 0 0
3.6099999999999998757 0 0
3.6200000000000001066 0 0
3.6299999999999998934 0 0
3.6400000000000001243 0 0
3.6499999999999999112 0 0
3.6600000000000001421 0 0
3.6699999999999999289 0 0
3.6800000000000001599 0 0
3.6899999999999999467 0 0
3.7000000000000001776 0 0
3.7099999999999999645 0 0
3.7200000000000001954 0 0
3.7299999999999999822 0 0
3.7400000000000002132 0 0
3.75 0 0
3.7600000000000002309 0 0
3.7700000000000000178 0 0
3.7800000000000002487 0 0
3.7900000000000000355 0 0
3.8000000000000002665 0 0
3.8100000000000000533 0 0
3.8200000000000002842 0 0
3.8300000000000000711 0 0
3.8399999999999998579 0 0
3.8500000000000000888 0 0
3.8599999999999998757 0 0
3.8700000000000001066 0 0
3.8799999999999998934 0 0
3.8900000000000001243 0 0
3.8999999999999999112 0 0
3.9100000000000001421 0 0
3.9199999999999999289 0 0
3.9300000000000001599 0 0
3.9399999999999999467 0 0
3.9500000000000001776 0 0
3.9599999999999999645 0 0
3.9700000000000001954 0 0
3.9799999999999999822 0 0
3.9900000000000002132 0 0
4 0 0
4.0099999999999997868 0 0
4.0200000000000004619 0 0
4.0300000000000002487 0 0
4.0400000000000000355 0 0
4.0499999999999998224 0 0
4.0600000000000004974 0 0
4.0700000000000002842 0 0
4.0800000000000000711 0 0
4.0899999999999998579 0 0
4.0999999999999996447 0 0
4.1100000000000003197 0 0
4.1200000000000001066 0 0
4.1299999999999998934 0 0
4.1399999999999996803 0 0
4.1500000000000003553 0 0
4.1600000000000001421 0 0
4.1699999999999999289 0 0
4.1799999999999997158 0 0
4.1900000000000003908 0 0
4.2000000000000001776 0 0
4.2099999999999999645 0 0
4.2199999999999997513 0 0
4.2300000000000004263 0 0
4.2400000000000002132 0 0
4.25 0 0
4.2599999999999997868 0 0
4.2700000000000004619 0 0
4.2800000000000002487 0 0
4.2900000000000000355 0 0
4.2999999999999998224 0 0
4.3100000000000004974 0 0
4.3200000000000002842 0 0
4.3300000000000000711 0 0
4.3399999999999998579 0 0
4.3500000000000005329 0 0
4.3600000000000003197 0 0
4.3700000000000001066 0 0
4.3799999999999998934 0 0
4.3899999999999996803 0 0
4.4000000000000003553 0 0
4.4100000000000001421 0 0
4.4199999999999999289 0 0
4.4299999999999997158 0 0
4.4400000000000003908 0 0
4.4500000000000001776 0 0
4.4599999999999999645 0 0
4.4699999999999997513 0 0
4.4800000000000004263 0 0
4.4900000000000002132 0 0
4.5 0 0
4.5099999999999997868 0 0
4.5200000000000004619 0 0
4.5300000000000002487 0 0
4.5400000000000000355 0 0
4.5499999999999998224 0 0
4.5600000000000004974 0 0
4.5700000000000002842 0 0
4.5800000000000000711 0 0
4.5899999999999998579 0 0
4.6000000000000005329 0 0
4.6100000000000003197 0 0
4.6200000000000001066 0 0
4.6299999999999998934 0 0
4.6399999999999996803 0 0
4.6500000000000003553 0 0
4.6600000000000001421 0 0
4.6699999999999999289 0 0
4.6799999999999997158 0 0
4.6900000000000003908 0 0
4.7000000000000001776 0 0
4.7099999999999999645 0 0
4.7199999999999997513 0 0
4.7300000000000004263 0 0
4.7400000000000002132 0 0
4.75 0 0
4.7599999999999997868 0 0
4.7700000000000004619 0 0
4.7800000000000002487 0 0
4.7900000000000000355 0 0
4.7999999999999998224 0 0
4.8100000000000004974 0 0
4.8200000000000002842 0 0
4.8300000000000000711 0 0
4.8399999999999998579 0 0
4.8500000000000005329 0 0
4.8600000000000003197 0 0
4.8700000000000001066 0 0
4.8799999999999998934 0 0
4.8899999999999996803 0 0
4.9000000000000003553 0 0
4.9100000000000001421 0 0
4.9199999999999999289 0 0
4.9299999999999997158 0 0
4.9400000000000003908 0 0
4.9500000000000001776 0 0
4.9599999999999999645 0 0
4.9699999999999997513 0 0
4.9800000000000004263 0 0
4.9900000000000002132 0 0
5 0 0
5.0099999999999997868 0 0
5.0200000000000004619 0 0
5.0300000000000002487 0 0
5.0400000000000000355 0 0
5.0499999999999998224 0 0
5.0600000000000004974 0 0
5.0700000000000002842 0 0
5.0800000000000000711 0 0
5.0899999999999998579 0 0
5.1000000000000005329 0 0
5.1100000000000003197 0 0
5.1200000000000001066 0 0
5.1299999999999998934 0 0
5.1399999999999996803 0 0
5.1500000000000003553 0 0
5.1600000000000001421 0 0
5.1699999999999999289 0 0
5.1799999999999997158 0 0
5.1900000000000003908 0 0
5.2000000000000001776 0 0
5.2099999999999999645 0 0
5.2199999999999997513 0 0
5.2300000000000004263 0 0
5.2400000000000002132 0 0
5.25 0 0
5.2599999999999997868 0 0
5.2700000000000004619 0 0
5.2800000000000002487 0 0
5.2900000000000000355 0 0
5.2999999999999998224 0 0
5.3100000000000004974 0 0
5.3200000000000002842 0 0
5.3300000000000000711 0 0
5.3399999999999998579 0 0
5.3500000000000005329 0 0
5.3600000000000003197 0 0
5.3700000000000001066 0 0
5.3799999999999998934 0 0
5.3899999999999996803 0 0
5.4000000000000003553 0 0
5.4100000000000001421 0 0
5.4199999999999999289 0 0
5.4299999999999997158 0 0
5.4400000000000003908 0 0
5.4500000000000001776 0 0
5.4599999999999999645 0 0
5.4699999999999997513 0 0
5.4800000000000004263 0 0
5.4900000000000002132 0 0
5.5 0 0
5.5099999999999997868 0 0
5.5200000000000004619 0 0
5.5300000000000002487 0 0
5.5400000000000000355 0 0
5.5499999999999998224 0 0
5.5600000000000004974 0 0
5.5700000000000002842 0 0
5.5800000000000000711 0 0
5.5899999999999998579 0 0
5.6000000000000005329 0 0
5.6100000000000003197 0 0
5.6200000000000001066 0 0
5.6299999999999998934 0 0
5.6399999999999996803 0 0
5.6500000000000003553 0 0
5.6600000000000001421 0 0
5.6699999999999999289 0 0
5.6799999999999997158 0 0
5.6900000000000003908 0 0
5.7000000000000001776 0 0
5.7099999999999999645 0 0
5.7199999999999997513 0 0
5.7300000000000004263 0 0
5.7400000000000002132 0 0
5.75 0 0
5.7599999999999997868 0 0
5.7700000000000004619 0 0
5.7800000000000002487 0 0
5.7900000000000000355 0 0
5.7999999999999998224 0 0
5.8100000000000004974 0 0
5.8200000000000002842 0 0
5.8300000000000000711 0 0
5.8399999999999998579 0 0
5.8500000000000005329 0 0
5.8600000000000003197 0 0
5.8700000000000001066 0 0
5.8799999999999998934 0 0
5.8899999999999996803 0 0
5.9000000000000003553 0 0
5.9100000000000001421 0 0
5.9199999999999999289 0 0
5.9299999999999997158 0 0
5.9400000000000003908 0 0
5.9500000000000001776 0 0
5.9599999999999999645 0 0
5.9699999999999997513 0 0
5.9800000000000004263 0 0
5.9900000000000002132 0 0
6 0 0
6.0099999999999997868 0 0
6.0200000000000004619 0 0
6.0300000000000002487 0 0
6.0400000000000000355 0 0
6.0499999999999998224 0 0
6.0600000000000004974 0 0
6.0700000000000002842 0 0
6.0800000000000000711 0 0
6.0899999999999998579 0 0
6.1000000000000005329 0 0
6.1100000000000003197 0 0
6.1200000000000001066 0 0
6.1299999999999998934 0 0
6.1400000000000005684 0 0
6.1500000000000003553 0 0
6.1600000000000001421 0 0
6.1699999999999999289 0 0
6.1799999999999997158 0 0
6.1900000000000003908 0 0
6.2000000000000001776 0 0
6.2099999999999999645 0 0
6.2199999999999997513 0 0
6.2300000000000004263 0 0
6.2400000000000002132 0 0
6.25 0 0
6.2599999999999997868 0 0
6.2700000000000004619 0 0
6.2800000000000002487 0 0
6.2900000000000000355 0 0
6.2999999999999998224 0 0
6.3100000000000004974 0 0
6.3200000000000002842 0 0
6.3300000000000000711 0 0
6.3399999999999998579 0 0
6.3500000000000005329 0 0
6.3600000000000003197 0 0
6.3700000000000001066 0 0
6.3799999999999998934 0 0
6.3900000000000005684 0 0
6.4000000000000003553 0 0
6.4100000000000001421 0 0
6.4199999999999999289 0 0
6.4299999999999997158 0 0
6.4400000000000003908 0 0
6.4500000000000001776 0 0
6.4599999999999999645 0 0
6.4699999999999997513 0 0
6.4800000000000004263 0 0
6.4900000000000002132 0 0
6.5 0 0
6.5099999999999997868 0 0
6.5200000000000004619 0 0
6.5300000000000002487 0 0
6.5400000000000000355 0 0
6.5499999999999998224 0 0
6.5600000000000004974 0 0
6.5700000000000002842 0 0
6.5800000000000000711 0 0
6.5899999999999998579 0 0
6.6000000000000005329 0 0
6.6100000000000003197 0 0
6.6200000000000001066 0 0
6.6299999999999998934 0 0
6.6400000000000005684 0 0
6.6500000000000003553 0 0
6.6600000000000001421 0 0
6.6699999999999999289 0 0
6.6799999999999997158 0 0
6.6900000000000003908 0 0
6.7000000000000001776 0 0
6.7099999999999999645 0 0
6.7199999999999997513 0 0
6.7300000000000004263 0 0
6.7400000000000002132 0 0
6.75 0 0
6.7599999999999997868 0 0
6.7700000000000004619 0 0
6.7800000000000002487 0 0
6.7900000000000000355 0 0
6.7999999999999998224 0 0
6.8100000000000004974 0 0
6.8200000000000002842 0 0
6.8300000000000000711 0 0
6.8399999999999998579 0 0
6.8500000000000005329 0 0
6.8600000000000003197 0 0
6.8700000000000001066 0 0
6.8799999999999998934 0 0
6.8900000000000005684 0 0
6.9000000000000003553 0 0
6.9100000000000001421 0 0
6.9199999999999999289 0 0
6.9299999999999997158 0 0
6.9400000000000003908 0 0
6.9500000000000001776 0 0
6.9599999999999999645 0 0
6.9699999999999997513 0 0
6.9800000000000004263 0 0
6.9900000000000002132 0 0
7 0 0
7.0099999999999997868 0 0
7.0200000000000004619 0 0
7.0300000000000002487 0 0
7.0400000000000000355 0 0
7.0499999999999998224 0 0
7.0600000000000004974 0 0
7.0700000000000002842 0 0
7.0800000000000000711 0 0
7.0899999999999998579 0 0
7.1000000000000005329 0 0
7.1100000000000003197 0 0
7.1200000000000001066 0 0
7.1299999999999998934 0 0
7.1400000000000005684 0 0
7.1500000000000003553 0 0
7.1600000000000001421 0 0
7.1699999999999999289 0 0
7.1799999999999997158 0 0
7.1900000000000003908 0 0
7.2000000000000001776 0 0
7.2099999999999999645 0 0
7.2199999999999997513 0 0
7.2300000000000004263 0 0
7.2400000000000002132 0 0
7.25 0 0
7.2599999999999997868 0 0
7.2700000000000004619 0 0
7.2800000000000002487 0 0
7.2900000000000000355 0 0
7.2999999999999998224 0 0
7.3100000000000004974 0 0
7.3200000000000002842 0 0
7.3300000000000000711 0 0
7.3399999999999998579 0 0
7.3500000000000005329 0 0
7.3600000000000003197 0 0
7.3700000000000001066 0 0
7.3799999999999998934 0 0
7.3900000000000005684 0 0
7.4000000000000003553 0 0
7.4100000000000001421 0 0
7.4199999999999999289 0 0
7.4299999999999997158 0 0
7.4400000000000003908 0 0
7.4500000000000001776 0 0
7.4599999999999999645 0 0
7.4699999999999997513 0 0
7.4800000000000004263 0 0
7.4900000000000002132 0 0
7.5 0 0
7.5099999999999997868 0 0
7.5200000000000004619 0 0
7.5300000000000002487 0 0
7.5400000000000000355 0 0
7.5499999999999998224 0 0
7.5600000000000004974 0 0
7.5700000000000002842 0 0
7.5800000000000000711 0 0
7.5899999999999998579 0 0
7.6000000000000005329 0 0
7.6100000000000003197 0 0
7.6200000000000001066 0 0
7.6299999999999998934 0 0
7.6400000000000005684 0 0
7.6500000000000003553 0 0
7.6600000000000001421 0 0
7.6699999999999999289 0 0
7.6799999999999997158 0 0
7.6900000000000003908 0 0
7.7000000000000001776 0 0
7.7099999999999999645 0 0
7.7199999999999997513 0 0
7.7300000000000004263 0 0
7.7400000000000002132 0 0
7.75 0 0
7.7599999999999997868 0 0
7.7700000000000004619 0 0
7.7800000000000002487 0 0
7.7900000000000000355 0 0
7.7999999999999998224 0 0
7.8100000000000004974 0 0
7.8200000000000002842 0 0
7.8300000000000000711 0 0
7.8399999999999998579 0 0
7.8500000000000005329 0 0
7.8600000000000003197 0 0
7.8700000000000001066 0 0
7.8799999999999998934 0 0
7.8900000000000005684 0 0
7.9000000000000003553 0 0
7.9100000000000001421 0 0
7.9199999999999999289 0 0
7.930000000000000604 0 0
7.9400000000000003908 0 0
7.9500000000000001776 0 0
7.9599999999999999645 0 0
7.9699999999999997513 0 0
7.9800000000000004263 0 0
7.9900000000000002132 0 0
8 0 0
8.0099999999999997868 0 0
8.0199999999999995737 0 0
8.0299999999999993605 0 0
8.0400000000000009237 0 0
8.0500000000000007105 0 0
8.0600000000000004974 0 0
8.0700000000000002842 0 0
8.0800000000000000711 0 0
8.0899999999999998579 0 0
8.0999999999999996447 0 0
8.1099999999999994316 0 0
8.1200000000000009948 0 0
8.1300000000000007816 0 0
8.1400000000000005684 0 0
8.1500000000000003553 0 0
8.1600000000000001421 0 0
8.1699999999999999289 0 0
8.1799999999999997158 0 0
8.1899999999999995026 0 0
8.1999999999999992895 0 0
8.2100000000000008527 0 0
8.2200000000000006395 0 0
8.2300000000000004263 0 0
8.2400000000000002132 0 0
8.25 0 0
8.2599999999999997868 0 0
8.2699999999999995737 0 0
8.2799999999999993605 0 0
8.2900000000000009237 0 0
8.3000000000000007105 0 0
8.3100000000000004974 0 0
8.3200000000000002842 0 0
8.3300000000000000711 0 0
8.3399999999999998579 0 0
8.3499999999999996447 0 0
8.3599999999999994316 0 0
8.3700000000000009948 0 0
8.3800000000000007816 0 0
8.3900000000000005684 0 0
8.4000000000000003553 0 0
8.4100000000000001421 0 0
8.4199999999999999289 0 0
8.4299999999999997158 0 0
8.4399999999999995026 0 0
8.4499999999999992895 0 0
8.4600000000000008527 0 0
8.4700000000000006395 0 0
8.4800000000000004263 0 0
8.4900000000000002132 0 0
8.5 0 0
8.5099999999999997868 0 0
8.5199999999999995737 0 0
8.5299999999999993605 0 0
8.5400000000000009237 0 0
8.5500000000000007105 0 0
8.5600000000000004974 0 0
8.5700000000000002842 0 0
8.5800000000000000711 0 0
8.5899999999999998579 0 0
8.5999999999999996447 0 0
8.6099999999999994316 0 0
8.6200000000000009948 0 0
8.6300000000000007816 0 0
8.6400000000000005684 0 0
8.6500000000000003553 0 0
8.6600000000000001421 0 0
8.6699999999999999289 0 0
8.6799999999999997158 0 0
8.6899999999999995026 0 0
8.7000000000000010658 0 0
8.7100000000000008527 0 0
8.7200000000000006395 0 0
8.7300000000000004263 0 0
8.7400000000000002132 0 0
8.75 0 0
8.7599999999999997868 0 0
8.7699999999999995737 0 0
8.7799999999999993605 0 0
8.7900000000000009237 0 0
8.8000000000000007105 0 0
8.8100000000000004974 0 0
8.8200000000000002842 0 0
8.8300000000000000711 0 0
8.8399999999999998579 0 0
8.8499999999999996447 0 0
8.8599999999999994316 0 0
8.8700000000000009948 0 0
8.8800000000000007816 0 0
8.8900000000000005684 0 0
8.9000000000000003553 0 0
8.9100000000000001421 0 0
8.9199999999999999289 0 0
8.9299999999999997158 0 0
8.9399999999999995026 0 0
8.9500000000000010658 0 0
8.9600000000000008527 0 0
8.9700000000000006395 0 0
8.9800000000000004263 0 0
8.9900000000000002132 0 0
9 0 0
9.0099999999999997868 0 0
9.0199999999999995737 0 0
9.0299999999999993605 0 0
9.0400000000000009237 0 0
9.0500000000000007105 0 0
9.0600000000000004974 0 0
9.0700000000000002842 0 0
9.0800000000000000711 0 0
9.0899999999999998579 0 0
9.0999999999999996447 0 0
9.1099999999999994316 0 0
9.1200000000000009948 0 0
9.1300000000000007816 0 0
9.1400000000000005684 0 0
9.1500000000000003553 0 0
9.1600000000000001421 0 0
9.1699999999999999289 0 0
9.1799999999999997158 0 0
9.1899999999999995026 0 0
9.2000000000000010658 0 0
9.2100000000000008527 0 0
9.2200000000000006395 0 0
9.2300000000000004263 0 0
9.2400000000000002132 0 0
9.25 0 0
9.2599999999999997868 0 0
9.2699999999999995737 0 0
9.2799999999999993605 0 0
9.2900000000000009237 0 0
9.3000000000000007105 0 0
9.3100000000000004974 0 0
9.3200000000000002842 0 0
9.3300000000000000711 0 0
9.3399999999999998579 0 0
9.3499999999999996447 0 0
9.3599999999999994316 0 0
9.3700000000000009948 0 0
9.3800000000000007816 0 0
9.3900000000000005684 0 0
9.4000000000000003553 0 0
9.4100000000000001421 0 0
9.4199999999999999289 0 0
9.4299999999999997158 0 0
9.4399999999999995026 0 0
9.4500000000000010658 0 0
9.4600000000000008527 0 0
9.4700000000000006395 0 0
9.4800000000000004263 0 0
9.4900000000000002132 0 0
9.5 0 0
9.5099999999999997868 0 0
9.5199999999999995737 0 0
9.5299999999999993605 0 0
9.5400000000000009237 0 0
9.5500000000000007105 0 0
9.5600000000000004974 0 0
9.5700000000000002842 0 0
9.5800000000000000711 0 0
9.5899999999999998579 0 0
9.5999999999999996447 0 0
9.6099999999999994316 0 0
9.6200000000000009948 0 0
9.6300000000000007816 0 0
9.6400000000000005684 0 0
9.6500000000000003553 0 0
9.6600000000000001421 0 0
9.6699999999999999289 0 0
9.6799999999999997158 0 0
9.6899999999999995026 0 0
9.7000000000000010658 0 0
9.7100000000000008527 0 0
9.7200000000000006395 0 0
9.7300000000000004263 0 0
9.7400000000000002132 0 0
9.75 0 0
9.7599999999999997868 0 0
9.7699999999999995737 0 0
9.7799999999999993605 0 0
9.7900000000000009237 0 0
9.8000000000000007105 0 0
9.8100000000000004974 0 0
9.8200000000000002842 0 0
9.8300000000000000711 0 0
9.8399999999999998579 0 0
9.8499999999999996447 0 0
9.8599999999999994316 0 0
9.8700000000000009948 0 0
9.8800000000000007816 0 0
9.8900000000000005684 0 0
9.9000000000000003553 0 0
9.9100000000000001421 0 0
9.9199999999999999289 0 0
9.9299999999999997158 0 0
9.9399999999999995026 0 0
9.9500000000000010658 0 0
9.9600000000000008527 0 0
9.9700000000000006395 0 0
9.9800000000000004263 0 0
9.9900000000000002132 0 0
10 0 0
10.009999999999999787 0 0
10.019999999999999574 0 0
10.029999999999999361 0 0
10.040000000000000924 0 0
10.050000000000000711 0 0
10.060000000000000497 0 0
10.070000000000000284 0 0
10.080000000000000071 0 0
10.089999999999999858 0 0
10.099999999999999645 0 0
10.109999999999999432 0 0
10.120000000000000995 0 0
10.130000000000000782 0 0
10.140000000000000568 0 0
10.150000000000000355 0 0
10.160000000000000142 0 0
10.169999999999999929 0 0
10.179999999999999716 0 0
10.189999999999999503 0 0
10.200000000000001066 0 0
10.210000000000000853 0 0
10.220000000000000639 0 0
10.230000000000000426 0 0
