0 1.4092773277183063363e-19 -1.4092773277183063363e-19
0.010000000000000000208 6.7905258946973210867e-19 -6.7905258946973210867e-19
0.020000000000000000416 3.1558136042556709484e-18 -3.1558136042556709484e-18
0.02999999999999999889 1.4145564005994429517e-17 -1.4145564005994429517e-17
0.040000000000000000833 6.1154748159794362641e-17 -6.1154748159794362641e-17
0.050000000000000002776 2.5500053155803786256e-16 -2.5500053155803786256e-16
0.05999999999999999778 1.0255408855605814548e-15 -1.0255408855605814548e-15
0.070000000000000006661 3.9780099260128896523e-15 -3.9780099260128896523e-15
0.080000000000000001665 1.4882631736301001132e-14 -1.4882631736301001132e-14
0.089999999999999996669 5.3702511685740625926e-14 -5.3702511685740625926e-14
0.10000000000000000555 1.8690049468778052561e-13 -1.8690049468778052561e-13
0.11000000000000000056 6.273751221346394025e-13 -6.273751221346394025e-13
0.11999999999999999556 2.0311646304968165582e-12 -2.0311646304968165582e-12
0.13000000000000000444 6.3425506972778454082e-12 -6.3425506972778454082e-12
0.14000000000000001332 1.9102216327129333809e-11 -1.9102216327129333809e-11
0.14999999999999999445 5.5488701316814058685e-11 0.00011990617621406967621
0.16000000000000000333 1.5546275216390579726e-10 0.00011391076720146553643
0.17000000000000001221 4.2009656728142361194e-10 0.00012190424795238821243
0.17999999999999999334 1.0948960869515275624e-09 0.00013189576215974843643
0.19000000000000000222 2.752312003846311884e-09 0.0001278972320514626523
0.2000000000000000111 6.6730351830725007393e-09 0.0001518745620344122318
0.20999999999999999223 1.5604510680967541217e-08 0.00014587031424440332359
0.22000000000000000111 3.5194750011734726501e-08 0.00016783353108905927666
0.23000000000000000999 7.6560824972490467864e-08 0.00014980623062248071592
0.23999999999999999112 1.6063357094344775249e-07 0.00016570964864598544328
0.25 3.2506260640610989755e-07 0.00017753585223954479098
0.26000000000000000888 6.3445190006149250443e-07 0.00015924052855427161244
0.27000000000000001776 1.1943493600717594191e-06 0.00016267750378663034722
0.28000000000000002665 2.1685280783999796176e-06 0.00016170332506830213041
0.28999999999999998002 3.7975168384831056103e-06 0.00017806027069983669129
0.2999999999999999889 6.4140945331597924443e-06 0.00020741868909602672591
0.30999999999999999778 1.0448934202038502098e-05 0.00015142447532252148782
0.32000000000000000666 1.6417598180715795264e-05 0.00016344174573546189
0.33000000000000001554 2.4879877612434181578e-05 0.00018695446239461023063
0.34000000000000002442 3.6365356293746786329e-05 0.00021743616881104413287
0.35000000000000003331 5.1265883240225679294e-05 0.00023850751064780078984
0.35999999999999998668 6.9705978971219923423e-05 0.0002520424255595883384
0.36999999999999999556 9.1413977859853149722e-05 0.00037422190180389733891
0.38000000000000000444 0.00011562617897215886407 0.00042195340915423228123
0.39000000000000001332 0.00014105897710791324724 0.00058237528580108190428
0.4000000000000000222 0.00016597637540109247954 0.00066337505023546727238
0.41000000000000003109 0.00018836179134360631982 0.00076489278961979672092
0.41999999999999998446 0.00020617705765550356891 0.00090095721655155248768
0.42999999999999999334 0.00021766512614991749487 0.0010013815252358075104
0.44000000000000000222 0.00022163500708892263074 0.0010693553818632733389
0.4500000000000000111 0.00021766512614991668172 0.00092943778766933630216
0.46000000000000001998 0.00020617705765550205102 0.00090095721655155400556
0.47000000000000002887 0.00018836179134360415141 0.00075290212788694643037
0.47999999999999998224 0.00016597637540109006719 0.00071333602437369974299
0.48999999999999999112 0.00014105897710791067226 0.00046047063230404423461
0.5 0.0001156261789721563433 0.00043993934354585260407
0.51000000000000000888 9.1413977859850859345e-05 0.00030027972061528654781
0.52000000000000001776 6.9705978971217904096e-05 0.00023805334930842640098
0.53000000000000002665 5.1265883240223903913e-05 0.00021652471811573110756
0.54000000000000003553 3.6365356293745417524e-05 0.00015148774755908538938
0.55000000000000004441 2.487987761243314481e-05 0.00011101385213577126326
0.56000000000000005329 1.6417598180715046487e-05 0.00013746206595910705184
0.57000000000000006217 1.0448934202037983714e-05 8.7474490416746352828e-05
0.57999999999999996003 6.4140945331594849713e-06 9.9503075470362719441e-05
0.58999999999999996891 3.7975168384829103692e-06 9.8122780472670399071e-05
0.5999999999999999778 2.1685280783998546803e-06 0.00010774552189344884618
0.60999999999999998668 1.1943493600716863625e-06 8.4738449905648259813e-05
0.61999999999999999556 6.3445190006145121157e-07 0.00013725772147028493997
0.63000000000000000444 3.2506260640608798057e-07 0.00011158742371162711871
0.64000000000000001332 1.6063357094343634401e-07 0.00010575653643257875857
0.6500000000000000222 7.6560824972484551868e-08 9.9845300139996315649e-05
0.66000000000000003109 3.519475001173185453e-08 0.00013186166230582367252
0.67000000000000003997 1.5604510680966211111e-08 0.00011789219084590563645
0.68000000000000004885 6.6730351830718944159e-09 0.00013588705671302133207
0.69000000000000005773 2.7523120038460480134e-09 8.5930046953716101264e-05
0.70000000000000006661 1.0948960869514165134e-09 0.00010591607510743525225
0.70999999999999996447 4.200965672813826148e-10 0.00010991362987528141147
0.71999999999999997335 1.5546275216389033932e-10 0.00011990607624001882849
0.72999999999999998224 5.5488701316808339507e-11 0.00010991399448314737822
0.73999999999999999112 1.9102216327127311094e-11 0.00010391871455512137511
0.75 6.3425506972772379474e-12 0.00013989059609802260422
0.76000000000000000888 2.031164630497552862e-12 0.00010391873162617307354
0.77000000000000001776 6.2737512214252377063e-13 0.00010192029668377818497
0.78000000000000002665 1.8690049474975422087e-13 9.9921860778068310885e-05
0.79000000000000003553 5.3702512146191257902e-14 9.7923424565081825964e-05
0.80000000000000004441 1.4882634997696438689e-14 0.00011990623168788835723
0.81000000000000005329 3.9780319561974310173e-15 8.5932799261741917561e-05
0.82000000000000006217 1.0256828056295766966e-15 0.00015387966413879641597
0.83000000000000007105 2.5587248344875862382e-16 0.00013389530067772163063
0.83999999999999996891 6.6264230956490796717e-17 9.9921860964902542239e-05
0.8499999999999999778 4.2702439687977847019e-17 0.00010591717000347949701
0.85999999999999998668 1.5538868951377979854e-16 0.00010791561362550891134
0.86999999999999999556 7.747594454230566297e-16 0.0001079156136248895473
0.88000000000000000444 3.7547149001301294423e-15 0.00011790779535283188852
0.89000000000000001332 1.7372067377284752959e-14 0.00012789998434609443825
0.9000000000000000222 7.6679034797695016104e-14 0.0001278999842867874681
0.91000000000000003109 3.2289400604244980301e-13 0.00010192029698825930248
0.92000000000000003997 1.2972533053585081556e-12 0.00011391092136696439826
0.93000000000000004885 4.9727551604399134919e-12 0.00010791560865290914612
0.94000000000000005773 1.8188855661275199591e-11 0.00012190464986009983219
0.95000000000000006661 6.3486440607687156427e-11 0.00012390304818465699825
0.95999999999999996447 2.1147464386903974434e-10 9.1927904105587083953e-05
0.96999999999999997335 6.723188692710538497e-10 0.00010391806133846843345
0.97999999999999998224 2.0402056057703360311e-09 0.00011590731880479632351
0.98999999999999999112 5.9101804023465849206e-09 9.7917514438381993884e-05
1 1.6345847349886953927e-08 0.00010390238780998781317
1.0100000000000000089 4.3166987520192596768e-08 0.00013385213369045731013
1.0200000000000000178 1.0886748802298238754e-07 0.00010780674613764132744
1.0300000000000000266 2.6225228396428955013e-07 0.00011165023403406891544
1.0400000000000000355 6.035268187317096265e-07 0.00011530583219167038695
1.0500000000000000444 1.3271569864386588874e-06 0.00010658845663922564891
1.0600000000000000533 2.789337223560720723e-06 0.00013710126521701259121
1.0700000000000000622 5.6046920970517193213e-06 0.00013628435396566368986
1.0800000000000000711 1.0769869540974868054e-05 0.00013311760559196734012
1.0900000000000000799 1.9798528112068351071e-05 9.8109267244518254931e-05
1.1000000000000000888 3.4833605064607809081e-05 0.00011305074276070329491
1.1100000000000000977 5.8683224833455618788e-05 7.5212075844521890334e-05
1.1200000000000001066 9.4715112361546503089e-05 0.00012111611488978199773
1.1300000000000001155 0.00014655237137527779524 9.9255408344775281505e-05
1.1400000000000001243 0.00021754999162932486421 3.6251533475466061768e-05
1.1500000000000001332 0.0003100962473388205339 5.6568263255615662023e-06
1.1599999999999999201 0.00042486160886511279778 8.0551477111802860173e-07
1.1699999999999999289 0.00056018162633616433877 -0.0001065363793014358117
1.1799999999999999378 0.00071177671613793260224 -0.00030409552689331949661
1.1899999999999999467 0.00087295915688640282355 -0.00032938423789358542166
1.1999999999999999556 0.0010353596726380622384 -0.00056772534935216963266
1.2099999999999999645 0.0011900566050594360307 -0.0006764582239834279493
1.2199999999999999734 0.0013288631865508869403 -0.00081126791823059470586
1.2299999999999999822 0.0014454730555779648268 -0.00097184343052947644824
1.2399999999999999911 0.0015362044363464659024 -0.0010785623020674532224
1.25 0.0016002043775216155674 -0.0011565513194937669661
1.2600000000000000089 0.0016391294684519924947 -0.0011994732685645975896
1.2700000000000000178 0.0016564519679601345456 -0.0012427754769529257214
1.2800000000000000266 0.001656608667701940131 -0.0012109571660519494532
1.2900000000000000355 0.0016442026246013968522 -0.0011925558211888104016
1.3000000000000000444 0.0016234033186102374106 -0.0011757533733381046563
1.3100000000000000533 0.0015976032517393734447 -0.0011459564483267869941
1.3200000000000000622 0.0015693118788216407766 -0.0011296556789342458715
1.3300000000000000711 0.0015402210263894004685 -0.0010965679683615518671
1.3400000000000000799 0.0015113629484193155574 -0.001103681759174702506
1.3500000000000000888 0.0014832940538964747585 -0.0010316472504838883079
1.3600000000000000977 0.0014562607719569168122 -0.0010285952046985439093
1.3700000000000001066 0.0014303275736069877636 -0.0010266432425028284084
1.3800000000000001155 0.0014054644159801467449 -0.00096780665971489391632
1.3900000000000001243 0.0013816002665404871364 -0.00099390345530963393646
1.4000000000000001332 0.0013586524111653568766 -0.00091699779675965035174
1.4099999999999999201 0.0013365405085977674106 -0.00090687649771725243122
1.4199999999999999289 0.0013151920793588768588 -0.00093748745713490358455
1.4299999999999999378 0.0012945437343493705878 -0.00083690160007035790772
1.4399999999999999467 0.0012745405908170951217 -0.00087485314695721991957
1.4499999999999999556 0.0012551351088377477299 -0.00080748516356561497558
1.4599999999999999645 0.0012362858885383665262 -0.00078463908512578007561
1.4699999999999999734 0.0012179566193120899657 -0.00083425666622169046202
1.4799999999999999822 0.0012001152186351471754 -0.00078044339676151212176
1.4899999999999999911 0.0011827331418743040198 -0.00076106287637852688965
1.5 0.0011657848307359570256 -0.00077409113226081967263
1.5100000000000000089 0.0011492472698547211932 -0.00073956763698796606533
1.5200000000000000178 0.0011330996269457726828 -0.00065147625651254645503
1.5300000000000000266 0.0011173229577987376943 -0.00071563707031672041566
1.5400000000000000355 0.0011018999620749207486 -0.00072819219799140117062
1.5500000000000000444 0.0010868147793586734832 -0.00070511326989041605597
1.5600000000000000533 0.0010720528174577364719 -0.00066637007183526549697
1.5700000000000000622 0.0010576006068035647637 -0.00067190221009102318352
1.5800000000000000711 0.0010434456761705768277 -0.00068772384647867502473
1.5900000000000000799 0.0010295764459544926635 -0.00066186398363356885831
1.6000000000000000888 0.0010159821360225460007 -0.00064826967370162219551
1.6100000000000000977 0.0010026526857400425846 -0.00056499492947478975602
1.6200000000000001066 0.00098957868423603986135 -0.00061187406201206658712
1.6300000000000001155 0.00097675130932945906058 -0.00058106075271386801138
1.6400000000000001243 0.00096416227382007595008 -0.00051451388492580111926
1.6500000000000001332 0.00095180377807430895619 -0.00055211633421443375401
1.6600000000000001421 0.0009396684680169149935 -0.00050600759899594631788
1.6699999999999999289 0.00092774939778701584828 -0.00053405725568973641884
1.6799999999999999378 0.00091603999643985391677 -0.00043641506962876971129
1.6899999999999999467 0.00090453403818634256668 -0.00046487783829894766159
1.6999999999999999556 0.00089322561578381780376 -0.00044557567051168499523
1.7099999999999999645 0.00088210911687761203379 -0.00044844824785664335817
1.7199999999999999734 0.00087117920347673939285 -0.000451507381603104285
1.7299999999999999822 0.00086043079563931671935 -0.00035882307629616109687
1.7399999999999999911 0.00084985906252819161822 -0.00041619819350722294261
1.75 0.00083945942866063202881 -0.00040180167239537925442
1.7600000000000000089 0.00082922761297848793585 -0.0003715854786994752558
1.7700000000000000178 0.00081915973753999172125 -0.00038150198127473894686
1.7800000000000000266 0.00080925257723807103236 -0.00035560733020334250529
1.7900000000000000355 0.00079950407892003807434 -0.00028990258508831414589
1.8000000000000000444 0.00078991436232757751383 -0.00036824409683180043791
1.8100000000000000533 0.00078048752267096961188 -0.00032484383201409900831
1.8200000000000000622 0.00077123466424677041692 -0.00030959567182730404061
1.8300000000000000711 0.00076217865893838049676 -0.00030453652465936781671
1.8400000000000000799 0.00075336106722390301128 -0.00027373614041281880581
1.8500000000000000888 0.00074485139301677238 -0.0002132670775491465236
1.8600000000000000977 0.00073675830095784871233 -0.00027112242129409823725
1.8700000000000001066 0.00072924161908255577449 -0.00022163856887297392253
1.8800000000000001155 0.00072252302991281341753 -0.0001549668456619520112
1.8900000000000001243 0.00071689262127259977854 -0.00018330986218283184565
1.9000000000000001332 0.00071270832337415031352 -0.00016313807351490668216
1.9100000000000001421 0.00071038605304407393282 -0.00010286111276569282359
1.9199999999999999289 0.00071038023392588889836 -0.00014482249329716956852
1.9299999999999999378 0.00071315699263277659414 4.281997617453241374e-06
1.9399999999999999467 0.00071916509051850221589 -2.7705809148458461315e-05
1.9499999999999999556 0.00072881170597688220425 -1.5369602970936521724e-05
1.9599999999999999645 0.00074245088473110626946 4.8930228500075828926e-05
1.9699999999999999734 0.00076039172661065154799 0.00017487691996113366357
1.9799999999999999822 0.00078293178905634354132 0.00011036965786577989084
1.9899999999999999911 0.00081041988358579550734 0.00033268625940449539444
2 0.00084335245756888329444 0.00033972232503360570016
2.0100000000000002309 0.00088250914358660719362 0.0005303860152779507663
2.0200000000000000178 0.00092913394386583277821 0.00060966275574004917277
2.0300000000000002487 0.00098516448860109617595 0.00080743367790191578753
2.0400000000000000355 0.0010534963238903914066 0.0012367127329191535904
2.0499999999999998224 0.0011382358253261039283 0.0016295996855685522531
2.0600000000000000533 0.0012448425292845379832 0.0021644914634649150414
2.0699999999999998401 0.0013799993718606835477 0.0031364685458498591311
2.0800000000000000711 0.0015510046146559751303 0.0045042601190757713264
2.0899999999999998579 0.0017644953517327091868 0.0071165594668975091022
2.1000000000000000888 0.0020244351273757802724 0.0098602709674852507399
2.1099999999999998757 0.0023295476934675337852 0.014443335319423284552
2.1200000000000001066 0.0026707172686988136026 0.020697009906656148315
2.1299999999999998934 0.0030291886785899649684 0.027920608802708486024
2.1400000000000001243 0.0033765194073372690846 0.036074628953630373529
2.1499999999999999112 0.0036770056379453646203 0.043408175240693853969
2.1600000000000001421 0.0038926832701940304246 0.051272179153941180307
2.1699999999999999289 0.0039901336826245773978 0.056166822632416013583
2.1800000000000001599 0.0039475157746929135164 0.058911326538596729685
2.1899999999999999467 0.0037598686927554020656 0.058503441262841515691
2.2000000000000001776 0.0034410259442939081578 0.05389613520926101603
2.2099999999999999645 0.0030214194771006537034 0.0480286586467072521
2.2200000000000001954 0.0025423048235892233004 0.039638710191059217669
2.2299999999999999822 0.0020480195800181991497 0.031120042987692685121
2.2400000000000002132 0.0015783800004562367151 0.023238213154808614463
2.25 0.0011630707598199562913 0.016345238574696573097
2.2600000000000002309 0.00081905686604269510413 0.011145586508042735346
2.2700000000000000178 0.00055102390184232758179 0.0068811640055554193496
2.2800000000000002487 0.0003540305538036508568 0.0041224687242946943255
2.2900000000000000355 0.00021717723509812432913 0.0024367472803727375716
2.3000000000000002665 0.00012717429508687108858 0.0011857989155012269716
2.3100000000000000533 7.107538132177452356e-05 0.00070231979751778984052
2.3199999999999998401 3.7906122689627858881e-05 0.00035178913216336741079
2.3300000000000000711 1.9289242413361683406e-05 0.00014458261073334042536
2.3399999999999998579 9.3646164942206368319e-06 6.2579121072250463022e-05
2.3500000000000000888 4.3370440134109842329e-06 3.3633264753987838483e-05
2.3599999999999998757 1.9159851196085337434e-06 3.0059010971258100036e-05
2.3700000000000001066 8.0733712756051312986e-07 7.1864118951561428797e-06
2.3799999999999998934 3.2445618165880067852e-07 1.6739810740203634562e-06
2.3900000000000001243 1.2435767134359217048e-07 -1.2435767134359217048e-07
2.3999999999999999112 4.5455276902503197073e-08 1.9529819787766608517e-06
2.4100000000000001421 1.5844311051740093719e-08 -1.5844311051740093719e-08
2.4199999999999999289 5.2665214729622291684e-09 -5.2665214729622291684e-09
2.4300000000000001599 1.6692510018019018207e-09 1.9967680046773621543e-06
2.4399999999999999467 5.0449172050549078825e-10 1.9979327639586586695e-06
2.4500000000000001776 1.4538167443200222542e-10 3.9967291296838964058e-06
2.4599999999999999645 3.9946455960100495156e-11 -3.9946455960100495156e-11
2.4700000000000001954 1.0465272285826935531e-11 -1.0465272285826935531e-11
2.4799999999999999822 2.6140752702248202191e-12 -2.6140752702248202191e-12
2.4900000000000002132 6.2254862288184987598e-13 -6.2254862288184987598e-13
2.5 1.4135433294558063333e-13 -1.4135433294558063333e-13
2.5100000000000002309 3.0599847575802094916e-14 -3.0599847575802094916e-14
2.5200000000000000178 6.3153562239639148428e-15 -6.3153562239639148428e-15
2.5300000000000002487 1.2426234149539352971e-15 -1.2426234149539352971e-15
2.5400000000000000355 2.330984424167432903e-16 -2.330984424167432903e-16
2.5500000000000002665 4.1686249100865550367e-17 -4.1686249100865550367e-17
2.5600000000000000533 7.1071531304428376629e-18 1.9984372556720570519e-06
2.5699999999999998401 1.1551650492788686421e-18 -1.1551650492788686421e-18
2.5800000000000000711 1.7899228523259929249e-19 -1.7899228523259929249e-19
2.5899999999999998579 2.644010264529235991e-20 1.9984372556791378238e-06
2.6000000000000000888 3.7232945262334540485e-21 -3.7232945262334540485e-21
2.6099999999999998757 4.9983212927876912338e-22 3.9968745113583273166e-06
2.6200000000000001066 6.3966229730460292728e-23 1.9984372556791640818e-06
2.6299999999999998934 7.8037726080672768248e-24 -7.8037726080672768248e-24
2.6400000000000001243 9.075767264795839701e-25 1.9984372556791640818e-06
2.6499999999999999112 1.0062010322311255873e-25 -1.0062010322311255873e-25
2.6600000000000001421 1.0634246886285164869e-26 -1.0634246886285164869e-26
2.6699999999999999289 1.0713893510357124173e-27 3.9968745113583281636e-06
2.6800000000000001599 1.0289746341158965627e-28 3.9968745113583281636e-06
2.6899999999999999467 9.4205666449010504982e-30 -9.4205666449010504982e-30
2.7000000000000001776 8.2217213611753817891e-31 1.9984372556791640818e-06
2.7099999999999999645 6.8400661336008302779e-32 1.9984372556791640818e-06
2.7200000000000001954 5.4246059898321482673e-33 -5.4246059898321482673e-33
2.7299999999999999822 4.1009555480400169006e-34 -4.1009555480400169006e-34
2.7400000000000002132 2.9553544439261332804e-35 -2.9553544439261332804e-35
2.75 2.0302077976302736384e-36 -2.0302077976302736384e-36
2.7600000000000002309 1.3294641503569523241e-37 -1.3294641503569523241e-37
2.7700000000000000178 8.2988300390032114102e-39 -8.2988300390032114102e-39
2.7800000000000002487 4.9381029852828497586e-40 1.9984372556791640818e-06
2.7900000000000000355 2.8009505037705626926e-41 1.9984372556791640818e-06
2.8000000000000002665 1.5144389768902217067e-42 -1.5144389768902217067e-42
2.8100000000000000533 7.805455553194502946e-44 -7.805455553194502946e-44
2.8199999999999998401 3.8348111969221659621e-45 -3.8348111969221659621e-45
2.8300000000000000711 1.795924753652183947e-46 -1.795924753652183947e-46
2.8399999999999998579 8.0173326778691201776e-48 -8.0173326778691201776e-48
2.8500000000000000888 3.4116818772556255778e-49 -3.4116818772556255778e-49
2.8599999999999998757 1.3838954362563585807e-50 1.9984372556791640818e-06
2.8700000000000001066 5.3509815341842771473e-52 -5.3509815341842771473e-52
2.8799999999999998934 1.9722337446622693689e-53 1.9984372556791640818e-06
2.8900000000000001243 6.9291096771554616056e-55 -6.9291096771554616056e-55
2.8999999999999999112 2.3205449719215128162e-56 -2.3205449719215128162e-56
2.9100000000000001421 7.4079059161387197007e-58 -7.4079059161387197007e-58
2.9199999999999999289 2.25420431264299791e-59 -2.25420431264299791e-59
2.9300000000000001599 6.5385718756238205442e-61 -6.5385718756238205442e-61
2.9399999999999999467 1.8078559141782737642e-62 -1.8078559141782737642e-62
2.9500000000000001776 4.764699461172322578e-64 -4.764699461172322578e-64
2.9599999999999999645 1.1970092715993412558e-65 -1.1970092715993412558e-65
2.9700000000000001954 2.8664829132165423253e-67 -2.8664829132165423253e-67
2.9799999999999999822 6.5432060302357866664e-69 -6.5432060302357866664e-69
2.9900000000000002132 1.4237075862954910251e-70 -1.4237075862954910251e-70
3 2.9528375501046071483e-72 -2.9528375501046071483e-72
3.0100000000000002309 5.8377630590579546455e-74 -5.8377630590579546455e-74
3.0200000000000000178 1.1001227400883321465e-75 -1.1001227400883321465e-75
3.0300000000000002487 1.9761650652645893827e-77 1.9984372556791640818e-06
3.0400000000000000355 3.3837037534267130126e-79 -3.3837037534267130126e-79
3.0500000000000002665 5.5226579151234645225e-81 -5.5226579151234645225e-81
3.0600000000000000533 8.5919217524282530376e-83 -8.5919217524282530376e-83
3.0700000000000002842 1.2741440230012588336e-84 -1.2741440230012588336e-84
3.0800000000000000711 1.8010777263684773935e-86 -1.8010777263684773935e-86
3.0899999999999998579 2.4267878616830879026e-88 -2.4267878616830879026e-88
3.1000000000000000888 3.1168528945068308852e-90 -3.1168528945068308852e-90
3.1099999999999998757 3.8158003844882562455e-92 -3.8158003844882562455e-92
3.1200000000000001066 4.4528653910783939327e-94 -4.4528653910783939327e-94
3.1299999999999998934 4.9531080122563015463e-96 -4.9531080122563015463e-96
3.1400000000000001243 5.2517021500310809573e-98 -5.2517021500310809573e-98
3.1499999999999999112 5.3076977476523338693e-100 -5.3076977476523338693e-100
3.1600000000000001421 5.1132361093540723146e-102 -5.1132361093540723146e-102
3.1699999999999999289 4.6953594468310237374e-104 -4.6953594468310237374e-104
3.1800000000000001599 4.1098403296647075389e-106 1.9984372556791640818e-06
3.1899999999999999467 3.4289720257256926555e-108 -3.4289720257256926555e-108
3.2000000000000001776 2.7270029581058493228e-110 -2.7270029581058493228e-110
3.2099999999999999645 2.067234496091760548e-112 -2.067234496091760548e-112
3.2200000000000001954 1.4937438986173378071e-114 -1.4937438986173378071e-114
3.2299999999999999822 1.0288323617333911503e-116 3.9968745113583281636e-06
3.2400000000000002132 6.7545274350920806853e-119 -6.7545274350920806853e-119
3.25 4.2269491242336609295e-121 -4.2269491242336609295e-121
3.2600000000000002309 2.5213932693170394282e-123 1.9984372556791640818e-06
3.2700000000000000178 1.4336247870554769633e-125 -1.4336247870554769633e-125
3.2800000000000002487 7.7698312621995398323e-128 -7.7698312621995398323e-128
3.2900000000000000355 4.0139197225581285367e-130 -4.0139197225581285367e-130
3.3000000000000002665 1.9765446349131692033e-132 -1.9765446349131692033e-132
3.3100000000000000533 9.2773782181884915926e-135 -9.2773782181884915926e-135
3.3200000000000002842 4.1507295647451330335e-137 -4.1507295647451330335e-137
3.3300000000000000711 1.770125289153715176e-139 -1.770125289153715176e-139
3.3399999999999998579 7.1955471420085499852e-142 -7.1955471420085499852e-142
3.3500000000000000888 2.7880704670532277301e-144 -2.7880704670532277301e-144
3.3599999999999998757 1.0297306497763737848e-146 -1.0297306497763737848e-146
3.3700000000000001066 3.6251282011874683875e-149 -3.6251282011874683875e-149
3.3799999999999998934 1.2164739311493266637e-151 1.9984372556791640818e-06
3.3900000000000001243 3.8910053032314493817e-154 1.9984372556791640818e-06
3.3999999999999999112 1.1863157455558868315e-156 3.9968745113583281636e-06
3.4100000000000001421 3.4476097606168350311e-159 -3.4476097606168350311e-159
3.4199999999999999289 9.5502584702950136987e-162 1.9984372556791640818e-06
3.4300000000000001599 2.5216874188085153222e-164 -2.5216874188085153222e-164
3.4399999999999999467 6.3466765782027962799e-167 1.9984372556791640818e-06
3.4500000000000001776 1.5225808515388062851e-169 -1.5225808515388062851e-169
3.4599999999999999645 3.4817143138565073168e-172 -3.4817143138565073168e-172
3.4700000000000001954 7.5890003154363525274e-175 -7.5890003154363525274e-175
3.4799999999999999822 1.5767199958287727468e-177 3.9968745113583281636e-06
3.4900000000000002132 3.1225043105413171228e-180 -3.1225043105413171228e-180
3.5 5.8942681177495712751e-183 -5.8942681177495712751e-183
3.5100000000000002309 1.0605594098604617086e-185 -1.0605594098604617086e-185
3.5200000000000000178 1.8189396793127724313e-188 1.9984372556791640818e-06
3.5300000000000002487 2.9735803770972424838e-191 1.9984372556791640818e-06
3.5400000000000000355 4.633605632060851621e-194 -4.633605632060851621e-194
3.5500000000000002665 6.8823438646280695129e-197 -6.8823438646280695129e-197
3.5600000000000000533 9.7438703260965670102e-200 -9.7438703260965670102e-200
3.5700000000000002842 1.3149352527567406048e-202 -1.3149352527567406048e-202
3.5800000000000000711 1.6914334126964882594e-205 1.9984372556791640818e-06
3.5899999999999998579 2.0738771465365045022e-208 -2.0738771465365045022e-208
3.6000000000000000888 2.4237546309888798513e-211 1.9984372556791640818e-06
3.6099999999999998757 2.7000493813159244689e-214 -2.7000493813159244689e-214
3.6200000000000001066 2.867029202351094857e-217 -2.867029202351094857e-217
3.6299999999999998934 2.9018155718281497567e-220 -2.9018155718281497567e-220
3.6400000000000001243 2.7995272967082360782e-223 -2.7995272967082360782e-223
3.6499999999999999112 2.5744042560979750909e-226 -2.5744042560979750909e-226
3.6600000000000001421 2.256554634819880713e-229 -2.256554634819880713e-229
3.6699999999999999289 1.8853499055250582226e-232 -1.8853499055250582226e-232
3.6800000000000001599 1.5014642992413332314e-235 -1.5014642992413332314e-235
3.6899999999999999467 1.1397639816522368642e-238 -1.1397639816522368642e-238
3.7000000000000001776 8.2469175836535555514e-242 -8.2469175836535555514e-242
3.7099999999999999645 5.6878105950088273043e-245 1.9984372556791640818e-06
3.7200000000000001954 3.7391706123795969999e-248 -3.7391706123795969999e-248
3.7299999999999999822 2.3430527285806126204e-251 -2.3430527285806126204e-251
3.7400000000000002132 1.39947584952595783e-254 -1.39947584952595783e-254
3.75 7.967558532782469596e-258 -7.967558532782469596e-258
3.7600000000000002309 4.3237598919208832612e-261 -4.3237598919208832612e-261
3.7700000000000000178 2.2365276451116209916e-264 -2.2365276451116209916e-264
3.7800000000000002487 1.1027150823079167104e-267 -1.1027150823079167104e-267
3.7900000000000000355 5.18237274859800746e-271 -5.18237274859800746e-271
3.8000000000000002665 2.3215081637373356126e-274 1.9984372556791640818e-06
3.8100000000000000533 9.9126088215992405723e-278 1.9984372556791640818e-06
3.8200000000000002842 4.0344269384447032249e-281 1.9984372556791640818e-06
3.8300000000000000711 1.5651350831808541517e-284 -1.5651350831808541517e-284
3.8399999999999998579 5.7875910149918072374e-288 -5.7875910149918072374e-288
3.8500000000000000888 2.0399514386560154173e-291 -2.0399514386560154173e-291
3.8599999999999998757 6.8535844037853180292e-295 1.9984372556791640818e-06
3.8700000000000001066 2.1947830479619315761e-298 -2.1947830479619315761e-298
3.8799999999999998934 6.6994828304822110968e-302 -6.6994828304822110968e-302
3.8900000000000001243 1.9492465087088650643e-305 -1.9492465087088650643e-305
3.8999999999999999112 5.4059000681800390201e-309 -5.4059000681800390201e-309
3.9100000000000001421 1.4290419571754482026e-312 -1.4290419571754482026e-312
3.9199999999999999289 3.6007886181654283423e-316 -3.6007886181654283423e-316
3.9300000000000001599 8.6481250648051795093e-320 -8.6481250648051795093e-320
3.9399999999999999467 1.9762625833649861767e-323 1.9984372556791640818e-06
3.9500000000000001776 0 0
3.9599999999999999645 0 0
3.9700000000000001954 0 0
3.9799999999999999822 0 0
3.9900000000000002132 0 1.9984372556791640818e-06
4 0 0
4.0099999999999997868 0 1.9984372556791640818e-06
4.0200000000000004619 0 0
4.0300000000000002487 0 0
4.0400000000000000355 0 0
4.0499999999999998224 0 1.9984372556791640818e-06
4.0600000000000004974 0 0
4.0700000000000002842 0 1.9984372556791640818e-06
4.0800000000000000711 0 0
4.0899999999999998579 0 3.9968745113583281636e-06
4.0999999999999996447 0 0
4.1100000000000003197 0 0
4.1200000000000001066 0 0
4.1299999999999998934 0 1.9984372556791640818e-06
4.1399999999999996803 0 0
4.1500000000000003553 0 1.9984372556791640818e-06
4.1600000000000001421 0 0
4.1699999999999999289 0 1.9984372556791640818e-06
4.1799999999999997158 0 3.9968745113583281636e-06
4.1900000000000003908 0 1.9984372556791640818e-06
4.2000000000000001776 0 0
4.2099999999999999645 0 0
4.2199999999999997513 0 5.9953117670374922454e-06
4.2300000000000004263 0 0
4.2400000000000002132 0 1.9984372556791640818e-06
4.25 0 5.9953117670374922454e-06
4.2599999999999997868 0 3.9968745113583281636e-06
4.2700000000000004619 0 1.5987498045433309266e-05
4.2800000000000002487 0 1.3989060789754150267e-05
4.2900000000000000355 0 1.1990623534074979409e-05
4.2999999999999998224 0 9.9921862783958204091e-06
4.3100000000000004974 0 1.7985934391617771575e-05
4.3200000000000002842 0 1.5987498045433309266e-05
4.3300000000000000711 0 2.7978121579508300533e-05
4.3399999999999998579 0 2.3981247068149968982e-05
4.3500000000000005329 0 9.9921862783958204091e-06
4.3600000000000003197 0 1.7985934391617771575e-05
4.3700000000000001066 0 2.1982808902976099739e-05
4.3799999999999998934 0 3.5971868783235549927e-05
4.3899999999999996803 0 1.5987498045433309266e-05
4.4000000000000003553 0 3.1974996090866632085e-05
4.4100000000000001421 0 1.7985934391617771575e-05
4.4199999999999999289 0 7.9937490227166563272e-06
4.4299999999999997158 0 2.5979683414334431291e-05
4.4400000000000003908 0 1.1990623534074979409e-05
4.4500000000000001776 0 1.1990623534074979409e-05
4.4599999999999999645 0 5.9953117670374922454e-06
4.4699999999999997513 0 5.9953117670374922454e-06
4.4800000000000004263 0 1.9984372556791640818e-06
4.4900000000000002132 0 0
4.5 0 3.9968745113583281636e-06
4.5099999999999997868 0 1.9984372556791640818e-06
4.5200000000000004619 0 3.9968745113583281636e-06
4.5300000000000002487 0 0
4.5400000000000000355 0 0
4.5499999999999998224 0 0
4.5600000000000004974 0 0
4.5700000000000002842 0 0
4.5800000000000000711 0 0
4.5899999999999998579 0 0
4.6000000000000005329 0 0
4.6100000000000003197 0 0
4.6200000000000001066 0 0
4.6299999999999998934 0 0
4.6399999999999996803 0 0
4.6500000000000003553 0 0
4.6600000000000001421 0 0
4.6699999999999999289 0 0
4.6799999999999997158 0 0
4.6900000000000003908 0 0
4.7000000000000001776 0 0
4.7099999999999999645 0 0
4.7199999999999997513 0 0
4.7300000000000004263 0 0
4.7400000000000002132 0 0
4.75 0 0
4.7599999999999997868 0 0
4.7700000000000004619 0 0
4.7800000000000002487 0 0
4.7900000000000000355 0 0
4.7999999999999998224 0 0
4.8100000000000004974 0 0
4.8200000000000002842 0 0
4.8300000000000000711 0 0
4.8399999999999998579 0 0
4.8500000000000005329 0 0
4.8600000000000003197 0 0
4.8700000000000001066 0 0
4.8799999999999998934 0 0
4.8899999999999996803 0 0
4.9000000000000003553 0 0
4.9100000000000001421 0 0
4.9199999999999999289 0 0
4.9299999999999997158 0 0
4.9400000000000003908 0 0
4.9500000000000001776 0 0
4.9599999999999999645 0 0
4.9699999999999997513 0 0
4.9800000000000004263 0 0
4.9900000000000002132 0 0
5 0 0
5.0099999999999997868 0 0
5.0200000000000004619 0 0
5.0300000000000002487 0 0
5.0400000000000000355 0 0
5.0499999999999998224 0 0
5.0600000000000004974 0 0
5.0700000000000002842 0 0
5.0800000000000000711 0 0
5.0899999999999998579 0 0
5.1000000000000005329 0 0
5.1100000000000003197 0 0
5.1200000000000001066 0 0
5.1299999999999998934 0 0
5.1399999999999996803 0 0
5.1500000000000003553 0 0
5.1600000000000001421 0 0
5.1699999999999999289 0 0
5.1799999999999997158 0 0
5.1900000000000003908 0 0
5.2000000000000001776 0 0
5.2099999999999999645 0 0
5.2199999999999997513 0 0
5.2300000000000004263 0 0
5.2400000000000002132 0 0
5.25 0 0
5.2599999999999997868 0 0
5.2700000000000004619 0 0
5.2800000000000002487 0 0
5.2900000000000000355 0 0
5.2999999999999998224 0 0
5.3100000000000004974 0 0
5.3200000000000002842 0 0
5.3300000000000000711 0 0
5.3399999999999998579 0 0
5.3500000000000005329 0 0
5.3600000000000003197 0 0
5.3700000000000001066 0 0
5.3799999999999998934 0 0
5.3899999999999996803 0 0
5.4000000000000003553 0 0
5.4100000000000001421 0 0
5.4199999999999999289 0 0
5.4299999999999997158 0 0
5.4400000000000003908 0 0
5.4500000000000001776 0 0
5.4599999999999999645 0 0
5.4699999999999997513 0 0
5.4800000000000004263 0 0
5.4900000000000002132 0 0
5.5 0 0
5.5099999999999997868 0 0
5.5200000000000004619 0 0
5.5300000000000002487 0 0
5.5400000000000000355 0 0
5.5499999999999998224 0 0
5.5600000000000004974 0 0
5.5700000000000002842 0 0
5.5800000000000000711 0 0
5.5899999999999998579 0 0
5.6000000000000005329 0 0
5.6100000000000003197 0 0
5.6200000000000001066 0 0
5.6299999999999998934 0 0
5.6399999999999996803 0 0
5.6500000000000003553 0 0
5.6600000000000001421 0 0
5.6699999999999999289 0 0
5.6799999999999997158 0 0
5.6900000000000003908 0 0
5.7000000000000001776 0 0
5.7099999999999999645 0 0
5.7199999999999997513 0 0
5.7300000000000004263 0 0
5.7400000000000002132 0 0
5.75 0 0
5.7599999999999997868 0 0
5.7700000000000004619 0 0
5.7800000000000002487 0 0
5.7900000000000000355 0 0
5.7999999999999998224 0 0
5.8100000000000004974 0 0
5.8200000000000002842 0 0
5.8300000000000000711 0 0
5.8399999999999998579 0 0
5.8500000000000005329 0 0
5.8600000000000003197 0 0
5.8700000000000001066 0 0
5.8799999999999998934 0 0
5.8899999999999996803 0 0
5.9000000000000003553 0 0
5.9100000000000001421 0 0
5.9199999999999999289 0 0
5.9299999999999997158 0 0
5.9400000000000003908 0 0
5.9500000000000001776 0 0
5.9599999999999999645 0 0
5.9699999999999997513 0 0
5.9800000000000004263 0 0
5.9900000000000002132 0 0
6 0 0
6.0099999999999997868 0 0
6.0200000000000004619 0 0
6.0300000000000002487 0 0
6.0400000000000000355 0 0
6.0499999999999998224 0 0
6.0600000000000004974 0 0
6.0700000000000002842 0 0
6.0800000000000000711 0 0
6.0899999999999998579 0 0
6.1000000000000005329 0 0
6.1100000000000003197 0 0
6.1200000000000001066 0 0
6.1299999999999998934 0 0
6.1400000000000005684 0 0
6.1500000000000003553 0 0
6.1600000000000001421 0 0
6.1699999999999999289 0 0
6.1799999999999997158 0 0
6.1900000000000003908 0 0
6.2000000000000001776 0 0
6.2099999999999999645 0 0
6.2199999999999997513 0 0
6.2300000000000004263 0 0
6.2400000000000002132 0 0
6.25 0 0
6.2599999999999997868 0 0
6.2700000000000004619 0 0
6.2800000000000002487 0 0
6.2900000000000000355 0 0
6.2999999999999998224 0 0
6.3100000000000004974 0 0
6.3200000000000002842 0 0
6.3300000000000000711 0 0
6.3399999999999998579 0 0
6.3500000000000005329 0 0
6.3600000000000003197 0 0
6.3700000000000001066 0 0
6.3799999999999998934 0 0
6.3900000000000005684 0 0
6.4000000000000003553 0 0
6.4100000000000001421 0 0
6.4199999999999999289 0 0
6.4299999999999997158 0 0
6.4400000000000003908 0 0
6.4500000000000001776 0 0
6.4599999999999999645 0 0
6.4699999999999997513 0 0
6.4800000000000004263 0 0
6.4900000000000002132 0 0
6.5 0 0
6.5099999999999997868 0 0
6.5200000000000004619 0 0
6.5300000000000002487 0 0
6.5400000000000000355 0 0
6.5499999999999998224 0 0
6.5600000000000004974 0 0
6.5700000000000002842 0 0
6.5800000000000000711 0 0
6.5899999999999998579 0 0
6.6000000000000005329 0 0
6.6100000000000003197 0 0
6.6200000000000001066 0 0
6.6299999999999998934 0 0
6.6400000000000005684 0 0
6.6500000000000003553 0 0
6.6600000000000001421 0 0
6.6699999999999999289 0 0
6.6799999999999997158 0 0
6.6900000000000003908 0 0
6.7000000000000001776 0 0
6.7099999999999999645 0 0
6.7199999999999997513 0 0
6.7300000000000004263 0 0
6.7400000000000002132 0 0
6.75 0 0
6.7599999999999997868 0 0
6.7700000000000004619 0 0
6.7800000000000002487 0 0
6.7900000000000000355 0 0
6.7999999999999998224 0 0
6.8100000000000004974 0 0
6.8200000000000002842 0 0
6.8300000000000000711 0 0
6.8399999999999998579 0 0
6.8500000000000005329 0 0
6.8600000000000003197 0 0
6.8700000000000001066 0 0
6.8799999999999998934 0 0
6.8900000000000005684 0 0
6.9000000000000003553 0 0
6.9100000000000001421 0 0
6.9199999999999999289 0 0
6.9299999999999997158 0 0
6.9400000000000003908 0 0
6.9500000000000001776 0 0
6.9599999999999999645 0 0
6.9699999999999997513 0 0
6.9800000000000004263 0 0
6.9900000000000002132 0 0
7 0 0
7.0099999999999997868 0 0
7.0200000000000004619 0 0
7.0300000000000002487 0 0
7.0400000000000000355 0 0
7.0499999999999998224 0 0
7.0600000000000004974 0 0
7.0700000000000002842 0 0
7.0800000000000000711 0 0
7.0899999999999998579 0 0
7.1000000000000005329 0 0
7.1100000000000003197 0 0
7.1200000000000001066 0 0
7.1299999999999998934 0 0
7.1400000000000005684 0 0
7.1500000000000003553 0 0
7.1600000000000001421 0 0
7.1699999999999999289 0 0
7.1799999999999997158 0 0
7.1900000000000003908 0 0
7.2000000000000001776 0 0
7.2099999999999999645 0 0
7.2199999999999997513 0 0
7.2300000000000004263 0 0
7.2400000000000002132 0 0
7.25 0 0
7.2599999999999997868 0 0
7.2700000000000004619 0 0
7.2800000000000002487 0 0
7.2900000000000000355 0 0
7.2999999999999998224 0 0
7.3100000000000004974 0 0
7.3200000000000002842 0 0
7.3300000000000000711 0 0
7.3399999999999998579 0 0
7.3500000000000005329 0 0
7.3600000000000003197 0 0
7.3700000000000001066 0 0
7.3799999999999998934 0 0
7.3900000000000005684 0 0
7.4000000000000003553 0 0
7.4100000000000001421 0 0
7.4199999999999999289 0 0
7.4299999999999997158 0 0
7.4400000000000003908 0 0
7.4500000000000001776 0 0
7.4599999999999999645 0 0
7.4699999999999997513 0 0
7.4800000000000004263 0 0
7.4900000000000002132 0 0
7.5 0 0
7.5099999999999997868 0 0
7.5200000000000004619 0 0
7.5300000000000002487 0 0
7.5400000000000000355 0 0
7.5499999999999998224 0 0
7.5600000000000004974 0 0
7.5700000000000002842 0 0
7.5800000000000000711 0 0
7.5899999999999998579 0 0
7.6000000000000005329 0 0
7.6100000000000003197 0 0
7.6200000000000001066 0 0
7.6299999999999998934 0 0
7.6400000000000005684 0 0
7.6500000000000003553 0 0
7.6600000000000001421 0 0
7.6699999999999999289 0 0
7.6799999999999997158 0 0
7.6900000000000003908 0 0
7.7000000000000001776 0 0
7.7099999999999999645 0 0
7.7199999999999997513 0 0
7.7300000000000004263 0 0
7.7400000000000002132 0 0
7.75 0 0
7.7599999999999997868 0 0
7.7700000000000004619 0 0
7.7800000000000002487 0 0
7.7900000000000000355 0 0
7.7999999999999998224 0 0
7.8100000000000004974 0 0
7.8200000000000002842 0 0
7.8300000000000000711 0 0
7.8399999999999998579 0 0
7.8500000000000005329 0 0
7.8600000000000003197 0 0
7.8700000000000001066 0 0
7.8799999999999998934 0 0
7.8900000000000005684 0 0
7.9000000000000003553 0 0
7.9100000000000001421 0 0
7.9199999999999999289 0 0
7.930000000000000604 0 0
7.9400000000000003908 0 0
7.9500000000000001776 0 0
7.9599999999999999645 0 0
7.9699999999999997513 0 0
7.9800000000000004263 0 0
7.9900000000000002132 0 0
8 0 0
8.0099999999999997868 0 0
8.0199999999999995737 0 0
8.0299999999999993605 0 0
8.0400000000000009237 0 0
8.0500000000000007105 0 0
8.0600000000000004974 0 0
8.0700000000000002842 0 0
8.0800000000000000711 0 0
8.0899999999999998579 0 0
8.0999999999999996447 0 0
8.1099999999999994316 0 0
8.1200000000000009948 0 0
8.1300000000000007816 0 0
8.1400000000000005684 0 0
8.1500000000000003553 0 0
8.1600000000000001421 0 0
8.1699999999999999289 0 0
8.1799999999999997158 0 0
8.1899999999999995026 0 0
8.1999999999999992895 0 0
8.2100000000000008527 0 0
8.2200000000000006395 0 0
8.2300000000000004263 0 0
8.2400000000000002132 0 0
8.25 0 0
8.2599999999999997868 0 0
8.2699999999999995737 0 0
8.2799999999999993605 0 0
8.2900000000000009237 0 0
8.3000000000000007105 0 0
8.3100000000000004974 0 0
8.3200000000000002842 0 0
8.3300000000000000711 0 0
8.3399999999999998579 0 0
8.3499999999999996447 0 0
8.3599999999999994316 0 0
8.3700000000000009948 0 0
8.3800000000000007816 0 0
8.3900000000000005684 0 0
8.4000000000000003553 0 0
8.4100000000000001421 0 0
8.4199999999999999289 0 0
8.4299999999999997158 0 0
8.4399999999999995026 0 0
8.4499999999999992895 0 0
8.4600000000000008527 0 0
8.4700000000000006395 0 0
8.4800000000000004263 0 0
8.4900000000000002132 0 0
8.5 0 0
8.5099999999999997868 0 0
8.5199999999999995737 0 0
8.5299999999999993605 0 0
8.5400000000000009237 0 0
8.5500000000000007105 0 0
8.5600000000000004974 0 0
8.5700000000000002842 0 0
8.5800000000000000711 0 0
8.5899999999999998579 0 0
8.5999999999999996447 0 0
8.6099999999999994316 0 0
8.6200000000000009948 0 0
8.6300000000000007816 0 0
8.6400000000000005684 0 0
8.6500000000000003553 0 0
8.6600000000000001421 0 0
8.6699999999999999289 0 0
8.6799999999999997158 0 0
8.6899999999999995026 0 0
8.7000000000000010658 0 0
8.7100000000000008527 0 0
8.7200000000000006395 0 0
8.7300000000000004263 0 0
8.7400000000000002132 0 0
8.75 0 0
8.7599999999999997868 0 0
8.7699999999999995737 0 0
8.7799999999999993605 0 0
8.7900000000000009237 0 0
8.8000000000000007105 0 0
8.8100000000000004974 0 0
8.8200000000000002842 0 0
8.8300000000000000711 0 0
8.8399999999999998579 0 0
8.8499999999999996447 0 0
8.8599999999999994316 0 0
8.8700000000000009948 0 0
8.8800000000000007816 0 0
8.8900000000000005684 0 0
8.9000000000000003553 0 0
8.9100000000000001421 0 0
8.9199999999999999289 0 0
8.9299999999999997158 0 0
8.9399999999999995026 0 0
8.9500000000000010658 0 0
8.9600000000000008527 0 0
8.9700000000000006395 0 0
8.9800000000000004263 0 0
8.9900000000000002132 0 0
9 0 0
9.0099999999999997868 0 0
9.0199999999999995737 0 0
9.0299999999999993605 0 0
9.0400000000000009237 0 0
9.0500000000000007105 0 0
9.0600000000000004974 0 0
9.0700000000000002842 0 0
9.0800000000000000711 0 0
9.0899999999999998579 0 0
9.0999999999999996447 0 0
9.1099999999999994316 0 0
9.1200000000000009948 0 0
9.1300000000000007816 0 0
9.1400000000000005684 0 0
9.1500000000000003553 0 0
9.1600000000000001421 0 0
9.1699999999999999289 0 0
9.1799999999999997158 0 0
9.1899999999999995026 0 0
9.2000000000000010658 0 0
9.2100000000000008527 0 0
9.2200000000000006395 0 0
9.2300000000000004263 0 0
9.2400000000000002132 0 0
9.25 0 0
9.2599999999999997868 0 0
9.2699999999999995737 0 0
9.2799999999999993605 0 0
9.2900000000000009237 0 0
9.3000000000000007105 0 0
9.3100000000000004974 0 0
9.3200000000000002842 0 0
9.3300000000000000711 0 0
9.3399999999999998579 0 0
9.3499999999999996447 0 0
9.3599999999999994316 0 0
9.3700000000000009948 0 0
9.3800000000000007816 0 0
9.3900000000000005684 0 0
9.4000000000000003553 0 0
9.4100000000000001421 0 0
9.4199999999999999289 0 0
9.4299999999999997158 0 0
9.4399999999999995026 0 0
9.4500000000000010658 0 0
9.4600000000000008527 0 0
9.4700000000000006395 0 0
9.4800000000000004263 0 0
9.4900000000000002132 0 0
9.5 0 0
9.5099999999999997868 0 0
9.5199999999999995737 0 0
9.5299999999999993605 0 0
9.5400000000000009237 0 0
9.5500000000000007105 0 0
9.5600000000000004974 0 0
9.5700000000000002842 0 0
9.5800000000000000711 0 0
9.5899999999999998579 0 0
9.5999999999999996447 0 0
9.6099999999999994316 0 0
9.6200000000000009948 0 0
9.6300000000000007816 0 0
9.6400000000000005684 0 0
9.6500000000000003553 0 0
9.6600000000000001421 0 0
9.6699999999999999289 0 0
9.6799999999999997158 0 0
9.6899999999999995026 0 0
9.7000000000000010658 0 0
9.7100000000000008527 0 0
9.7200000000000006395 0 0
9.7300000000000004263 0 0
9.7400000000000002132 0 0
9.75 0 0
9.7599999999999997868 0 0
9.7699999999999995737 0 0
9.7799999999999993605 0 0
9.7900000000000009237 0 0
9.8000000000000007105 0 0
9.8100000000000004974 0 0
9.8200000000000002842 0 0
9.8300000000000000711 0 0
9.8399999999999998579 0 0
9.8499999999999996447 0 0
9.8599999999999994316 0 0
9.8700000000000009948 0 0
9.8800000000000007816 0 0
9.8900000000000005684 0 0
9.9000000000000003553 0 0
9.9100000000000001421 0 0
9.9199999999999999289 0 0
9.9299999999999997158 0 0
9.9399999999999995026 0 0
9.9500000000000010658 0 0
9.9600000000000008527 0 0
9.9700000000000006395 0 0
9.9800000000000004263 0 0
9.9900000000000002132 0 0
10 0 0
10.009999999999999787 0 0
10.019999999999999574 0 0
10.029999999999999361 0 0
10.040000000000000924 0 0
10.050000000000000711 0 0
10.060000000000000497 0 0
10.070000000000000284 0 0
10.080000000000000071 0 0
10.089999999999999858 0 0
10.099999999999999645 0 0
10.109999999999999432 0 0
10.120000000000000995 0 0
10.130000000000000782 0 0
10.140000000000000568 0 0
10.150000000000000355 0 0
10.160000000000000142 0 0
10.169999999999999929 0 0
10.179999999999999716 0 0
10.189999999999999503 0 0
10.200000000000001066 0 0
10.210000000000000853 0 0
10.220000000000000639 0 0
10.230000000000000426 0 0
