0 1.8644246705033617315e-07 -1.8644246705033617315e-07
0.010000000000000000208 2.7521263961758043522e-07 -2.7521263961758043522e-07
0.020000000000000000416 4.0216020299029521706e-07 -4.0216020299029521706e-07
0.02999999999999999889 5.817507986450937423e-07 -5.817507986450937423e-07
0.040000000000000000833 8.330711056756937655e-07 -8.330711056756937655e-07
0.050000000000000002776 1.1809581516591152181e-06 -1.1809581516591152181e-06
0.05999999999999999778 1.6572878147544677546e-06 -1.6572878147544677546e-06
0.070000000000000006661 2.302666602548591232e-06 -2.302666602548591232e-06
0.080000000000000001665 3.1726952602405767186e-06 -3.1726952602405767186e-06
0.089999999999999996669 4.3944995493193966178e-06 -4.3944995493193966178e-06
0.10000000000000000555 6.6117963160501000227e-06 -6.6117963160501000227e-06
0.11000000000000000056 1.3420718329608308562e-05 -1.3420718329608308562e-05
0.11999999999999999556 3.9888405406503047248e-05 -3.9888405406503047248e-05
0.13000000000000000444 0.00012816387385794492104 -0.00012816387385794492104
0.14000000000000001332 0.00034621307438925674489 -0.00034621307438925674489
0.14999999999999999445 0.00071980158222188458418 -0.00057795591541846499418
0.16000000000000000333 0.0011234831914997789153 -0.00093368969161465196691
0.17000000000000001221 0.0013084298665502725693 -0.0011645863673051504942
0.17999999999999999334 0.0011392598544209913119 -0.0010153946213852331742
0.19000000000000000222 0.00075165243245847441871 -0.00068971981594059534985
0.2000000000000000111 0.00039471721504260231855 -0.0003367802488562129915
0.20999999999999999223 0.00019415048298549648941 -0.00014620264990378913105
0.22000000000000000111 0.00012439047668671206898 -7.6442643605004710616e-05
0.23000000000000000999 0.00011761531135125644055 -0.00010562835308082960096
0.23999999999999999112 0.00013174858063337075613 -9.7785530987835108264e-05
0.25 0.00015171494381034520338 -0.0001277410272694915242
0.26000000000000000888 0.00017382284214141174427 -0.00016183588387098490468
0.27000000000000001776 0.00019724300296127426023 -0.00016527778211946229036
0.28000000000000002665 0.00022157371102978230793 -0.00020958675275935546834
0.28999999999999998002 0.00024640119037779576383 -0.00023241640603212935156
0.2999999999999999889 0.00027125301995659036221 -0.00026126388776140309529
0.30999999999999999778 0.00029560620380862212119 -0.00025964532899734160242
0.32000000000000000666 0.00031890379495401027224 -0.00027694944100751633367
0.33000000000000001554 0.00034057519301970067081 -0.00028463605563703502175
0.34000000000000002442 0.00036005887184143185384 -0.00030012408048929765589
0.35000000000000003331 0.00037682629669852471706 -0.0003308762887825622296
0.35999999999999998668 0.00039040562740691751647 -0.0003524469274298921268
0.36999999999999999556 0.00040040373206990146574 -0.0003304798076130852991
0.38000000000000000444 0.0004065250813663778026 -0.00036257290225413899313
0.39000000000000001332 0.00040858625711298005717 -0.00035864059886552782791
0.4000000000000000222 0.0004065250813663778026 -0.00036257290225413899313
0.41000000000000003109 0.00040040373206990146574 -0.00033847111555202239689
0.41999999999999998446 0.00039040562740691762489 -0.00033646431518999684674
0.42999999999999999334 0.00037682629669852471706 -0.000320887159315859068
0.44000000000000000222 0.00036005887184143185384 -0.00031810451789493791527
0.4500000000000000111 0.0003405751930197006166 -0.00030061866423895154893
0.46000000000000001998 0.00031890379495400767015 -0.00026895813670655544089
0.47000000000000002887 0.00029560620380842089327 -0.0002556496750276718256
0.47999999999999998224 0.00027125301994491708268 -0.0002392877991031051128
0.48999999999999999112 0.00024640118987662255065 -0.00021843162118528972613
0.5 0.00022157369510200975219 -0.00020758891075634333992
0.51000000000000000888 0.00019724262824812394059 -0.00017326871170727026141
0.52000000000000001776 0.00017381631655423169765 -0.00015383805216385716382
0.53000000000000002665 0.00015163082036911726641 -0.00013365038296347700702
0.54000000000000003553 0.00013094581044457875743 -0.0001029762417532459329
0.55000000000000004441 0.00011194453897309384119 -9.7959754627427428927e-05
0.56000000000000005329 9.4737385940603353147e-05 -5.8776511129322834377e-05
0.57000000000000006217 7.9368297263371215874e-05 -6.9379165068183948958e-05
0.57999999999999996003 6.5823339199184104347e-05 -4.1849422658330425167e-05
0.58999999999999996891 5.4040572096315271774e-05 -3.8057961675409286836e-05
0.5999999999999999778 4.3920486973707357158e-05 -2.7937876552801375608e-05
0.60999999999999998668 3.5336337678149123173e-05 -2.9342858542935703378e-05
0.61999999999999999556 2.8143824052495976977e-05 -1.8154691857308710061e-05
0.63000000000000000444 2.2189721859726521452e-05 -1.0202763589299681862e-05
0.64000000000000001332 1.7319198545838418874e-05 -5.3322402754115792842e-06
0.6500000000000000222 1.3381688135820115064e-05 6.0309620984629550564e-07
0.66000000000000003109 1.0235314660394500825e-05 5.7472957605114807246e-06
0.67000000000000003997 7.7499459514457888271e-06 -3.7542933462192925925e-06
0.68000000000000004885 5.8090261272581114835e-06 1.4169238263116419807e-05
0.69000000000000005773 4.3103761080914511811e-06 9.6744082375749593889e-06
0.70000000000000006661 3.16616967306054704e-06 6.8229625221267194526e-06
0.70999999999999996447 2.3022918893982626903e-06 9.6846663810285768997e-06
0.71999999999999997335 1.6572718869819054496e-06 2.0318817669137494413e-05
0.72999999999999998224 1.1809576504858135302e-06 6.8103475599671787271e-06
0.73999999999999999112 8.3307109400228940352e-07 7.1582341164507028538e-06
0.75 5.8175079844382145574e-07 9.407381396743444825e-06
0.76000000000000000888 4.0216020298772627201e-07 1.3582624142678685039e-05
0.77000000000000001776 2.7521263961755613596e-07 1.1711745630809282978e-05
0.78000000000000002665 1.8644246705033601433e-07 7.80486274340265709e-06
0.79000000000000003553 1.2503410424674454876e-07 7.8662711062062478409e-06
0.80000000000000004441 8.3007878465326819333e-08 1.390177646720108383e-05
0.81000000000000005329 5.455283465737008654e-08 1.1932405435769469093e-05
0.82000000000000006217 3.549134934388267643e-08 9.9536408458433844778e-06
0.83000000000000007105 2.2857823814223690274e-08 1.595975259709175734e-05
0.83999999999999996891 1.4573183440092514303e-08 1.197238508698674789e-05
0.8499999999999999778 9.1977407287379228409e-09 2.1966891815390662785e-05
0.85999999999999998668 5.7466543482311842168e-09 1.9972517736026300118e-05
0.86999999999999999556 3.554317086261391215e-09 9.9855778781010063065e-06
0.88000000000000000444 2.1762282501600882979e-09 1.5980434192655821051e-05
0.89000000000000001332 1.3190458716107991193e-09 1.3983465299794799435e-05
0.9000000000000000222 7.9144827197897382054e-10 1.5981818972634003975e-05
0.91000000000000003109 4.7010227438991227886e-10 7.9908351081786033426e-06
0.92000000000000003997 2.7641992855866271307e-10 1.3984507925737851622e-05
0.93000000000000004885 1.608990683260207659e-10 3.9954917061581701616e-06
0.94000000000000005773 9.2713908374122265013e-11 1.3984691631758036829e-05
0.95000000000000006661 5.2886329932769976935e-11 9.9890793088573334046e-06
0.95999999999999996447 2.9864080786179987523e-11 7.9912753463722067905e-06
0.96999999999999997335 1.669406324065121513e-11 1.3984767651603169613e-05
0.97999999999999998224 9.238088914346008681e-12 1.5982601182817066966e-05
0.98999999999999999112 5.0606861265119424755e-12 5.9934740745272933177e-06
1 2.7443774852484016787e-12 1.7980434661262773433e-05
1.0100000000000000089 1.4732806131518660926e-12 1.198695679714622716e-05
1.0200000000000000178 7.8295045571192352695e-13 1.9978263607424074266e-05
1.0300000000000000266 4.1189855590844414629e-13 1.198695785852828342e-05
1.0400000000000000355 2.1451291199108922165e-13 7.9913049959400808442e-06
1.0500000000000000444 1.1059201948285199848e-13 1.598261031031396166e-05
1.0600000000000000533 5.6441860529185120846e-14 1.1986958213984978721e-05
1.0700000000000000622 2.8515831799980140249e-14 9.9891321666714351845e-06
1.0800000000000000711 1.4261920467808295462e-14 9.9891321809253462785e-06
1.0900000000000000799 7.0611843902389933888e-15 1.9978262955520638316e-06
1.1000000000000000888 3.4608819450683843679e-15 5.9934791317525380402e-06
1.1100000000000000977 1.6792641263769194788e-15 9.9891321935080020752e-06
1.1200000000000001066 8.0678402387290416625e-16 2.397391654004689385e-05
1.1300000000000001155 3.8425180921999544043e-16 9.9891321948030155017e-06
1.1400000000000001243 1.8274037959980163602e-16 1.1986958270244099008e-05
1.1500000000000001332 9.0506611550169090039e-17 1.9978263025227413763e-06
1.1599999999999999201 5.6779432312364304897e-17 9.9891321951304869095e-06
1.1699999999999999289 6.736867466299236227e-17 1.3984784345599042652e-05
1.1799999999999999378 1.4272821358505024984e-16 1.198695827028411115e-05
1.1899999999999999467 3.6278751532353816383e-16 1.1986958270064051991e-05
1.1999999999999999556 9.4277635355939579651e-16 1.3984784344723634101e-05
1.2099999999999999645 2.424181878400189627e-15 9.989132192763085726e-06
1.2199999999999999734 6.1327293274335237612e-15 7.9913052043202638668e-06
1.2299999999999999822 1.5249525477301459824e-14 1.7980437390390735601e-05
1.2399999999999999911 3.7265060343976740579e-14 1.7980437368375200725e-05
1.25 8.9490754976775432088e-14 1.5982610331415226114e-05
1.2600000000000000089 2.1119482579606262744e-13 1.1986958059232013518e-05
1.2700000000000000178 4.8979773599607629094e-13 1.398478385586867539e-05
1.2800000000000000266 1.1162940429700870182e-12 1.3984783229372367081e-05
1.2900000000000000355 2.500165536124866038e-12 1.9978261890208992926e-05
1.3000000000000000444 5.5028445268367127402e-12 1.3984778842821884152e-05
1.3100000000000000533 1.1902386320387118297e-11 1.1986946368040519534e-05
1.3200000000000000622 2.5299338311104791626e-11 1.1986932971088528303e-05
1.3300000000000000711 5.2846058832989381324e-11 1.7980384559581424843e-05
1.3400000000000000799 1.0847867356006950375e-10 1.1986849791753279146e-05
1.3500000000000000888 2.1882878513091438441e-10 1.3984565516881279087e-05
1.3600000000000000977 4.3380330192296270211e-10 5.9930453319114966587e-06
1.3700000000000001066 8.4510287338292993178e-10 1.7979592302766876535e-05
1.3800000000000001155 1.6179109868763806304e-09 1.1985340359439963965e-05
1.3900000000000001243 3.0438832516333998895e-09 1.9975220507122897433e-05
1.4000000000000001332 5.6276836806798518908e-09 7.9856775267723132549e-06
1.4099999999999999201 1.0224914552349344114e-08 3.9854276906741470228e-06
1.4199999999999999289 1.8256520827382049379e-08 9.9708756743598849924e-06
1.4299999999999999378 3.2033520273621552847e-08 5.961445614939798176e-06
1.4399999999999999467 5.5235671587647493827e-08 9.9338965235996189325e-06
1.4499999999999999556 9.3597216002969357025e-08 1.9042290866102787338e-06
1.4599999999999999645 1.5585995420501372299e-07 3.8397926510214822204e-06
1.4699999999999999734 2.5505537394676060104e-07 1.3729728971719649545e-05
1.4799999999999999822 4.1016890515229908936e-07 7.5811363053006933268e-06
1.4899999999999999911 6.482153475410765728e-07 1.7332222058099182495e-05
1.5 1.006709591297639746e-06 8.9824226038896265347e-06
1.5100000000000000089 1.536446435089579037e-06 2.4592061701369171976e-06
1.5200000000000000178 2.3044058168768894186e-06 7.6847263783103783444e-06
1.5300000000000000266 3.3964781295438088897e-06 6.5926540656434580264e-06
1.5400000000000000355 4.9195683972326273363e-06 5.0695637979546395797e-06
1.5500000000000000444 7.0025062390876617198e-06 6.9822781065787488503e-06
1.5600000000000000533 9.7950876554758769149e-06 2.1918706149509626751e-06
1.5700000000000000622 1.3464538426815426606e-05 -5.4732332163624341365e-06
1.5800000000000000711 1.8188753375008146114e-05 -1.6190927072394897996e-05
1.5900000000000000799 2.4145862290888232344e-05 -6.1654248852479729586e-06
1.6000000000000000888 3.1500019704839688601e-05 -1.5517409283933707051e-05
1.6100000000000000977 4.0383806510539074243e-05 -2.8396848240112234653e-05
1.6200000000000001066 5.0878230705789863385e-05 -3.2897793300149604e-05
1.6300000000000001155 6.2991952369855131908e-05 -4.9007168024188719644e-05
1.6400000000000001243 7.6641934611763551052e-05 -6.2657150266097138788e-05
1.6500000000000001332 9.1638119688966534516e-05 -7.5655509268060549578e-05
1.6600000000000001421 0.00010767483152368360769 -9.1692221102777622752e-05
1.6699999999999999289 0.00012433132253683067125 -0.00011234436426640383166
1.6799999999999999378 0.00014108317566429139913 -0.00011111577998822430016
1.6899999999999999467 0.00015732517408798026687 -0.00013335125754712658769
1.6999999999999999556 0.00017240487270004176005 -0.00014643312917445380642
1.7099999999999999645 0.00018566462822367326736 -0.00016568636383329873353
1.7199999999999999734 0.00019648849641229726133 -0.00016652110073623016236
1.7299999999999999822 0.0002043494189884538406 -0.00018037550244760016142
1.7399999999999999911 0.00020885169588576543058 -0.00018088212719443260606
1.75 0.00020976398544759723925 -0.00018978572105722270541
1.7600000000000000089 0.00020703900248725842673 -0.00018506291293113902199
1.7700000000000000178 0.00020081757952084564392 -0.00015886322557435170535
1.7800000000000000266 0.00019141660563938239325 -0.00017343616823374213387
1.7900000000000000355 0.00017930228084755690625 -0.00016531749650189049398
1.8000000000000000444 0.00016505182793578786963 -0.00015506269574060060272
1.8100000000000000533 0.00014930803632640487068 -0.00013132759892076461129
1.8200000000000000622 0.00013273160621358421414 -0.00012274247401839694723
1.8300000000000000711 0.00011595616324994098957 -0.00010596703105475372266
1.8400000000000000799 9.9550087256261143159e-05 -9.155878204580815069e-05
1.8500000000000000888 8.3988103345982592445e-05 -7.2001145075555752855e-05
1.8600000000000000977 6.9634141200274906236e-05 -6.3640662065061486441e-05
1.8700000000000001066 5.6735514106397723604e-05 -3.6757249716023196549e-05
1.8800000000000001155 4.5427212263004811469e-05 -3.9433733127791391674e-05
1.8900000000000001243 3.5744193199023065882e-05 -2.1759408853356653618e-05
1.9000000000000001332 2.7639057687459587083e-05 -1.7649925492272320167e-05
1.9100000000000001421 2.1002417467573127708e-05 -1.5008938332359707913e-05
1.9199999999999999289 1.5683524333693863053e-05 -1.6987399880274524827e-06
1.9299999999999999378 1.150923236577570541e-05 -7.5135797605492091758e-06
1.9399999999999999467 8.2999862997505962394e-06 3.6869719706762433506e-06
1.9499999999999999556 5.8821583756638041296e-06 4.1069738195234627864e-06
1.9599999999999999645 4.096607658821389364e-06 1.3883829746818870021e-05
1.9699999999999999734 2.8037568814991318684e-06 1.517668052414112667e-05
1.9799999999999999822 1.8857523315475286551e-06 2.1099002736789675795e-06
1.9899999999999999911 1.2463995258011412461e-06 1.4736210895104840516e-05
2 8.0957710505055368667e-07 1.5173033315855427122e-05
2.0100000000000002309 5.1675832438513845452e-07 9.4723738708021287792e-06
2.0200000000000000178 3.241492833979055794e-07 1.3660635062268505679e-05
2.0300000000000002487 1.9981632685739807492e-07 7.79148888359559405e-06
2.0400000000000000355 1.2104453811458270082e-07 5.872434597098836803e-06
2.0499999999999998224 7.2058919348577821937e-08 1.1914899351078262377e-05
2.0600000000000000533 4.2155924009320491828e-08 1.5940454496896660813e-05
2.0699999999999998401 2.4235824672536758091e-08 1.196272244575430215e-05
2.0800000000000000711 1.3692580789214038922e-08 9.9754396143980531253e-06
2.0899999999999998579 7.6022324193889552144e-09 9.9815299627678786838e-06
2.1000000000000000888 4.1478715112115825829e-09 1.9936784311020364164e-06
2.1099999999999998757 2.2240152840067417085e-09 7.989081195168985569e-06
2.1200000000000001066 1.171867638268398965e-09 9.9879603275489981564e-06
2.1299999999999998934 6.0680293918937187103e-10 1.3984177542727220918e-05
2.1400000000000001243 3.0877711931254341214e-10 7.9909964333336796284e-06
2.1499999999999999112 1.544083803854846559e-10 1.3984629937286024789e-05
2.1600000000000001421 7.5879584640191646048e-11 9.9890563156026264939e-06
2.1699999999999999289 3.6644377051449802573e-11 1.3984747701289358571e-05
2.1800000000000001599 1.7390740003051742183e-11 1.3984766954926407246e-05
2.1899999999999999467 8.110676925001100792e-12 9.9891240845103419169e-06
2.2000000000000001776 3.7172730520717018302e-12 3.9956488879534443276e-06
2.2099999999999999645 1.6742493740418492946e-12 3.9956509309771221801e-06
2.2200000000000001954 7.4104426066805230393e-13 9.9891314541430068624e-06
2.2299999999999999822 3.2232684093708659626e-13 2.1976089233792560021e-05
2.2400000000000002132 1.3777712447349835463e-13 9.9891320574101430185e-06
2.25 5.7874344080147180216e-14 1.5982610363031638889e-05
2.2600000000000002309 2.3890397094623689658e-14 7.9913051865625959043e-06
2.2700000000000000178 9.6914548276155914454e-15 7.9913052007615379481e-06
2.2800000000000002487 3.8635176813949046148e-15 7.9913052065894752969e-06
2.2900000000000000355 1.5135792085177658364e-15 7.991305208939414049e-06
2.3000000000000002665 5.8271436378712385298e-16 1.3984784345083695948e-05
2.3100000000000000533 2.2046244244682181743e-16 9.9891321949668045687e-06
2.3199999999999998401 8.1967525886245173256e-17 3.9956526051445288562e-06
2.3300000000000000711 2.9948657515524141575e-17 7.9913052104230430781e-06
2.3399999999999998579 1.0753286408786776908e-17 9.9891321951765129857e-06
2.3500000000000000888 3.7943150453210669417e-18 1.1986958270423044882e-05
2.3599999999999998757 1.3156909382865757433e-18 1.3984784345665094281e-05
2.3700000000000001066 4.4833505779501957056e-19 1.1986958270426390663e-05
2.3799999999999998934 1.5013427031291022137e-19 1.3984784345666259798e-05
2.3900000000000001243 4.9406637282297463326e-20 1.1986958270426790462e-05
2.3999999999999999112 1.5977877060160249394e-20 5.9934791352134037014e-06
2.4100000000000001421 5.0778652907763050332e-21 5.9934791352134147128e-06
2.4199999999999999289 1.5858846536755725738e-21 1.1986958270426837896e-05
2.4300000000000001599 4.8673249187449747195e-22 1.7980437405640259385e-05
2.4399999999999999467 1.4680383520462320277e-22 9.989132195187266916e-06
2.4500000000000001776 4.3512374672531289874e-23 1.9978264390374530444e-05
2.4599999999999999645 1.2674081345018861484e-23 1.398478434566641057e-05
2.4700000000000001954 3.6278432656914305022e-24 3.9956526052264962345e-06
2.4799999999999999822 1.0204902565650969073e-24 5.993479135213419795e-06
2.4900000000000002132 2.820963910033708465e-25 3.9956526052264962345e-06
2.5 7.6632769024247064955e-26 1.7980437405640259385e-05
2.5100000000000002309 2.04578423637858943e-26 9.989132195187266916e-06
2.5200000000000000178 5.3670230212174471832e-27 9.989132195187266916e-06
2.5300000000000002487 1.3836791899243048695e-27 2.397391654085367918e-05
2.5400000000000000355 3.505626808954911377e-28 1.398478434566641057e-05
2.5500000000000002665 8.7281916649091003402e-29 1.9978264390374530444e-05
2.5600000000000000533 2.1355571022196015309e-29 9.989132195187266916e-06
2.5699999999999998401 5.1348341784372267698e-30 1.9978263026132481173e-06
2.5800000000000000711 1.2133049769369937876e-30 5.993479135213419795e-06
2.5899999999999998579 2.8173568304996011737e-31 9.989132195187266916e-06
2.6000000000000000888 6.4289796839619073663e-32 1.198695827042683959e-05
2.6099999999999998757 1.4416856374251590492e-32 5.993479135213419795e-06
2.6200000000000001066 3.1770745914318902308e-33 1.198695827042683959e-05
2.6299999999999998934 6.8803823274246896444e-34 1.598261042090598155e-05
2.6400000000000001243 1.4642864815681306898e-34 9.989132195187266916e-06
2.6499999999999999112 3.0624418790190443021e-35 1.198695827042683959e-05
2.6600000000000001421 6.294162892496532237e-36 5.993479135213419795e-06
2.6699999999999999289 1.271265971628209397e-36 9.989132195187266916e-06
2.6800000000000001599 2.5232668795984320074e-37 1.398478434566641057e-05
2.6899999999999999467 4.9217355288615133208e-38 7.9913052104529924691e-06
2.7000000000000001776 9.4341261631560776138e-39 1.198695827042683959e-05
2.7099999999999999645 1.7771063040325523239e-39 9.989132195187266916e-06
2.7200000000000001954 3.2896784970452599437e-40 9.989132195187266916e-06
2.7299999999999999822 5.9844166914650802267e-41 3.9956526052264962345e-06
2.7400000000000002132 1.0698392225786737471e-41 7.9913052104529924691e-06
2.75 1.8795051815816895472e-42 1.9978264390374530444e-05
2.7600000000000002309 3.2448666928421903247e-43 1.198695827042683959e-05
2.7700000000000000178 5.5052685986570111777e-44 9.989132195187266916e-06
2.7800000000000002487 9.1788545263569078442e-45 9.989132195187266916e-06
2.7900000000000000355 1.5039270886114405845e-45 7.9913052104529924691e-06
2.8000000000000002665 2.4215497604787771521e-46 9.989132195187266916e-06
2.8100000000000000533 3.831672081647268617e-47 1.198695827042683959e-05
2.8199999999999998401 5.9581521916340797566e-48 1.198695827042683959e-05
2.8300000000000000711 9.1046482329363002037e-49 1.198695827042683959e-05
2.8399999999999998579 1.3672346956030712346e-49 1.598261042090598155e-05
2.8500000000000000888 2.0176754366079011274e-50 1.598261042090598155e-05
2.8599999999999998757 2.9261128413520363053e-51 1.9978264390374530444e-05
2.8700000000000001066 4.1763630202494196029e-52 5.993479135213419795e-06
2.8799999999999998934 7.5222504562507096793e-53 9.989132195187266916e-06
2.8900000000000001243 4.4273698817581597076e-52 9.989132195187266916e-06
2.8999999999999999112 1.0712783235692584337e-50 1.398478434566641057e-05
2.9100000000000001421 2.5164520861872940624e-49 1.198695827042683959e-05
2.9199999999999999289 5.6361359612861157666e-48 9.989132195187266916e-06
2.9300000000000001599 1.2034835223382862628e-46 1.598261042090598155e-05
2.9399999999999999467 2.450007366041660793e-45 2.796956869133282114e-05
2.9500000000000001776 4.7551719757654621187e-44 1.598261042090598155e-05
2.9599999999999999645 8.7991323787121166948e-43 5.993479135213419795e-06
2.9700000000000001954 1.5523569929455559178e-41 1.198695827042683959e-05
2.9799999999999999822 2.6111089152498213844e-40 9.989132195187266916e-06
2.9900000000000002132 4.1873926722414326501e-39 1.7980437405640259385e-05
3 6.402529288376663611e-38 1.9978264390374530444e-05
3.0100000000000002309 9.3336757667147046614e-37 9.989132195187266916e-06
3.0200000000000000178 1.2973327405195353138e-35 1.9978263026132481173e-06
3.0300000000000002487 1.7193016758742804666e-34 1.7980437405640259385e-05
3.0400000000000000355 2.1724990087266623008e-33 1.398478434566641057e-05
3.0500000000000002665 2.617453012594364381e-32 1.598261042090598155e-05
3.0600000000000000533 3.0068745113110815965e-31 5.993479135213419795e-06
3.0700000000000002842 3.2936269942914516052e-30 1.598261042090598155e-05
3.0800000000000000711 3.4400293418225184245e-29 3.9956526052264962345e-06
3.0899999999999998579 3.4259796446126327298e-28 3.9956526052264962345e-06
3.1000000000000000888 3.2534861356301340655e-27 1.9978263026132481173e-06
3.1099999999999998757 2.9461968114820622862e-26 3.9956526052264962345e-06
3.1200000000000001066 2.5440794354040286945e-25 1.198695827042683959e-05
3.1299999999999998934 2.0949018579838226962e-24 1.398478434566641057e-05
3.1400000000000001243 1.64501288625238153e-23 1.198695827042683959e-05
3.1499999999999999112 1.2318465364556432627e-22 3.9956526052264962345e-06
3.1600000000000001421 8.7970138948181866722e-22 1.1986958270426837896e-05
3.1699999999999999289 5.9912256843458219989e-21 1.1986958270426832814e-05
3.1800000000000001599 3.8914271775347249138e-20 1.5982610420905944281e-05
3.1899999999999999467 2.4106095002338085573e-19 1.1986958270426599033e-05
3.2000000000000001776 1.4242372199528963421e-18 1.3984784345664985861e-05
3.2099999999999999645 8.0258134773734566798e-18 1.3984784345658384086e-05
3.2200000000000001954 4.3138185884129544572e-17 1.1986958270383701896e-05
3.2299999999999999822 2.2116519052815828229e-16 7.9913052102318270843e-06
3.2400000000000002132 1.0816108877732719445e-15 5.9934791341318086963e-06
3.25 5.0459558714327958441e-15 2.3973916535807724342e-05
3.2600000000000002309 2.245713295039167574e-14 1.9978264367917396635e-05
3.2700000000000000178 9.5351111951876992593e-14 1.5982610325554869426e-05
3.2800000000000002487 3.8626194171330667001e-13 9.9891318089253250238e-06
3.2900000000000000355 1.4929632710696551606e-12 1.5982608927942710365e-05
3.3000000000000002665 5.5062536477957651876e-12 9.9891266889336192324e-06
3.3100000000000000533 1.9379154994441196372e-11 1.198693889127184432e-05
3.3200000000000002842 6.5090829703429234609e-11 1.1986893179597135663e-05
3.3300000000000000711 2.0866496026672387182e-10 5.9932704702531532624e-06
3.3399999999999998579 6.385081740963035656e-10 9.988493687013170333e-06
3.3500000000000000888 1.8651669286355943813e-09 1.5980745253977344611e-05
3.3599999999999998757 5.2018238628313821232e-09 1.5977408597043148988e-05
3.3700000000000001066 1.3852836398889525741e-08 9.9752793587883775028e-06
3.3799999999999998934 3.5231593577987073097e-08 5.9582475416354326359e-06
3.3900000000000001243 8.5587394542914407163e-08 1.1901370875883925051e-05
3.3999999999999999112 1.9863417017489381283e-07 1.5783976250731087711e-05
3.4100000000000001421 4.4051249215777259737e-07 2.1535577063961627636e-05
3.4199999999999999289 9.3374575757721337543e-07 2.5037997768010738028e-05
3.4300000000000001599 1.8922821783970716952e-06 2.1033704268294245393e-06
3.4399999999999999467 3.6674812027873025475e-06 8.3194770676395374661e-06
3.4500000000000001776 6.8003731253562298302e-06 1.1909320850967626388e-06
3.4599999999999999645 1.2068752090816538942e-05 1.9160322548498716285e-06
3.4700000000000001954 2.0510055213556747553e-05 -1.6514402608330251319e-05
3.4799999999999999822 3.3395616164381515328e-05 -2.3406483969194248412e-05
3.4900000000000002132 5.2133028479051796156e-05 -4.8137375873825299921e-05
3.5 7.8084809945803059926e-05 -7.4089157340576563692e-05
3.5100000000000002309 0.00011231414543520837335 -0.00010232501324002110643
3.5200000000000000178 0.00015529783958468507381 -0.0001453087073894978069
3.5300000000000002487 0.00020667292520519118994 -0.00019069031478428520501
3.5400000000000000355 0.00026509423313798792564 -0.00025310727486756108605
3.5500000000000002665 0.00032826612627738716499 -0.0003162791680069603254
3.5600000000000000533 0.00039317172643208575652 -0.00038118476816165891693
3.5700000000000002842 0.00045646787579716840803 -0.00045047439666195498824
3.5800000000000000711 0.00051496286194589236708 -0.00050896938281067894728
3.5899999999999998579 0.00056606639280446706484 -0.00055208160845880065257
3.6000000000000000888 0.00060810879719261638938 -0.00060011749198216339692
3.6099999999999998757 0.00064046629582308436165 -0.00062847933755265752206
3.6200000000000001066 0.00066348592853156739772 -0.00064750331811066141278
3.6299999999999998934 0.00067825626293265700324 -0.000674260610327430507
3.6400000000000001243 0.00068630113775065035124 -0.00067231635340498393898
3.6499999999999999112 0.00068927671733494421703 -0.0006673006277788248123
3.6600000000000001421 0.00068873184324207332475 -0.00068273836410685990496
3.6699999999999999289 0.00068596009680373614108 -0.00067796879159328314862
3.6800000000000001599 0.00068194199881139799194 -0.00067395069360094499947
3.6899999999999999467 0.0006773559491833996667 -0.00066936464397294667423
3.7000000000000001776 0.0006726292664429609023 -0.00066264013424777363538
3.7099999999999999645 0.0006680034752239601397 -0.00065801434302877287279
3.7200000000000001954 0.00066359602746616250333 -0.00064761341704525651839
3.7299999999999999822 0.00065944946597780473071 -0.00065345598684259131091
3.7400000000000002132 0.00065556589382267406712 -0.00064757458861222107465
3.75 0.00065192861042545288425 -0.00063794382607978647199
3.7600000000000002309 0.00064851429998236717177 -0.00063652734171194033218
3.7700000000000000178 0.00064529911142927943481 -0.00063530997923409216789
3.7800000000000002487 0.00064226121802978409624 -0.00063027425975935725665
3.7900000000000000355 0.00063938157108225392427 -0.00063538591847702742803
3.8000000000000002665 0.00063664384818487552119 -0.00062665471598968825427
3.8100000000000000533 0.00063403411435782898713 -0.0006180515039369230022
3.8200000000000002842 0.0006315404317136378079 -0.00062155129951845054098
3.8300000000000000711 0.00062915250713499730906 -0.0006151677227893308968
3.8399999999999998579 0.00062686140087495393312 -0.00061487444260452709353
3.8500000000000000888 0.00062465929327524237231 -0.00061666798806478937984
3.8599999999999998757 0.00062253929944967509574 -0.00061255016725448782882
3.8700000000000001066 0.00062049532149906867426 -0.000606510537153402262
3.8799999999999998934 0.0006185219296297024506 -0.00060253931920879646566
3.8900000000000001243 0.00061661426555757574159 -0.000604627307287148902
3.8999999999999999112 0.00061476796324374215208 -0.00059678752583810189269
3.9100000000000001421 0.00061297908325665942039 -0.00060298995106147215348
3.9199999999999999289 0.00061124405796930182146 -0.00060525057883408840166
3.9300000000000001599 0.00060955964546114923316 -0.00059957051326596196624
3.9399999999999999467 0.0006079228904803595868 -0.000601929411345146167
3.9500000000000001776 0.00060633109118129753078 -0.00059634195898611026387
3.9599999999999999645 0.00060478177062310231344 -0.00057881002709751435981
3.9700000000000001954 0.00060327265222085487296 -0.00058529221481521461357
3.9799999999999999822 0.00060180163849944266936 -0.00059181250630425540245
3.9900000000000002132 0.00060036679262353740642 -0.00059637114001831091018
4 0.0005989663222739382599 -0.00058697936400351142031
4.0099999999999997868 0.00059759856551724671245 -0.00058161595509634072751
4.0200000000000004619 0.00059626197837705748658 -0.00058627284618187021966
4.0300000000000002487 0.00059495512386408769961 -0.0005849659916689004327
4.0400000000000000355 0.00059367666226249767546 -0.00057969187791683126319
4.0499999999999998224 0.00059242534250213358185 -0.00057644273208122759691
4.0600000000000004974 0.0005911999944729917373 -0.00056922390491687233256
4.0700000000000002842 0.00058999952216011149544 -0.00057002125776973696161
4.0800000000000000711 0.00058882289749523928149 -0.0005768359392248124419
4.0899999999999998579 0.00058766915483668489672 -0.0005776800226414976298
4.0999999999999996447 0.00058653738600140297235 -0.00057055477558049698741
4.1100000000000003197 0.00058542673578390559339 -0.00056345064622778618865
4.1200000000000001066 0.00058433639790554745691 -0.00056236030834942805218
4.1299999999999998934 0.00058326561134524755776 -0.00056328734695487302393
4.1399999999999996803 0.0005822136570091496037 -0.00056023756745303019897
4.1500000000000003553 0.00058117985470217310446 -0.00054721680505663745659
4.1600000000000001421 0.00058016356036912758703 -0.00055019616469306048805
4.1699999999999999289 0.00057916416357712565376 -0.00055918589918675111992
4.1799999999999997158 0.00057818108521464934169 -0.00055021151652331651716
4.1900000000000003908 0.00057721377538597269143 -0.0005492442066946398669
4.2000000000000001776 0.00057626171148302375927 -0.0005403008366717432405
4.2099999999999999645 0.00057532439642073726974 -0.000553348306864617865
4.2199999999999997513 0.00057440135702753112017 -0.00054643178833619829565
4.2300000000000004263 0.00057349214259170926394 -0.00054951822605085558476
4.2400000000000002132 0.0005725963235811144629 -0.00056460501837066147043
4.25 0.00057171349058434610228 -0.00053775044093881045441
4.2599999999999997868 0.00057084325358034196905 -0.00053887803273852999918
4.2700000000000004619 0.00056998524175260042654 -0.00055000697736222589271
4.2800000000000002487 0.00056913910426598947855 -0.00054916083987561494471
4.2900000000000000355 0.00056830451278837659269 -0.00053434146314284094482
4.2999999999999998224 0.00056748116718340990781 -0.00053951159849207708328
4.3100000000000004974 0.00056666880691388899459 -0.00054469271735776958986
4.3200000000000002842 0.00056586723257365137245 -0.00053589983689758427347
4.3300000000000000711 0.00056507634505820897048 -0.0005331111242163970006
4.3399999999999998579 0.00056429621484425864127 -0.00052633751486723325159
4.3500000000000005329 0.0005635272015889577395 -0.00053555763289762491498
4.3600000000000003197 0.00056277015599499489659 -0.00053480058730366207206
4.3700000000000001066 0.00056202675313221498767 -0.0005260658783209344689
4.3799999999999998934 0.0005613000309009337583 -0.00054331959349529349891
4.3899999999999996803 0.00056059524082258354975 -0.00053662132428172987057
4.4000000000000003553 0.00055992116221955051756 -0.00052995376654348341858
4.4100000000000001421 0.00055929208542027271378 -0.00053731599586415330905
4.4199999999999999289 0.00055873073321519028944 -0.00053875246882481575561
4.4299999999999997158 0.00055827245746495823223 -0.00053230071393937027861
4.4400000000000003908 0.00055797110993218259397 -0.00051202110201622010651
4.4500000000000001776 0.0005579070274693569316 -0.00053393311092850325242
4.4599999999999999645 0.00055819756917212986005 -0.00053821930478175532622
4.4699999999999997513 0.00055901056784899002747 -0.00052904317217292292849
4.4800000000000004263 0.0005605808763021387928 -0.00053061348062607169383
4.4900000000000002132 0.00056322986627425301182 -0.00052327333749350394415
4.5 0.00056738724725167706629 -0.00053941767856034424176
4.5099999999999997868 0.0005736139034001546495 -0.00054164868255834267962
4.5200000000000004619 0.00058262361851557826781 -0.00053667361059961578035
4.5300000000000002487 0.00059530063073861010006 -0.00055933975592732958129
4.5400000000000000355 0.00061270904057159167756 -0.00058274164489552457858
4.5499999999999998224 0.00063608934917116469361 -0.00059613282039041562595
4.5600000000000004974 0.00066683703412250016664 -0.00062488268017600622807
4.5700000000000002842 0.00070645830307889908618 -0.00067649090740283198721
4.5800000000000000711 0.0007564992118292016357 -0.00070655355358174940644
4.5899999999999998579 0.00081844633731797586905 -0.00077449415820573705958
4.6000000000000005329 0.00089360018287979793052 -0.00085364365409904886285
4.6100000000000003197 0.00098292631858898143679 -0.00091699805173961262614
4.6200000000000001066 0.0010868935813238955052 -0.0010269587899717613072
4.6299999999999998934 0.0012053129374524869984 -0.0011234020547252439922
4.6399999999999996803 0.0013371941547924966285 -0.0012452941389605716536
4.6500000000000003553 0.0014806394868460922599 -0.0013907373034558697701
4.6600000000000001421 0.0016327934544053709746 -0.0015049325710381230951
4.6699999999999999289 0.0017898650431084940637 -0.001664001977631033441
4.6799999999999997158 0.0019472330957873232055 -0.0017754200296698577095
4.6900000000000003908 0.0020996376862448158651 -0.0018898659201503249794
4.7000000000000001776 0.0022414506069267678239 -0.0020236875401692974545
4.7099999999999999645 0.0023670079815152661636 -0.0021112862147807704045
4.7199999999999997513 0.0024709788672035437607 -0.0022412288348996889376
4.7300000000000004263 0.002548737002821297587 -0.0022970108718663763414
4.7400000000000002132 0.0025966998107048743817 -0.0023010215115516507479
4.75 0.0026126001138733370537 -0.002330906583604369902
4.7599999999999997868 0.0025956618761967323317 -0.0023499292425669185413
4.7700000000000004619 0.0025466609932804089474 -0.0023129153106450643824
4.7800000000000002487 0.0024678645014546652867 -0.0021761818380810161663
4.7900000000000000355 0.0023628548374800910879 -0.0021371004555077260066
4.7999999999999998224 0.0022362581212446558908 -0.0020164972220454830364
4.8100000000000004974 0.0020934051537657336582 -0.0019056094717703939666
4.8200000000000002842 0.0019399596689359747525 -0.001748168336609145319
4.8300000000000000711 0.0017815497311180102102 -0.0016337105815413983934
4.8399999999999998579 0.0016234351224190895178 -0.0015115568476537582197
4.8500000000000005329 0.0014702368548851888798 -0.0013503672721809204839
4.8600000000000003197 0.0013257457965872778295 -0.0012258544800923733709
4.8700000000000001066 0.0011928172791344582651 -0.0011328824877823240672
4.8799999999999998934 0.0010733488999758640254 -0.0010194075877589432472
4.8899999999999996803 0.0009683307406496329808 -0.00091239160326696733174
4.9000000000000003553 0.00087795168239910377408 -0.00082001471621271444703
4.9100000000000001421 0.00080174273405935294386 -0.00076777968441381729599
4.9199999999999999289 0.00073873816921381956543 -0.00071476425267296588625
4.9299999999999997158 0.00068763732596736079974 -0.00064768079718661173208
4.9400000000000003908 0.00064695346642841956679 -0.00062098172290283161316
4.9500000000000001776 0.00061514037130088025564 -0.00058517297562481315667
4.9599999999999999645 0.00059069166668364217043 -0.00056072427100757507145
4.9699999999999997513 0.00057221170581618814328 -0.00054623996229060018965
4.9800000000000004263 0.00055845981524451856776 -0.00053648372568839916303
4.9900000000000002132 0.00054837171884448846285 -0.00053238910842358247791
5 0.00054106299931811104031 -0.00051708908277725736113
5.0099999999999997868 0.00053581968995629585938 -0.00050984794643070790576
5.0200000000000004619 0.00053208071969383457199 -0.00051010463013771516726
5.0300000000000002487 0.00052941618791747628581 -0.00051143575051183602642
5.0400000000000000355 0.00052750452727738140774 -0.00049354147763184575987
5.0499999999999998224 0.00052611068461859726228 -0.00050013894109300930865
5.0600000000000004974 0.00052506662175547352649 -0.00048910574694419300772
5.0700000000000002842 0.00052425476889743805476 -0.00050427650450706352093
5.0800000000000000711 0.00052359457287031222449 -0.00049362717719424512551
5.0899999999999998579 0.00052303195963717557821 -0.00050305369524680104438
5.1000000000000005329 0.00052253134876638059145 -0.00051254221657119332454
5.1100000000000003197 0.00052206978223616039986 -0.00049010456139434842998
5.1200000000000001066 0.00052163272744160484647 -0.00050365229003596458709
5.1299999999999998934 0.00052121115533105600876 -0.00050922419706062916917
5.1399999999999996803 0.00052079955676868417477 -0.00049882346721256477003
5.1500000000000003553 0.00052039462789565396009 -0.00050241419049001370071
5.1600000000000001421 0.00051999441885162717841 -0.00049402267532603922479
5.1699999999999999289 0.0005195977947923661501 -0.00050960866259717888319
5.1799999999999997158 0.000519204102015176144 -0.00050322149159427015906
5.1900000000000003908 0.00051881296550420762277 -0.00050083252809856736339
5.2000000000000001776 0.00051842416870170979649 -0.00048046546872468440682
5.2099999999999999645 0.00051803758355577103449 -0.00048407453391023538662
5.2199999999999997513 0.00051765313062985228443 -0.0004916813871042643308
5.2300000000000004263 0.00051727075679981748824 -0.00049129901327422953461
5.2400000000000002132 0.00051689042302361265947 -0.00049691215863323812563
5.25 0.00051651209776056993418 -0.00048854252906923710965
5.2599999999999997868 0.0005161357534952540696 -0.00048616835781918697063
5.2700000000000004619 0.00051576136493326437717 -0.00049178744839241069799
5.2800000000000002487 0.00051538890807980967685 -0.00048741933938847685232
5.2900000000000000355 0.00051501835977537909275 -0.00047705965979835370308
5.2999999999999998224 0.00051464969746361501849 -0.00049467143307324048466
5.3100000000000004974 0.0005142828990749718273 -0.00048431550339890472832
5.3200000000000002842 0.00051391794296708843883 -0.00048195272212527646895
5.3300000000000000711 0.00051355480789249633323 -0.0004915787183363769285
5.3399999999999998579 0.00051319347297931923457 -0.00049121738342319982984
5.3500000000000005329 0.00051283391771810981231 -0.00048286652204204271333
5.3600000000000003197 0.00051247612195159291185 -0.00049050003239547350711
5.3700000000000001066 0.00051212006586582963213 -0.0004841504971744968076
5.3799999999999998934 0.0005117657299821253827 -0.00047980050914031341282
5.3899999999999996803 0.00051141309514937411534 -0.00047944787430756214547
5.4000000000000003553 0.0005110621425367072165 -0.00047909692169489524662
5.4100000000000001421 0.00051071285362638222521 -0.00048074545795031512624
5.4199999999999999289 0.0005103652102068812358 -0.00048039781453081413683
5.4299999999999997158 0.00051001919436620445688 -0.00048204962567487163235
5.4400000000000003908 0.00050967478848534830162 -0.00046572260937310949215
5.4500000000000001776 0.00050933197523196020295 -0.00047936457955589310397
5.4599999999999999645 0.00050899073755416635902 -0.00046903420877341729135
5.4699999999999997513 0.00050865105867456525315 -0.00047468800902902960528
5.4800000000000004263 0.00050831292208439583877 -0.00046436074297215702931
5.4900000000000002132 0.00050797631153790879545 -0.00047800891586184169647
5.5 0.00050764121104709177684 -0.00046169120313112928938
5.5099999999999997868 0.00050730760487728478875 -0.0004473728135251505908
5.5200000000000004619 0.00050697547754559335077 -0.00046102546962963086331
5.5300000000000002487 0.00050664481382834704835 -0.0004547013267771711411
5.5400000000000000355 0.000506315598797086046 -0.00043239602400878013756
5.5499999999999998224 0.00050598781794037727289 -0.00044005955109100846224
5.5600000000000004974 0.00050566145753073131475 -0.00046370710358423737618
5.5700000000000002842 0.00050533650565415418315 -0.00041942997259542143512
5.5800000000000000711 0.00050501295493334582686 -0.00041910642187461307883
5.5899999999999998579 0.00050469080933794575015 -0.00041478862594772326032
5.6000000000000005329 0.00050437010029242136493 -0.00042645487517262571468
5.6100000000000003197 0.0005040509226865897037 -0.00043412699822977353706
5.6200000000000001066 0.00050373351088062135947 -0.00042581828576082570922
5.6299999999999998934 0.00050341838992458908756 -0.00041950968203160121043
5.6399999999999996803 0.00050310665860223754281 -0.00040121751694158821339
5.6500000000000003553 0.00050280048651453132253 -0.00037893525347877318483
5.6600000000000001421 0.00050250393024771963096 -0.00040660826408430491424
5.6699999999999999289 0.00050222417994121222075 -0.00037436329657396434124
5.6799999999999997158 0.00050197331719203919492 -0.00037011678349330157361
5.6900000000000003908 0.00050177057686301516221 -0.0003799031689930018954
5.7000000000000001776 0.00050164494721963636889 -0.00035180796520132206692
5.7099999999999999645 0.00050163772731678121872 -0.00037377684394953333922
5.7199999999999997513 0.00050180443633082401963 -0.00033798267087633800717
5.7300000000000004263 0.00050221532117197332287 -0.00034039138815918979549
5.7400000000000002132 0.00050295373585945420212 -0.00034112980284667067474
5.75 0.00050411194219956295681 -0.00035027930984975896725
5.7599999999999997868 0.00050578440538837164241 -0.00033596915716069340307
5.7700000000000004619 0.00050805932516440510845 -0.00033225060871544987058
5.7800000000000002487 0.00051100975632550492325 -0.00031322494122548326292
5.7900000000000000355 0.00051468600611480103298 -0.00033088597445095113735
5.7999999999999998224 0.00051911088847107387471 -0.00034529998991190589356
5.8100000000000004974 0.00052427884939719253919 -0.00034447448261674755952
5.8200000000000002842 0.00053015910586943820661 -0.00026444820603026053312
5.8300000000000000711 0.00053670203329222977099 -0.00027898243411603158111
5.8399999999999998579 0.00054384737614056126963 -0.00034006909281926255657
5.8500000000000005329 0.000551532626495014589 -0.00030779781075498805539
5.8600000000000003197 0.00055970013600336156537 -0.00030397836926886575215
5.8700000000000001066 0.00056830206595324343072 -0.00028860636812597870995
5.8799999999999998934 0.00057730292395511838451 -0.00030759635923253568664
5.8899999999999996803 0.00058667998147421635078 -0.00029699515054226976974
5.9000000000000003553 0.00059642219122895941477 -0.00032471779406467423182
5.9100000000000001421 0.00060652830592354295847 -0.00030885217432861683962
5.9199999999999999289 0.00061700479759556120171 -0.00024341126604658430352
5.9299999999999997158 0.00062786398212160148165 -0.00027225088434028608996
5.9400000000000003908 0.00063912255065291063635 -0.00029349858597627715914
5.9500000000000001776 0.00065080055203571248769 -0.00032515485356844300207
5.9599999999999999645 0.00066292077571229843409 -0.00031529897859396241759
5.9699999999999997513 0.00067550844612477233507 -0.00029392361391281595327
5.9800000000000004263 0.00068859113875836125418 -0.00037293457339577362883
5.9900000000000002132 0.0007021988457113261797 -0.0003206140134993697979
6 0.00071636414131288298629 -0.00027884017535623976253
6.0099999999999997868 0.00073112241837803941796 -0.00035353322194565749538
6.0200000000000004619 0.00074651218061283443252 -0.00035493821529619602783
6.0300000000000002487 0.00076257538667701292839 -0.0003350405538250516191
6.0400000000000000355 0.00077935784778105667275 -0.00031386431495207008221
6.0499999999999998224 0.00079690968485376012433 -0.00035139441823413741697
6.0600000000000004974 0.00081528585438170363478 -0.00036577492287867595724
6.0700000000000002842 0.00083454675475601953951 -0.00035506842393894595591
6.0800000000000000711 0.00085475892786199573689 -0.00036928712882364515477
6.0899999999999998579 0.0008759958740589752265 -0.00040650667634658361159
6.1000000000000005329 0.00089833900291262918248 -0.0003988824058861916615
6.1100000000000003197 0.00092187874736566414579 -0.00042841561856050362333
6.1200000000000001066 0.00094671587584533299121 -0.00043527234237634147319
6.1299999999999998934 0.00097296304561149795156 -0.00047350644858506043058
6.1400000000000005684 0.001000746652145604286 -0.00041738132539830604534
6.1500000000000003553 0.001030209044557141209 -0.00040888504693664803544
6.1600000000000001421 0.0010615111972808099691 -0.00052809153605692157191
6.1699999999999999289 0.0010948359559504825672 -0.00051546629408658929672
6.1799999999999997158 0.0011303920138906104788 -0.00055701582024799420681
6.1900000000000003908 0.0011684188319452198067 -0.00047717090259195285226
6.2000000000000001776 0.0012091928031696418978 -0.00053792314002573888079
6.2099999999999999645 0.0012530351220050015872 -0.00050984372379045276094
6.2199999999999997513 0.0013003221427629186972 -0.00051917201546751402461
6.2300000000000004263 0.0013514997674455688295 -0.00056835183681229212854
6.2400000000000002132 0.0014071052737866151985 -0.00048410947968779093585
6.25 0.0014678046753098712447 -0.00052682847654721598647
6.2599999999999997868 0.0015344650986968716867 -0.0004836084357827147729
6.2700000000000004619 0.0016083080282886202776 -0.00040162095879061731479
6.2800000000000002487 0.0016912463862266513374 -0.00032872879372948136598
6.2900000000000000355 0.0017866228010054586561 -0.00027227040860018669223
6.2999999999999998224 0.001900775104647029921 -0.00020661831635748295448
6.3100000000000004974 0.0020461946505705977048 -7.6337742025699671655e-05
6.3200000000000002842 0.0022475166264639941452 0.00011391416008605086824
6.3300000000000000711 0.0025520946639251535469 0.00024686005947770466723
6.3399999999999998579 0.0030471833389342614824 0.00034113023764483245068
6.3500000000000005329 0.0038852424839504557871 0.00036613191347638785605
6.3600000000000003197 0.0053168324705044405984 -7.8531815467275910281e-05
6.3700000000000001066 0.0077263038892001730321 -0.0011894159305543524144
6.3799999999999998934 0.01165897769000362634 -0.0037655653160436081822
6.3900000000000005684 0.017821192641405865509 -0.0083235259099290817564
6.4000000000000003553 0.027029873691757203003 -0.01558632392462063268
6.4100000000000001421 0.040091099486531923957 -0.026244164713504023606
6.4199999999999999289 0.057602047483769701353 -0.041491575102654741636
6.4299999999999997158 0.079698470016589639808 -0.061530236681571481849
6.4400000000000003908 0.1058043987383250617 -0.085015017621696414851
6.4500000000000001776 0.13446847677289444634 -0.11202489540039498039
6.4599999999999999645 0.16337509643620265476 -0.13852013837879909031
6.4699999999999997513 0.18958623908207367093 -0.16331482320771167904
6.4800000000000004263 0.21000351645711354265 -0.1827431757068961049
6.4900000000000002132 0.22195944039496628974 -0.19439942611726968025
6.5 0.22378495252749350253 -0.19617699003836538973
6.5099999999999997868 0.21518731634394550056 -0.18827259871439361305
6.5200000000000004619 0.19732078418357715255 -0.17146891050262794143
6.5300000000000002487 0.17252703219388271227 -0.14861704617474819079
6.5400000000000000355 0.14382633350688941998 -0.1224356067170573048
6.5499999999999998224 0.11431234288448220704 -0.095440875323952498177
6.5600000000000004974 0.086617043747311828206 -0.070336755870586631367
6.5700000000000002842 0.062568419507364442245 -0.049107065318743398086
6.5800000000000000711 0.043086147529381786658 -0.031724509445327800372
6.5899999999999998579 0.028284081435807077037 -0.019243916674561826335
6.6000000000000005329 0.01769951660281217018 -0.010675159041790126951
6.6100000000000003197 0.010558200898239691184 -0.005064178621987183021
6.6200000000000001066 0.0060037544093006281476 -0.0019221950418227343182
6.6299999999999998934 0.0032542917590859003416 -0.00038741102370346220188
6.6400000000000005684 0.0016814631292018556059 0.00052413713434902239885
6.6500000000000003553 0.00082815711710964808913 0.00064024521644795787112
6.6600000000000001421 0.00038880362211258449445 0.00057414870440496764293
6.6699999999999999289 0.00017399550273664929757 0.00047929369753576178334
6.6799999999999997158 7.4222258118584742335e-05 0.00039526693959380685903
6.6900000000000003908 3.0179859518527749372e-05 0.00025750713897171643128
6.7000000000000001776 1.169730625243648966e-05 0.0001521244592020495228
6.7099999999999999645 4.3215441076004651032e-06 0.00012953282203283963112
6.7199999999999997513 1.5218626775178871868e-06 6.640423661355341321e-05
6.7300000000000004263 5.1085130948654952439e-07 4.7436981772220810001e-05
6.7400000000000002132 1.6345389896351297712e-07 2.1812635657155889877e-05
6.75 4.9851367262629317111e-08 1.992841302311189981e-05
6.7599999999999997868 1.4492364250857956175e-08 5.9789867709625622343e-06
6.7700000000000004619 4.0158844774742752333e-09 -4.0158844774742752333e-09
6.7800000000000002487 1.0607241746433773336e-09 5.9924184110387767254e-06
6.7900000000000000355 2.6705612272458956656e-10 1.9975592464905234693e-06
6.7999999999999998224 6.4088632324159913927e-11 1.9977622139809240778e-06
6.8100000000000004974 1.4660118231070924615e-11 -1.4660118231070924615e-11
6.8200000000000002842 3.1964770729729156084e-12 -3.1964770729729156084e-12
6.8300000000000000711 6.6432874359790533484e-13 1.9978256382845045985e-06
6.8399999999999998579 1.316047383072429527e-13 1.997826171008509634e-06
6.8500000000000005329 2.4850593697164685501e-14 -2.4850593697164685501e-14
6.8600000000000003197 4.4727901343046867841e-15 -4.4727901343046867841e-15
6.8700000000000001066 7.673553973020203177e-16 -7.673553973020203177e-16
6.8799999999999998934 1.2548466256731181827e-16 -1.2548466256731181827e-16
6.8900000000000005684 1.9559628780620027123e-17 -1.9559628780620027123e-17
6.9000000000000003553 2.9060712024481653453e-18 -2.9060712024481653453e-18
6.9100000000000001421 4.1155454693457735033e-19 -4.1155454693457735033e-19
6.9199999999999999289 5.5555096813538624493e-20 -5.5555096813538624493e-20
6.9299999999999997158 7.1481822334164473436e-21 -7.1481822334164473436e-21
6.9400000000000003908 8.7668259846184206568e-22 -8.7668259846184206568e-22
6.9500000000000001776 1.0248589311381109613e-22 -1.0248589311381109613e-22
6.9599999999999999645 1.1419855423086519546e-23 -1.1419855423086519546e-23
6.9699999999999997513 1.212919054426031078e-24 -1.212919054426031078e-24
6.9800000000000004263 1.2279413429827851651e-25 -1.2279413429827851651e-25
6.9900000000000002132 1.1849442386429896362e-26 -1.1849442386429896362e-26
7 1.0899149249408108465e-27 -1.0899149249408108465e-27
7.0099999999999997868 9.555679831738317642e-29 -9.555679831738317642e-29
7.0200000000000004619 7.9855493903148385699e-30 -7.9855493903148385699e-30
7.0300000000000002487 6.3609524630721194789e-31 -6.3609524630721194789e-31
7.0400000000000000355 4.8296267033805302744e-32 -4.8296267033805302744e-32
7.0499999999999998224 3.4952558467172032599e-33 -3.4952558467172032599e-33
7.0600000000000004974 2.4111170961923497091e-34 -2.4111170961923497091e-34
7.0700000000000002842 1.5853731350484347529e-35 -1.5853731350484347529e-35
7.0800000000000000711 9.9361579392571122168e-37 -9.9361579392571122168e-37
7.0899999999999998579 5.9357994500366447988e-38 -5.9357994500366447988e-38
7.1000000000000005329 3.3799761715149541587e-39 -3.3799761715149541587e-39
7.1100000000000003197 1.8345167932938881331e-40 -1.8345167932938881331e-40
7.1200000000000001066 9.4908110790157887926e-42 -9.4908110790157887926e-42
7.1299999999999998934 4.6801363032017779332e-43 -4.6801363032017779332e-43
7.1400000000000005684 2.1998200961935065041e-44 -2.1998200961935065041e-44
7.1500000000000003553 9.8557408621483504802e-46 -9.8557408621483504802e-46
7.1600000000000001421 4.2088630301489843666e-47 -4.2088630301489843666e-47
7.1699999999999999289 1.7132221291322046461e-48 -1.7132221291322046461e-48
7.1799999999999997158 6.6471562320961209545e-50 -6.6471562320961209545e-50
7.1900000000000003908 2.4582802346011334255e-51 1.9978263026132481173e-06
7.2000000000000001776 8.6656301507031561092e-53 -8.6656301507031561092e-53
7.2099999999999999645 2.9116698766178833479e-54 -2.9116698766178833479e-54
7.2199999999999997513 9.3251818415444992833e-56 -9.3251818415444992833e-56
7.2300000000000004263 2.846725860238258403e-57 -2.846725860238258403e-57
7.2400000000000002132 8.2833710488718500536e-59 -8.2833710488718500536e-59
7.25 2.2974268301799085203e-60 -2.2974268301799085203e-60
7.2599999999999997868 6.0736440746821891765e-62 -6.0736440746821891765e-62
7.2700000000000004619 1.5304883839831636799e-63 -1.5304883839831636799e-63
7.2800000000000002487 3.6760699171446591903e-65 -3.6760699171446591903e-65
7.2900000000000000355 8.4160922876713139581e-67 -8.4160922876713139581e-67
7.2999999999999998224 1.8365814491937201287e-68 -1.8365814491937201287e-68
7.3100000000000004974 3.8201714359638441161e-70 -3.8201714359638441161e-70
7.3200000000000002842 7.5740548610488018521e-72 -7.5740548610488018521e-72
7.3300000000000000711 1.431353660926321095e-73 -1.431353660926321095e-73
7.3399999999999998579 2.5783291146015433874e-75 1.9978263026132481173e-06
7.3500000000000005329 4.4269297049729527194e-77 -4.4269297049729527194e-77
7.3600000000000003197 7.2450227569110882623e-79 -7.2450227569110882623e-79
7.3700000000000001066 1.1301854679856679971e-80 -1.1301854679856679971e-80
7.3799999999999998934 1.6804767297901545017e-82 -1.6804767297901545017e-82
7.3900000000000005684 2.3817056650446737097e-84 -2.3817056650446737097e-84
7.4000000000000003553 3.2174844930681141475e-86 -3.2174844930681141475e-86
7.4100000000000001421 4.1430254929541291777e-88 -4.1430254929541291777e-88
7.4199999999999999289 5.0850063998212285937e-90 -5.0850063998212285937e-90
7.4299999999999997158 5.9489201879306937295e-92 -5.9489201879306937295e-92
7.4400000000000003908 6.6337256555498735526e-94 -6.6337256555498735526e-94
7.4500000000000001776 7.0509816342387309119e-96 -7.0509816342387309119e-96
7.4599999999999999645 7.1435544393564169032e-98 -7.1435544393564169032e-98
7.4699999999999997513 6.8984547457921643084e-100 -6.8984547457921643084e-100
7.4800000000000004263 6.3498278830726747406e-102 -6.3498278830726747406e-102
7.4900000000000002132 5.5711486724332230276e-104 -5.5711486724332230276e-104
7.5 4.6590802589811724277e-106 -4.6590802589811724277e-106
7.5099999999999997868 3.7138834693296790442e-108 -3.7138834693296790442e-108
7.5200000000000004619 2.8218178724446761147e-110 -2.8218178724446761147e-110
7.5300000000000002487 2.0436301542122629447e-112 -2.0436301542122629447e-112
7.5400000000000000355 1.4107440564817064196e-114 -1.4107440564817064196e-114
7.5499999999999998224 9.2825383209110219044e-117 -9.2825383209110219044e-117
7.5600000000000004974 5.8218077088694992616e-119 -5.8218077088694992616e-119
7.5700000000000002842 3.4803389159676178522e-121 -3.4803389159676178522e-121
7.5800000000000000711 1.9831601355905176666e-123 -1.9831601355905176666e-123
7.5899999999999998579 1.0771261914204076548e-125 -1.0771261914204076548e-125
7.6000000000000005329 5.5763231849009590455e-128 -5.5763231849009590455e-128
7.6100000000000003197 2.7517046923489862578e-130 -2.7517046923489862578e-130
7.6200000000000001066 1.2942800080434487607e-132 -1.2942800080434487607e-132
7.6299999999999998934 5.8026607893890534125e-135 -5.8026607893890534125e-135
7.6400000000000005684 2.4796971212463964501e-137 -2.4796971212463964501e-137
7.6500000000000003553 1.0100493614244959029e-139 -1.0100493614244959029e-139
7.6600000000000001421 3.9215617463737971176e-142 -3.9215617463737971176e-142
7.6699999999999999289 1.4512692981182622071e-144 -1.4512692981182622071e-144
7.6799999999999997158 5.1192865767318583675e-147 -5.1192865767318583675e-147
7.6900000000000003908 1.7212476210698267538e-149 -1.7212476210698267538e-149
7.7000000000000001776 5.5163235896403700014e-152 -5.5163235896403700014e-152
7.7099999999999999645 1.6851112521949410838e-154 -1.6851112521949410838e-154
7.7199999999999997513 4.9065912478286992058e-157 -4.9065912478286992058e-157
7.7300000000000004263 1.3617695897067838428e-159 -1.3617695897067838428e-159
7.7400000000000002132 3.6024654758294527017e-162 -3.6024654758294527017e-162
7.75 9.0838187795690573051e-165 -9.0838187795690573051e-165
7.7599999999999997868 2.1832804597535488541e-167 -2.1832804597535488541e-167
7.7700000000000004619 5.0017619759969397723e-170 -5.0017619759969397723e-170
7.7800000000000002487 1.0922170059505239713e-172 -1.0922170059505239713e-172
7.7900000000000000355 2.2733550213538252514e-175 -2.2733550213538252514e-175
7.7999999999999998224 4.5102228612244748479e-178 -4.5102228612244748479e-178
7.8100000000000004974 8.5290595252171890022e-181 -8.5290595252171890022e-181
7.8200000000000002842 1.5373639335648340914e-183 -1.5373639335648340914e-183
7.8300000000000000711 2.6413419306030393809e-186 -2.6413419306030393809e-186
7.8399999999999998579 4.3255860169988595248e-189 -4.3255860169988595248e-189
7.8500000000000005329 6.7520813224634592246e-192 -6.7520813224634592246e-192
7.8600000000000003197 1.0046221655187940019e-194 -1.0046221655187940019e-194
7.8700000000000001066 1.4247551094381426883e-197 -1.4247551094381426883e-197
7.8799999999999998934 1.925972408559991788e-200 -1.925972408559991788e-200
7.8900000000000005684 2.4816027725720831214e-203 -2.4816027725720831214e-203
7.9000000000000003553 3.0478025805814468633e-206 -3.0478025805814468633e-206
7.9100000000000001421 3.5679089019909296901e-209 -3.5679089019909296901e-209
7.9199999999999999289 3.981191203061779829e-212 -3.981191203061779829e-212
7.930000000000000604 4.2343296362445719209e-215 -4.2343296362445719209e-215
7.9400000000000003908 4.2926812202227162082e-218 -4.2926812202227162082e-218
7.9500000000000001776 4.1480592837760501168e-221 -4.1480592837760501168e-221
7.9599999999999999645 3.8206179264544392318e-224 -3.8206179264544392318e-224
7.9699999999999997513 3.3542435856074767671e-227 -3.3542435856074767671e-227
7.9800000000000004263 2.8069063150320647838e-230 -2.8069063150320647838e-230
7.9900000000000002132 2.2388941651361400447e-233 -2.2388941651361400447e-233
8 1.702203719451386583e-236 -1.702203719451386583e-236
8.0099999999999997868 1.2335643963181272601e-239 -1.2335643963181272601e-239
8.0199999999999995737 8.5208797019124028704e-243 -8.5208797019124028704e-243
8.0299999999999993605 5.6102130682079316795e-246 -5.6102130682079316795e-246
8.0400000000000009237 3.5208424144920409201e-249 1.9978263026132481173e-06
8.0500000000000007105 2.1061346178543011421e-252 -2.1061346178543011421e-252
8.0600000000000004974 1.2008754593080913135e-255 -1.2008754593080913135e-255
8.0700000000000002842 6.5265266264829472742e-259 -6.5265266264829472742e-259
8.0800000000000000711 3.3809485086268042269e-262 -3.3809485086268042269e-262
8.0899999999999998579 1.6694264655463532856e-265 -1.6694264655463532856e-265
8.0999999999999996447 7.8572093346232176528e-269 -7.8572093346232176528e-269
8.1099999999999994316 3.5248581393645541286e-272 -3.5248581393645541286e-272
8.1200000000000009948 1.5072567902092308393e-275 -1.5072567902092308393e-275
8.1300000000000007816 6.1433483042771789661e-279 -6.1433483042771789661e-279
8.1400000000000005684 2.3866861335360888254e-282 -2.3866861335360888254e-282
8.1500000000000003553 8.8380765650298496911e-286 -8.8380765650298496911e-286
8.1600000000000001421 3.11955383870836667e-289 -3.11955383870836667e-289
8.1699999999999999289 1.0495411828809523295e-292 -1.0495411828809523295e-292
8.1799999999999997158 3.3657259774929631402e-296 -3.3657259774929631402e-296
8.1899999999999995026 1.0287984317363574057e-299 -1.0287984317363574057e-299
8.1999999999999992895 2.9974648467523097431e-303 -2.9974648467523097431e-303
8.2100000000000008527 8.3243468443536465174e-307 -8.3243468443536465174e-307
8.2200000000000006395 2.2035276155050634042e-310 -2.2035276155050634042e-310
8.2300000000000004263 5.5597989494287632605e-314 -5.5597989494287632605e-314
8.2400000000000002132 1.3371254300666660923e-317 -1.3371254300666660923e-317
8.25 3.0582663477573161085e-321 -3.0582663477573161085e-321
8.2599999999999997868 0 0
8.2699999999999995737 0 0
8.2799999999999993605 0 0
8.2900000000000009237 0 0
8.3000000000000007105 0 0
8.3100000000000004974 0 1.9978263026132481173e-06
8.3200000000000002842 0 0
8.3300000000000000711 0 0
8.3399999999999998579 0 0
8.3499999999999996447 0 0
8.3599999999999994316 0 0
8.3700000000000009948 0 0
8.3800000000000007816 0 0
8.3900000000000005684 0 0
8.4000000000000003553 0 0
8.4100000000000001421 0 0
8.4199999999999999289 0 0
8.4299999999999997158 0 0
8.4399999999999995026 0 0
8.4499999999999992895 0 0
8.4600000000000008527 0 0
8.4700000000000006395 0 0
8.4800000000000004263 0 0
8.4900000000000002132 0 1.9978263026132481173e-06
8.5 0 0
8.5099999999999997868 0 0
8.5199999999999995737 0 0
8.5299999999999993605 0 0
8.5400000000000009237 0 0
8.5500000000000007105 0 0
8.5600000000000004974 0 0
8.5700000000000002842 0 0
8.5800000000000000711 0 0
8.5899999999999998579 0 0
8.5999999999999996447 0 0
8.6099999999999994316 0 0
8.6200000000000009948 0 0
8.6300000000000007816 0 0
8.6400000000000005684 0 0
8.6500000000000003553 0 0
8.6600000000000001421 0 0
8.6699999999999999289 0 0
8.6799999999999997158 0 0
8.6899999999999995026 0 0
8.7000000000000010658 0 0
8.7100000000000008527 0 0
8.7200000000000006395 0 0
8.7300000000000004263 0 0
8.7400000000000002132 0 0
8.75 0 0
8.7599999999999997868 0 0
8.7699999999999995737 0 0
8.7799999999999993605 0 0
8.7900000000000009237 0 0
8.8000000000000007105 0 0
8.8100000000000004974 0 0
8.8200000000000002842 0 0
8.8300000000000000711 0 0
8.8399999999999998579 0 0
8.8499999999999996447 0 0
8.8599999999999994316 0 0
8.8700000000000009948 0 0
8.8800000000000007816 0 0
8.8900000000000005684 0 0
8.9000000000000003553 0 0
8.9100000000000001421 0 0
8.9199999999999999289 0 0
8.9299999999999997158 0 0
8.9399999999999995026 0 0
8.9500000000000010658 0 0
8.9600000000000008527 0 0
8.9700000000000006395 0 0
8.9800000000000004263 0 0
8.9900000000000002132 0 0
9 0 0
9.0099999999999997868 0 0
9.0199999999999995737 0 0
9.0299999999999993605 0 0
9.0400000000000009237 0 0
9.0500000000000007105 0 0
9.0600000000000004974 0 0
9.0700000000000002842 0 0
9.0800000000000000711 0 0
9.0899999999999998579 0 0
9.0999999999999996447 0 0
9.1099999999999994316 0 0
9.1200000000000009948 0 0
9.1300000000000007816 0 0
9.1400000000000005684 0 0
9.1500000000000003553 0 0
9.1600000000000001421 0 0
9.1699999999999999289 0 0
9.1799999999999997158 0 0
9.1899999999999995026 0 0
9.2000000000000010658 0 0
9.2100000000000008527 0 0
9.2200000000000006395 0 0
9.2300000000000004263 0 1.9978263026132481173e-06
9.2400000000000002132 0 0
9.25 0 0
9.2599999999999997868 0 0
9.2699999999999995737 0 0
9.2799999999999993605 0 0
9.2900000000000009237 0 0
9.3000000000000007105 0 0
9.3100000000000004974 0 0
9.3200000000000002842 0 0
9.3300000000000000711 0 0
9.3399999999999998579 0 0
9.3499999999999996447 0 0
9.3599999999999994316 0 0
9.3700000000000009948 0 0
9.3800000000000007816 0 0
9.3900000000000005684 0 0
9.4000000000000003553 0 0
9.4100000000000001421 0 0
9.4199999999999999289 0 0
9.4299999999999997158 0 0
9.4399999999999995026 0 0
9.4500000000000010658 0 0
9.4600000000000008527 0 0
9.4700000000000006395 0 0
9.4800000000000004263 0 0
9.4900000000000002132 0 0
9.5 0 0
9.5099999999999997868 0 0
9.5199999999999995737 0 0
9.5299999999999993605 0 0
9.5400000000000009237 0 0
9.5500000000000007105 0 0
9.5600000000000004974 0 0
9.5700000000000002842 0 0
9.5800000000000000711 0 0
9.5899999999999998579 0 0
9.5999999999999996447 0 0
9.6099999999999994316 0 0
9.6200000000000009948 0 0
9.6300000000000007816 0 0
9.6400000000000005684 0 1.9978263026132481173e-06
9.6500000000000003553 0 0
9.6600000000000001421 0 0
9.6699999999999999289 0 0
9.6799999999999997158 0 0
9.6899999999999995026 0 0
9.7000000000000010658 0 0
9.7100000000000008527 0 0
9.7200000000000006395 0 0
9.7300000000000004263 0 0
9.7400000000000002132 0 0
9.75 0 0
9.7599999999999997868 0 0
9.7699999999999995737 0 0
9.7799999999999993605 0 0
9.7900000000000009237 0 0
9.8000000000000007105 0 0
9.8100000000000004974 0 0
9.8200000000000002842 0 0
9.8300000000000000711 0 0
9.8399999999999998579 0 0
9.8499999999999996447 0 0
9.8599999999999994316 0 0
9.8700000000000009948 0 0
9.8800000000000007816 0 0
9.8900000000000005684 0 0
9.9000000000000003553 0 0
9.9100000000000001421 0 0
9.9199999999999999289 0 0
9.9299999999999997158 0 0
9.9399999999999995026 0 0
9.9500000000000010658 0 0
9.9600000000000008527 0 0
9.9700000000000006395 0 1.9978263026132481173e-06
9.9800000000000004263 0 0
9.9900000000000002132 0 0
10 0 0
10.009999999999999787 0 0
10.019999999999999574 0 0
10.029999999999999361 0 0
10.040000000000000924 0 0
10.050000000000000711 0 0
10.060000000000000497 0 0
10.070000000000000284 0 0
10.080000000000000071 0 0
10.089999999999999858 0 0
10.099999999999999645 0 0
10.109999999999999432 0 0
10.120000000000000995 0 0
10.130000000000000782 0 0
10.140000000000000568 0 0
10.150000000000000355 0 0
10.160000000000000142 0 0
10.169999999999999929 0 0
10.179999999999999716 0 0
10.189999999999999503 0 0
10.200000000000001066 0 0
10.210000000000000853 0 0
10.220000000000000639 0 0
10.230000000000000426 0 0
