0 8.8634850775103529962e-76 -8.8634850775103529962e-76
0.010000000000000000208 5.418829602823376004e-74 -5.418829602823376004e-74
0.020000000000000000416 3.1452905608652104935e-72 -3.1452905608652104935e-72
0.02999999999999999889 1.7332929197097338009e-70 -1.7332929197097338009e-70
0.040000000000000000833 9.068610420582701643e-69 -9.068610420582701643e-69
0.050000000000000002776 4.5047309875604115348e-67 -4.5047309875604115348e-67
0.05999999999999999778 2.1245067775794301769e-65 -2.1245067775794301769e-65
0.070000000000000006661 9.5128447455608701155e-64 -9.5128447455608701155e-64
0.080000000000000001665 4.0441540024470338248e-62 -4.0441540024470338248e-62
0.089999999999999996669 1.6323451421241903776e-60 -1.6323451421241903776e-60
0.10000000000000000555 6.2555493214048395548e-59 -6.2555493214048395548e-59
0.11000000000000000056 2.2760944823565288061e-57 -2.2760944823565288061e-57
0.11999999999999999556 7.8630095386569628936e-56 -7.8630095386569628936e-56
0.13000000000000000444 2.5790716882571049675e-54 -2.5790716882571049675e-54
0.14000000000000001332 8.0318694113668684077e-53 -8.0318694113668684077e-53
0.14999999999999999445 2.3749316085369643506e-51 0.00010587633732939140364
0.16000000000000000333 6.6676005113053818204e-50 0.00013184599811211231081
0.17000000000000001221 1.7773579727443488812e-48 0.0001638086687307805094
0.17999999999999999334 4.4985248704202623675e-47 0.00012385533773340279403
0.19000000000000000222 1.0810813709689830069e-45 0.0001358413428533822027
0.2000000000000000111 2.4668513912464582103e-44 0.00012984834029339251192
0.20999999999999999223 5.3447501242095549594e-43 0.0001358413428533822027
0.22000000000000000111 1.0995507561944673299e-41 0.00016780399892013520002
0.23000000000000000999 2.1478821066856173785e-40 0.00013184599811211231081
0.23999999999999999112 3.9839777508739464609e-39 0.00015382033598143610089
0.25 7.0167969252497719641e-38 0.00014183433086145669222
0.26000000000000000888 1.1734940940653479504e-36 0.0001478273334214464101
0.27000000000000001776 1.8635781307680386206e-35 0.00014183433086145669222
0.28000000000000002665 2.8102435318800367101e-34 0.00013184599811211231081
0.28999999999999998002 4.0241596172547542889e-33 0.00015382033598143610089
0.2999999999999999889 5.4720097740541590631e-32 0.00017179934366140509191
0.30999999999999999778 7.0658564491431859829e-31 0.00013983667304273689333
0.32000000000000000666 8.6643350289861509711e-30 0.00014582967560272661121
0.33000000000000001554 1.0089385619859717053e-28 0.0001478273334214464101
0.34000000000000002442 1.115732906856428462e-27 0.00013184599811211231081
0.35000000000000003331 1.1717344980515472082e-26 0.00014383200323209169237
0.35999999999999998668 1.1686367387745361523e-25 0.00015182267816271630199
0.36999999999999999556 1.1069285866245393415e-24 0.00015981333854142579167
0.38000000000000000444 9.9576850354116376511e-24 0.00015382033598143610089
0.39000000000000001332 8.5075685027560568192e-23 0.00013983667304273689333
0.4000000000000000222 6.9035273476910242594e-22 0.00015981333854142579167
0.41000000000000003109 5.3206676755088411203e-21 0.0001897783367894589901
0.41999999999999998446 3.8949552039757313689e-20 0.00013584134285338217559
0.42999999999999999334 2.7082744948530011368e-19 0.00016181101091206043945
0.44000000000000000222 1.7887529412877994401e-18 0.00015981333854142400273
0.4500000000000000111 1.1222513967724350299e-17 0.00015382033598142487939
0.46000000000000001998 6.6884867234752411198e-17 0.00020975500228808091185
0.47000000000000002887 3.7868717846921374818e-16 0.00017579467385038120624
0.47999999999999998224 2.0368867029299824943e-15 0.00018178767640871271822
0.48999999999999999112 1.040894692327268119e-14 0.00018178767640034067168
0.5 5.0538487306102965036e-14 0.00020975500223760932205
0.51000000000000000888 2.3315087705482546285e-13 0.0001678039986869843262
0.52000000000000001776 1.0220621188945962604e-12 0.00016980167026870807232
0.53000000000000002665 4.2576649858192125216e-12 0.00022973166352917160282
0.54000000000000003553 1.6855861552492645079e-11 0.00020176432505357685715
0.55000000000000004441 6.342349490243494547e-11 0.00017779226824598471832
0.56000000000000005329 2.2683348427852456099e-10 0.00018378510739598501178
0.57000000000000006217 7.7119467594996507208e-10 0.00019577056815477274481
0.57999999999999996003 2.4926852703969340152e-09 0.00020975250960287740031
0.58999999999999996891 7.6607169562355486921e-09 0.00017978234332315836254
0.5999999999999999778 2.238865293654059077e-08 0.00023570228169388974561
0.60999999999999998668 6.223118849910618707e-08 0.00019171377797159487263
0.61999999999999999556 1.6454431082329435305e-07 0.0002255717932866586244
0.63000000000000000444 4.1393742491216516085e-07 0.00021533406742322533682
0.64000000000000001332 9.9096162824760536301e-07 0.00026270103459597702071
0.6500000000000000222 2.2581629681598822984e-06 0.00024545251249864579682
0.66000000000000003109 4.899490160032343257e-06 0.00025279950350420252745
0.67000000000000003997 1.0124697382829586452e-05 0.00021361398239593259053
0.68000000000000004885 1.9934614180599745793e-05 0.00023177140602747582903
0.69000000000000005773 3.7412075004749224382e-05 0.00023227292377946508802
0.70000000000000006661 6.6958631263665572241e-05 0.00019473570714183925049
0.70999999999999996447 0.00011435084263932123534 0.00017331316382486204098
0.71999999999999997335 0.00018646556096852057519 0.0001151821084343619358
0.72999999999999998224 0.00029055067853471180407 2.3082995988149980059e-05
0.73999999999999999112 0.0004330172005223313289 -0.00011339052343947985399
0.75 0.00061789368870996915547 -0.00029626935380839788167
0.76000000000000000888 0.0008452690566799795583 -0.00047170538566105126889
0.77000000000000001776 0.001110175943676516841 -0.00075259359341500742246
0.78000000000000002665 0.0014023547669036518816 -0.0010487677613834124092
0.79000000000000003553 0.0017071514337048925968 -0.0013295924179446943613
0.80000000000000004441 0.0020074790419550569975 -0.0016239270236348690712
0.81000000000000005329 0.0022864282694298725812 -0.0018809019277922760932
0.82000000000000006217 0.0025298826735290504651 -0.0020864006587127960878
0.83000000000000007105 0.0027284837636277294894 -0.0022949900961127347489
0.83999999999999996891 0.002878504200896571559 -0.0024609918541389956895
0.8499999999999999778 0.0029815362209040644804 -0.0025020962198317024151
0.85999999999999998668 0.0030432449077139656947 -0.0026616905763163279698
0.86999999999999999556 0.0030716480861423659833 -0.0026401520764460909875
0.88000000000000000444 0.003075412867829856612 -0.0027018491968109283226
0.89000000000000001332 0.0030625320283084855183 -0.0026070640083722517594
0.9000000000000000222 0.003039542976141341047 -0.002669974620759852247
0.91000000000000003109 0.0030112654766801319473 -0.0026197227979812345855
0.92000000000000003997 0.0029809174804270610094 -0.0025634051336694851399
0.93000000000000004885 0.0029504336638747062117 -0.0024310403027011360556
0.94000000000000005773 0.0029208377722802171192 -0.0024853464178426721773
0.95000000000000006661 0.0028925741647874386557 -0.0023831691218112976798
0.95999999999999996447 0.0028657577316344674465 -0.002398303706578254306
0.96999999999999997335 0.0028403393183687513854 -0.0023688899776750987555
0.97999999999999998224 0.0028162030849544885183 -0.002246868074586111548
0.98999999999999999112 0.0027932172526239336732 -0.0022977959016903222803
1 0.0027712568603133172669 -0.0022918168592409552016
1.0100000000000000089 0.0027502116664099560996 -0.0022188323001164065619
1.0200000000000000178 0.0027299871705645678034 -0.0021426731525162217608
1.0300000000000000266 0.0027105030036890073904 -0.0021911096425154372343
1.0400000000000000355 0.002691690666251769521 -0.0021683019894407598756
1.0500000000000000444 0.0026734913947801274871 -0.0021161423895317298983
1.0600000000000000533 0.0026558543817646346891 -0.0021164843841962061727
1.0700000000000000622 0.0026387353557011392416 -0.0020594120271353330912
1.0800000000000000711 0.0026220954619833539839 -0.0020327837570124577399
1.0900000000000000799 0.0026059003783328676083 -0.0020445560574470305303
1.1000000000000000888 0.0025901196092486260432 -0.001990819586080300619
1.1100000000000000977 0.0025747259171107947893 -0.0019434632524276316233
1.1200000000000001066 0.0025596948585457908291 -0.0019823691586948739667
1.1300000000000001155 0.0025450044028535556521 -0.0019477020666077804294
1.1400000000000001243 0.0025306346152316303195 -0.0019233439025807650032
1.1500000000000001332 0.0025165673918910178367 -0.00188930004284529416
1.1599999999999999201 0.0025027862376372708719 -0.0018495491914290382307
1.1699999999999999289 0.0024892760799842279101 -0.0018400344076210956717
1.1799999999999999378 0.0024760231190513190894 -0.0017628561054508504538
1.1899999999999999467 0.0024630147230247116316 -0.0017578383406991219748
1.1999999999999999556 0.0024502394027906362374 -0.0017550513968701366742
1.2099999999999999645 0.0024376869526498081038 -0.0017405012598067583392
1.2199999999999999734 0.0024253489567251057361 -0.0016482566018873007034
1.2299999999999999822 0.0024132200820304425433 -0.0016341300402700873091
1.2399999999999999911 0.0024013009786964622898 -0.0015822576059387294216
1.25 0.0023896042632690389813 -0.0015086332361965199174
1.2600000000000000089 0.0023781660237513755664 -0.0014053023295641218528
1.2700000000000000178 0.0023670665232016388328 -0.0014701141753717008979
1.2800000000000000266 0.0023564651263641833018 -0.0014235547631743072222
1.2900000000000000355 0.0023466556730081457489 -0.0012998783193861266749
1.3000000000000000444 0.0023381495174928054216 -0.0012534164615882973509
1.3100000000000000533 0.0023317951611666505596 -0.0011132184784351415677
1.3200000000000000622 0.0023289491165662083716 -0.00097652869059237533064
1.3300000000000000711 0.002331729973047750714 -0.00081150559180952880865
1.3400000000000000799 0.0023434301461763670966 -0.00052155806643143206094
1.3500000000000000888 0.0023692461509710141011 -0.00036558642391915996753
1.3600000000000000977 0.0024176348766801981569 -0.0002182039266942171693
1.3700000000000001066 0.0025028054695234846355 0.00021402127112883856733
1.3800000000000001155 0.0026490544770041628102 0.00040537786109948919025
1.3900000000000001243 0.0028976907010366029747 0.0006401769828806810371
1.4000000000000001332 0.0033169050254113451037 0.00084623261166741695072
1.4099999999999999201 0.0040137868958427724494 0.00074265770363666442494
1.4199999999999999289 0.0051455646827842727378 0.00083944480120877983109
1.4299999999999999378 0.0069242912396467997532 0.00054098935279475908466
1.4399999999999999467 0.0096066339023465185248 0.00045960898622331158858
1.4499999999999999556 0.01346003447304916327 -2.3728205072402405729e-05
1.4599999999999999645 0.01870044315088857656 0.00012157304357420309349
1.4699999999999999734 0.025406249382621086397 0.00095695764469500357863
1.4799999999999999822 0.033426458072751887018 0.0017204898773728535821
1.4899999999999999911 0.042313657442215643623 0.0034488926435673541993
1.5 0.051316635043642533365 0.0051973561632418438516
1.5100000000000000089 0.059457477830837768273 0.0071187646160616457891
1.5200000000000000178 0.06569301657808115924 0.0081107807861537650762
1.5300000000000000266 0.069128017905690522515 0.0072048268881060167912
1.5400000000000000355 0.069221354091091466532 0.004770220255927729025
1.5500000000000000444 0.065920182126752893681 0.0022901514589862420612
1.5600000000000000533 0.059676746844328130981 -0.0018682656875021116938
1.5700000000000000622 0.051341338634251214301 -0.0053610453305231176024
1.5800000000000000711 0.041966854968771991063 -0.0079006435365534394277
1.5900000000000000799 0.032587369017032831453 -0.0087452168089430029618
1.6000000000000000888 0.024034760014388156096 -0.0078696413498850550927
1.6100000000000000977 0.01683583212374914137 -0.0069333986315058514227
1.6200000000000001066 0.011199528341794157474 -0.0056839706279875282929
1.6300000000000001155 0.0070747038393244084803 -0.0041021757337227401224
1.6400000000000001243 0.0042436397306480676608 -0.0027054363999375373798
1.6500000000000001332 0.0024169788353919962123 -0.001627900475434211798
1.6600000000000001421 0.00130706391184361604 -0.00097545122964078512934
1.6699999999999999289 0.00067111732109522207173 -0.00049732031961509718093
1.6799999999999999378 0.00032716564550887050665 -0.00024526131114348026551
1.6899999999999999467 0.00015142448621052978334 -0.0001114711515751733422
1.6999999999999999556 6.6539037143273030038e-05 -5.4553036570767157341e-05
1.7099999999999999645 2.7758932459072216761e-05 -2.5761265772779129793e-05
1.7199999999999999734 1.0994350107125728166e-05 -1.0994350107125728166e-05
1.7299999999999999822 4.1340177391538794299e-06 -1.3868436656770549313e-07
1.7399999999999999911 1.475730611612686975e-06 -1.475730611612686975e-06
1.75 5.0011550034920467421e-07 1.4975511859438824e-06
1.7600000000000000089 1.6090107413321268275e-07 -1.6090107413321268275e-07
1.7700000000000000178 4.9143971172093173367e-08 -4.9143971172093173367e-08
1.7800000000000000266 1.4249571631384454325e-08 1.9834171146617025306e-06
1.7900000000000000355 3.9223962950481528282e-09 -3.9223962950481528282e-09
1.8000000000000000444 1.0249845045978820888e-09 -1.0249845045978820888e-09
1.8100000000000000533 2.54271428802540054e-10 -2.54271428802540054e-10
1.8200000000000000622 5.9881227789772540633e-11 -5.9881227789772540633e-11
1.8300000000000000711 1.3387370545145402243e-11 -1.3387370545145402243e-11
1.8400000000000000799 2.84125389257307129e-12 -2.84125389257307129e-12
1.8500000000000000888 5.7244505410908696127e-13 1.9976661138480330306e-06
1.8600000000000000977 1.0948774485343936691e-13 -1.0948774485343936691e-13
1.8700000000000001066 1.9879441515729724706e-14 -1.9879441515729724706e-14
1.8800000000000001155 3.426485679029150244e-15 1.997666682866601104e-06
1.8900000000000001243 5.6065915137061069702e-16 1.9976666857324278138e-06
1.9000000000000001332 8.7087015397781603896e-17 -8.7087015397781603896e-17
1.9100000000000001421 1.284138002695253045e-17 1.9976666862802455254e-06
1.9199999999999999289 1.7975175781038330487e-18 3.9953333725843765328e-06
1.9299999999999999378 2.3885654833477568449e-19 -2.3885654833477568449e-19
1.9399999999999999467 3.0130279654192568555e-20 1.9976666862930568987e-06
1.9499999999999999556 3.608034339953379914e-21 -3.608034339953379914e-21
1.9599999999999999645 4.101466527818405841e-22 -4.101466527818405841e-22
1.9699999999999999734 4.4259677278600527932e-23 -4.4259677278600527932e-23
1.9799999999999999822 4.5339576402165254059e-24 -4.5339576402165254059e-24
1.9899999999999999911 4.409064241414501008e-25 -4.409064241414501008e-25
2 4.0701909261542278308e-26 -4.0701909261542278308e-26
2.0100000000000002309 3.5668281041391757023e-27 1.9976666862930869684e-06
2.0200000000000000178 2.9672100985596212208e-28 1.9976666862930869684e-06
2.0300000000000002487 2.343218748961998371e-29 -2.343218748961998371e-29
2.0400000000000000355 1.7566106030231751025e-30 1.9976666862930869684e-06
2.0499999999999998224 1.2500748783627439035e-31 -1.2500748783627439035e-31
2.0600000000000000533 8.4448932231715113628e-33 1.9976666862930869684e-06
2.0699999999999998401 5.4156384750377767963e-34 -5.4156384750377767963e-34
2.0800000000000000711 3.2968736786919709314e-35 -3.2968736786919709314e-35
2.0899999999999998579 1.9052495798585853766e-36 1.9976666862930869684e-06
2.1000000000000000888 1.0451970206140937579e-37 1.9976666862930869684e-06
2.1099999999999998757 5.4430331545380081405e-39 1.9976666862930869684e-06
2.1200000000000001066 2.6907920814934855318e-40 -2.6907920814934855318e-40
2.1299999999999998934 1.2627444623533584018e-41 -1.2627444623533584018e-41
2.1400000000000001243 5.6253145130446135883e-43 1.9976666862930869684e-06
2.1499999999999999112 2.3788879824798750897e-44 -2.3788879824798750897e-44
2.1600000000000001421 9.5498570902189430527e-46 -9.5498570902189430527e-46
2.1699999999999999289 3.6392786235056116694e-47 -3.6392786235056116694e-47
2.1800000000000001599 1.3165251425365836404e-48 -1.3165251425365836404e-48
2.1899999999999999467 4.5210394368235839933e-50 1.9976666862930869684e-06
2.2000000000000001776 1.4738137214635062247e-51 -1.4738137214635062247e-51
2.2099999999999999645 4.5608095678182980726e-53 -4.5608095678182980726e-53
2.2200000000000001954 1.3397883962582683723e-54 1.9976666862930869684e-06
2.2299999999999999822 3.7361586167961135316e-56 3.9953333725861739367e-06
2.2400000000000002132 9.8902920393666096397e-58 1.9976666862930869684e-06
2.25 2.48534991272914479e-59 -2.48534991272914479e-59
2.2600000000000002309 5.9287138333135690239e-61 -5.9287138333135690239e-61
2.2700000000000000178 1.3425419456866852817e-62 -1.3425419456866852817e-62
2.2800000000000002487 2.8859551581967496702e-64 1.9976666862930869684e-06
2.2900000000000000355 5.889054174810637839e-66 -5.889054174810637839e-66
2.3000000000000002665 1.1407637028907915355e-67 -1.1407637028907915355e-67
2.3100000000000000533 2.0976833670020062701e-69 -2.0976833670020062701e-69
2.3199999999999998401 3.6616615128850493202e-71 1.9976666862930869684e-06
2.3300000000000000711 6.0675086442136782273e-73 -6.0675086442136782273e-73
2.3399999999999998579 9.5441331640179909376e-75 -9.5441331640179909376e-75
2.3500000000000000888 1.4251362511152072937e-76 -1.4251362511152072937e-76
2.3599999999999998757 2.0200867982545296246e-78 1.9976666862930869684e-06
2.3700000000000001066 2.7181746441576460058e-80 -2.7181746441576460058e-80
2.3799999999999998934 3.4719887284193712693e-82 -3.4719887284193712693e-82
2.3900000000000001243 4.2099100940409519306e-84 1.9976666862930869684e-06
2.3999999999999999112 4.8457482176509726409e-86 1.9976666862930869684e-06
2.4100000000000001421 5.2947117637582171204e-88 -5.2947117637582171204e-88
2.4199999999999999289 5.4918314899946159746e-90 -5.4918314899946159746e-90
2.4300000000000001599 5.4073618761221236844e-92 -5.4073618761221236844e-92
2.4399999999999999467 5.0541365252029540244e-94 -5.0541365252029540244e-94
2.4500000000000001776 4.4843733065068753075e-96 -4.4843733065068753075e-96
2.4599999999999999645 3.7770241155279346706e-98 -3.7770241155279346706e-98
2.4700000000000001954 3.019888593448203942e-100 -3.019888593448203942e-100
2.4799999999999999822 2.2920559133707343179e-102 -2.2920559133707343179e-102
2.4900000000000002132 1.6514011181417688726e-104 -1.6514011181417688726e-104
2.5 1.1294655292309543266e-106 1.9976666862930869684e-06
2.5100000000000002309 7.3330794224272614999e-109 1.9976666862930869684e-06
2.5200000000000000178 4.5195246525115592105e-111 -4.5195246525115592105e-111
2.5300000000000002487 2.6441863383410154585e-113 -2.6441863383410154585e-113
2.5400000000000000355 1.4685348091554821796e-115 3.9953333725861739367e-06
2.5500000000000002665 7.7422874163617130712e-118 -7.7422874163617130712e-118
2.5600000000000000533 3.8747809556872179668e-120 3.9953333725861739367e-06
2.5699999999999998401 1.840847506224726794e-122 -1.840847506224726794e-122
2.5800000000000000711 8.3019713218728104913e-125 -8.3019713218728104913e-125
2.5899999999999998579 3.554163247823196479e-127 -3.554163247823196479e-127
2.6000000000000000888 1.4443957843569063732e-129 -1.4443957843569063732e-129
2.6099999999999998757 5.5722131561538999193e-132 -5.5722131561538999193e-132
2.6200000000000001066 2.0406187402409580221e-134 -2.0406187402409580221e-134
2.6299999999999998934 7.0939583277266282396e-137 -7.0939583277266282396e-137
2.6400000000000001243 2.3410354017050512911e-139 1.9976666862930869684e-06
2.6499999999999999112 7.3336451075874674364e-142 -7.3336451075874674364e-142
2.6600000000000001421 2.1808426536635139622e-144 1.9976666862930869684e-06
2.6699999999999999289 6.1563214143378701682e-147 1.9976666862930869684e-06
2.6800000000000001599 1.6497218438251825831e-149 1.9976666862930869684e-06
2.6899999999999999467 4.196552171937860411e-152 -4.196552171937860411e-152
2.7000000000000001776 1.0133674918479126265e-154 -1.0133674918479126265e-154
2.7099999999999999645 2.3229171885081448838e-157 1.9976666862930869684e-06
2.7200000000000001954 5.0546708776677592986e-160 -5.0546708776677592986e-160
2.7299999999999999822 1.0441055709724147674e-162 1.9976666862930869684e-06
2.7400000000000002132 2.0473321081621308497e-165 1.9976666862930869684e-06
2.75 3.81087335442223464e-168 -3.81087335442223464e-168
2.7600000000000002309 6.7336889275739277405e-171 -6.7336889275739277405e-171
2.7700000000000000178 1.1294678637915109736e-173 1.9976666862930869684e-06
2.7800000000000002487 1.7984028602177085912e-176 1.9976666862930869684e-06
2.7900000000000000355 2.7182684803061055871e-179 1.9976666862930869684e-06
2.8000000000000002665 3.9002276332201824865e-182 -3.9002276332201824865e-182
2.8100000000000000533 5.3122656458239980316e-185 1.9976666862930869684e-06
2.8199999999999998401 6.8684986989029624543e-188 -6.8684986989029624543e-188
2.8300000000000000711 8.4301644475097305553e-191 -8.4301644475097305553e-191
2.8399999999999998579 9.8220569222915692492e-194 -9.8220569222915692492e-194
2.8500000000000000888 1.0863280788046128965e-196 -1.0863280788046128965e-196
2.8599999999999998757 1.1405431124978520077e-199 -1.1405431124978520077e-199
2.8700000000000001066 1.1367227059408637563e-202 3.9953333725861739367e-06
2.8799999999999998934 1.0754481500335395308e-205 3.9953333725861739367e-06
2.8900000000000001243 9.6586519626513781638e-209 1.9976666862930869684e-06
2.8999999999999999112 8.2344698120694640058e-212 3.9953333725861739367e-06
2.9100000000000001421 6.6641818122360221639e-215 1.9976666862930869684e-06
2.9199999999999999289 5.1197657336585133885e-218 1.9976666862930869684e-06
2.9300000000000001599 3.7337512888363093694e-221 3.9953333725861739367e-06
2.9399999999999999467 2.5848343278400008221e-224 1.9976666862930869684e-06
2.9500000000000001776 1.6986818956382724295e-227 5.9930002862529363483e-06
2.9599999999999999645 1.0597011594837718753e-230 9.988333658839110285e-06
2.9700000000000001954 6.2754771803983999036e-234 5.9930002862529363483e-06
2.9799999999999999822 3.5277847763042416053e-237 9.988333658839110285e-06
2.9900000000000002132 1.8825623945252465584e-240 1.1986000572505869309e-05
3 9.5364917048909916619e-244 2.1974334231344979594e-05
3.0100000000000002309 4.5858499384478314038e-247 1.997666731767822057e-05
3.0200000000000000178 2.0933554627901011524e-250 2.3972001145011748781e-05
3.0300000000000002487 9.0710601540561660471e-254 2.5969668058678511193e-05
3.0400000000000000355 3.7313417663513742087e-257 2.1974334231344979594e-05
3.0500000000000002665 1.4570146451901998512e-260 4.1950999730033800006e-05
3.0600000000000000533 5.4007577812706275048e-264 3.1962666980689391494e-05
3.0700000000000002842 1.9003665099662653926e-267 2.7967334972345270216e-05
3.0800000000000000711 6.3476345031317979022e-271 1.7979000404011461547e-05
3.0899999999999998579 2.0126966422558280451e-274 4.5946333557367318053e-05
3.1000000000000000888 6.0581021051025694979e-278 2.3972001145011748781e-05
3.1099999999999998757 1.7309586889485528233e-281 2.1974334231344979594e-05
3.1200000000000001066 4.6949249694495350926e-285 2.3972001145011748781e-05
3.1299999999999998934 1.2088222325850149683e-288 5.9930002862529363483e-06
3.1400000000000001243 2.9545275427608564811e-292 5.9930002862529363483e-06
3.1499999999999999112 6.8549684396285520392e-296 9.988333658839110285e-06
3.1600000000000001421 1.5097835206547730017e-299 7.9906667451723478734e-06
3.1699999999999999289 3.1565719867419345584e-303 1.9976666862930869684e-06
3.1800000000000001599 6.264818645147948567e-307 -6.264818645147948567e-307
3.1899999999999999467 1.1803018539199793761e-310 1.9976666862930869684e-06
3.2000000000000001776 2.1109086900890146967e-314 1.9976666862930869684e-06
3.2099999999999999645 3.5837496280176075204e-318 -3.5837496280176075204e-318
3.2200000000000001954 5.7805680563425845669e-322 -5.7805680563425845669e-322
3.2299999999999999822 0 0
3.2400000000000002132 0 0
3.25 0 0
3.2600000000000002309 0 0
3.2700000000000000178 0 0
3.2800000000000002487 0 0
3.2900000000000000355 0 0
3.3000000000000002665 0 0
3.3100000000000000533 0 0
3.3200000000000002842 0 0
3.3300000000000000711 0 0
3.3399999999999998579 0 0
3.3500000000000000888 0 0
3.3599999999999998757 0 0
3.3700000000000001066 0 0
3.3799999999999998934 0 0
3.3900000000000001243 0 0
3.3999999999999999112 0 0
3.4100000000000001421 0 0
3.4199999999999999289 0 0
3.4300000000000001599 0 0
3.4399999999999999467 0 0
3.4500000000000001776 0 0
3.4599999999999999645 0 0
3.4700000000000001954 0 0
3.4799999999999999822 0 0
3.4900000000000002132 0 0
3.5 0 0
3.5100000000000002309 0 0
3.5200000000000000178 0 0
3.5300000000000002487 0 0
3.5400000000000000355 0 0
3.5500000000000002665 0 0
3.5600000000000000533 0 0
3.5700000000000002842 0 0
3.5800000000000000711 0 0
3.5899999999999998579 0 0
3.6000000000000000888 0 0
3.6099999999999998757 0 0
3.6200000000000001066 0 0
3.6299999999999998934 0 0
3.6400000000000001243 0 0
3.6499999999999999112 0 0
3.6600000000000001421 0 0
3.6699999999999999289 0 0
3.6800000000000001599 0 0
3.6899999999999999467 0 0
3.7000000000000001776 0 0
3.7099999999999999645 0 0
3.7200000000000001954 0 0
3.7299999999999999822 0 0
3.7400000000000002132 0 0
3.75 0 0
3.7600000000000002309 0 0
3.7700000000000000178 0 0
3.7800000000000002487 0 0
3.7900000000000000355 0 0
3.8000000000000002665 0 0
3.8100000000000000533 0 0
3.8200000000000002842 0 0
3.8300000000000000711 0 0
3.8399999999999998579 0 0
3.8500000000000000888 0 0
3.8599999999999998757 0 0
3.8700000000000001066 0 0
3.8799999999999998934 0 0
3.8900000000000001243 0 0
3.8999999999999999112 0 0
3.9100000000000001421 0 0
3.9199999999999999289 0 0
3.9300000000000001599 0 0
3.9399999999999999467 0 0
3.9500000000000001776 0 0
3.9599999999999999645 0 0
3.9700000000000001954 0 0
3.9799999999999999822 0 0
3.9900000000000002132 0 0
4 0 0
4.0099999999999997868 0 0
4.0200000000000004619 0 0
4.0300000000000002487 0 0
4.0400000000000000355 0 0
4.0499999999999998224 0 0
4.0600000000000004974 0 0
4.0700000000000002842 0 0
4.0800000000000000711 0 0
4.0899999999999998579 0 0
4.0999999999999996447 0 0
4.1100000000000003197 0 0
4.1200000000000001066 0 0
4.1299999999999998934 0 0
4.1399999999999996803 0 0
4.1500000000000003553 0 0
4.1600000000000001421 0 0
4.1699999999999999289 0 0
4.1799999999999997158 0 0
4.1900000000000003908 0 0
4.2000000000000001776 0 0
4.2099999999999999645 0 0
4.2199999999999997513 0 0
4.2300000000000004263 0 0
4.2400000000000002132 0 0
4.25 0 0
4.2599999999999997868 0 0
4.2700000000000004619 0 0
4.2800000000000002487 0 0
4.2900000000000000355 0 0
4.2999999999999998224 0 0
4.3100000000000004974 0 0
4.3200000000000002842 0 0
4.3300000000000000711 0 0
4.3399999999999998579 0 0
4.3500000000000005329 0 0
4.3600000000000003197 0 0
4.3700000000000001066 0 0
4.3799999999999998934 0 0
4.3899999999999996803 0 0
4.4000000000000003553 0 0
4.4100000000000001421 0 0
4.4199999999999999289 0 0
4.4299999999999997158 0 0
4.4400000000000003908 0 0
4.4500000000000001776 0 0
4.4599999999999999645 0 0
4.4699999999999997513 0 0
4.4800000000000004263 0 0
4.4900000000000002132 0 0
4.5 0 0
4.5099999999999997868 0 0
4.5200000000000004619 0 0
4.5300000000000002487 0 0
4.5400000000000000355 0 0
4.5499999999999998224 0 0
4.5600000000000004974 0 0
4.5700000000000002842 0 0
4.5800000000000000711 0 0
4.5899999999999998579 0 0
4.6000000000000005329 0 0
4.6100000000000003197 0 0
4.6200000000000001066 0 0
4.6299999999999998934 0 0
4.6399999999999996803 0 0
4.6500000000000003553 0 0
4.6600000000000001421 0 0
4.6699999999999999289 0 0
4.6799999999999997158 0 0
4.6900000000000003908 0 0
4.7000000000000001776 0 0
4.7099999999999999645 0 0
4.7199999999999997513 0 0
4.7300000000000004263 0 0
4.7400000000000002132 0 0
4.75 0 0
4.7599999999999997868 0 0
4.7700000000000004619 0 0
4.7800000000000002487 0 0
4.7900000000000000355 0 0
4.7999999999999998224 0 0
4.8100000000000004974 0 0
4.8200000000000002842 0 0
4.8300000000000000711 0 0
4.8399999999999998579 0 0
4.8500000000000005329 0 0
4.8600000000000003197 0 0
4.8700000000000001066 0 0
4.8799999999999998934 0 0
4.8899999999999996803 0 0
4.9000000000000003553 0 0
4.9100000000000001421 0 0
4.9199999999999999289 0 0
4.9299999999999997158 0 0
4.9400000000000003908 0 0
4.9500000000000001776 0 0
4.9599999999999999645 0 0
4.9699999999999997513 0 0
4.9800000000000004263 0 0
4.9900000000000002132 0 0
5 0 0
5.0099999999999997868 0 0
5.0200000000000004619 0 0
5.0300000000000002487 0 0
5.0400000000000000355 0 0
5.0499999999999998224 0 0
5.0600000000000004974 0 0
5.0700000000000002842 0 0
5.0800000000000000711 0 0
5.0899999999999998579 0 0
5.1000000000000005329 0 0
5.1100000000000003197 0 0
5.1200000000000001066 0 0
5.1299999999999998934 0 0
5.1399999999999996803 0 0
5.1500000000000003553 0 0
5.1600000000000001421 0 0
5.1699999999999999289 0 0
5.1799999999999997158 0 0
5.1900000000000003908 0 0
5.2000000000000001776 0 0
5.2099999999999999645 0 0
5.2199999999999997513 0 0
5.2300000000000004263 0 0
5.2400000000000002132 0 0
5.25 0 0
5.2599999999999997868 0 0
5.2700000000000004619 0 0
5.2800000000000002487 0 0
5.2900000000000000355 0 0
5.2999999999999998224 0 0
5.3100000000000004974 0 0
5.3200000000000002842 0 0
5.3300000000000000711 0 0
5.3399999999999998579 0 0
5.3500000000000005329 0 0
5.3600000000000003197 0 0
5.3700000000000001066 0 0
5.3799999999999998934 0 0
5.3899999999999996803 0 0
5.4000000000000003553 0 0
5.4100000000000001421 0 0
5.4199999999999999289 0 0
5.4299999999999997158 0 0
5.4400000000000003908 0 0
5.4500000000000001776 0 0
5.4599999999999999645 0 0
5.4699999999999997513 0 0
5.4800000000000004263 0 0
5.4900000000000002132 0 0
5.5 0 0
5.5099999999999997868 0 0
5.5200000000000004619 0 0
5.5300000000000002487 0 0
5.5400000000000000355 0 0
5.5499999999999998224 0 0
5.5600000000000004974 0 0
5.5700000000000002842 0 0
5.5800000000000000711 0 0
5.5899999999999998579 0 0
5.6000000000000005329 0 0
5.6100000000000003197 0 0
5.6200000000000001066 0 0
5.6299999999999998934 0 0
5.6399999999999996803 0 0
5.6500000000000003553 0 0
5.6600000000000001421 0 0
5.6699999999999999289 0 0
5.6799999999999997158 0 0
5.6900000000000003908 0 0
5.7000000000000001776 0 0
5.7099999999999999645 0 0
5.7199999999999997513 0 0
5.7300000000000004263 0 0
5.7400000000000002132 0 0
5.75 0 0
5.7599999999999997868 0 0
5.7700000000000004619 0 0
5.7800000000000002487 0 0
5.7900000000000000355 0 0
5.7999999999999998224 0 0
5.8100000000000004974 0 0
5.8200000000000002842 0 0
5.8300000000000000711 0 0
5.8399999999999998579 0 0
5.8500000000000005329 0 0
5.8600000000000003197 0 0
5.8700000000000001066 0 0
5.8799999999999998934 0 0
5.8899999999999996803 0 0
5.9000000000000003553 0 0
5.9100000000000001421 0 0
5.9199999999999999289 0 0
5.9299999999999997158 0 0
5.9400000000000003908 0 0
5.9500000000000001776 0 0
5.9599999999999999645 0 0
5.9699999999999997513 0 0
5.9800000000000004263 0 0
5.9900000000000002132 0 0
6 0 0
6.0099999999999997868 0 0
6.0200000000000004619 0 0
6.0300000000000002487 0 0
6.0400000000000000355 0 0
6.0499999999999998224 0 0
6.0600000000000004974 0 0
6.0700000000000002842 0 0
6.0800000000000000711 0 0
6.0899999999999998579 0 0
6.1000000000000005329 0 0
6.1100000000000003197 0 0
6.1200000000000001066 0 0
6.1299999999999998934 0 0
6.1400000000000005684 0 0
6.1500000000000003553 0 0
6.1600000000000001421 0 0
6.1699999999999999289 0 0
6.1799999999999997158 0 0
6.1900000000000003908 0 0
6.2000000000000001776 0 0
6.2099999999999999645 0 0
6.2199999999999997513 0 0
6.2300000000000004263 0 0
6.2400000000000002132 0 0
6.25 0 0
6.2599999999999997868 0 0
6.2700000000000004619 0 0
6.2800000000000002487 0 0
6.2900000000000000355 0 0
6.2999999999999998224 0 0
6.3100000000000004974 0 0
6.3200000000000002842 0 0
6.3300000000000000711 0 0
6.3399999999999998579 0 0
6.3500000000000005329 0 0
6.3600000000000003197 0 0
6.3700000000000001066 0 0
6.3799999999999998934 0 0
6.3900000000000005684 0 0
6.4000000000000003553 0 0
6.4100000000000001421 0 0
6.4199999999999999289 0 0
6.4299999999999997158 0 0
6.4400000000000003908 0 0
6.4500000000000001776 0 0
6.4599999999999999645 0 0
6.4699999999999997513 0 0
6.4800000000000004263 0 0
6.4900000000000002132 0 0
6.5 0 0
6.5099999999999997868 0 0
6.5200000000000004619 0 0
6.5300000000000002487 0 0
6.5400000000000000355 0 0
6.5499999999999998224 0 0
6.5600000000000004974 0 0
6.5700000000000002842 0 0
6.5800000000000000711 0 0
6.5899999999999998579 0 0
6.6000000000000005329 0 0
6.6100000000000003197 0 0
6.6200000000000001066 0 0
6.6299999999999998934 0 0
6.6400000000000005684 0 0
6.6500000000000003553 0 0
6.6600000000000001421 0 0
6.6699999999999999289 0 0
6.6799999999999997158 0 0
6.6900000000000003908 0 0
6.7000000000000001776 0 0
6.7099999999999999645 0 0
6.7199999999999997513 0 0
6.7300000000000004263 0 0
6.7400000000000002132 0 0
6.75 0 0
6.7599999999999997868 0 0
6.7700000000000004619 0 0
6.7800000000000002487 0 0
6.7900000000000000355 0 0
6.7999999999999998224 0 0
6.8100000000000004974 0 0
6.8200000000000002842 0 0
6.8300000000000000711 0 0
6.8399999999999998579 0 0
6.8500000000000005329 0 0
6.8600000000000003197 0 0
6.8700000000000001066 0 0
6.8799999999999998934 0 0
6.8900000000000005684 0 0
6.9000000000000003553 0 0
6.9100000000000001421 0 0
6.9199999999999999289 0 0
6.9299999999999997158 0 0
6.9400000000000003908 0 0
6.9500000000000001776 0 0
6.9599999999999999645 0 0
6.9699999999999997513 0 0
6.9800000000000004263 0 0
6.9900000000000002132 0 0
7 0 0
7.0099999999999997868 0 0
7.0200000000000004619 0 0
7.0300000000000002487 0 0
7.0400000000000000355 0 0
7.0499999999999998224 0 0
7.0600000000000004974 0 0
7.0700000000000002842 0 0
7.0800000000000000711 0 0
7.0899999999999998579 0 0
7.1000000000000005329 0 0
7.1100000000000003197 0 0
7.1200000000000001066 0 0
7.1299999999999998934 0 0
7.1400000000000005684 0 0
7.1500000000000003553 0 0
7.1600000000000001421 0 0
7.1699999999999999289 0 0
7.1799999999999997158 0 0
7.1900000000000003908 0 0
7.2000000000000001776 0 0
7.2099999999999999645 0 0
7.2199999999999997513 0 0
7.2300000000000004263 0 0
7.2400000000000002132 0 0
7.25 0 0
7.2599999999999997868 0 0
7.2700000000000004619 0 0
7.2800000000000002487 0 0
7.2900000000000000355 0 0
7.2999999999999998224 0 0
7.3100000000000004974 0 0
7.3200000000000002842 0 0
7.3300000000000000711 0 0
7.3399999999999998579 0 0
7.3500000000000005329 0 0
7.3600000000000003197 0 0
7.3700000000000001066 0 0
7.3799999999999998934 0 0
7.3900000000000005684 0 0
7.4000000000000003553 0 0
7.4100000000000001421 0 0
7.4199999999999999289 0 0
7.4299999999999997158 0 0
7.4400000000000003908 0 0
7.4500000000000001776 0 0
7.4599999999999999645 0 0
7.4699999999999997513 0 0
7.4800000000000004263 0 0
7.4900000000000002132 0 0
7.5 0 0
7.5099999999999997868 0 0
7.5200000000000004619 0 0
7.5300000000000002487 0 0
7.5400000000000000355 0 0
7.5499999999999998224 0 0
7.5600000000000004974 0 0
7.5700000000000002842 0 0
7.5800000000000000711 0 0
7.5899999999999998579 0 0
7.6000000000000005329 0 0
7.6100000000000003197 0 0
7.6200000000000001066 0 0
7.6299999999999998934 0 0
7.6400000000000005684 0 0
7.6500000000000003553 0 0
7.6600000000000001421 0 0
7.6699999999999999289 0 0
7.6799999999999997158 0 0
7.6900000000000003908 0 0
7.7000000000000001776 0 0
7.7099999999999999645 0 0
7.7199999999999997513 0 0
7.7300000000000004263 0 0
7.7400000000000002132 0 0
7.75 0 0
7.7599999999999997868 0 0
7.7700000000000004619 0 0
7.7800000000000002487 0 0
7.7900000000000000355 0 0
7.7999999999999998224 0 0
7.8100000000000004974 0 0
7.8200000000000002842 0 0
7.8300000000000000711 0 0
7.8399999999999998579 0 0
7.8500000000000005329 0 0
7.8600000000000003197 0 0
7.8700000000000001066 0 0
7.8799999999999998934 0 0
7.8900000000000005684 0 0
7.9000000000000003553 0 0
7.9100000000000001421 0 0
7.9199999999999999289 0 0
7.930000000000000604 0 0
7.9400000000000003908 0 0
7.9500000000000001776 0 0
7.9599999999999999645 0 0
7.9699999999999997513 0 0
7.9800000000000004263 0 0
7.9900000000000002132 0 0
8 0 0
8.0099999999999997868 0 0
8.0199999999999995737 0 0
8.0299999999999993605 0 0
8.0400000000000009237 0 0
8.0500000000000007105 0 0
8.0600000000000004974 0 0
8.0700000000000002842 0 0
8.0800000000000000711 0 0
8.0899999999999998579 0 0
8.0999999999999996447 0 0
8.1099999999999994316 0 0
8.1200000000000009948 0 0
8.1300000000000007816 0 0
8.1400000000000005684 0 0
8.1500000000000003553 0 0
8.1600000000000001421 0 0
8.1699999999999999289 0 0
8.1799999999999997158 0 0
8.1899999999999995026 0 0
8.1999999999999992895 0 0
8.2100000000000008527 0 0
8.2200000000000006395 0 0
8.2300000000000004263 0 0
8.2400000000000002132 0 0
8.25 0 0
8.2599999999999997868 0 0
8.2699999999999995737 0 0
8.2799999999999993605 0 0
8.2900000000000009237 0 0
8.3000000000000007105 0 0
8.3100000000000004974 0 0
8.3200000000000002842 0 0
8.3300000000000000711 0 0
8.3399999999999998579 0 0
8.3499999999999996447 0 0
8.3599999999999994316 0 0
8.3700000000000009948 0 0
8.3800000000000007816 0 0
8.3900000000000005684 0 0
8.4000000000000003553 0 0
8.4100000000000001421 0 0
8.4199999999999999289 0 0
8.4299999999999997158 0 0
8.4399999999999995026 0 0
8.4499999999999992895 0 0
8.4600000000000008527 0 0
8.4700000000000006395 0 0
8.4800000000000004263 0 0
8.4900000000000002132 0 0
8.5 0 0
8.5099999999999997868 0 0
8.5199999999999995737 0 0
8.5299999999999993605 0 0
8.5400000000000009237 0 0
8.5500000000000007105 0 0
8.5600000000000004974 0 0
8.5700000000000002842 0 0
8.5800000000000000711 0 0
8.5899999999999998579 0 0
8.5999999999999996447 0 0
8.6099999999999994316 0 0
8.6200000000000009948 0 0
8.6300000000000007816 0 0
8.6400000000000005684 0 0
8.6500000000000003553 0 0
8.6600000000000001421 0 0
8.6699999999999999289 0 0
8.6799999999999997158 0 0
8.6899999999999995026 0 0
8.7000000000000010658 0 0
8.7100000000000008527 0 0
8.7200000000000006395 0 0
8.7300000000000004263 0 0
8.7400000000000002132 0 0
8.75 0 0
8.7599999999999997868 0 0
8.7699999999999995737 0 0
8.7799999999999993605 0 0
8.7900000000000009237 0 0
8.8000000000000007105 0 0
8.8100000000000004974 0 0
8.8200000000000002842 0 0
8.8300000000000000711 0 0
8.8399999999999998579 0 0
8.8499999999999996447 0 0
8.8599999999999994316 0 0
8.8700000000000009948 0 0
8.8800000000000007816 0 0
8.8900000000000005684 0 0
8.9000000000000003553 0 0
8.9100000000000001421 0 0
8.9199999999999999289 0 0
8.9299999999999997158 0 0
8.9399999999999995026 0 0
8.9500000000000010658 0 0
8.9600000000000008527 0 0
8.9700000000000006395 0 0
8.9800000000000004263 0 0
8.9900000000000002132 0 0
9 0 0
9.0099999999999997868 0 0
9.0199999999999995737 0 0
9.0299999999999993605 0 0
9.0400000000000009237 0 0
9.0500000000000007105 0 0
9.0600000000000004974 0 0
9.0700000000000002842 0 0
9.0800000000000000711 0 0
9.0899999999999998579 0 0
9.0999999999999996447 0 0
9.1099999999999994316 0 0
9.1200000000000009948 0 0
9.1300000000000007816 0 0
9.1400000000000005684 0 0
9.1500000000000003553 0 0
9.1600000000000001421 0 0
9.1699999999999999289 0 0
9.1799999999999997158 0 0
9.1899999999999995026 0 0
9.2000000000000010658 0 0
9.2100000000000008527 0 0
9.2200000000000006395 0 0
9.2300000000000004263 0 0
9.2400000000000002132 0 0
9.25 0 0
9.2599999999999997868 0 0
9.2699999999999995737 0 0
9.2799999999999993605 0 0
9.2900000000000009237 0 0
9.3000000000000007105 0 0
9.3100000000000004974 0 0
9.3200000000000002842 0 0
9.3300000000000000711 0 0
9.3399999999999998579 0 0
9.3499999999999996447 0 0
9.3599999999999994316 0 0
9.3700000000000009948 0 0
9.3800000000000007816 0 0
9.3900000000000005684 0 0
9.4000000000000003553 0 0
9.4100000000000001421 0 0
9.4199999999999999289 0 0
9.4299999999999997158 0 0
9.4399999999999995026 0 0
9.4500000000000010658 0 0
9.4600000000000008527 0 0
9.4700000000000006395 0 0
9.4800000000000004263 0 0
9.4900000000000002132 0 0
9.5 0 0
9.5099999999999997868 0 0
9.5199999999999995737 0 0
9.5299999999999993605 0 0
9.5400000000000009237 0 0
9.5500000000000007105 0 0
9.5600000000000004974 0 0
9.5700000000000002842 0 0
9.5800000000000000711 0 0
9.5899999999999998579 0 0
9.5999999999999996447 0 0
9.6099999999999994316 0 0
9.6200000000000009948 0 0
9.6300000000000007816 0 0
9.6400000000000005684 0 0
9.6500000000000003553 0 0
9.6600000000000001421 0 0
9.6699999999999999289 0 0
9.6799999999999997158 0 0
9.6899999999999995026 0 0
9.7000000000000010658 0 0
9.7100000000000008527 0 0
9.7200000000000006395 0 0
9.7300000000000004263 0 0
9.7400000000000002132 0 0
9.75 0 0
9.7599999999999997868 0 0
9.7699999999999995737 0 0
9.7799999999999993605 0 0
9.7900000000000009237 0 0
9.8000000000000007105 0 0
9.8100000000000004974 0 0
9.8200000000000002842 0 0
9.8300000000000000711 0 0
9.8399999999999998579 0 0
9.8499999999999996447 0 0
9.8599999999999994316 0 0
9.8700000000000009948 0 0
9.8800000000000007816 0 0
9.8900000000000005684 0 0
9.9000000000000003553 0 0
9.9100000000000001421 0 0
9.9199999999999999289 0 0
9.9299999999999997158 0 0
9.9399999999999995026 0 0
9.9500000000000010658 0 0
9.9600000000000008527 0 0
9.9700000000000006395 0 0
9.9800000000000004263 0 0
9.9900000000000002132 0 0
10 0 0
10.009999999999999787 0 0
10.019999999999999574 0 0
10.029999999999999361 0 0
10.040000000000000924 0 0
10.050000000000000711 0 0
10.060000000000000497 0 0
10.070000000000000284 0 0
10.080000000000000071 0 0
10.089999999999999858 0 0
10.099999999999999645 0 0
10.109999999999999432 0 0
10.120000000000000995 0 0
10.130000000000000782 0 0
10.140000000000000568 0 0
10.150000000000000355 0 0
10.160000000000000142 0 0
10.169999999999999929 0 0
10.179999999999999716 0 0
10.189999999999999503 0 0
10.200000000000001066 0 0
10.210000000000000853 0 0
10.220000000000000639 0 0
10.230000000000000426 0 0
