0 0 0
0.010000000000000000208 0 0
0.020000000000000000416 0 0
0.02999999999999999889 0 0
0.040000000000000000833 0 0
0.050000000000000002776 0 0
0.05999999999999999778 0 0
0.070000000000000006661 0 0
0.080000000000000001665 0 0
0.089999999999999996669 0 0
0.10000000000000000555 0 0
0.11000000000000000056 0 0
0.11999999999999999556 0 0
0.13000000000000000444 0 0
0.14000000000000001332 0 0
0.14999999999999999445 0 5.1895895012421526689e-05
0.16000000000000000333 0 4.9899899750016629696e-05
0.17000000000000001221 0 4.3911913962801918387e-05
0.17999999999999999334 0 4.9899899750016629696e-05
0.19000000000000000222 0 3.7923924537608399987e-05
0.2000000000000000111 0 2.5947947506210770121e-05
0.20999999999999999223 0 3.7923924537608399987e-05
0.22000000000000000111 0 3.5927929275203502994e-05
0.23000000000000000999 0 1.995995990000664849e-05
0.23999999999999999112 0 2.9939939850009981206e-05
0.25 0 3.991991980001329698e-05
0.26000000000000000888 0 2.5947947506210770121e-05
0.27000000000000001776 0 2.5947947506210770121e-05
0.28000000000000002665 0 1.3971972293802540412e-05
0.28999999999999998002 0 4.1915915062418207526e-05
0.2999999999999999889 0 2.794394458760507066e-05
0.30999999999999999778 0 3.3931934012798592448e-05
0.32000000000000000666 0 3.7923924537608399987e-05
0.33000000000000001554 0 3.1935935112414881587e-05
0.34000000000000002442 0 3.991991980001329698e-05
0.35000000000000003331 0 2.3951952243805859575e-05
0.35999999999999998668 0 1.995995990000664849e-05
0.36999999999999999556 0 3.7923924537608399987e-05
0.38000000000000000444 0 3.7923924537608399987e-05
0.39000000000000001332 2.4209216646221080665e-322 3.991991980001329698e-05
0.4000000000000000222 6.5443935448131517242e-320 3.1935935112414881587e-05
0.41000000000000003109 1.7148475094939242177e-317 2.5947947506210770121e-05
0.41999999999999998446 4.3984468031011027982e-315 5.5887889175210148096e-05
0.42999999999999999334 1.1043065169024323135e-312 2.9939939850009981206e-05
0.44000000000000000222 2.7139160214900117208e-310 3.991991980001329698e-05
0.4500000000000000111 6.5285938744710602577e-308 3.3931934012798592448e-05
0.46000000000000001998 1.5373026651547024952e-305 4.1915915062418207526e-05
0.47000000000000002887 3.5433625074407528932e-303 4.1915915062418207526e-05
0.47999999999999998224 7.9944440901609302648e-301 3.5927929275203502994e-05
0.48999999999999999112 1.7655394747971560086e-298 3.1935935112414881587e-05
0.5 3.8166564844441290209e-296 2.9939939850009981206e-05
0.51000000000000000888 8.076165182932203817e-294 1.3971972293802540412e-05
0.52000000000000001776 1.6727991199493075599e-291 3.7923924537608399987e-05
0.53000000000000002665 3.3915550302379337575e-289 3.3931934012798592448e-05
0.54000000000000003553 6.7308579253514571877e-287 4.7903904487611732703e-05
0.55000000000000004441 1.307550459190833321e-284 2.3951952243805859575e-05
0.56000000000000005329 2.4863540445244621551e-282 9.9799799500033259392e-06
0.57000000000000006217 4.6278999476098709504e-280 2.794394458760507066e-05
0.57999999999999996003 8.4318220208356522962e-278 2.1955956981400959194e-05
0.58999999999999996891 1.5037490954027596438e-275 2.9939939850009981206e-05
0.5999999999999999778 2.6250997213987852613e-273 3.3931934012798592448e-05
0.60999999999999998668 4.4857256802452784354e-271 4.7903904487611732703e-05
0.61999999999999999556 7.5030198455861728493e-269 4.3911913962801918387e-05
0.63000000000000000444 1.228445680715274861e-266 3.7923924537608399987e-05
0.64000000000000001332 1.9687578314514827115e-264 4.9899899750016629696e-05
0.6500000000000000222 3.0884823111163039808e-262 3.5927929275203502994e-05
0.66000000000000003109 4.7425772807996786004e-260 1.995995990000664849e-05
0.67000000000000003997 7.1285334730282763472e-258 2.3951952243805859575e-05
0.68000000000000004885 1.0488235939969282992e-255 2.5947947506210770121e-05
0.69000000000000005773 1.5105015748666018118e-253 5.389189391280523755e-05
0.70000000000000006661 2.1293958083840271462e-251 2.794394458760507066e-05
0.70999999999999996447 2.9383808559307525543e-249 3.3931934012798592448e-05
0.71999999999999997335 3.96895573565603122e-247 2.3951952243805859575e-05
0.72999999999999998224 5.2476021765952081306e-245 2.794394458760507066e-05
0.73999999999999999112 6.7914425335413494685e-243 2.9939939850009981206e-05
0.75 8.6035886006087431543e-241 3.1935935112414881587e-05
0.76000000000000000888 1.0668754442242266639e-238 3.3931934012798592448e-05
0.77000000000000001776 1.2949836394631070797e-236 2.1955956981400959194e-05
0.78000000000000002665 1.5386198201387676193e-234 1.995995990000664849e-05
0.79000000000000003553 1.789430527654083966e-232 3.7923924537608399987e-05
0.80000000000000004441 2.0371116863029638688e-230 3.5927929275203502994e-05
0.81000000000000005329 2.2700285370247866401e-228 2.5947947506210770121e-05
0.82000000000000006217 2.4760777182307544137e-226 2.5947947506210770121e-05
0.83000000000000007105 2.6437093426988034802e-224 2.5947947506210770121e-05
0.83999999999999996891 2.7629919406959987053e-222 3.3931934012798592448e-05
0.8499999999999999778 2.8265847337811256466e-220 4.9899899750016629696e-05
0.85999999999999998668 2.8304851354312411116e-218 3.5927929275203502994e-05
0.86999999999999999556 2.774445681215574133e-216 2.794394458760507066e-05
0.88000000000000000444 2.6620000119864187779e-214 2.9939939850009981206e-05
0.89000000000000001332 2.5000941174728390163e-212 2.794394458760507066e-05
0.9000000000000000222 2.2983763382811891576e-210 3.5927929275203502994e-05
0.91000000000000003109 2.0682470056255481591e-208 2.794394458760507066e-05
0.92000000000000003997 1.8217976816673680879e-206 2.794394458760507066e-05
0.93000000000000004885 1.5707763886317874133e-204 2.794394458760507066e-05
0.94000000000000005773 1.325699408328392973e-202 1.7963964637601751497e-05
0.95000000000000006661 1.0951969835896446574e-200 3.3931934012798592448e-05
0.95999999999999996447 8.8563728947081157302e-199 3.5927929275203502994e-05
0.96999999999999997335 7.0102907040589866881e-197 1.7963964637601751497e-05
0.97999999999999998224 5.4316607870611685787e-195 3.5927929275203502994e-05
0.98999999999999999112 4.1195116061632795621e-193 3.991991980001329698e-05
1 3.0582663069880270481e-191 2.5947947506210770121e-05
1.0100000000000000089 2.2223954949638344637e-189 3.5927929275203502994e-05
1.0200000000000000178 1.5808252877570406863e-187 3.7923924537608399987e-05
1.0300000000000000266 1.1006845730918568298e-185 2.5947947506210770121e-05
1.0400000000000000355 7.5016770412300552904e-184 2.3951952243805859575e-05
1.0500000000000000444 5.004610990737846808e-182 2.3951952243805859575e-05
1.0600000000000000533 3.2681258044931981236e-180 2.5947947506210770121e-05
1.0700000000000000622 2.0890252310648347535e-178 3.3931934012798592448e-05
1.0800000000000000711 1.3070887695998372744e-176 3.3931934012798592448e-05
1.0900000000000000799 8.0053985770443963418e-175 2.3951952243805859575e-05
1.1000000000000000888 4.7992935521638160692e-173 1.995995990000664849e-05
1.1100000000000000977 2.8163598748867349799e-171 2.794394458760507066e-05
1.1200000000000001066 1.6177650932675547731e-169 2.9939939850009981206e-05
1.1300000000000001155 9.0961842983773168715e-168 3.3931934012798592448e-05
1.1400000000000001243 5.006330540381152643e-166 3.7923924537608399987e-05
1.1500000000000001332 2.6970951502152877245e-164 1.7963964637601751497e-05
1.1599999999999999201 1.4222943816088583748e-162 3.3931934012798592448e-05
1.1699999999999999289 7.3417433651449641033e-161 3.7923924537608399987e-05
1.1799999999999999378 3.7095854795171810082e-159 4.5907909225206822157e-05
1.1899999999999999467 1.8347126062566004867e-157 2.5947947506210770121e-05
1.1999999999999999556 8.8823357553634501449e-156 1.7963964637601751497e-05
1.2099999999999999645 4.2092314323852744108e-154 2.9939939850009981206e-05
1.2199999999999999734 1.9525173540335976203e-152 3.991991980001329698e-05
1.2299999999999999822 8.8655049967115707553e-151 4.3911913962801918387e-05
1.2399999999999999911 3.9402931511649857117e-149 4.3911913962801918387e-05
1.25 1.7142338525315843987e-147 3.3931934012798592448e-05
1.2600000000000000089 7.3000877286416612658e-146 4.7903904487611732703e-05
1.2700000000000000178 3.0430043266790972472e-144 3.5927929275203502994e-05
1.2800000000000000266 1.2416338356759918046e-142 1.7963964637601751497e-05
1.2900000000000000355 4.959078542020589164e-141 2.794394458760507066e-05
1.3000000000000000444 1.9387638485406839109e-139 3.5927929275203502994e-05
1.3100000000000000533 7.4193407556349828826e-138 3.991991980001329698e-05
1.3200000000000000622 2.7792153592605947289e-136 2.5947947506210770121e-05
1.3300000000000000711 1.0190501639502523569e-134 2.794394458760507066e-05
1.3400000000000000799 3.6575090021808936422e-133 2.1955956981400959194e-05
1.3500000000000000888 1.2849662555198541161e-131 1.995995990000664849e-05
1.3600000000000000977 4.4189035298061757131e-130 2.9939939850009981206e-05
1.3700000000000001066 1.4874891160971642623e-128 3.991991980001329698e-05
1.3800000000000001155 4.9012804278771997895e-127 2.794394458760507066e-05
1.3900000000000001243 1.5808176813606426101e-125 2.1955956981400959194e-05
1.4000000000000001332 4.9908037960949939046e-124 1.995995990000664849e-05
1.4099999999999999201 1.5423242505682668006e-122 4.1915915062418207526e-05
1.4199999999999999289 4.6654910029914679005e-121 2.3951952243805859575e-05
1.4299999999999999378 1.3814510596378744232e-119 3.991991980001329698e-05
1.4399999999999999467 4.0039636864996692509e-118 4.5907909225206822157e-05
1.4499999999999999556 1.1359552806735122358e-116 3.5927929275203502994e-05
1.4599999999999999645 3.1546328256365892345e-115 2.3951952243805859575e-05
1.4699999999999999734 8.5753702445616199129e-114 3.3931934012798592448e-05
1.4799999999999999822 2.2817781672824966835e-112 1.3971972293802540412e-05
1.4899999999999999911 5.9430644407860675871e-111 2.9939939850009981206e-05
1.5 1.5151789805118946483e-109 2.3951952243805859575e-05
1.5100000000000000089 3.7812371230953128029e-108 3.1935935112414881587e-05
1.5200000000000000178 9.2367750637117797673e-107 2.1955956981400959194e-05
1.5300000000000000266 2.2086316986820932029e-105 1.995995990000664849e-05
1.5400000000000000355 5.1694306415782713317e-104 3.1935935112414881587e-05
1.5500000000000000444 1.184346015070002993e-102 2.794394458760507066e-05
1.5600000000000000533 2.6560177438907410173e-101 2.794394458760507066e-05
1.5700000000000000622 5.830419716170209107e-100 1.995995990000664849e-05
1.5800000000000000711 1.252809810608900534e-98 2.5947947506210770121e-05
1.5900000000000000799 2.6350384107216315216e-97 4.3911913962801918387e-05
1.6000000000000000888 5.4250685906449566433e-96 3.5927929275203502994e-05
1.6100000000000000977 1.0933016290559629701e-94 2.3951952243805859575e-05
1.6200000000000001066 2.1567074351314334074e-93 2.3951952243805859575e-05
1.6300000000000001155 4.1644624876007439369e-92 3.3931934012798592448e-05
1.6400000000000001243 7.8712399513295049725e-91 3.1935935112414881587e-05
1.6500000000000001332 1.4562764549122226389e-89 3.3931934012798592448e-05
1.6600000000000001421 2.6373087914010723649e-88 3.5927929275203502994e-05
1.6699999999999999289 4.6751399470515620179e-87 5.9879879700019962411e-05
1.6799999999999999378 8.112313541054848515e-86 4.7903904487611732703e-05
1.6899999999999999467 1.3778797576711163175e-84 3.3931934012798592448e-05
1.6999999999999999556 2.2908381030638559974e-83 4.3911913962801918387e-05
1.7099999999999999645 3.7281552424910484059e-82 5.389189391280523755e-05
1.7199999999999999734 5.9389573827769157163e-81 5.389189391280523755e-05
1.7299999999999999822 9.2606948213693823142e-80 4.7903904487611732703e-05
1.7399999999999999911 1.4135014242450148125e-78 3.991991980001329698e-05
1.75 2.11191862259425836e-77 4.7903904487611732703e-05
1.7600000000000000089 3.0890302498392061346e-76 4.9899899750016629696e-05
1.7700000000000000178 4.4245658732906680278e-75 4.7903904487611732703e-05
1.7800000000000000266 6.2137024206104494426e-74 3.3931934012798592448e-05
1.7900000000000000355 8.5939383478320830188e-73 5.1895895012421526689e-05
1.8000000000000000444 1.1888072283422443542e-71 3.5927929275203502994e-05
1.8100000000000000533 1.7262498793310123528e-70 3.3931934012798592448e-05
1.8200000000000000622 2.9525446182467356081e-69 2.9939939850009981206e-05
1.8300000000000000711 6.8319721195320531652e-68 2.3951952243805859575e-05
1.8400000000000000799 2.1047646304247862798e-66 4.7903904487611732703e-05
1.8500000000000000888 7.418066612778136082e-65 4.1915915062418207526e-05
1.8600000000000000977 2.6722615085585785624e-63 3.7923924537608399987e-05
1.8700000000000001066 9.3906582244058911284e-62 3.991991980001329698e-05
1.8800000000000001155 3.1691065562069771553e-60 2.5947947506210770121e-05
1.8900000000000001243 1.0219773860078344294e-58 1.995995990000664849e-05
1.9000000000000001332 3.1443095592038846163e-57 3.7923924537608399987e-05
1.9100000000000001421 9.2250681653352495826e-56 3.1935935112414881587e-05
1.9199999999999999289 2.5804965900081354341e-54 3.991991980001329698e-05
1.9299999999999999378 6.8818309831906184681e-53 3.3931934012798592448e-05
1.9399999999999999467 1.7497078626178898133e-51 3.7923924537608399987e-05
1.9499999999999999556 4.2411863155950444434e-50 3.3931934012798592448e-05
1.9599999999999999645 9.8010116257157976054e-49 2.5947947506210770121e-05
1.9699999999999999734 2.1593273634010207143e-47 2.5947947506210770121e-05
1.9799999999999999822 4.5355793240122075678e-46 4.1915915062418207526e-05
1.9899999999999999911 9.08273472674306915e-45 2.3951952243805859575e-05
2 1.7340960316338507889e-43 1.7963964637601751497e-05
2.0100000000000002309 3.1564981389720558494e-42 2.5947947506210770121e-05
2.0200000000000000178 5.4779391206058131407e-41 3.991991980001329698e-05
2.0300000000000002487 9.0638288689947698434e-40 4.3911913962801918387e-05
2.0400000000000000355 1.4298575275093109229e-38 3.7923924537608399987e-05
2.0499999999999998224 2.1506232683562403799e-37 2.3951952243805859575e-05
2.0600000000000000533 3.0841149451275439426e-36 2.9939939850009981206e-05
2.0699999999999998401 4.2169239299032249199e-35 3.1935935112414881587e-05
2.0800000000000000711 5.4974914180572940042e-34 2.3951952243805859575e-05
2.0899999999999998579 6.8334775643910813714e-33 3.1935935112414881587e-05
2.1000000000000000888 8.0990207260642640027e-32 3.1935935112414881587e-05
2.1099999999999998757 9.1525511720310535021e-31 3.7923924537608399987e-05
2.1200000000000001066 9.8622598682941924816e-30 2.3951952243805859575e-05
2.1299999999999998934 1.0133077763964040537e-28 3.7923924537608399987e-05
2.1400000000000001243 9.9275792576238481583e-28 1.7963964637601751497e-05
2.1499999999999999112 9.2744718820073545506e-27 2.1955956981400959194e-05
2.1600000000000001421 8.2620164995357425028e-26 2.9939939850009981206e-05
2.1699999999999999289 7.0184567751776450828e-25 4.1915915062418207526e-05
2.1800000000000001599 5.6854396793106542219e-24 3.5927929275203502994e-05
2.1899999999999999467 4.391996908597195176e-23 2.9939939850009981206e-05
2.2000000000000001776 3.2355253644036404825e-22 1.3971972293802540412e-05
2.2099999999999999645 2.2731197232873486449e-21 2.3951952243805856187e-05
2.2200000000000001954 1.5230183218850607675e-20 2.7943944587605057107e-05
2.2299999999999999822 9.7320563901700870086e-20 2.7943944587604972404e-05
2.2400000000000002132 5.93106878566317915e-19 1.9959959900006055567e-05
2.25 3.4474919010208314407e-18 1.5967967556203991675e-05
2.2600000000000002309 1.911303226523261592e-17 3.1935935112395765747e-05
2.2700000000000000178 1.0107114206083996301e-16 2.9939939849908909846e-05
2.2800000000000002487 5.0981476491711707179e-16 5.1895895011911714499e-05
2.2900000000000000355 2.4530311398719202839e-15 4.3911913960348883867e-05
2.3000000000000002665 1.1259481283047874016e-14 3.7923924526348919768e-05
2.3100000000000000533 4.9303674488683746042e-14 2.7943944538301396994e-05
2.3199999999999998401 2.0597216543486012941e-13 2.7943944381632905745e-05
2.3300000000000000711 8.2097692608246644582e-13 3.193593429143795528e-05
2.3399999999999998579 3.1222931351603206581e-12 2.7943941465311936172e-05
2.3500000000000000888 1.1330952968591800695e-11 3.7923913206655432634e-05
2.3599999999999998757 3.924116524813756143e-11 2.3951913002640610708e-05
2.3700000000000001066 1.2969881371854766294e-10 3.5927799576389781995e-05
2.3799999999999998934 4.091555579383326969e-10 2.3951543088247921202e-05
2.3900000000000001243 1.2320921318144304021e-09 2.9938707757878166749e-05
2.3999999999999999112 3.542003310177219756e-09 2.3948410240495682829e-05
2.4100000000000001421 9.7221001185720574206e-09 2.3942230143687289146e-05
2.4199999999999999289 2.5482216441399488664e-08 3.3906451796357192695e-05
2.4300000000000001599 6.3789357129131073734e-08 2.3888162886676727323e-05
2.4399999999999999467 1.5253500224603370594e-07 2.3799417241559824943e-05
2.4500000000000001776 3.4848746604478071152e-07 2.9591452383965200071e-05
2.4599999999999999645 7.6084923524193470341e-07 2.3191103008563923707e-05
2.4700000000000001954 1.5878683783577631417e-06 3.4340060896845739217e-05
2.4799999999999999822 3.1685527886551425919e-06 3.0763381224143449856e-05
2.4900000000000002132 6.0475880257729848971e-06 2.3892351824236994615e-05
2.5 1.1044443724860128375e-05 2.2887490287938462379e-05
2.5100000000000002309 1.9307971766887519334e-05 1.2627963345527362253e-05
2.5200000000000000178 3.2328170637751344504e-05 -3.9223552533646291723e-07
2.5300000000000002487 5.1871996179404712029e-05 -3.9896020057501780547e-05
2.5400000000000000355 7.9815910344549750172e-05 -5.7859953363148790978e-05
2.5500000000000002665 0.00011786834674653315575 -9.3916394502727292785e-05
2.5600000000000000533 0.00016720939164097494475 -0.00014126144413476417801
2.5699999999999998401 0.00022811429314983336543 -0.00019218636387462986921
2.5800000000000000711 0.0002996570660469056774 -0.00027171312145930060335
2.5899999999999998579 0.00037959437983749053308 -0.00035564242759368467012
2.6000000000000000888 0.00046449872752039796662 -0.0004285707982451944704
2.6099999999999998757 0.0005501476514484190429 -0.00053018769154841239102
2.6200000000000001066 0.00063210130060607717852 -0.0006021613607560672007
2.6299999999999998934 0.000706340865540782889 -0.00067440493042836800741
2.6400000000000001243 0.00076981914868390333411 -0.00073389121940869983789
2.6499999999999999112 0.00082080075371919079472 -0.00077888483865677258719
2.6600000000000001421 0.0008589330370161830713 -0.00083298508950997230457
2.6699999999999999289 0.00088506553421833968759 -0.00085712158963073461354
2.6800000000000001599 0.00090089750225823153704 -0.0008669655682454329446
2.6899999999999999467 0.00090856183186660555151 -0.00087263390259140205529
2.7000000000000001776 0.00091024554392830101055 -0.00088030560407829103273
2.7099999999999999645 0.00090791296490227730437 -0.00087797302505226732655
2.7200000000000001954 0.00090315480573267229326 -0.00086722687645746879704
2.7299999999999999822 0.00089715043571989342135 -0.00088317846342609088433
2.7400000000000002132 0.00089071024505617019552 -0.0008547823157809666993
2.75 0.00088436069560295224243 -0.0008364567911153405165
2.7600000000000002309 0.00087844157897360353095 -0.00085448962672979766799
2.7700000000000000178 0.00087319655273661680485 -0.00082728864351140998269
2.7800000000000002487 0.00086884887874288030049 -0.0008309249542052719005
2.7900000000000000355 0.00086566161082557067062 -0.00082574169102555736686
2.8000000000000002665 0.00086398473083070133609 -0.00082406481103068803234
2.8100000000000000533 0.00086429174938706563539 -0.0008143918496370490057
2.8199999999999998401 0.00086720637401931034618 -0.00082129846479410352402
2.8300000000000000711 0.00087351720985861765808 -0.00081563332542100260621
2.8399999999999998579 0.00088417602293927035576 -0.00081032417276443726665
2.8500000000000000888 0.00090027354180067836915 -0.00083440567267546489512
2.8599999999999998757 0.00092298661782179262925 -0.00083516278989618879247
2.8700000000000001066 0.00095349219299881062938 -0.00086766436397359050347
2.8799999999999998934 0.00099284712613839187605 -0.00088506333831278138739
2.8900000000000001243 0.0010418383805553838722 -0.00091609062445419282839
2.8999999999999999112 0.0011008148206244627865 -0.00093315116037478995636
2.9100000000000001421 0.0011695188605272517027 -0.00098389122472604070326
2.9199999999999999289 0.0012469420101307957405 -0.001035366432280342185
2.9300000000000001599 0.0013312313464562872643 -0.0010458039111550430054
2.9399999999999999467 0.0014196726623963082381 -0.0011242652616969758816
2.9500000000000001776 0.0015087696653948714457 -0.0011375143937924494467
2.9599999999999999645 0.0015944272445537739733 -0.0011692800899524831513
2.9700000000000001954 0.0016722317841723166425 -0.0011632528212740622479
2.9799999999999999822 0.0017378051472811519365 -0.0011968902019767581682
2.9900000000000002132 0.0017871943541860032048 -0.0012083554879819798436
3 0.0018172492696055433502 -0.0013022823100061378231
3.0100000000000002309 0.0018259382350204818486 -0.0011892155171206526994
3.0200000000000000178 0.0018125576456653458551 -0.0012397067761624736264
3.0300000000000002487 0.0017778053597675659223 -0.0011790065627673663659
3.0400000000000000355 0.0017237072385885244749 -0.0012666241597887551926
3.0500000000000002665 0.0016534075175204125587 -0.0011783604486171898786
3.0600000000000000533 0.0015708531193863062726 -0.0011496979625857828722
3.0700000000000002842 0.0014804159091457607441 -0.001161056550745654314
3.0800000000000000711 0.0013865029518333846399 -0.0010751275599309825966
3.0899999999999998579 0.001293202458311787633 -0.0010776348826605666557
3.1000000000000000888 0.0012040033915954237703 -0.00099641981154573763639
3.1099999999999998757 0.0011216121074069018617 -0.000929996489456454958
3.1200000000000001066 0.001047873047416529417 -0.00092012930696686989068
3.1299999999999998934 0.00098378546209384261541 -0.00086402570269380270414
3.1400000000000001243 0.00092959678437077902964 -0.00082380899544555225185
3.1499999999999999112 0.00088494689436612614195 -0.00079911906534090601604
3.1600000000000001421 0.00084903623607768025257 -0.00077718037752727326013
3.1699999999999999289 0.0008207937278187075374 -0.00075093386816868425582
3.1800000000000001599 0.00079902620870647949724 -0.0007331583395812660232
3.1899999999999999467 0.00078253816485363502341 -0.00071267830520361174183
3.2000000000000001776 0.00077021724643195851358 -0.000700357386781935232
3.2099999999999999645 0.00076108660395625166595 -0.00068124676435622505844
3.2200000000000001954 0.00075432882472965432589 -0.00067049699460481791084
3.2299999999999999822 0.0007492881819697621475 -0.00070737226690734393997
3.2400000000000002132 0.00074545829455504436772 -0.00069755439006743264179
3.25 0.0007424615849116878016 -0.00067060572636128080917
3.2600000000000002309 0.00074002560055298554579 -0.00068413771137777539769
3.2700000000000000178 0.00073795974842200877473 -0.00067009588039641158983
3.2800000000000002487 0.00073613457833632180843 -0.0006762546986363018528
3.2900000000000000355 0.00073446461119565430251 -0.00066859674207044082848
3.3000000000000002665 0.00073289489791593983702 -0.00065105905941552951865
3.3100000000000000533 0.00073139099810250369788 -0.00068348709361489197196
3.3200000000000002842 0.00072993182273184973111 -0.00065208797475624922027
3.3300000000000000711 0.00072850471802364123904 -0.00065864485837361795746
3.3399999999999998579 0.00072710220860183153325 -0.00066323033837700177007
3.3500000000000000888 0.00072571991194019273494 -0.0006598520428149792609
3.3599999999999998757 0.00072435524521130881768 -0.00067245935019888728422
3.3700000000000001066 0.0007230066477970721649 -0.00066911475388426692058
3.3799999999999998934 0.00072167312746310586635 -0.00066378924302549081448
3.3900000000000001243 0.00072035400288648942287 -0.00066446611371127927478
3.3999999999999999112 0.00071904876150564761995 -0.00065318089238043414591
3.4100000000000001421 0.00071775698303112953763 -0.00066586108801870800417
3.4199999999999999289 0.0007164782992413851366 -0.00065859441480377008474
3.4300000000000001599 0.00071521237326101043397 -0.00064734850523541324907
3.4399999999999999467 0.00071395888901433664491 -0.00066006699510153140058
3.4500000000000001776 0.00071271754585570631143 -0.00064884567563087654826
3.4599999999999999645 0.0007114880557705525934 -0.00065560016659534244531
3.4700000000000001954 0.00071027014182727685274 -0.00065438225265206670465
3.4799999999999999822 0.0007090635372295382103 -0.0006471876586291345438
3.4900000000000002132 0.00070786798465677814186 -0.00066395607069397622347
3.5 0.0007066832357466785227 -0.00065678333599666189301
3.5100000000000002309 0.00070550905065234201848 -0.00065960114142713519633
3.5200000000000000178 0.00070434519764364525787 -0.00064446531794362530224
3.5300000000000002487 0.00070319145273881012922 -0.00064131557413840646273
3.5400000000000000355 0.00070204759935956026918 -0.00063817572913473050601
3.5500000000000002665 0.00070091342800641563086 -0.00063105356835639234928
3.5600000000000000533 0.00069978873595206319592 -0.00063192486792646601103
3.5700000000000002842 0.00069867332695133842289 -0.00063879344725131846725
3.5800000000000000711 0.00069756701096665245636 -0.00064167912179144230827
3.5899999999999998579 0.00069646960390784648943 -0.00061463376540743617105
3.6000000000000000888 0.000695380927385560706 -0.00062951305826034723197
3.6099999999999998757 0.00069430080847727646248 -0.0006124649699768661441
3.6200000000000001066 0.0006932290795052573713 -0.0006373411903300472232
3.6299999999999998934 0.00069216557782566764164 -0.00063827368391286239731
3.6400000000000001243 0.00069111014562819807379 -0.00062923426702779440729
3.6499999999999999112 0.00069006262974557965213 -0.00064215872525796792621
3.6600000000000001421 0.00068902288147240035171 -0.00062914300177238039607
3.6699999999999999289 0.00068799075639269010457 -0.00060415892626785368952
3.6800000000000001599 0.00068696611421575968885 -0.00062708623451573973322
3.6899999999999999467 0.00068594881861983665779 -0.00062806493418222160592
3.7000000000000001776 0.00068493873710304457002 -0.00061907086797783109598
3.7099999999999999645 0.00068393574084132631799 -0.00061607187281572913309
3.7200000000000001954 0.00068293970455291506168 -0.00062505582011530000982
3.7299999999999999822 0.00068195050636900744929 -0.00060011466786859713092
3.7400000000000002132 0.00068096802771028654231 -0.00060312417973468603147
3.75 0.00067999215316899162733 -0.00061212828514339444243
3.7600000000000002309 0.00067902277039623133801 -0.0005812189625206241753
3.7700000000000000178 0.00067805976999426426609 -0.00059023594206866042931
3.7800000000000002487 0.00067710304541348912983 -0.00060125519633827232985
3.7900000000000000355 0.00067615249285389415757 -0.00059232066272905774251
3.8000000000000002665 0.00067520801117073995547 -0.00057341221277032298521
3.8100000000000000533 0.00067426950178425826016 -0.00058644567385865442339
3.8200000000000002842 0.00067333686859316242094 -0.0005954930206175619101
3.8300000000000000711 0.00067241001789177803297 -0.00057061421949136106272
3.8399999999999998579 0.00067148885829061471988 -0.00057168905879058146049
3.8500000000000000888 0.00067057330064020407526 -0.00055480553176497397153
3.8599999999999998757 0.00066966325795805425186 -0.00052595154085724026699
3.8700000000000001066 0.00066875864535855433952 -0.00052305092935735664379
3.8799999999999998934 0.00066785937998570124672 -0.00056007559216009075807
3.8900000000000001243 0.00066696538094850326035 -0.00055518960259808296416
3.8999999999999999112 0.0006660765692589395038 -0.00050639689005888628877
3.9100000000000001421 0.00066519286777235277826 -0.00052547314847230621512
3.9199999999999999289 0.00066431420113016682524 -0.00052858646507897245545
3.9300000000000001599 0.00066344049570483455171 -0.00053769273960364350785
3.9399999999999999467 0.00066257167954698024687 -0.00048692402369577257332
3.9500000000000001776 0.00066170768233487402624 -0.00052997194408444707817
3.9599999999999999645 0.00066084843532703625886 -0.00052112871602698969571
3.9700000000000001954 0.00065999387132096350855 -0.0005082981731705299086
3.9799999999999999822 0.00065914392462806091228 -0.00047750828662761733451
3.9900000000000002132 0.00065829853109648642836 -0.00049063487084681359825
4 0.00065745762827573803883 -0.00046384601142490742426
4.0099999999999997868 0.0006566211559850704824 -0.0004270816171349939858
4.0200000000000004619 0.00065578905797613132062 -0.00046417344002568441692
4.0300000000000002487 0.0006549612864030035465 -0.00039947380550368443959
4.0400000000000000355 0.00065413781309703290193 -0.00042659425859542488783
4.0499999999999998224 0.00065331865639642187123 -0.00041779112084519424205
4.0600000000000004974 0.00065250394144347669424 -0.00040899242484262950418
4.0700000000000002842 0.00065169402810518947938 -0.0003902185505047192941
4.0800000000000000711 0.00065088976682635911984 -0.00037943429472397043447
4.0899999999999998579 0.00065009298018306753333 -0.00043452540453184655602
4.0999999999999996447 0.00064930731365902963955 -0.00036587587725816914574
4.1100000000000003197 0.00064853964178541675424 -0.00036510820538455626043
4.1200000000000001066 0.00064780223194817795201 -0.00040828271314809812947
4.1299999999999998934 0.00064711582297646212496 -0.00033773642997444384669
4.1399999999999996803 0.00064651363068327896613 -0.00034511823328279547709
4.1500000000000003553 0.00064604602418958398478 -0.00035862258998795596083
4.1600000000000001421 0.00064578524184985954069 -0.00036235380544899904688
4.1699999999999999289 0.00064582911336008509869 -0.00031648976045806011433
4.1799999999999997158 0.00064630246954084117836 -0.00028901919024110515541
4.1900000000000003908 0.00064735492939286501824 -0.00026212769459158749997
4.2000000000000001776 0.00064915419289919540878 -0.00024197099929752752777
4.2099999999999999645 0.0006518748517125982217 -0.00024668765701131399734
4.2199999999999997513 0.00065568389129906992641 -0.00029241261529818271666
4.2300000000000004263 0.00066072516347709495284 -0.00030144588527697527324
4.2400000000000002132 0.00066710575978187020788 -0.00026191856508058598352
4.25 0.00067488711276008522301 -0.00026171592245726620941
4.2599999999999997868 0.00068408273684143262351 -0.00025693958333975814483
4.2700000000000004619 0.00069466303306953613647 -0.00026552388066747794693
4.2800000000000002487 0.00070656598294520389127 -0.00025547087174275528478
4.2900000000000000355 0.00071971134610551918461 -0.00026262826730574990227
4.2999999999999998224 0.00073401549681769340163 -0.00021904853721828787452
4.3100000000000004974 0.00074940434831675831282 -0.00027435727941353563273
4.3200000000000002842 0.00076582271196604372477 -0.00020295183696509005045
4.3300000000000000711 0.00078323955494386931359 -0.00020440068873984595238
4.3399999999999998579 0.00080164959582896394823 -0.0002926706329307095537
4.3500000000000005329 0.00082107228335233958631 -0.00027416939955445559889
4.3600000000000003197 0.00084154938740714686513 -0.00030462643990352051854
4.3700000000000001066 0.00086314228378698079625 -0.00026633948568716495076
4.3799999999999998934 0.00088592969265747622404 -0.00032904681435767368231
4.3899999999999996803 0.00091000628549422037453 -0.00026529957199285638184
4.4000000000000003553 0.0009354823041160616106 -0.00033069551041471092166
4.4100000000000001421 0.00096248417561686924141 -0.0004095932951178341214
4.4199999999999999289 0.00099115605043542664987 -0.00033048134573099297029
4.4299999999999997158 0.0010216622083521664701 -0.00036098750364773279052
4.4400000000000003908 0.0010541903386492041533 -0.00035559171304514088086
4.4500000000000001776 0.0010889557862692775085 -0.00043426907826599496151
4.4599999999999999645 0.0011262069610528276358 -0.00029587264085408310037
4.4699999999999997513 0.0011662322465835180466 -0.00039777377588134672087
4.4800000000000004263 0.0012093689647884129507 -0.0003490946610839127523
4.4900000000000002132 0.0012560153671686931018 -0.00037378513376763299741
4.5 0.0013066475133367608762 -0.00028868958754025187026
4.5099999999999997868 0.0013618449242985991056 -0.00034189094139404612588
4.5200000000000004619 0.0014223335429768494808 -0.00034449565016882958274
4.5300000000000002487 0.0014890648679002737968 -0.0001457595287948467485
4.5400000000000000355 0.0015633719128397428454 -8.2342824230821837564e-05
4.5499999999999998224 0.0016472853964176002034 -5.8869011513619506903e-07
4.5600000000000004974 0.001744170247758438947 0.00014404203445214907447
4.5700000000000002842 0.001859965230095660723 0.00035758646322461319633
4.5800000000000000711 0.002005476198178566833 0.00063123444931503401231
4.5899999999999998579 0.0022003487030632590607 0.0011469366216443678021
4.6000000000000005329 0.0024794227959084639244 0.0014706533818077912636
4.6100000000000003197 0.0029019549768169428626 0.0019143834430973027429
4.6200000000000001066 0.0035634102708578126693 0.002534357696872947905
4.6299999999999998934 0.0046079474154093521404 0.0030387133707127315235
4.6399999999999996803 0.0062373613483638155192 0.0037765505247383743259
4.6500000000000003553 0.0087096612925925877974 0.0041784852717718420217
4.6600000000000001421 0.012318909210746359015 0.0038646272889923307531
4.6699999999999999289 0.017349208086202872608 0.0025588568901316957604
4.6799999999999997158 0.024001389670674826149 0.00026992156773326253516
4.6900000000000003908 0.032301178198765212457 -0.003127699714611461429
4.7000000000000001776 0.042010050586884117862 -0.0081859010676790244787
4.7099999999999999645 0.052569657915102499524 -0.013957113378511916413
4.7199999999999997513 0.063111371893401171929 -0.020235381621832873589
4.7300000000000004263 0.072550079790010629788 -0.026031396356477921883
4.7400000000000002132 0.079756786979617244615 -0.03073312894243157567
4.75 0.08377544109101063563 -0.033542207370946472422
4.7599999999999997868 0.084027556452723126124 -0.034215477976770977686
4.7700000000000004619 0.080444598522991891953 -0.033063644495815988633
4.7800000000000002487 0.073486697838322304066 -0.028171599820868156727
4.7900000000000000355 0.064041235982224054002 -0.023199164806648790715
4.7999999999999998224 0.053232549648245724994 -0.016949332277735623675
4.8100000000000004974 0.042199432896628460976 -0.012101808609619221779
4.8200000000000002842 0.031901103541322327339 -0.0070968615860420268537
4.8300000000000000711 0.022995446045777283989 -0.0031352864400357831343
4.8399999999999998579 0.015804808052114129036 -0.00022406263821470907838
4.8500000000000005329 0.010356840610834630242 0.0013476797115478198613
4.8600000000000003197 0.0064705236314843775358 0.0019605636165429471407
4.8700000000000001066 0.0038540032678661875071 0.0024533444097818790999
4.8799999999999998934 0.002188437152805542199 0.0020251106469307191688
4.8899999999999996803 0.0011846666013378248216 0.0014740002086829791499
4.9000000000000003553 0.0006113508070993768943 0.0010932298091065541408
4.9100000000000001421 0.00030075339191579513083 0.00080902036688304296459
4.9199999999999999289 0.000141042720019075987 0.00055955190448537096923
4.9299999999999997158 6.3053051532038165844e-05 0.00038604606077002672979
4.9400000000000003908 2.6870311173732203044e-05 0.00021264920762634759578
4.9500000000000001776 1.0915580539726710187e-05 0.00012481215551146768671
4.9599999999999999645 4.2269333553372547503e-06 8.5592886194692677855e-05
4.9699999999999997513 1.5602910991202125243e-06 3.0375644013294668004e-05
4.9800000000000004263 5.4901613151169463789e-07 2.1406940849889263709e-05
4.9900000000000002132 1.841457402545049951e-07 7.7998380378492149781e-06
5 5.8875341298629739636e-08 -5.8875341298629739636e-08
5.0099999999999997868 1.7943149854084653819e-08 1.9780527946718456009e-06
5.0200000000000004619 5.2126178912924738912e-09 1.9907833266346376733e-06
5.0300000000000002487 1.4434564450995068097e-09 1.9945524880808306091e-06
5.0400000000000000355 3.8101390678117942233e-10 -3.8101390678117942233e-10
5.0499999999999998224 9.5866351801615543489e-11 1.9959000781741286825e-06
5.0600000000000004974 2.2992107786942335063e-11 -2.2992107786942335063e-11
5.0700000000000002842 5.2562699399746809866e-12 -5.2562699399746809866e-12
5.0800000000000000711 1.1454126570324938582e-12 -1.1454126570324938582e-12
5.0899999999999998579 2.3792000795302373302e-13 1.9959957066059219686e-06
5.1000000000000005329 4.7106833883054440629e-14 -4.7106833883054440629e-14
5.1100000000000003197 8.8903769729978549171e-15 -8.8903769729978549171e-15
5.1200000000000001066 1.5993339196383228365e-15 1.9959959429265963695e-06
5.1299999999999998934 2.7424598412880272622e-16 -2.7424598412880272622e-16
5.1399999999999996803 4.4825284040334806227e-17 -4.4825284040334806227e-17
5.1500000000000003553 6.9837228127474432799e-18 1.9959959445189463125e-06
5.1600000000000001421 1.0371263456497766323e-18 -1.0371263456497766323e-18
5.1699999999999999289 1.4681034495825402619e-19 -1.4681034495825402619e-19
5.1799999999999997158 1.9808956103641446348e-20 -1.9808956103641446348e-20
5.1900000000000003908 2.5476871814231733e-21 1.9959959445259275581e-06
5.2000000000000001776 3.1232724005056983602e-22 -3.1232724005056983602e-22
5.2099999999999999645 3.6496613037084517239e-23 -3.6496613037084517239e-23
5.2199999999999997513 4.0651250382423107799e-24 3.9919918890518601984e-06
5.2300000000000004263 4.3159223919204659549e-25 -4.3159223919204659549e-25
5.2400000000000002132 4.3676865196160327009e-26 -4.3676865196160327009e-26
5.25 4.2131523885220024226e-27 -4.2131523885220024226e-27
5.2599999999999997868 3.8738296694845738011e-28 3.9919918890518601984e-06
5.2700000000000004619 3.3950901119746619204e-29 -3.3950901119746619204e-29
5.2800000000000002487 2.8362161074207764171e-30 -2.8362161074207764171e-30
5.2900000000000000355 2.2584182249062575213e-31 -2.2584182249062575213e-31
5.2999999999999998224 1.7141399498003214952e-32 -1.7141399498003214952e-32
5.3100000000000004974 1.2401233033040585503e-33 -1.2401233033040585503e-33
5.3200000000000002842 8.5518481861656657807e-35 -8.5518481861656657807e-35
5.3300000000000000711 5.6212314200063629074e-36 1.9959959445259300992e-06
5.3399999999999998579 3.5219174283201652507e-37 -3.5219174283201652507e-37
5.3500000000000005329 2.1033084053163883832e-38 -2.1033084053163883832e-38
5.3600000000000003197 1.1972992102672443691e-39 -1.1972992102672443691e-39
5.3700000000000001066 6.4964823055576506217e-41 -6.4964823055576506217e-41
5.3799999999999998934 3.3599245817432056956e-42 -3.3599245817432056956e-42
5.3899999999999996803 1.6563663141417973622e-43 -1.6563663141417973622e-43
5.4000000000000003553 7.7832097117136896736e-45 -7.7832097117136896736e-45
5.4100000000000001421 3.4860728079145181673e-46 -3.4860728079145181673e-46
5.4199999999999999289 1.4882964751919892615e-47 -1.4882964751919892615e-47
5.4299999999999997158 6.0564430402328028323e-49 -6.0564430402328028323e-49
5.4400000000000003908 2.3492049874816788725e-50 -2.3492049874816788725e-50
5.4500000000000001776 8.6855874544847104942e-52 -8.6855874544847104942e-52
5.4599999999999999645 3.060922993767763995e-53 -3.060922993767763995e-53
5.4699999999999997513 1.0282067563897940118e-54 -1.0282067563897940118e-54
5.4800000000000004263 3.2921777048422280789e-56 -3.2921777048422280789e-56
5.4900000000000002132 1.0047563947458845353e-57 -1.0047563947458845353e-57
5.5 2.9228929597195677709e-59 -2.9228929597195677709e-59
5.5099999999999997868 8.1047495430747611227e-61 -8.1047495430747611227e-61
5.5200000000000004619 2.1421051046204466211e-62 -2.1421051046204466211e-62
5.5300000000000002487 5.39655218688616665e-64 -5.39655218688616665e-64
5.5400000000000000355 1.2958846743064179374e-65 -1.2958846743064179374e-65
5.5499999999999998224 2.9661331031380182364e-67 -2.9661331031380182364e-67
5.5600000000000004974 6.4712648058015176205e-69 -6.4712648058015176205e-69
5.5700000000000002842 1.3457423123420333745e-70 -1.3457423123420333745e-70
5.5800000000000000711 2.6675268027444170106e-72 -2.6675268027444170106e-72
5.5899999999999998579 5.0399911578081385259e-74 -5.0399911578081385259e-74
5.6000000000000005329 9.0766336638185470266e-76 -9.0766336638185470266e-76
5.6100000000000003197 1.5580946787998457701e-77 -1.5580946787998457701e-77
5.6200000000000001066 2.5493933006642964785e-79 -2.5493933006642964785e-79
5.6299999999999998934 3.9760675289499551313e-81 -3.9760675289499551313e-81
5.6399999999999996803 5.9107764890161892235e-83 -5.9107764890161892235e-83
5.6500000000000003553 8.3754693946809490651e-85 -8.3754693946809490651e-85
5.6600000000000001421 1.1312212873039078183e-86 -1.1312212873039078183e-86
5.6699999999999999289 1.4563298077731751086e-88 -1.4563298077731751086e-88
5.6799999999999997158 1.7870867219932244641e-90 -1.7870867219932244641e-90
5.6900000000000003908 2.0902835455506352564e-92 -2.0902835455506352564e-92
5.7000000000000001776 2.3304426820576146539e-94 -2.3304426820576146539e-94
5.7099999999999999645 2.4765395420659181347e-96 -2.4765395420659181347e-96
5.7199999999999997513 2.5085669262164172087e-98 -2.5085669262164172087e-98
5.7300000000000004263 2.4220308526250580253e-100 -2.4220308526250580253e-100
5.7400000000000002132 2.2289851399357738892e-102 -2.2289851399357738892e-102
5.75 1.9552764482784596269e-104 -1.9552764482784596269e-104
5.7599999999999997868 1.6348677635877088706e-106 -1.6348677635877088706e-106
5.7700000000000004619 1.3029583384062926629e-108 -1.3029583384062926629e-108
5.7800000000000002487 9.8981000533891243606e-111 -9.8981000533891243606e-111
5.7900000000000000355 7.167150667776716464e-113 -7.167150667776716464e-113
5.7999999999999998224 4.946688791149991373e-115 -4.946688791149991373e-115
5.8100000000000004974 3.2542879489231550773e-117 -3.2542879489231550773e-117
5.8200000000000002842 2.0406601248563198537e-119 -2.0406601248563198537e-119
5.8300000000000000711 1.219715847401028166e-121 -1.219715847401028166e-121
5.8399999999999998579 6.9489617310257459418e-124 1.9959959445259300992e-06
5.8500000000000005329 3.773587430960258036e-126 -3.773587430960258036e-126
5.8600000000000003197 1.9532693500693704685e-128 1.9959959445259300992e-06
5.8700000000000001066 9.6370265420656696482e-131 -9.6370265420656696482e-131
5.8799999999999998934 4.5320757042694901346e-133 -4.5320757042694901346e-133
5.8899999999999996803 2.0315355083014943015e-135 -2.0315355083014943015e-135
5.9000000000000003553 8.6801018552541540638e-138 1.9959959445259300992e-06
5.9100000000000001421 3.5350726903188359908e-140 -3.5350726903188359908e-140
5.9199999999999999289 1.3722870993299634957e-142 -1.3722870993299634957e-142
5.9299999999999997158 5.0776726617307543317e-145 -5.0776726617307543317e-145
5.9400000000000003908 1.7908429009103562441e-147 -1.7908429009103562441e-147
5.9500000000000001776 6.0203720715262501796e-150 -6.0203720715262501796e-150
5.9599999999999999645 1.9291331850437666452e-152 -1.9291331850437666452e-152
5.9699999999999997513 5.8921543089905026056e-155 -5.8921543089905026056e-155
5.9800000000000004263 1.715374766496566107e-157 -1.715374766496566107e-157
5.9900000000000002132 4.7601091607041951282e-160 -4.7601091607041951282e-160
6 1.259063929540104637e-162 -1.259063929540104637e-162
6.0099999999999997868 3.1743266296503776827e-165 1.9959959445259300992e-06
6.0200000000000004619 7.6283109707832867292e-168 -7.6283109707832867292e-168
6.0300000000000002487 1.7473427310823166169e-170 -1.7473427310823166169e-170
6.0400000000000000355 3.8150543133668301875e-173 -3.8150543133668301875e-173
6.0499999999999998224 7.9395567685428357523e-176 -7.9395567685428357523e-176
6.0600000000000004974 1.5749424325228320772e-178 -1.5749424325228320772e-178
6.0700000000000002842 2.9778717500834921376e-181 -2.9778717500834921376e-181
6.0800000000000000711 5.3668587244511593168e-184 -5.3668587244511593168e-184
6.0899999999999998579 9.219496255046918818e-187 -9.219496255046918818e-187
6.1000000000000005329 1.5096179985901347008e-189 -1.5096179985901347008e-189
6.1100000000000003197 2.3561328276639562469e-192 1.9959959445259300992e-06
6.1200000000000001066 3.5051394150230610944e-195 -3.5051394150230610944e-195
6.1299999999999998934 4.9703117851603072953e-198 -4.9703117851603072953e-198
6.1400000000000005684 6.7179190764112754909e-201 -6.7179190764112754909e-201
6.1500000000000003553 8.6548329953751453234e-204 -8.6548329953751453234e-204
6.1600000000000001421 1.0628094185726352889e-206 -1.0628094185726352889e-206
6.1699999999999999289 1.2440128459995293533e-209 -1.2440128459995293533e-209
6.1799999999999997158 1.3879285004316413257e-212 -1.3879285004316413257e-212
6.1900000000000003908 1.4759854331569448739e-215 -1.4759854331569448739e-215
6.2000000000000001776 1.4961315728634453184e-218 1.9959959445259300992e-06
6.2099999999999999645 1.4455404017384823678e-221 -1.4455404017384823678e-221
6.2199999999999997513 1.3312615891863342327e-224 -1.3312615891863342327e-224
6.2300000000000004263 1.1686091446750095399e-227 1.9959959445259300992e-06
6.2400000000000002132 9.7779511327962959321e-231 -9.7779511327962959321e-231
6.25 7.79828564434194003e-234 -7.79828564434194003e-234
6.2599999999999997868 5.9282034746066929885e-237 -5.9282034746066929885e-237
6.2700000000000004619 4.295559529929263884e-240 -4.295559529929263884e-240
6.2800000000000002487 2.9668053424096867201e-243 -2.9668053424096867201e-243
6.2900000000000000355 1.9531294324168075701e-246 -1.9531294324168075701e-246
6.2999999999999998224 1.2255912480222924925e-249 -1.2255912480222924925e-249
6.3100000000000004974 7.330488620896681619e-253 -7.330488620896681619e-253
6.3200000000000002842 4.1791969274735405017e-256 1.9959959445259300992e-06
6.3300000000000000711 2.2710431179075603345e-259 -2.2710431179075603345e-259
6.3399999999999998579 1.1763337249503311875e-262 -1.1763337249503311875e-262
6.3500000000000005329 5.8077556264675271875e-266 -5.8077556264675271875e-266
6.3600000000000003197 2.7331201931774833344e-269 1.9959959445259300992e-06
6.3700000000000001066 1.2259753309935530404e-272 -1.2259753309935530404e-272
6.3799999999999998934 5.2417623751699863128e-276 -5.2417623751699863128e-276
6.3900000000000005684 2.1362177416622316777e-279 -2.1362177416622316777e-279
6.4000000000000003553 8.2982457153498194476e-283 -8.2982457153498194476e-283
6.4100000000000001421 3.0725548259639952142e-286 -3.0725548259639952142e-286
6.4199999999999999289 1.0843901488790392701e-289 -1.0843901488790392701e-289
6.4299999999999997158 3.6479094691146957648e-293 -3.6479094691146957648e-293
6.4400000000000003908 1.1697016426725105157e-296 -1.1697016426725105157e-296
6.4500000000000001776 3.5750218600021706267e-300 1.9959959445259300992e-06
6.4599999999999999645 1.0414893941696971963e-303 1.9959959445259300992e-06
6.4699999999999997513 2.8920349979838071095e-307 -2.8920349979838071095e-307
6.4800000000000004263 7.6546400567821141343e-311 -7.6546400567821141343e-311
6.4900000000000002132 1.9311612332029409143e-314 -1.9311612332029409143e-314
6.5 4.6439255721766711798e-318 -4.6439255721766711798e-318
6.5099999999999997868 1.06224113855868007e-321 -1.06224113855868007e-321
6.5200000000000004619 0 0
6.5300000000000002487 0 0
6.5400000000000000355 0 0
6.5499999999999998224 0 0
6.5600000000000004974 0 0
6.5700000000000002842 0 0
6.5800000000000000711 0 0
6.5899999999999998579 0 0
6.6000000000000005329 0 0
6.6100000000000003197 0 0
6.6200000000000001066 0 0
6.6299999999999998934 0 0
6.6400000000000005684 0 1.9959959445259300992e-06
6.6500000000000003553 0 0
6.6600000000000001421 0 0
6.6699999999999999289 0 1.9959959445259300992e-06
6.6799999999999997158 0 0
6.6900000000000003908 0 0
6.7000000000000001776 0 0
6.7099999999999999645 0 0
6.7199999999999997513 0 0
6.7300000000000004263 0 0
6.7400000000000002132 0 0
6.75 0 0
6.7599999999999997868 0 0
6.7700000000000004619 0 0
6.7800000000000002487 0 0
6.7900000000000000355 0 0
6.7999999999999998224 0 0
6.8100000000000004974 0 0
6.8200000000000002842 0 0
6.8300000000000000711 0 0
6.8399999999999998579 0 0
6.8500000000000005329 0 0
6.8600000000000003197 0 1.9959959445259300992e-06
6.8700000000000001066 0 0
6.8799999999999998934 0 0
6.8900000000000005684 0 0
6.9000000000000003553 0 1.9959959445259300992e-06
6.9100000000000001421 0 0
6.9199999999999999289 0 0
6.9299999999999997158 0 0
6.9400000000000003908 0 0
6.9500000000000001776 0 0
6.9599999999999999645 0 0
6.9699999999999997513 0 0
6.9800000000000004263 0 0
6.9900000000000002132 0 0
7 0 0
7.0099999999999997868 0 0
7.0200000000000004619 0 0
7.0300000000000002487 0 0
7.0400000000000000355 0 0
7.0499999999999998224 0 0
7.0600000000000004974 0 0
7.0700000000000002842 0 0
7.0800000000000000711 0 0
7.0899999999999998579 0 0
7.1000000000000005329 0 0
7.1100000000000003197 0 0
7.1200000000000001066 0 0
7.1299999999999998934 0 0
7.1400000000000005684 0 0
7.1500000000000003553 0 0
7.1600000000000001421 0 0
7.1699999999999999289 0 0
7.1799999999999997158 0 0
7.1900000000000003908 0 1.9959959445259300992e-06
7.2000000000000001776 0 0
7.2099999999999999645 0 1.9959959445259300992e-06
7.2199999999999997513 0 0
7.2300000000000004263 0 0
7.2400000000000002132 0 0
7.25 0 0
7.2599999999999997868 0 0
7.2700000000000004619 0 0
7.2800000000000002487 0 0
7.2900000000000000355 0 0
7.2999999999999998224 0 0
7.3100000000000004974 0 0
7.3200000000000002842 0 0
7.3300000000000000711 0 0
7.3399999999999998579 0 1.9959959445259300992e-06
7.3500000000000005329 0 0
7.3600000000000003197 0 0
7.3700000000000001066 0 0
7.3799999999999998934 0 0
7.3900000000000005684 0 0
7.4000000000000003553 0 0
7.4100000000000001421 0 0
7.4199999999999999289 0 0
7.4299999999999997158 0 0
7.4400000000000003908 0 0
7.4500000000000001776 0 0
7.4599999999999999645 0 0
7.4699999999999997513 0 0
7.4800000000000004263 0 0
7.4900000000000002132 0 0
7.5 0 0
7.5099999999999997868 0 0
7.5200000000000004619 0 0
7.5300000000000002487 0 0
7.5400000000000000355 0 0
7.5499999999999998224 0 0
7.5600000000000004974 0 0
7.5700000000000002842 0 0
7.5800000000000000711 0 0
7.5899999999999998579 0 0
7.6000000000000005329 0 0
7.6100000000000003197 0 1.9959959445259300992e-06
7.6200000000000001066 0 0
7.6299999999999998934 0 0
7.6400000000000005684 0 0
7.6500000000000003553 0 0
7.6600000000000001421 0 0
7.6699999999999999289 0 0
7.6799999999999997158 0 0
7.6900000000000003908 0 0
7.7000000000000001776 0 1.9959959445259300992e-06
7.7099999999999999645 0 0
7.7199999999999997513 0 0
7.7300000000000004263 0 0
7.7400000000000002132 0 0
7.75 0 0
7.7599999999999997868 0 0
7.7700000000000004619 0 0
7.7800000000000002487 0 0
7.7900000000000000355 0 0
7.7999999999999998224 0 0
7.8100000000000004974 0 0
7.8200000000000002842 0 0
7.8300000000000000711 0 0
7.8399999999999998579 0 0
7.8500000000000005329 0 5.9879880609514657408e-06
7.8600000000000003197 0 0
7.8700000000000001066 0 0
7.8799999999999998934 0 0
7.8900000000000005684 0 0
7.9000000000000003553 0 0
7.9100000000000001421 0 1.9959959445259300992e-06
7.9199999999999999289 0 0
7.930000000000000604 0 0
7.9400000000000003908 0 0
7.9500000000000001776 0 0
7.9599999999999999645 0 0
7.9699999999999997513 0 0
7.9800000000000004263 0 0
7.9900000000000002132 0 0
8 0 0
8.0099999999999997868 0 0
8.0199999999999995737 0 0
8.0299999999999993605 0 0
8.0400000000000009237 0 0
8.0500000000000007105 0 0
8.0600000000000004974 0 0
8.0700000000000002842 0 0
8.0800000000000000711 0 0
8.0899999999999998579 0 0
8.0999999999999996447 0 0
8.1099999999999994316 0 1.9959959445259300992e-06
8.1200000000000009948 0 0
8.1300000000000007816 0 0
8.1400000000000005684 0 0
8.1500000000000003553 0 1.9959959445259300992e-06
8.1600000000000001421 0 1.9959959445259300992e-06
8.1699999999999999289 0 0
8.1799999999999997158 0 0
8.1899999999999995026 0 0
8.1999999999999992895 0 0
8.2100000000000008527 0 0
8.2200000000000006395 0 0
8.2300000000000004263 0 0
8.2400000000000002132 0 0
8.25 0 0
8.2599999999999997868 0 0
8.2699999999999995737 0 0
8.2799999999999993605 0 0
8.2900000000000009237 0 0
8.3000000000000007105 0 0
8.3100000000000004974 0 0
8.3200000000000002842 0 0
8.3300000000000000711 0 0
8.3399999999999998579 0 0
8.3499999999999996447 0 0
8.3599999999999994316 0 0
8.3700000000000009948 0 0
8.3800000000000007816 0 0
8.3900000000000005684 0 0
8.4000000000000003553 0 0
8.4100000000000001421 0 0
8.4199999999999999289 0 0
8.4299999999999997158 0 0
8.4399999999999995026 0 0
8.4499999999999992895 0 0
8.4600000000000008527 0 0
8.4700000000000006395 0 1.9959959445259300992e-06
8.4800000000000004263 0 0
8.4900000000000002132 0 0
8.5 0 1.9959959445259300992e-06
8.5099999999999997868 0 0
8.5199999999999995737 0 1.9959959445259300992e-06
8.5299999999999993605 0 0
8.5400000000000009237 0 0
8.5500000000000007105 0 0
8.5600000000000004974 0 0
8.5700000000000002842 0 0
8.5800000000000000711 0 0
8.5899999999999998579 0 0
8.5999999999999996447 0 0
8.6099999999999994316 0 0
8.6200000000000009948 0 1.9959959445259300992e-06
8.6300000000000007816 0 1.9959959445259300992e-06
8.6400000000000005684 0 1.9959959445259300992e-06
8.6500000000000003553 0 0
8.6600000000000001421 0 0
8.6699999999999999289 0 0
8.6799999999999997158 0 0
8.6899999999999995026 0 0
8.7000000000000010658 0 0
8.7100000000000008527 0 0
8.7200000000000006395 0 1.9959959445259300992e-06
8.7300000000000004263 0 0
8.7400000000000002132 0 0
8.75 0 1.9959959445259300992e-06
8.7599999999999997868 0 0
8.7699999999999995737 0 0
8.7799999999999993605 0 0
8.7900000000000009237 0 0
8.8000000000000007105 0 0
8.8100000000000004974 0 0
8.8200000000000002842 0 0
8.8300000000000000711 0 0
8.8399999999999998579 0 0
8.8499999999999996447 0 0
8.8599999999999994316 0 0
8.8700000000000009948 0 0
8.8800000000000007816 0 1.9959959445259300992e-06
8.8900000000000005684 0 0
8.9000000000000003553 0 1.9959959445259300992e-06
8.9100000000000001421 0 0
8.9199999999999999289 0 0
8.9299999999999997158 0 0
8.9399999999999995026 0 0
8.9500000000000010658 0 1.9959959445259300992e-06
8.9600000000000008527 0 0
8.9700000000000006395 0 0
8.9800000000000004263 0 0
8.9900000000000002132 0 0
9 0 1.9959959445259300992e-06
9.0099999999999997868 0 0
9.0199999999999995737 0 0
9.0299999999999993605 0 0
9.0400000000000009237 0 0
9.0500000000000007105 0 0
9.0600000000000004974 0 0
9.0700000000000002842 0 0
9.0800000000000000711 0 0
9.0899999999999998579 0 0
9.0999999999999996447 0 0
9.1099999999999994316 0 0
9.1200000000000009948 0 0
9.1300000000000007816 0 0
9.1400000000000005684 0 0
9.1500000000000003553 0 0
9.1600000000000001421 0 0
9.1699999999999999289 0 0
9.1799999999999997158 0 0
9.1899999999999995026 0 0
9.2000000000000010658 0 3.9919918890518601984e-06
9.2100000000000008527 0 0
9.2200000000000006395 0 0
9.2300000000000004263 0 1.9959959445259300992e-06
9.2400000000000002132 0 0
9.25 0 0
9.2599999999999997868 0 0
9.2699999999999995737 0 5.9879880609514657408e-06
9.2799999999999993605 0 0
9.2900000000000009237 0 0
9.3000000000000007105 0 1.9959959445259300992e-06
9.3100000000000004974 0 0
9.3200000000000002842 0 3.9919918890518601984e-06
9.3300000000000000711 0 5.9879880609514657408e-06
9.3399999999999998579 0 1.9959959445259300992e-06
9.3499999999999996447 0 1.9959959445259300992e-06
9.3599999999999994316 0 3.9919918890518601984e-06
9.3700000000000009948 0 3.9919918890518601984e-06
9.3800000000000007816 0 5.9879880609514657408e-06
9.3900000000000005684 0 5.9879880609514657408e-06
9.4000000000000003553 0 1.9959959445259300992e-06
9.4100000000000001421 0 9.9799799500033259392e-06
9.4199999999999999289 0 1.3971972293802540412e-05
9.4299999999999997158 0 1.1975976121902929788e-05
9.4399999999999995026 0 2.3951952243805859575e-05
9.4500000000000010658 0 1.1975976121902929788e-05
9.4600000000000008527 0 5.9879880609514657408e-06
9.4700000000000006395 0 1.5967967556207440794e-05
9.4800000000000004263 0 9.9799799500033259392e-06
9.4900000000000002132 0 1.995995990000664849e-05
9.5 0 1.5967967556207440794e-05
9.5099999999999997868 0 1.7963964637601751497e-05
9.5199999999999995737 0 9.9799799500033259392e-06
9.5299999999999993605 0 1.7963964637601751497e-05
9.5400000000000009237 0 1.1975976121902929788e-05
9.5500000000000007105 0 9.9799799500033259392e-06
9.5600000000000004974 0 9.9799799500033259392e-06
9.5700000000000002842 0 1.9959959445259300992e-06
9.5800000000000000711 0 5.9879880609514657408e-06
9.5899999999999998579 0 1.5967967556207440794e-05
9.5999999999999996447 0 3.9919918890518601984e-06
9.6099999999999994316 0 5.9879880609514657408e-06
9.6200000000000009948 0 3.9919918890518601984e-06
9.6300000000000007816 0 7.9839837781037203968e-06
9.6400000000000005684 0 1.9959959445259300992e-06
9.6500000000000003553 0 1.9959959445259300992e-06
9.6600000000000001421 0 3.9919918890518601984e-06
9.6699999999999999289 0 1.9959959445259300992e-06
9.6799999999999997158 0 3.9919918890518601984e-06
9.6899999999999995026 0 0
9.7000000000000010658 0 0
9.7100000000000008527 0 1.9959959445259300992e-06
9.7200000000000006395 0 0
9.7300000000000004263 0 0
9.7400000000000002132 0 0
9.75 0 0
9.7599999999999997868 0 0
9.7699999999999995737 0 0
9.7799999999999993605 0 0
9.7900000000000009237 0 0
9.8000000000000007105 0 0
9.8100000000000004974 0 0
9.8200000000000002842 0 0
9.8300000000000000711 0 0
9.8399999999999998579 0 0
9.8499999999999996447 0 0
9.8599999999999994316 0 0
9.8700000000000009948 0 0
9.8800000000000007816 0 0
9.8900000000000005684 0 0
9.9000000000000003553 0 0
9.9100000000000001421 0 0
9.9199999999999999289 0 0
9.9299999999999997158 0 0
9.9399999999999995026 0 0
9.9500000000000010658 0 0
9.9600000000000008527 0 0
9.9700000000000006395 0 0
9.9800000000000004263 0 0
9.9900000000000002132 0 0
10 0 0
10.009999999999999787 0 0
10.019999999999999574 0 0
10.029999999999999361 0 0
10.040000000000000924 0 0
10.050000000000000711 0 0
10.060000000000000497 0 0
10.070000000000000284 0 0
10.080000000000000071 0 0
10.089999999999999858 0 0
10.099999999999999645 0 0
10.109999999999999432 0 0
10.120000000000000995 0 0
10.130000000000000782 0 0
10.140000000000000568 0 0
10.150000000000000355 0 0
10.160000000000000142 0 0
10.169999999999999929 0 0
10.179999999999999716 0 0
10.189999999999999503 0 0
10.200000000000001066 0 0
10.210000000000000853 0 0
10.220000000000000639 0 0
10.230000000000000426 0 0
