0 7.3461669112101057845e-106 -7.3461669112101057845e-106
0.010000000000000000208 3.6399758943044598834e-104 -3.6399758943044598834e-104
0.020000000000000000416 1.745388897266266372e-102 -1.745388897266266372e-102
0.02999999999999999889 8.0991957588559315204e-101 -8.0991957588559315204e-101
0.040000000000000000833 3.6370357394682787488e-99 -3.6370357394682787488e-99
0.050000000000000002776 1.5805535949097444151e-97 -1.5805535949097444151e-97
0.05999999999999999778 6.64701824252352133e-96 -6.64701824252352133e-96
0.070000000000000006661 2.7052069845257433987e-94 -2.7052069845257433987e-94
0.080000000000000001665 1.0654427414144627182e-92 -1.0654427414144627182e-92
0.089999999999999996669 4.0608384779260519674e-91 -4.0608384779260519674e-91
0.10000000000000000555 1.4978119860279949735e-89 -1.4978119860279949735e-89
0.11000000000000000056 5.3463190615288491923e-88 -5.3463190615288491923e-88
0.11999999999999999556 1.8467513731401875214e-86 -1.8467513731401875214e-86
0.13000000000000000444 6.1733083986250921506e-85 -6.1733083986250921506e-85
0.14000000000000001332 1.9970250010390571076e-83 -1.9970250010390571076e-83
0.14999999999999999445 6.2517991329316285599e-82 7.1968766860663890839e-05
0.16000000000000000333 1.894011080896099774e-80 9.995661821449175477e-05
0.17000000000000001221 5.5528507508082202931e-79 8.5962688899599015713e-05
0.17999999999999999334 1.5754530722452656665e-77 7.3967894422821700573e-05
0.19000000000000000222 4.3256455298501085511e-76 5.7974837545771151781e-05
0.2000000000000000111 1.1493501840454976605e-74 7.9965291661210358143e-05
0.20999999999999999223 2.9553559594724361371e-73 8.9960958575829863548e-05
0.22000000000000000111 7.3539929685491739521e-72 8.1964426499325782061e-05
0.23000000000000000999 1.7708941730820460261e-70 7.3967894422821700573e-05
0.23999999999999999112 4.1268434383369368664e-69 0.00010195575305260720579
0.25 9.3067781812537639625e-68 6.9969632022548466921e-05
0.26000000000000000888 2.0311253121006684707e-66 9.39592209761030972e-05
0.27000000000000001776 4.2897310005821317394e-65 6.7970497184433043003e-05
0.28000000000000002665 8.7675729072896523466e-64 8.3963561337441205978e-05
0.28999999999999998002 1.7341421652004385121e-62 7.3967894422821700573e-05
0.2999999999999999889 3.3192961013974465711e-61 8.3963561337441205978e-05
0.30999999999999999778 6.1484164968708302437e-60 5.9973972383886582475e-05
0.32000000000000000666 1.1021394505834923866e-58 8.3963561337441205978e-05
0.33000000000000001554 1.9119027704383084872e-57 7.7966164099052548409e-05
0.34000000000000002442 3.2096009697948445078e-56 8.3963561337441205978e-05
0.35000000000000003331 5.2142550232238256471e-55 6.5971369622275233269e-05
0.35999999999999998668 8.1976520254805923531e-54 6.5971369622275233269e-05
0.36999999999999999556 1.2472188793121659703e-52 8.1964426499325782061e-05
0.38000000000000000444 1.8363347748603098862e-51 7.9965291661210358143e-05
0.39000000000000001332 2.6164776330752611257e-50 7.3967894422821700573e-05
0.4000000000000000222 3.6077644935673166574e-49 7.1968766860663890839e-05
0.41000000000000003109 4.8141023483176955056e-48 6.9969632022548466921e-05
0.41999999999999998446 6.2165358695375611272e-47 7.9965291661210358143e-05
0.42999999999999999334 7.7685068703741914552e-46 5.1977440307382487435e-05
0.44000000000000000222 9.3946942381001140518e-45 7.9965291661210358143e-05
0.4500000000000000111 1.0994708802541702807e-43 7.9965291661210358143e-05
0.46000000000000001998 1.2452048354129962565e-42 8.3963561337441205978e-05
0.47000000000000002887 1.3647523508747232561e-41 8.3963561337441205978e-05
0.47999999999999998224 1.4475143881370920541e-40 6.5971369622275233269e-05
0.48999999999999999112 1.4857574377372704709e-39 6.5971369622275233269e-05
0.5 1.4758048130156627114e-38 5.3976575145497918129e-05
0.51000000000000000888 1.4186194739735259805e-37 0.00010995227785315360533
0.52000000000000001776 1.3196504123428956792e-36 6.3972234784159809351e-05
0.53000000000000002665 1.1879765387497241645e-35 9.7957483376376330853e-05
0.54000000000000003553 1.0349343831475073418e-34 0.00010195575305260720579
0.55000000000000004441 8.7251670939548726943e-34 9.995661821449175477e-05
0.56000000000000005329 7.1185358348697270182e-33 6.5971369622275233269e-05
0.57000000000000006217 5.6203528794547691847e-32 7.1968766860663890839e-05
0.57999999999999996003 4.2943009594715538734e-31 8.9960958575829863548e-05
0.58999999999999996891 3.1752458537764213212e-30 8.9960958575829863548e-05
0.5999999999999999778 2.2720517697369464044e-29 4.7979177907109260559e-05
0.60999999999999998668 1.5733127910011401505e-28 8.9960958575829863548e-05
0.61999999999999999556 1.0543089901727408298e-27 9.7957483376376330853e-05
0.63000000000000000444 6.8371755623659436972e-27 7.9965291661210358143e-05
0.64000000000000001332 4.2908322799800562743e-26 6.1973107222001999617e-05
0.6500000000000000222 2.6059275195898412216e-25 9.1960086137987673283e-05
0.66000000000000003109 1.5315779698835587773e-24 5.7974837545771151781e-05
0.67000000000000003997 8.7110774503113591193e-24 7.3967894422821700573e-05
0.68000000000000004885 4.794691012458035002e-23 6.7970497184433043003e-05
0.69000000000000005773 2.5539086570402743866e-22 0.00010995227785315360533
0.70000000000000006661 1.3164551906007194612e-21 6.1973107222001999617e-05
0.70999999999999996447 6.5669360603098256668e-21 7.1968766860663890839e-05
0.71999999999999997335 3.1701183780412164477e-20 9.9956618214491727665e-05
0.72999999999999998224 1.4809628268430222838e-19 6.3972234784159660273e-05
0.73999999999999999112 6.6952811826927054799e-19 7.9965291661209694069e-05
0.75 2.9292029964046233868e-18 7.3967894422818773227e-05
0.76000000000000000888 1.240183943141608288e-17 7.1968766860651490276e-05
0.77000000000000001776 5.0813454876668722324e-17 6.5971369622224424844e-05
0.78000000000000002665 2.0147786021079481389e-16 9.3959220975901625332e-05
0.79000000000000003553 7.7309332048090784966e-16 9.3959220975330006841e-05
0.80000000000000004441 2.8707309909845388659e-15 8.3963561334570469019e-05
0.81000000000000005329 1.031594599988939998e-14 7.9965291650894418417e-05
0.82000000000000006217 3.5874149034900210229e-14 7.9965291625336208897e-05
0.83000000000000007105 1.2072859362634066622e-13 9.9956618093763159464e-05
0.83999999999999996891 3.9318293535835071114e-13 8.9960958182646927252e-05
0.8499999999999999778 1.2391821967223487583e-12 9.1960084898805481636e-05
0.85999999999999998668 3.7794765541770645824e-12 8.1964422719849226663e-05
0.86999999999999999556 1.1155373901857143445e-11 7.9965280505836451629e-05
0.88000000000000000444 3.186343501564689609e-11 9.395918911266808388e-05
0.89000000000000001332 8.8075889881145571651e-11 7.996520358532047438e-05
0.9000000000000000222 2.3560118602622802861e-10 7.7965928497866526965e-05
0.91000000000000003109 6.0989333946760354128e-10 0.00010995166795981413334
0.92000000000000003997 1.5278696156228536212e-09 7.9963763791594729422e-05
0.93000000000000004885 3.7040316041916390835e-09 6.7966793152828848925e-05
0.94000000000000005773 8.6899856340190227185e-09 7.1960076875029869731e-05
0.95000000000000006661 1.9729651723784809367e-08 7.1949037208940110413e-05
0.95999999999999996447 4.3348668781938557871e-08 8.5919340230817072999e-05
0.96999999999999997335 9.2169683605122612931e-08 7.3875724739216576875e-05
0.97999999999999998224 1.8965155759916505156e-07 8.7772172180115270979e-05
0.98999999999999999112 3.7764237190506424334e-07 9.5580713442313462963e-05
1 7.2771446076167084786e-07 6.9241917561786801155e-05
1.0100000000000000089 1.3570544673385457249e-06 8.4605634432260464059e-05
1.0200000000000000178 2.449004248820970091e-06 9.5508479127555360338e-05
1.0300000000000000266 4.2769855573100978106e-06 0.00012166835644885170523
1.0400000000000000355 7.2283972902652723203e-06 7.073776680878728117e-05
1.0500000000000000444 1.1822306941605973256e-05 9.8129970911547633773e-05
1.0600000000000000533 1.8711923469976429778e-05 0.00011722907089888967656
1.0700000000000000622 2.8660952543591875299e-05 0.0001252722335404402444
1.0800000000000000711 4.2483353677767512753e-05 0.00014343596071228091257
1.0900000000000000799 6.0940070410304176694e-05 0.00015496623017168751615
1.1000000000000000888 8.4594688556485900027e-05 0.00011531854787249760951
1.1100000000000000977 0.00011364209349869270932 0.00019622342078344450042
1.1200000000000001066 0.00014773770251947190195 0.00021210613178384760645
1.1300000000000001155 0.00018586578142814296063 0.00030192250789158082969
1.1400000000000001243 0.00022628904439481449962 0.00033346801178557323574
1.1500000000000001332 0.00026661439897163093917 0.00040309494961382567055
1.1599999999999999201 0.00030399025257565718845 0.00051365491395927327916
1.1699999999999999289 0.00033542212150162114366 0.00052220565448412637789
1.1799999999999999378 0.00035816218456553031635 0.00060741874171121304146
1.1899999999999999467 0.0003701039708983663596 0.00058348216090159973728
1.1999999999999999556 0.00037010397089836570908 0.00064545533360722134875
1.2099999999999999645 0.00035816218456552836478 0.00067738842466546654239
1.2199999999999999734 0.00033542212150161805368 0.00057418311661938485884
1.2299999999999999822 0.00030399025257565333953 0.00059561933318264524174
1.2399999999999999911 0.00026661439897162600605 0.00041109145986246184261
1.25 0.00022628904439481111149 0.00031147756494609500459
1.2600000000000000089 0.00018586578142814935742 0.00027993206105209294914
1.2700000000000000178 0.00014773770251953025913 0.00020211045031725446129
1.2800000000000000266 0.0001136420934990157067 0.00012425465392245759865
1.2900000000000000355 8.4594688558097702082e-05 8.7330689241100302239e-05
1.3000000000000000444 6.0940070417908384485e-05 9.0993988103965810286e-05
1.3100000000000000533 4.2483353711939640771e-05 8.1462860732064358463e-05
1.3200000000000000622 2.8660952690056834872e-05 6.3299133447930838411e-05
1.3300000000000000711 1.8711924068875388226e-05 8.3243828983731814179e-05
1.3400000000000000799 1.1822309278144245756e-05 6.8142982383066115775e-05
1.3500000000000000888 7.2284059883254226709e-06 8.8729949825893105224e-05
1.3600000000000000977 4.2770164555180241326e-06 5.769609076648397379e-05
1.3700000000000001066 2.4491089953021062639e-06 6.9519657865361778222e-05
1.3800000000000001155 1.3573933724622864521e-06 6.8612238650086183433e-05
1.3900000000000001243 7.287610844201055616e-07 6.7241736100012936277e-05
1.4000000000000001332 3.8072784886166260667e-07 0.00010957155000429194601
1.4099999999999999201 1.9833564363598858586e-07 5.1779104663746501125e-05
1.4199999999999999289 1.1550708477992298038e-07 8.5847181814819093328e-05
1.4299999999999999378 1.0324091692696382427e-07 6.9866391105621506352e-05
1.4399999999999999467 1.6653752869417776591e-07 7.3801356894127525957e-05
1.4499999999999999556 3.5246038232811470634e-07 6.3619774401831697503e-05
1.4599999999999999645 7.7286639427132456498e-07 6.9196765628277146485e-05
1.4699999999999999734 1.6462784791614895678e-06 5.8327693904725094601e-05
1.4799999999999999822 3.3628646601229740907e-06 8.6598093915706889881e-05
1.4899999999999999911 6.5729105750759696711e-06 6.1397586609357072485e-05
1.5 1.2291064285741531479e-05 6.5675099813311015235e-05
1.5100000000000000089 2.199572611648990483e-05 4.7973905906058565479e-05
1.5200000000000000178 3.7687501097920367006e-05 4.8275187801678648707e-05
1.5300000000000000266 6.1858281550614721122e-05 2.113953233545088229e-06
1.5400000000000000355 9.7321726547235161051e-05 -1.3633707330166399329e-06
1.5500000000000000444 0.00014687495886281503872 -7.2907064439993338146e-05
1.5600000000000000533 0.00021280345532540806256 -0.00013883556090258636199
1.5700000000000000622 0.00029629967555725307245 -0.00020833785181953863282
1.5800000000000000711 0.00039692278722050988119 -0.00032495402035984599035
1.5900000000000000799 0.00051225678359344327482 -0.00043029235709411749276
1.6000000000000000888 0.00063790578182440808245 -0.00055394222048696687647
1.6100000000000000977 0.00076789259501682698757 -0.00068992643091777443917
1.6200000000000001066 0.00089541706853017168609 -0.00078946305307729127375
1.6300000000000001155 0.0010138209445899350452 -0.00090586779429893920894
1.6400000000000001243 0.0011175379741716756632 -0.00097559958256442091962
1.6500000000000001332 0.0012028094437627390081 -0.0010788632293187350088
1.6600000000000001421 0.0012680165105518736296 -0.0010960911327526755982
1.6699999999999999289 0.0013135940559409757696 -0.0011316730112271582327
1.6799999999999999378 0.0013416035508966969898 -0.0011716773006596567681
1.6899999999999999467 0.0013551164580247747511 -0.001123217107841690144
1.6999999999999999556 0.0013575765783177460005 -0.0011056858943054223825
1.7099999999999999645 0.0013522752799567121142 -0.0011003845959443884963
1.7199999999999999734 0.0013420106552764984615 -0.001074126921663081909
1.7299999999999999822 0.0013289374854027285154 -0.0010530572124368502672
1.7399999999999999911 0.0013145693217574837448 -0.0010926656239371034147
1.75 0.0012998743715686301558 -0.0010659758792714725106
1.7600000000000000089 0.0012854094870563394313 -0.0010495118671970239763
1.7700000000000000178 0.0012714519484390942369 -0.0010175621223126975808
1.7800000000000000266 0.0012581072507734259586 -0.0010242087584762683133
1.7900000000000000355 0.0012453863044318050878 -0.0010474721955649793879
1.8000000000000000444 0.0012332548382509910066 -0.00098936069359112908429
1.8100000000000000533 0.0012216617761133937922 -0.00099575982316869784267
1.8200000000000000622 0.0012105537136697073781 -0.00098065349104878058069
1.8300000000000000711 0.0011998812181059374717 -0.00095398793133200251136
1.8400000000000000799 0.0011896008419637886955 -0.00098369020829641652844
1.8500000000000000888 0.0011796751728114006439 -0.00096976626946779762896
1.8600000000000000977 0.0011700721482392128711 -0.00096016324489560985617
1.8700000000000001066 0.0011607642095025584236 -0.00093286311444378943597
1.8800000000000001155 0.0011517275197968481013 -0.00094981515580570678205
1.8900000000000001243 0.0011429413111507678771 -0.00096701766367533899781
1.9000000000000001332 0.001134387359163845305 -0.00088649493027583730655
1.9100000000000001421 0.0011260495649095076873 -0.00093013459815675502557
1.9199999999999999289 0.0011179136212420535696 -0.00091400211513683921223
1.9299999999999999378 0.0011099667442635106213 -0.00089605958579559198685
1.9399999999999999467 0.0011021974550605355501 -0.00092227553790887582298
1.9499999999999999556 0.0010945954005288438884 -0.00088268736962308306376
1.9599999999999999645 0.0010871512049210134941 -0.00084925445749954022942
1.9699999999999999734 0.0010798563458157678634 -0.0008799431093867843539
1.9799999999999999822 0.0010727030497057268854 -0.0008667924160383547183
1.9899999999999999911 0.00106568420349755443 -0.00087376749186911738775
2 0.0010587932790311592197 -0.00087287396464111083501
2.0100000000000002309 0.0010520242683347183054 -0.00082812144295218016558
2.0200000000000000178 0.0010453716277962585724 -0.00083746186656672859557
2.0300000000000002487 0.0010388302297894187482 -0.00080893000716849195082
2.0400000000000000355 0.0010323953205685469387 -0.0008264846869011747716
2.0499999999999998224 0.0010260624834660570133 -0.00083214664427546216133
2.0600000000000000533 0.0010198276065974502813 -0.00079392565365275433176
2.0699999999999998401 0.0010136868544170303703 -0.00081777188766427770863
2.0800000000000000711 0.0010076366425779761937 -0.00083771039234093597203
2.0899999999999998579 0.0010016736156400235687 -0.00078176905993371627671
2.1000000000000000888 0.00099579462724091842574 -0.00079388226324977710646
2.1099999999999998757 0.00098999672240761499645 -0.00078808435841647367717
2.1200000000000001066 0.00098427712173238370366 -0.00078236475774124238439
2.1299999999999998934 0.00097863320717982258019 -0.00075672950935944225011
2.1400000000000001243 0.00097306250932464616755 -0.0007551570811804966853
2.1499999999999999112 0.00096756269584853931559 -0.00078764077869687958849
2.1600000000000001421 0.0009621315611481508082 -0.00074422613300400132594
2.1699999999999999289 0.00095676701692639482509 -0.00077284684465041947853
2.1800000000000001599 0.00095146708365622994965 -0.00076354864170402375525
2.1899999999999999467 0.00094622988282051453696 -0.00076430883810669700013
2.2000000000000001776 0.00094105362984385747954 -0.00073514299617648531243
2.2099999999999999645 0.00093593662764291719099 -0.00072402859673715636631
2.2200000000000001954 0.00093087726073062869534 -0.00074095969121626469121
2.2299999999999999822 0.00092587398981764052006 -0.00073395727818920358625
2.2400000000000002132 0.00092092534686094129192 -0.0007050190462789496194
2.25 0.00091602993051549468865 -0.00069012797757079884751
2.2600000000000002309 0.0009111864019497351334 -0.00071127316552075162386
2.2700000000000000178 0.00090639348099019268271 -0.00072447243627637514587
2.2800000000000002487 0.00090164994256433455243 -0.00064376186131362227692
2.2900000000000000355 0.00089695461341409658124 -0.00073302576041544501712
2.3000000000000002665 0.00089230636905548803804 -0.00066640441611079208849
2.3100000000000000533 0.00088770413096230101849 -0.00070378395868632578035
2.3199999999999998401 0.00088314686395423759591 -0.00066324230824793030392
2.3300000000000000711 0.00087863357377203842816 -0.00069071513181983223376
2.3399999999999998579 0.00087416330482470027026 -0.00059628391884857944068
2.3500000000000000888 0.00086973513809813476818 -0.00068781409338431723135
2.3599999999999998757 0.0008653481892248489479 -0.00067343147759641201408
2.3700000000000001066 0.00086100160674296968757 -0.00066708576755237472718
2.3799999999999998934 0.00085669457065506624503 -0.00062879347559629725738
2.3900000000000001243 0.00085242629162305652742 -0.00061652867176374107246
2.3999999999999999112 0.00084819601172346579393 -0.00061029926430199252924
2.4100000000000001421 0.00084400300912784091516 -0.00061410278650691411777
2.4199999999999999289 0.00083984661238056335444 -0.00059795159528285924191
2.4300000000000001599 0.00083572623703628780203 -0.00064181039784569284164
2.4399999999999999467 0.00083164147154238742769 -0.00059974212135930282056
2.4500000000000001776 0.00082759226522367411883 -0.0005557102764859418384
2.4599999999999999645 0.00082357931489020045918 -0.00058968082259304292238
2.4700000000000001954 0.00081960481263421548857 -0.00061969157620523197903
2.4799999999999999822 0.00081567380464795963962 -0.00055378746827293174465
2.4900000000000002132 0.00081179650507149140291 -0.0005399145163337592309
2.5 0.00080799197457970175357 -0.0005640978299198398313
2.5100000000000002309 0.00080429355062138971604 -0.00056639680319991645135
2.5200000000000000178 0.0008007562287336927008 -0.00053687075024459176772
2.5300000000000002487 0.00079746577707267825384 -0.00055956902965120498914
2.5400000000000000355 0.00079454871098682937087 -0.00050467453053393133457
2.5500000000000002665 0.000792181459870293413 -0.00055028644277258930047
2.5600000000000000533 0.00079059635590014980949 -0.00047273430226555090408
2.5699999999999998401 0.00079008179431005012058 -0.00051620066345824491046
2.5800000000000000711 0.00079097437921715025525 -0.00048910540428747468697
2.5899999999999998579 0.00079364222859584819883 -0.0004657845225985451248
2.6000000000000000888 0.00079846070094089437955 -0.00048059864730629547414
2.6099999999999998757 0.00080578410232292837796 -0.00047792639632562530392
2.6200000000000001066 0.00081591868576036538033 -0.00050005577423983956723
2.6299999999999998934 0.00082910276460293680974 -0.0004812537247763947249
2.6400000000000001243 0.00084549869269802358993 -0.00039569389981887427218
2.6499999999999999112 0.00086519904270093077152 -0.00049136130091059142082
2.6600000000000001421 0.00088824628832359631397 -0.00048841981546562929489
2.6699999999999999289 0.00091466266323378929166 -0.00047485355182117470769
2.6800000000000001599 0.00094448549530232086668 -0.00044070412727767363081
2.6899999999999999467 0.00097780364684863342942 -0.00048801621541483654679
2.7000000000000001776 0.0010147927089744818076 -0.00047702609963357566446
2.7099999999999999645 0.0010557500422772355796 -0.00039403720394041020884
2.7200000000000001954 0.001101135539507345747 -0.00030148259379141170884
2.7299999999999999822 0.0011516305892800391027 -0.00026401579799851778232
2.7400000000000002132 0.0012082373264273723549 -0.00024465554226470198097
2.75 0.0012724542894641619611 -2.6994864201054921335e-05
2.7600000000000002309 0.0013465832815973870565 2.4821572983372945653e-05
2.7700000000000000178 0.0014342417576261256261 0.00017106150194030043422
2.7800000000000002487 0.0015411637419413897442 0.00056192351751512513436
2.7900000000000000355 0.0016763471925958686303 0.00093451971911344042764
2.8000000000000002665 0.0018535138164846995043 0.0012471405266584064363
2.8100000000000000533 0.0020926566490012997804 0.0020455471544485693755
2.8199999999999998401 0.0024211557740036180643 0.0032863670802053281637
2.8300000000000000711 0.0028736004039139791122 0.0047670836195855097184
2.8399999999999998579 0.0034892144569668441696 0.0071621625727501265352
2.8500000000000000888 0.0043058722393837442488 0.010095877468374685887
2.8599999999999998757 0.0053503417609813194028 0.014285136273634200729
2.8700000000000001066 0.0066256872876956206947 0.019285068331711077705
2.8799999999999998934 0.0080984674850901432197 0.025149103953460805877
2.8900000000000001243 0.0096898671691856511773 0.031788129686788547945
2.8999999999999999112 0.011275349306005251135 0.037607436878544078795
2.9100000000000001421 0.012696103946324329911 0.044371130122784631367
2.9199999999999999289 0.013782417061244120818 0.048612503675307158768
2.9300000000000001599 0.014384913126591509017 0.052316141446467574749
2.9399999999999999467 0.014406028285598103736 0.052149084314728436085
2.9500000000000001776 0.013822742625633391289 0.049933589175781098457
2.9599999999999999645 0.01269347559495427949 0.046876669266982293194
2.9700000000000001954 0.011146697526094491437 0.041430485124471609637
2.9799999999999999822 0.0093545047292481701279 0.035591986989044074874
2.9900000000000002132 0.0074988924142948111887 0.028435511124409108136
3 0.0057400357511691105228 0.021532127207810499575
3.0100000000000002309 0.0041941822465014896512 0.015871108606879669872
3.0200000000000000178 0.0029247945779248022899 0.011560918516548088913
3.0300000000000002487 0.0019461610353854812919 0.0077016516589256608927
3.0400000000000000355 0.0012354713975486551585 0.0051057764218154153002
3.0500000000000002665 0.00074817662881787431756 0.0030281843728375847612
3.0600000000000000533 0.00043216477639383666341 0.0017908703114151304069
3.0700000000000002842 0.00023808497191278921493 0.0011053320094862699452
3.0800000000000000711 0.00012508967016719465507 0.00065657111293740389422
3.0899999999999998579 6.2674653451269795711e-05 0.00035114575599754763082
3.1000000000000000888 2.9944804672784713353e-05 0.00015797363727942148105
3.1099999999999998757 1.3642414471736609186e-05 8.8313338580870594913e-05
3.1200000000000001066 5.9263181514754182064e-06 2.605979924060448054e-05
3.1299999999999998934 2.4546442786074980345e-06 1.1539282307801131469e-05
3.1400000000000001243 9.6937040667911056581e-07 1.302455617972951915e-05
3.1499999999999999112 3.6498731658029008878e-07 3.6332773574296980486e-06
3.1600000000000001421 1.3102166861401892844e-07 3.8672430053959693148e-06
3.1699999999999999289 4.4841220619805382432e-08 1.9542911163851886929e-06
3.1800000000000001599 1.4630973312193651601e-08 3.9836337006977943435e-06
3.1899999999999999467 4.5511783357527084262e-09 -4.5511783357527084262e-09
3.2000000000000001776 1.3496568995582846376e-09 -1.3496568995582846376e-09
3.2099999999999999645 3.8156316894162217978e-10 -3.8156316894162217978e-10
3.2200000000000001954 1.0283672460732525936e-10 -1.0283672460732525936e-10
3.2299999999999999822 2.6421920746765368168e-11 1.9991059150842471843e-06
3.2400000000000002132 6.4715892091645378088e-12 -6.4715892091645378088e-12
3.25 1.5110690452665189226e-12 -1.5110690452665189226e-12
3.2600000000000002309 3.3634208023509361359e-13 -3.3634208023509361359e-13
3.2700000000000000178 7.1367196018499220184e-14 -7.1367196018499220184e-14
3.2800000000000002487 1.4435566916070702134e-14 -1.4435566916070702134e-14
3.2900000000000000355 2.7834556891351710589e-15 -2.7834556891351710589e-15
3.3000000000000002665 5.1162023467692347169e-16 -5.1162023467692347169e-16
3.3100000000000000533 8.9644139219389970713e-17 -8.9644139219389970713e-17
3.3200000000000002842 1.4972864558397595833e-17 -1.4972864558397595833e-17
3.3300000000000000711 2.3839374743417839408e-18 -2.3839374743417839408e-18
3.3399999999999998579 3.6181793571771556854e-19 -3.6181793571771556854e-19
3.3500000000000000888 5.2346663501149231306e-20 1.9991323370049415262e-06
3.3599999999999998757 7.2192175418131270712e-21 -7.2192175418131270712e-21
3.3700000000000001066 9.4905654171227220965e-22 -9.4905654171227220965e-22
3.3799999999999998934 1.1893059634638550545e-22 1.9991323370049940422e-06
3.3900000000000001243 1.4206708092231885089e-23 -1.4206708092231885089e-23
3.3999999999999999112 1.6176722826558883046e-24 -1.6176722826558883046e-24
3.4100000000000001421 1.755835413793040118e-25 1.9991323370049940422e-06
3.4199999999999999289 1.8166541134225297868e-26 -1.8166541134225297868e-26
3.4300000000000001599 1.791657289102486663e-27 1.9991323370049940422e-06
3.4399999999999999467 1.6843448409020350733e-28 -1.6843448409020350733e-28
3.4500000000000001776 1.5093836126556497695e-29 -1.5093836126556497695e-29
3.4599999999999999645 1.2893179276776169901e-30 -1.2893179276776169901e-30
3.4700000000000001954 1.0498117944922741223e-31 -1.0498117944922741223e-31
3.4799999999999999822 8.1480411501253456384e-33 -8.1480411501253456384e-33
3.4900000000000002132 6.0281584756385076283e-34 -6.0281584756385076283e-34
3.5 4.2511376388464860258e-35 -4.2511376388464860258e-35
3.5100000000000002309 2.8576835718423355114e-36 -2.8576835718423355114e-36
3.5200000000000000178 1.8310955847969511053e-37 -1.8310955847969511053e-37
3.5300000000000002487 1.1183951244827199448e-38 -1.1183951244827199448e-38
3.5400000000000000355 6.5112801370617203073e-40 -6.5112801370617203073e-40
3.5500000000000002665 3.6134652249487950201e-41 -3.6134652249487950201e-41
3.5600000000000000533 1.9114691934848269003e-42 1.9991323370049940422e-06
3.5700000000000002842 9.6382062043341852198e-44 1.9991323370049940422e-06
3.5800000000000000711 4.6324441702632544108e-45 -4.6324441702632544108e-45
3.5899999999999998579 2.1223101253144551483e-46 -2.1223101253144551483e-46
3.6000000000000000888 9.2681230175027858567e-48 -9.2681230175027858567e-48
3.6099999999999998757 3.8579683577365305668e-49 -3.8579683577365305668e-49
3.6200000000000001066 1.5307670791564198149e-50 -1.5307670791564198149e-50
3.6299999999999998934 5.7895234072663689585e-52 -5.7895234072663689585e-52
3.6400000000000001243 2.0871777883008508964e-53 -2.0871777883008508964e-53
3.6499999999999999112 7.172304170832128992e-55 1.9991323370049940422e-06
3.6600000000000001421 2.3493097796265275862e-56 -2.3493097796265275862e-56
3.6699999999999999289 7.335064305771743574e-58 -7.335064305771743574e-58
3.6800000000000001599 2.1829779414590123254e-59 -2.1829779414590123254e-59
3.6899999999999999467 6.1926465501826505704e-61 1.9991323370049940422e-06
3.7000000000000001776 1.6744975426727478241e-62 1.9991323370049940422e-06
3.7099999999999999645 4.3159238464478485002e-64 -4.3159238464478485002e-64
3.7200000000000001954 1.0603368113302336295e-65 -1.0603368113302336295e-65
3.7299999999999999822 2.483101608275891876e-67 -2.483101608275891876e-67
3.7400000000000002132 5.5427528918237949215e-69 1.9991323370049940422e-06
3.75 1.179333708675845903e-70 -1.179333708675845903e-70
3.7600000000000002309 2.3918166146838652856e-72 -2.3918166146838652856e-72
3.7700000000000000178 4.6237977127138577347e-74 -4.6237977127138577347e-74
3.7800000000000002487 8.5201917892619398167e-76 -8.5201917892619398167e-76
3.7900000000000000355 1.4965090114786236851e-77 -1.4965090114786236851e-77
3.8000000000000002665 2.5054662183933129062e-79 -2.5054662183933129062e-79
3.8100000000000000533 3.9983135713182415078e-81 -3.9983135713182415078e-81
3.8200000000000002842 6.0819672283178611656e-83 -6.0819672283178611656e-83
3.8300000000000000711 8.8184056217729103123e-85 -8.8184056217729103123e-85
3.8399999999999998579 1.2187501686675878748e-86 -1.2187501686675878748e-86
3.8500000000000000888 1.605527631312002563e-88 -1.605527631312002563e-88
3.8599999999999998757 2.0160403410468154532e-90 -2.0160403410468154532e-90
3.8700000000000001066 2.4130085211457658923e-92 1.9991323370049940422e-06
3.8799999999999998934 2.7529388578969230235e-94 -2.7529388578969230235e-94
3.8900000000000001243 2.9937271965959159554e-96 -2.9937271965959159554e-96
3.8999999999999999112 3.1031709669412904216e-98 -3.1031709669412904216e-98
3.9100000000000001421 3.0660334533805206942e-100 -3.0660334533805206942e-100
3.9199999999999999289 2.887524413338840534e-102 -2.887524413338840534e-102
3.9300000000000001599 2.5921009944671475974e-104 -2.5921009944671475974e-104
3.9399999999999999467 2.2179693609899163333e-106 -2.2179693609899163333e-106
3.9500000000000001776 1.808991104001136655e-108 -1.808991104001136655e-108
3.9599999999999999645 1.4063534488912811094e-110 -1.4063534488912811094e-110
3.9700000000000001954 1.0421484758416779299e-112 -1.0421484758416779299e-112
3.9799999999999999822 7.361082418380523786e-115 -7.361082418380523786e-115
3.9900000000000002132 4.9559924604865448627e-117 1.9991323370049940422e-06
4 3.1805071549326986182e-119 -3.1805071549326986182e-119
4.0099999999999997868 1.9455339410602057248e-121 -1.9455339410602057248e-121
4.0200000000000004619 1.1343781578339586143e-123 -1.1343781578339586143e-123
4.0300000000000002487 6.3045403013804623727e-126 -6.3045403013804623727e-126
4.0400000000000000355 3.3398382889773269684e-128 -3.3398382889773269684e-128
4.0499999999999998224 1.6864513553894667776e-130 -1.6864513553894667776e-130
4.0600000000000004974 8.1170549641136785927e-133 1.9991323370049940422e-06
4.0700000000000002842 3.7239116475868566737e-135 -3.7239116475868566737e-135
4.0800000000000000711 1.6284573587665094614e-137 1.9991323370049940422e-06
4.0899999999999998579 6.7878069691436169244e-140 3.9982646740099880844e-06
4.0999999999999996447 2.6968610844233267966e-142 3.9982646740099880844e-06
4.1100000000000003197 1.0213241537919952627e-144 -1.0213241537919952627e-144
4.1200000000000001066 3.6867568591778693703e-147 -3.6867568591778693703e-147
4.1299999999999998934 1.2685313206412958853e-149 -1.2685313206412958853e-149
4.1399999999999996803 4.1603860699605839007e-152 1.9991323370049940422e-06
4.1500000000000003553 1.300594020232622381e-154 -1.300594020232622381e-154
4.1600000000000001421 3.8754799400320496335e-157 -3.8754799400320496335e-157
4.1699999999999999289 1.1007401218047953951e-159 -1.1007401218047953951e-159
4.1799999999999997158 2.9800229367412221861e-162 1.9991323370049940422e-06
4.1900000000000003908 7.6900624783228597604e-165 -7.6900624783228597604e-165
4.2000000000000001776 1.8915399898663919534e-167 -1.8915399898663919534e-167
4.2099999999999999645 4.4348254528486029845e-170 -4.4348254528486029845e-170
4.2199999999999997513 9.9108939524701145184e-173 -9.9108939524701145184e-173
4.2300000000000004263 2.111175661165664175e-175 -2.111175661165664175e-175
4.2400000000000002132 4.2865817068476645682e-178 -4.2865817068476645682e-178
4.25 8.296081096332329535e-181 -8.296081096332329535e-181
4.2599999999999997868 1.5304176691482835356e-183 -1.5304176691482835356e-183
4.2700000000000004619 2.6910514906746590082e-186 -2.6910514906746590082e-186
4.2800000000000002487 4.5103376363138921483e-189 1.9991323370049940422e-06
4.2900000000000000355 7.2056151925044991565e-192 1.9991323370049940422e-06
4.2999999999999998224 1.0972560906248266587e-194 -1.0972560906248266587e-194
4.3100000000000004974 1.5926480573017473045e-197 3.9982646740099880844e-06
4.3200000000000002842 2.2034666031262800791e-200 -2.2034666031262800791e-200
4.3300000000000000711 2.9058147847772522683e-203 -2.9058147847772522683e-203
4.3399999999999998579 3.6526170910040405434e-206 -3.6526170910040405434e-206
4.3500000000000005329 4.3763806333432389052e-209 -4.3763806333432389052e-209
4.3600000000000003197 4.9980513460798520804e-212 1.9991323370049940422e-06
4.3700000000000001066 5.4407777767081639319e-215 -5.4407777767081639319e-215
4.3799999999999998934 5.6454150290604762454e-218 -5.6454150290604762454e-218
4.3899999999999996803 5.5834848189095261548e-221 1.9991323370049940422e-06
4.4000000000000003553 5.263678403160846497e-224 -5.263678403160846497e-224
4.4100000000000001421 4.729855400410014666e-227 -4.729855400410014666e-227
4.4199999999999999289 4.0511736248948764245e-230 -4.0511736248948764245e-230
4.4299999999999997158 3.3074119626053930753e-233 -3.3074119626053930753e-233
4.4400000000000003908 2.5737724097606823766e-236 -2.5737724097606823766e-236
4.4500000000000001776 1.909089855406858657e-239 -1.909089855406858657e-239
4.4599999999999999645 1.3497612280772320341e-242 1.9991323370049940422e-06
4.4699999999999997513 9.0962386925929151135e-246 -9.0962386925929151135e-246
4.4800000000000004263 5.8430693128734993035e-249 -5.8430693128734993035e-249
4.4900000000000002132 3.5776223109323962088e-252 -3.5776223109323962088e-252
4.5 2.0879600085617853785e-255 1.9991323370049940422e-06
4.5099999999999997868 1.161512982389364808e-258 -1.161512982389364808e-258
4.5200000000000004619 6.1588572685472060251e-262 -6.1588572685472060251e-262
4.5300000000000002487 3.11279387238796971e-265 -3.11279387238796971e-265
4.5400000000000000355 1.4995975164706044523e-268 -1.4995975164706044523e-268
4.5499999999999998224 6.8860974219246509371e-272 -6.8860974219246509371e-272
4.5600000000000004974 3.0140169346572873092e-275 -3.0140169346572873092e-275
4.5700000000000002842 1.2574544560150702995e-278 -1.2574544560150702995e-278
4.5800000000000000711 5.0004934949510880587e-282 1.9991323370049940422e-06
4.5899999999999998579 1.8954287842177226284e-285 -1.8954287842177226284e-285
4.6000000000000005329 6.8481940130797258723e-289 -6.8481940130797258723e-289
4.6100000000000003197 2.3584061345093501777e-292 -2.3584061345093501777e-292
4.6200000000000001066 7.741677391599536221e-296 -7.741677391599536221e-296
4.6299999999999998934 2.4222861988672989327e-299 -2.4222861988672989327e-299
4.6399999999999996803 7.2241994804422414088e-303 -7.2241994804422414088e-303
4.6500000000000003553 2.0536568239404345936e-306 1.9991323370049940422e-06
4.6600000000000001421 5.5646757437112424646e-310 -5.5646757437112424646e-310
4.6699999999999999289 1.4372280337132638748e-313 1.9991323370049940422e-06
4.6799999999999997158 3.5382234550159200163e-317 -3.5382234550159200163e-317
4.6900000000000003908 8.3052435065913544076e-321 -8.3052435065913544076e-321
4.7000000000000001776 0 0
4.7099999999999999645 0 0
4.7199999999999997513 0 1.9991323370049940422e-06
4.7300000000000004263 0 0
4.7400000000000002132 0 0
4.75 0 0
4.7599999999999997868 0 0
4.7700000000000004619 0 0
4.7800000000000002487 0 0
4.7900000000000000355 0 0
4.7999999999999998224 0 0
4.8100000000000004974 0 0
4.8200000000000002842 0 0
4.8300000000000000711 0 0
4.8399999999999998579 0 0
4.8500000000000005329 0 1.9991323370049940422e-06
4.8600000000000003197 0 0
4.8700000000000001066 0 0
4.8799999999999998934 0 0
4.8899999999999996803 0 1.9991323370049940422e-06
4.9000000000000003553 0 0
4.9100000000000001421 0 0
4.9199999999999999289 0 0
4.9299999999999997158 0 0
4.9400000000000003908 0 0
4.9500000000000001776 0 0
4.9599999999999999645 0 1.9991323370049940422e-06
4.9699999999999997513 0 0
4.9800000000000004263 0 0
4.9900000000000002132 0 1.9991323370049940422e-06
5 0 0
5.0099999999999997868 0 0
5.0200000000000004619 0 0
5.0300000000000002487 0 1.9991323370049940422e-06
5.0400000000000000355 0 1.9991323370049940422e-06
5.0499999999999998224 0 0
5.0600000000000004974 0 0
5.0700000000000002842 0 0
5.0800000000000000711 0 1.9991323370049940422e-06
5.0899999999999998579 0 0
5.1000000000000005329 0 0
5.1100000000000003197 0 0
5.1200000000000001066 0 3.9982646740099880844e-06
5.1299999999999998934 0 0
5.1399999999999996803 0 0
5.1500000000000003553 0 0
5.1600000000000001421 0 0
5.1699999999999999289 0 0
5.1799999999999997158 0 1.9991323370049940422e-06
5.1900000000000003908 0 0
5.2000000000000001776 0 3.9982646740099880844e-06
5.2099999999999999645 0 0
5.2199999999999997513 0 0
5.2300000000000004263 0 0
5.2400000000000002132 0 0
5.25 0 1.9991323370049940422e-06
5.2599999999999997868 0 0
5.2700000000000004619 0 0
5.2800000000000002487 0 0
5.2900000000000000355 0 3.9982646740099880844e-06
5.2999999999999998224 0 0
5.3100000000000004974 0 0
5.3200000000000002842 0 0
5.3300000000000000711 0 0
5.3399999999999998579 0 0
5.3500000000000005329 0 1.9991323370049940422e-06
5.3600000000000003197 0 0
5.3700000000000001066 0 0
5.3799999999999998934 0 0
5.3899999999999996803 0 0
5.4000000000000003553 0 1.9991323370049940422e-06
5.4100000000000001421 0 0
5.4199999999999999289 0 0
5.4299999999999997158 0 0
5.4400000000000003908 0 1.9991323370049940422e-06
5.4500000000000001776 0 0
5.4599999999999999645 0 0
5.4699999999999997513 0 1.9991323370049940422e-06
5.4800000000000004263 0 0
5.4900000000000002132 0 0
5.5 0 0
5.5099999999999997868 0 0
5.5200000000000004619 0 0
5.5300000000000002487 0 5.9973972383886584169e-06
5.5400000000000000355 0 0
5.5499999999999998224 0 3.9982646740099880844e-06
5.5600000000000004974 0 1.9991323370049940422e-06
5.5700000000000002842 0 0
5.5800000000000000711 0 0
5.5899999999999998579 0 0
5.6000000000000005329 0 0
5.6100000000000003197 0 0
5.6200000000000001066 0 0
5.6299999999999998934 0 1.9991323370049940422e-06
5.6399999999999996803 0 0
5.6500000000000003553 0 1.9991323370049940422e-06
5.6600000000000001421 0 0
5.6699999999999999289 0 0
5.6799999999999997158 0 1.9991323370049940422e-06
5.6900000000000003908 0 1.9991323370049940422e-06
5.7000000000000001776 0 0
5.7099999999999999645 0 3.9982646740099880844e-06
5.7199999999999997513 0 1.9991323370049940422e-06
5.7300000000000004263 0 3.9982646740099880844e-06
5.7400000000000002132 0 1.9991323370049940422e-06
5.75 0 3.9982646740099880844e-06
5.7599999999999997868 0 3.9982646740099880844e-06
5.7700000000000004619 0 1.3993926586408630351e-05
5.7800000000000002487 0 9.9956614576512947679e-06
5.7900000000000000355 0 1.1994794476777320222e-05
5.7999999999999998224 0 1.1994794476777320222e-05
5.8100000000000004974 0 1.7992191715165969322e-05
5.8200000000000002842 0 1.9991322915302589536e-05
5.8300000000000000711 0 2.5988720153691250494e-05
5.8399999999999998579 0 1.7992191715165969322e-05
5.8500000000000005329 0 1.9991322915302589536e-05
5.8600000000000003197 0 2.1990455934428609908e-05
5.8700000000000001066 0 2.398958895355463028e-05
5.8799999999999998934 0 2.398958895355463028e-05
5.8899999999999996803 0 2.7987853172817270866e-05
5.9000000000000003553 0 2.1990455934428609908e-05
5.9100000000000001421 0 2.1990455934428609908e-05
5.9199999999999999289 0 2.398958895355463028e-05
5.9299999999999997158 0 1.7992191715165969322e-05
5.9400000000000003908 0 9.9956614576512947679e-06
5.9500000000000001776 0 1.599305869603994895e-05
5.9599999999999999645 0 3.9982646740099880844e-06
5.9699999999999997513 0 9.9956614576512947679e-06
5.9800000000000004263 0 1.3993926586408630351e-05
5.9900000000000002132 0 5.9973972383886584169e-06
6 0 0
6.0099999999999997868 0 0
6.0200000000000004619 0 1.9991323370049940422e-06
6.0300000000000002487 0 0
6.0400000000000000355 0 1.9991323370049940422e-06
6.0499999999999998224 0 1.9991323370049940422e-06
6.0600000000000004974 0 0
6.0700000000000002842 0 0
6.0800000000000000711 0 0
6.0899999999999998579 0 0
6.1000000000000005329 0 0
6.1100000000000003197 0 0
6.1200000000000001066 0 0
6.1299999999999998934 0 0
6.1400000000000005684 0 0
6.1500000000000003553 0 0
6.1600000000000001421 0 0
6.1699999999999999289 0 0
6.1799999999999997158 0 0
6.1900000000000003908 0 0
6.2000000000000001776 0 0
6.2099999999999999645 0 0
6.2199999999999997513 0 0
6.2300000000000004263 0 0
6.2400000000000002132 0 0
6.25 0 0
6.2599999999999997868 0 0
6.2700000000000004619 0 0
6.2800000000000002487 0 0
6.2900000000000000355 0 0
6.2999999999999998224 0 0
6.3100000000000004974 0 0
6.3200000000000002842 0 0
6.3300000000000000711 0 0
6.3399999999999998579 0 0
6.3500000000000005329 0 0
6.3600000000000003197 0 0
6.3700000000000001066 0 0
6.3799999999999998934 0 0
6.3900000000000005684 0 0
6.4000000000000003553 0 0
6.4100000000000001421 0 0
6.4199999999999999289 0 0
6.4299999999999997158 0 0
6.4400000000000003908 0 0
6.4500000000000001776 0 0
6.4599999999999999645 0 0
6.4699999999999997513 0 0
6.4800000000000004263 0 0
6.4900000000000002132 0 0
6.5 0 0
6.5099999999999997868 0 0
6.5200000000000004619 0 0
6.5300000000000002487 0 0
6.5400000000000000355 0 0
6.5499999999999998224 0 0
6.5600000000000004974 0 0
6.5700000000000002842 0 0
6.5800000000000000711 0 0
6.5899999999999998579 0 0
6.6000000000000005329 0 0
6.6100000000000003197 0 0
6.6200000000000001066 0 0
6.6299999999999998934 0 0
6.6400000000000005684 0 0
6.6500000000000003553 0 0
6.6600000000000001421 0 0
6.6699999999999999289 0 0
6.6799999999999997158 0 0
6.6900000000000003908 0 0
6.7000000000000001776 0 0
6.7099999999999999645 0 0
6.7199999999999997513 0 0
6.7300000000000004263 0 0
6.7400000000000002132 0 0
6.75 0 0
6.7599999999999997868 0 0
6.7700000000000004619 0 0
6.7800000000000002487 0 0
6.7900000000000000355 0 0
6.7999999999999998224 0 0
6.8100000000000004974 0 0
6.8200000000000002842 0 0
6.8300000000000000711 0 0
6.8399999999999998579 0 0
6.8500000000000005329 0 0
6.8600000000000003197 0 0
6.8700000000000001066 0 0
6.8799999999999998934 0 0
6.8900000000000005684 0 0
6.9000000000000003553 0 0
6.9100000000000001421 0 0
6.9199999999999999289 0 0
6.9299999999999997158 0 0
6.9400000000000003908 0 0
6.9500000000000001776 0 0
6.9599999999999999645 0 0
6.9699999999999997513 0 0
6.9800000000000004263 0 0
6.9900000000000002132 0 0
7 0 0
7.0099999999999997868 0 0
7.0200000000000004619 0 0
7.0300000000000002487 0 0
7.0400000000000000355 0 0
7.0499999999999998224 0 0
7.0600000000000004974 0 0
7.0700000000000002842 0 0
7.0800000000000000711 0 0
7.0899999999999998579 0 0
7.1000000000000005329 0 0
7.1100000000000003197 0 0
7.1200000000000001066 0 0
7.1299999999999998934 0 0
7.1400000000000005684 0 0
7.1500000000000003553 0 0
7.1600000000000001421 0 0
7.1699999999999999289 0 0
7.1799999999999997158 0 0
7.1900000000000003908 0 0
7.2000000000000001776 0 0
7.2099999999999999645 0 0
7.2199999999999997513 0 0
7.2300000000000004263 0 0
7.2400000000000002132 0 0
7.25 0 0
7.2599999999999997868 0 0
7.2700000000000004619 0 0
7.2800000000000002487 0 0
7.2900000000000000355 0 0
7.2999999999999998224 0 0
7.3100000000000004974 0 0
7.3200000000000002842 0 0
7.3300000000000000711 0 0
7.3399999999999998579 0 0
7.3500000000000005329 0 0
7.3600000000000003197 0 0
7.3700000000000001066 0 0
7.3799999999999998934 0 0
7.3900000000000005684 0 0
7.4000000000000003553 0 0
7.4100000000000001421 0 0
7.4199999999999999289 0 0
7.4299999999999997158 0 0
7.4400000000000003908 0 0
7.4500000000000001776 0 0
7.4599999999999999645 0 0
7.4699999999999997513 0 0
7.4800000000000004263 0 0
7.4900000000000002132 0 0
7.5 0 0
7.5099999999999997868 0 0
7.5200000000000004619 0 0
7.5300000000000002487 0 0
7.5400000000000000355 0 0
7.5499999999999998224 0 0
7.5600000000000004974 0 0
7.5700000000000002842 0 0
7.5800000000000000711 0 0
7.5899999999999998579 0 0
7.6000000000000005329 0 0
7.6100000000000003197 0 0
7.6200000000000001066 0 0
7.6299999999999998934 0 0
7.6400000000000005684 0 0
7.6500000000000003553 0 0
7.6600000000000001421 0 0
7.6699999999999999289 0 0
7.6799999999999997158 0 0
7.6900000000000003908 0 0
7.7000000000000001776 0 0
7.7099999999999999645 0 0
7.7199999999999997513 0 0
7.7300000000000004263 0 0
7.7400000000000002132 0 0
7.75 0 0
7.7599999999999997868 0 0
7.7700000000000004619 0 0
7.7800000000000002487 0 0
7.7900000000000000355 0 0
7.7999999999999998224 0 0
7.8100000000000004974 0 0
7.8200000000000002842 0 0
7.8300000000000000711 0 0
7.8399999999999998579 0 0
7.8500000000000005329 0 0
7.8600000000000003197 0 0
7.8700000000000001066 0 0
7.8799999999999998934 0 0
7.8900000000000005684 0 0
7.9000000000000003553 0 0
7.9100000000000001421 0 0
7.9199999999999999289 0 0
7.930000000000000604 0 0
7.9400000000000003908 0 0
7.9500000000000001776 0 0
7.9599999999999999645 0 0
7.9699999999999997513 0 0
7.9800000000000004263 0 0
7.9900000000000002132 0 0
8 0 0
8.0099999999999997868 0 0
8.0199999999999995737 0 0
8.0299999999999993605 0 0
8.0400000000000009237 0 0
8.0500000000000007105 0 0
8.0600000000000004974 0 0
8.0700000000000002842 0 0
8.0800000000000000711 0 0
8.0899999999999998579 0 0
8.0999999999999996447 0 0
8.1099999999999994316 0 0
8.1200000000000009948 0 0
8.1300000000000007816 0 0
8.1400000000000005684 0 0
8.1500000000000003553 0 0
8.1600000000000001421 0 0
8.1699999999999999289 0 0
8.1799999999999997158 0 0
8.1899999999999995026 0 0
8.1999999999999992895 0 0
8.2100000000000008527 0 0
8.2200000000000006395 0 0
8.2300000000000004263 0 0
8.2400000000000002132 0 0
8.25 0 0
8.2599999999999997868 0 0
8.2699999999999995737 0 0
8.2799999999999993605 0 0
8.2900000000000009237 0 0
8.3000000000000007105 0 0
8.3100000000000004974 0 0
8.3200000000000002842 0 0
8.3300000000000000711 0 0
8.3399999999999998579 0 0
8.3499999999999996447 0 0
8.3599999999999994316 0 0
8.3700000000000009948 0 0
8.3800000000000007816 0 0
8.3900000000000005684 0 0
8.4000000000000003553 0 0
8.4100000000000001421 0 0
8.4199999999999999289 0 0
8.4299999999999997158 0 0
8.4399999999999995026 0 0
8.4499999999999992895 0 0
8.4600000000000008527 0 0
8.4700000000000006395 0 0
8.4800000000000004263 0 0
8.4900000000000002132 0 0
8.5 0 0
8.5099999999999997868 0 0
8.5199999999999995737 0 0
8.5299999999999993605 0 0
8.5400000000000009237 0 0
8.5500000000000007105 0 0
8.5600000000000004974 0 0
8.5700000000000002842 0 0
8.5800000000000000711 0 0
8.5899999999999998579 0 0
8.5999999999999996447 0 0
8.6099999999999994316 0 0
8.6200000000000009948 0 0
8.6300000000000007816 0 0
8.6400000000000005684 0 0
8.6500000000000003553 0 0
8.6600000000000001421 0 0
8.6699999999999999289 0 0
8.6799999999999997158 0 0
8.6899999999999995026 0 0
8.7000000000000010658 0 0
8.7100000000000008527 0 0
8.7200000000000006395 0 0
8.7300000000000004263 0 0
8.7400000000000002132 0 0
8.75 0 0
8.7599999999999997868 0 0
8.7699999999999995737 0 0
8.7799999999999993605 0 0
8.7900000000000009237 0 0
8.8000000000000007105 0 0
8.8100000000000004974 0 0
8.8200000000000002842 0 0
8.8300000000000000711 0 0
8.8399999999999998579 0 0
8.8499999999999996447 0 0
8.8599999999999994316 0 0
8.8700000000000009948 0 0
8.8800000000000007816 0 0
8.8900000000000005684 0 0
8.9000000000000003553 0 0
8.9100000000000001421 0 0
8.9199999999999999289 0 0
8.9299999999999997158 0 0
8.9399999999999995026 0 0
8.9500000000000010658 0 0
8.9600000000000008527 0 0
8.9700000000000006395 0 0
8.9800000000000004263 0 0
8.9900000000000002132 0 0
9 0 0
9.0099999999999997868 0 0
9.0199999999999995737 0 0
9.0299999999999993605 0 0
9.0400000000000009237 0 0
9.0500000000000007105 0 0
9.0600000000000004974 0 0
9.0700000000000002842 0 0
9.0800000000000000711 0 0
9.0899999999999998579 0 0
9.0999999999999996447 0 0
9.1099999999999994316 0 0
9.1200000000000009948 0 0
9.1300000000000007816 0 0
9.1400000000000005684 0 0
9.1500000000000003553 0 0
9.1600000000000001421 0 0
9.1699999999999999289 0 0
9.1799999999999997158 0 0
9.1899999999999995026 0 0
9.2000000000000010658 0 0
9.2100000000000008527 0 0
9.2200000000000006395 0 0
9.2300000000000004263 0 0
9.2400000000000002132 0 0
9.25 0 0
9.2599999999999997868 0 0
9.2699999999999995737 0 0
9.2799999999999993605 0 0
9.2900000000000009237 0 0
9.3000000000000007105 0 0
9.3100000000000004974 0 0
9.3200000000000002842 0 0
9.3300000000000000711 0 0
9.3399999999999998579 0 0
9.3499999999999996447 0 0
9.3599999999999994316 0 0
9.3700000000000009948 0 0
9.3800000000000007816 0 0
9.3900000000000005684 0 0
9.4000000000000003553 0 0
9.4100000000000001421 0 0
9.4199999999999999289 0 0
9.4299999999999997158 0 0
9.4399999999999995026 0 0
9.4500000000000010658 0 0
9.4600000000000008527 0 0
9.4700000000000006395 0 0
9.4800000000000004263 0 0
9.4900000000000002132 0 0
9.5 0 0
9.5099999999999997868 0 0
9.5199999999999995737 0 0
9.5299999999999993605 0 0
9.5400000000000009237 0 0
9.5500000000000007105 0 0
9.5600000000000004974 0 0
9.5700000000000002842 0 0
9.5800000000000000711 0 0
9.5899999999999998579 0 0
9.5999999999999996447 0 0
9.6099999999999994316 0 0
9.6200000000000009948 0 0
9.6300000000000007816 0 0
9.6400000000000005684 0 0
9.6500000000000003553 0 0
9.6600000000000001421 0 0
9.6699999999999999289 0 0
9.6799999999999997158 0 0
9.6899999999999995026 0 0
9.7000000000000010658 0 0
9.7100000000000008527 0 0
9.7200000000000006395 0 0
9.7300000000000004263 0 0
9.7400000000000002132 0 0
9.75 0 0
9.7599999999999997868 0 0
9.7699999999999995737 0 0
9.7799999999999993605 0 0
9.7900000000000009237 0 0
9.8000000000000007105 0 0
9.8100000000000004974 0 0
9.8200000000000002842 0 0
9.8300000000000000711 0 0
9.8399999999999998579 0 0
9.8499999999999996447 0 0
9.8599999999999994316 0 0
9.8700000000000009948 0 0
9.8800000000000007816 0 0
9.8900000000000005684 0 0
9.9000000000000003553 0 0
9.9100000000000001421 0 0
9.9199999999999999289 0 0
9.9299999999999997158 0 0
9.9399999999999995026 0 0
9.9500000000000010658 0 0
9.9600000000000008527 0 0
9.9700000000000006395 0 0
9.9800000000000004263 0 0
9.9900000000000002132 0 0
10 0 0
10.009999999999999787 0 0
10.019999999999999574 0 0
10.029999999999999361 0 0
10.040000000000000924 0 0
10.050000000000000711 0 0
10.060000000000000497 0 0
10.070000000000000284 0 0
10.080000000000000071 0 0
10.089999999999999858 0 0
10.099999999999999645 0 0
10.109999999999999432 0 0
10.120000000000000995 0 0
10.130000000000000782 0 0
10.140000000000000568 0 0
10.150000000000000355 0 0
10.160000000000000142 0 0
10.169999999999999929 0 0
10.179999999999999716 0 0
10.189999999999999503 0 0
10.200000000000001066 0 0
10.210000000000000853 0 0
10.220000000000000639 0 0
10.230000000000000426 0 0
