0 1.792225902823105511e-64 -1.792225902823105511e-64
0.010000000000000000208 8.1775432808845044731e-63 -8.1775432808845044731e-63
0.020000000000000000416 3.5380138832299792594e-61 -3.5380138832299792594e-61
0.02999999999999999889 1.45145962089334148e-59 -1.45145962089334148e-59
0.040000000000000000833 5.6462666588514615842e-58 -5.6462666588514615842e-58
0.050000000000000002776 2.0827213369537545602e-56 -2.0827213369537545602e-56
0.05999999999999999778 7.2847853502556224634e-55 -7.2847853502556224634e-55
0.070000000000000006661 2.4161324102524826708e-53 -2.4161324102524826708e-53
0.080000000000000001665 7.5988130956623897373e-52 -7.5988130956623897373e-52
0.089999999999999996669 2.2661813361322348535e-50 -2.2661813361322348535e-50
0.10000000000000000555 6.4087060707116776995e-49 -6.4087060707116776995e-49
0.11000000000000000056 1.7186044052235673517e-47 -1.7186044052235673517e-47
0.11999999999999999556 4.3703335056440723742e-46 -4.3703335056440723742e-46
0.13000000000000000444 1.0538764681149215751e-44 -1.0538764681149215751e-44
0.14000000000000001332 2.4099323208605978615e-43 -2.4099323208605978615e-43
0.14999999999999999445 5.2259315556108699574e-42 0.00020384915114846080542
0.16000000000000000333 1.0746578892012114484e-40 0.00017387133266311138868
0.17000000000000001221 2.0956970436686822458e-39 0.00014389351417776199906
0.17999999999999999334 3.8756348792242815526e-38 0.00012990387040190398693
0.19000000000000000222 6.7970092045580058912e-37 0.00015388612519018349321
0.2000000000000000111 1.1304681169177864836e-35 0.00014389351417776199906
0.20999999999999999223 1.7830737803686424695e-34 0.00017986689636018129913
0.22000000000000000111 2.6672038487232511824e-33 0.0001378979504806920886
0.23000000000000000999 3.7837695418252888463e-32 0.00015388612519018349321
0.23999999999999999112 5.0907377200886671006e-31 0.00016387873620260509579
0.25 6.495771041798638444e-30 0.00016787576896604150534
0.26000000000000000888 7.8610649940116100688e-29 0.00015788317250553521244
0.27000000000000001776 9.0227708127762605275e-28 0.00016188020526897159489
0.28000000000000002665 9.8223170522754160418e-27 0.00018985950737260279329
0.28999999999999998002 1.0141718898803813922e-25 0.00016587725258432328701
0.2999999999999999889 9.9321080578296104426e-25 0.00013589943409897389738
0.30999999999999999778 9.2259857511643032316e-24 0.00016587725258432328701
0.32000000000000000666 8.1289689308430512185e-23 0.00013190238678362220526
0.33000000000000001554 6.7939139821111541713e-22 0.00017187281628139319746
0.34000000000000002442 5.3861424206945719047e-21 0.00015788317250553521244
0.35000000000000003331 4.0506150517089342155e-20 0.00013589943409897387028
0.35999999999999998668 2.8897649164870455261e-19 0.00018586246005725091143
0.36999999999999999556 1.9557642930392223004e-18 0.00014589204511139343997
0.38000000000000000444 1.2557353679363600884e-17 0.00017187281628138064782
0.39000000000000001332 7.6493359143932593334e-17 0.00016987429989959851578
0.4000000000000000222 4.4209037705490040224e-16 0.00019385654013559722782
0.41000000000000003109 2.4242608088757200971e-15 0.00018386394367310866099
0.41999999999999998446 1.2613902376469715401e-14 0.00016587725257170938078
0.42999999999999999334 6.2279367330994002029e-14 0.00017986689629790193453
0.44000000000000000222 2.9180206161002192727e-13 0.0001858624597654491453
0.4500000000000000111 1.2975052507180447492e-12 0.00017986689506267603727
0.46000000000000001998 5.4756576225073921552e-12 0.00018186540726624185688
0.47000000000000002887 2.1933229537524132803e-11 0.00019785356551816135682
0.47999999999999998224 8.339578618536578702e-11 0.00020384906775267462478
0.48999999999999999112 3.0102373197102812232e-10 0.00020784589744008051472
0.5 1.0316126648956746362e-09 0.00015788214089287031829
0.51000000000000000888 3.3569202273362588272e-09 0.00020984135792530335418
0.52000000000000001776 1.0373577961887769343e-08 0.000203838777570498924
0.53000000000000002665 3.0446725666815460851e-08 0.00017583940231916280177
0.54000000000000003553 8.4887909322224872055e-08 0.00018777608852964716756
0.55000000000000004441 2.2486493882336849672e-07 0.00019962723889428574662
0.56000000000000005329 5.6605137088706622211e-07 0.00018729492506808234306
0.57000000000000006217 1.3544015656441145224e-06 0.00021248736059523829389
0.57999999999999996003 3.0811273167784402329e-06 0.00023274435869874996255
0.58999999999999996891 6.666098868570952013e-06 0.0002231638234498876678
0.5999999999999999778 1.3720887678818521587e-05 0.00018213418339085418046
0.60999999999999998668 2.6878938318353814697e-05 0.00017896872921182517178
0.61999999999999999556 5.0137126339575077488e-05 0.0001657031522030255285
0.63000000000000000444 8.90951762246952638e-05 0.00012274805500255364329
0.64000000000000001332 0.00015092617281772699152 0.00010288600428901109899
0.6500000000000000222 0.00024389580993812516227 1.1914898102246320724e-05
0.66000000000000003109 0.00037630655547492622686 -8.4522465252135443783e-05
0.67000000000000003997 0.00055489404027961623453 -0.00021914250234753322386
0.68000000000000004885 0.00078292366230386413462 -0.00050313069947521306402
0.69000000000000005773 0.0010584516785596025708 -0.00069671935490560658009
0.70000000000000006661 0.001373321507462871684 -0.0010255788421366489067
0.70999999999999996447 0.0017133743053552915464 -0.0013136700976890732656
0.71999999999999997335 0.0020600483314055810166 -0.0017262952953033009959
0.72999999999999998224 0.0023931117938586986792 -0.0020173898409807599318
0.73999999999999999112 0.0026938837169493048268 -0.0022542090652334003525
0.75 0.0029481143946980844887 -0.0025324219977704595479
0.76000000000000000888 0.0031478055172761009069 -0.002740107214979179296
0.77000000000000001776 0.0032916051638589940466 -0.0029098876472839854158
0.78000000000000002665 0.0033838631142913493631 -0.0029481855244427117822
0.79000000000000003553 0.0034327972926128731863 -0.0030310945540130214589
0.80000000000000004441 0.0034483804117444176625 -0.003054671767775269265
0.81000000000000005329 0.0034404895047377773154 -0.0030287941696774192679
0.82000000000000006217 0.0034176451204758462842 -0.0030339290729672042067
0.83000000000000007105 0.0033864157164353427334 -0.0029707233195077177926
0.83999999999999996891 0.0033513709897112554416 -0.0029696534731362468108
0.8499999999999999778 0.0033153779104781360212 -0.0028697076950651616636
0.85999999999999998668 0.0032800357261556262363 -0.0029123078388045603622
0.86999999999999999556 0.0032461029877408299413 -0.0028184194634190652337
0.88000000000000000444 0.0032138398639293243655 -0.0027501829574251403579
0.89000000000000001332 0.0031832455740800087024 -0.0027335783259035979081
0.9000000000000000222 0.00315420394073275814 -0.0027425086056724000926
0.91000000000000003109 0.0031265624692723976812 -0.0026609070609384106836
0.92000000000000003997 0.0031001697601769841357 -0.0026544995447640097781
0.93000000000000004885 0.0030748899276199915913 -0.0026132315520494410303
0.94000000000000005773 0.0030506058963064484023 -0.0026029371790636710547
0.95000000000000006661 0.0030272181493948648913 -0.002559564210127244447
0.95999999999999996447 0.0030046421127163168256 -0.0025349896425150629346
0.96999999999999997335 0.0029828054973067888965 -0.0024591929538319060554
0.97999999999999998224 0.0029616460292345731659 -0.0025239699084523021383
0.98999999999999999112 0.0029411096277920639047 -0.0024774527212878798971
1 0.0029211489716329877564 -0.0023855453007639651486
1.0100000000000000089 0.0029017223702859354026 -0.0024100862053338658816
1.0200000000000000178 0.0028827928686869265518 -0.0024051463329587997875
1.0300000000000000266 0.0028643275288213151421 -0.0022867549120728033508
1.0400000000000000355 0.0028462968470247956843 -0.0023126917361932369799
1.0500000000000000444 0.002828674276432966133 -0.0022890736019043375453
1.0600000000000000533 0.0028114358319596909584 -0.0023217981688374244274
1.0700000000000000622 0.0027945597608433673208 -0.0022089930785679826562
1.0800000000000000711 0.0027780262659486349222 -0.0022464196569468792078
1.0900000000000000799 0.0027618172722836944674 -0.0022202180377176019763
1.1000000000000000888 0.002745916230372579675 -0.0021943244284498113206
1.1100000000000000977 0.002730307954685333785 -0.0020927797009661231603
1.1200000000000001066 0.0027149785046521770875 -0.0020994340038914430062
1.1300000000000001155 0.0026999151376085918363 -0.002046398752835635465
1.1400000000000001243 0.0026851064140049805094 -0.0020695619132442464282
1.1500000000000001332 0.0026705426482528191873 -0.0019710602557331067392
1.1599999999999999201 0.0026562171321434170819 -0.0019207613574412853337
1.1699999999999999289 0.0026421290037634439889 -0.0019266584801899857941
1.1799999999999999378 0.0026282894172822961892 -0.0017749209286762306775
1.1899999999999999467 0.0026147339255243877594 -0.0017773535679720679943
1.1999999999999999556 0.0026015458390330234266 -0.0016202720109586873747
1.2099999999999999645 0.0025888978871809581982 -0.0016795707652637998329
1.2199999999999999734 0.0025771230805136588482 -0.0015518817465223699262
1.2299999999999999822 0.0025668313857421564197 -0.0014196802759796664072
1.2399999999999999911 0.0025591000172763356604 -0.0012640583751245626845
1.25 0.0025557895600497055472 -0.0010509031302928255238
1.2600000000000000089 0.002560089966063410459 -0.00088133224729916451526
1.2700000000000000178 0.0025774994616844615174 -0.00064293106398367449311
1.2800000000000000266 0.0026176015201665389642 -0.00041722970154955312319
1.2900000000000000355 0.0026972178910386755864 -3.5187842370290600691e-05
1.3000000000000000444 0.0028456962633217463415 0.00018006461083043762486
1.3100000000000000533 0.0031130392746256917158 0.00050828096557387417165
1.3200000000000000622 0.003580969998476526972 0.00042806308916447377566
1.3300000000000000711 0.0043754988794601342925 0.00059682163620229742446
1.3400000000000000799 0.0056769786156987810805 0.00043649750423673232963
1.3500000000000000888 0.0077205037989357830699 0.00035951674797736390271
1.3600000000000000977 0.010777284692263857172 -3.5234096682327381567e-05
1.3700000000000001066 0.015108589053964777485 -0.00016164963028446679982
1.3800000000000001155 0.020890197483238517884 1.0336982670482858238e-05
1.3900000000000001243 0.028117463103761539817 0.0013067628077365299466
1.4000000000000001332 0.036515958886737878708 0.003440472949151944515
1.4099999999999999201 0.045493598829323342314 0.0053128043307718655908
1.4199999999999999289 0.054168950802191688509 0.0077911987542067032142
1.4299999999999999378 0.061492410012090464866 0.0096429470101949965599
1.4399999999999999467 0.066444971129265853471 0.0099484990388478550249
1.4499999999999999556 0.068265376353385726071 0.0075485206006738747586
1.4599999999999999645 0.06663664277012285031 0.0055839136678463574537
1.4699999999999999734 0.061769432341121144336 0.0019793967256322431147
1.4799999999999999822 0.054352614605083629518 -0.0018254849549676627207
1.4899999999999999911 0.045387481348316542629 -0.0058147655890392058176
1.5 0.035961143699463508916 -0.0079218931766115684157
1.5100000000000000089 0.027030065440430080248 -0.0079961510085004919302
1.5200000000000000178 0.019271995645207623538 -0.0074587378243033738284
1.5300000000000000266 0.013032666186413098541 -0.0059519058676271927033
1.5400000000000000355 0.0083586497823307098765 -0.0044775217431196751017
1.5500000000000000444 0.0050840610886490646136 -0.0030055991622186008227
1.5600000000000000533 0.0029324957383343383532 -0.0018832721495547692474
1.5700000000000000622 0.0016039834482054835928 -0.0011403265417012995852
1.5800000000000000711 0.00083192646655038846818 -0.00061009062431071790431
1.5900000000000000799 0.00040914900925574616223 -0.0003431978158639350596
1.6000000000000000888 0.0001908008434996301449 -0.00015083042127781679399
1.6100000000000000977 8.4367164136117214529e-05 -5.6387869308443630306e-05
1.6200000000000001066 3.5371566950672373949e-05 -2.3380440466027315805e-05
1.6300000000000001155 1.4061028804740124276e-05 -8.0654655624175918157e-06
1.6400000000000001243 5.2997684347890943181e-06 -5.2997684347890943181e-06
1.6500000000000001332 1.8939538263853246026e-06 2.1030884867454806663e-06
1.6600000000000001421 6.4172775028088132053e-07 -6.4172775028088132053e-07
1.6699999999999999289 2.0615690996134941227e-07 -2.0615690996134941227e-07
1.6799999999999999378 6.2792490291170316642e-08 -6.2792490291170316642e-08
1.6899999999999999467 1.8133334645350013401e-08 -1.8133334645350013401e-08
1.6999999999999999556 4.9648429040911166968e-09 1.9935563136613117469e-06
1.7099999999999999645 1.2888107906486872603e-09 -1.2888107906486872603e-09
1.7199999999999999734 3.1719533902658008378e-10 1.9982039612263763923e-06
1.7299999999999999822 7.4014491403449187652e-11 -7.4014491403449187652e-11
1.7399999999999999911 1.637410452355216984e-11 1.9985047824608792997e-06
1.75 3.4343760242759967198e-12 -3.4343760242759967198e-12
1.7600000000000000089 6.8294603501513809813e-13 -6.8294603501513809813e-13
1.7700000000000000178 1.287573630841815056e-13 -1.287573630841815056e-13
1.7800000000000000266 2.3014623824016815185e-14 -2.3014623824016815185e-14
1.7900000000000000355 3.9001460827260713589e-15 -3.9001460827260713589e-15
1.8000000000000000444 6.2661703416517064665e-16 1.9985211559387858713e-06
1.8100000000000000533 9.5448049906075628664e-17 3.9970423130353573612e-06
1.8200000000000000622 1.3783983240082409196e-17 1.9985211565516188673e-06
1.8300000000000000711 1.8872287984464196244e-18 -1.8872287984464196244e-18
1.8400000000000000799 2.4497168790666203336e-19 -2.4497168790666203336e-19
1.8500000000000000888 3.0147283062428969531e-20 1.9985211565653729883e-06
1.8600000000000000977 3.5173928167720696756e-21 -3.5173928167720696756e-21
1.8700000000000001066 3.8907513574801002269e-22 1.9985211565654026344e-06
1.8800000000000001155 4.0802383239405699541e-23 1.998521156565403058e-06
1.8900000000000001243 4.0567346203812558187e-24 -4.0567346203812558187e-24
1.9000000000000001332 3.8238977948613085687e-25 -3.8238977948613085687e-25
1.9100000000000001421 3.4172297958581269285e-26 1.998521156565403058e-06
1.9199999999999999289 2.8952093238106544341e-27 -2.8952093238106544341e-27
1.9299999999999999378 2.3255372231312561958e-28 -2.3255372231312561958e-28
1.9399999999999999467 1.7709400144832499039e-29 1.998521156565403058e-06
1.9499999999999999556 1.278560669598599156e-30 -1.278560669598599156e-30
1.9599999999999999645 8.75135873967472994e-32 1.998521156565403058e-06
1.9699999999999999734 5.6789236216253889843e-33 -5.6789236216253889843e-33
1.9799999999999999822 3.4937571621855977158e-34 -3.4937571621855977158e-34
1.9899999999999999911 2.0377707152954490917e-35 -2.0377707152954490917e-35
2 1.1268175699036766899e-36 -1.1268175699036766899e-36
2.0100000000000002309 5.9072776832760184547e-38 1.998521156565403058e-06
2.0200000000000000178 2.9360026719796825629e-39 -2.9360026719796825629e-39
2.0300000000000002487 1.3834408730407326091e-40 -1.3834408730407326091e-40
2.0400000000000000355 6.1801593830612967195e-42 1.998521156565403058e-06
2.0499999999999998224 2.6174204738705917839e-43 -2.6174204738705917839e-43
2.0600000000000000533 1.050949626140328822e-44 -1.050949626140328822e-44
2.0699999999999998401 4.0005963642926053565e-46 -4.0005963642926053565e-46
2.0800000000000000711 1.4437827750779691393e-47 -1.4437827750779691393e-47
2.0899999999999998579 4.9398427122933000626e-49 -4.9398427122933000626e-49
2.1000000000000000888 1.6023537336981295061e-50 -1.6023537336981295061e-50
2.1099999999999998757 4.9276239335984515708e-52 -4.9276239335984515708e-52
2.1200000000000001066 1.4366483452435227823e-53 3.9970423131308052689e-06
2.1299999999999998934 3.9709739980714051812e-55 1.998521156565403058e-06
2.1400000000000001243 1.0405839992019724246e-56 -1.0405839992019724246e-56
2.1499999999999999112 2.5851793077377812666e-58 -2.5851793077377812666e-58
2.1600000000000001421 6.0888815232620278447e-60 -6.0888815232620278447e-60
2.1699999999999999289 1.3596201847096864324e-61 -1.3596201847096864324e-61
2.1800000000000001599 2.878265263306718439e-63 -2.878265263306718439e-63
2.1899999999999999467 5.7766635332030391998e-65 -5.7766635332030391998e-65
2.2000000000000001776 1.0991482808780507429e-66 1.998521156565403058e-06
2.2099999999999999645 1.9827518827343454778e-68 -1.9827518827343454778e-68
2.2200000000000001954 3.3908864771929368218e-70 1.998521156565403058e-06
2.2299999999999999822 5.4978241722455797205e-72 -5.4978241722455797205e-72
2.2400000000000002132 8.450863464736158864e-74 -8.450863464736158864e-74
2.25 1.2315268798180645848e-75 -1.2315268798180645848e-75
2.2600000000000002309 1.7014500682329484086e-77 -1.7014500682329484086e-77
2.2700000000000000178 2.2285734827250292418e-79 1.998521156565403058e-06
2.2800000000000002487 2.7673690656460032894e-81 -2.7673690656460032894e-81
2.2900000000000000355 3.2579132589325787187e-83 -3.2579132589325787187e-83
2.3000000000000002665 3.6361702140500641861e-85 -3.6361702140500641861e-85
2.3100000000000000533 3.8475217906671895316e-87 1.998521156565403058e-06
2.3199999999999998401 3.8596694431286475576e-89 1.998521156565403058e-06
2.3300000000000000711 3.6707196949395895985e-91 -3.6707196949395895985e-91
2.3399999999999998579 3.3096675183748979609e-93 1.998521156565403058e-06
2.3500000000000000888 2.8291078193382220397e-95 3.9970423131308052689e-06
2.3599999999999998757 2.292696498734241383e-97 -2.292696498734241383e-97
2.3700000000000001066 1.7614711203329671254e-99 1.998521156565403058e-06
2.3799999999999998934 1.2830285853779741674e-101 -1.2830285853779741674e-101
2.3900000000000001243 8.8599024369817898679e-104 -8.8599024369817898679e-104
2.3999999999999999112 5.8003380636231608331e-106 -5.8003380636231608331e-106
2.4100000000000001421 3.6000571251179928849e-108 -3.6000571251179928849e-108
2.4199999999999999289 2.1183472672639641137e-110 -2.1183472672639641137e-110
2.4300000000000001599 1.1817253776642987084e-112 -1.1817253776642987084e-112
2.4399999999999999467 6.2498208807268610294e-115 -6.2498208807268610294e-115
2.4500000000000001776 3.133647533356723251e-117 -3.133647533356723251e-117
2.4599999999999999645 1.4895814446887384896e-119 -1.4895814446887384896e-119
2.4700000000000001954 6.71289507600127547e-122 -6.71289507600127547e-122
2.4799999999999999822 2.8680513926121641508e-124 -2.8680513926121641508e-124
2.4900000000000002132 1.161703858513463408e-126 -1.161703858513463408e-126
2.5 4.4610319721952021257e-129 -4.4610319721952021257e-129
2.5100000000000002309 1.6240769808788102135e-131 1.998521156565403058e-06
2.5200000000000000178 5.6054337929338452698e-134 -5.6054337929338452698e-134
2.5300000000000002487 1.8341850815263199511e-136 -1.8341850815263199511e-136
2.5400000000000000355 5.6899489651468955354e-139 -5.6899489651468955354e-139
2.5500000000000002665 1.6734195687750285632e-141 7.9940846262616105378e-06
2.5600000000000000533 4.6658690602872315281e-144 -4.6658690602872315281e-144
2.5699999999999998401 1.2333645350089961839e-146 -1.2333645350089961839e-146
2.5800000000000000711 3.0908757442915198403e-149 1.998521156565403058e-06
2.5899999999999998579 7.3434948222553688398e-152 -7.3434948222553688398e-152
2.6000000000000000888 1.6540749032339240157e-154 -1.6540749032339240157e-154
2.6099999999999998757 3.5321461179570013984e-157 1.998521156565403058e-06
2.6200000000000001066 7.1507770431407192694e-160 -7.1507770431407192694e-160
2.6299999999999998934 1.372457416632392877e-162 -1.372457416632392877e-162
2.6400000000000001243 2.4973278675837274829e-165 -2.4973278675837274829e-165
2.6499999999999999112 4.3080751595666394186e-168 1.998521156565403058e-06
2.6600000000000001421 7.0456648734180954897e-171 -7.0456648734180954897e-171
2.6699999999999999289 1.0924251139251917605e-173 1.998521156565403058e-06
2.6800000000000001599 1.6058032502830547407e-176 -1.6058032502830547407e-176
2.6899999999999999467 2.237813730627515296e-179 3.9970423131308052689e-06
2.7000000000000001776 2.9565584009326263014e-182 -2.9565584009326263014e-182
2.7099999999999999645 3.7032232811701464642e-185 1.998521156565403058e-06
2.7200000000000001954 4.3974835626006522624e-188 1.998521156565403058e-06
2.7299999999999999822 4.9506180963586365493e-191 1.998521156565403058e-06
2.7400000000000002132 5.2837891900702049923e-194 1.1991126484645059838e-05
2.75 5.3464114655712546567e-197 3.9970423131308052689e-06
2.7600000000000002309 5.1287331291454912306e-200 9.992605555453337729e-06
2.7700000000000000178 4.6643231592544007983e-203 5.9955632423225316131e-06
2.7800000000000002487 4.0215915195057315233e-206 5.9955632423225316131e-06
2.7900000000000000355 3.2872903084161706793e-209 3.9970423131308052689e-06
2.8000000000000002665 2.5474691087983608133e-212 9.992605555453337729e-06
2.8100000000000000533 1.8715892547849167275e-215 7.9940846262616105378e-06
2.8199999999999998401 1.3035956295299635887e-218 2.398225296929012984e-05
2.8300000000000000711 8.6080735795388168694e-222 1.1991126484645059838e-05
2.8399999999999998579 5.388895403782053084e-225 2.398225296929012984e-05
2.8500000000000000888 3.1983370835713023446e-228 3.3974858524743467569e-05
2.8599999999999998757 1.7996141361656622763e-231 2.5980774807976558805e-05
2.8700000000000001066 9.5998672767666245947e-235 1.7986689272220249882e-05
2.8799999999999998934 4.8549159953669315041e-238 2.7979294827673580835e-05
2.8900000000000001243 2.3277099170438687686e-241 2.1983731130603700876e-05
2.8999999999999999112 1.0580510644921755442e-244 2.398225296929012984e-05
2.9100000000000001421 4.5594769338751562431e-248 3.3974858524743467569e-05
2.9199999999999999289 1.8627476712858922643e-251 3.1976338505046442151e-05
2.9300000000000001599 7.2147890237029329946e-255 2.5980774807976558805e-05
2.9399999999999999467 2.6492554254963700883e-258 2.5980774807976558805e-05
2.9500000000000001776 9.2226262295503054121e-262 1.3989647413836790417e-05
2.9599999999999999645 3.0437988776299381872e-265 1.3989647413836790417e-05
2.9700000000000001954 9.5237471275154854716e-269 1.5988169252523221076e-05
2.9799999999999999822 2.8250771158522596888e-272 9.992605555453337729e-06
2.9900000000000002132 7.9448060137731516398e-276 9.992605555453337729e-06
3 2.1181992855197034025e-279 1.998521156565403058e-06
3.0100000000000002309 5.3540306933985289905e-283 7.9940846262616105378e-06
3.0200000000000000178 1.2829963074351391701e-286 3.9970423131308052689e-06
3.0300000000000002487 2.9147442738121655582e-290 1.998521156565403058e-06
3.0400000000000000355 6.2777786926859949102e-294 3.9970423131308052689e-06
3.0500000000000002665 1.2818642316093266264e-297 -1.2818642316093266264e-297
3.0600000000000000533 2.4814671619460562656e-301 -2.4814671619460562656e-301
3.0700000000000002842 4.5541308249505827473e-305 -4.5541308249505827473e-305
3.0800000000000000711 7.9237895189780439017e-309 -7.9237895189780439017e-309
3.0899999999999998579 1.3070458117199463357e-312 -1.3070458117199463357e-312
3.1000000000000000888 2.0439916712382626275e-316 -2.0439916712382626275e-316
3.1099999999999998757 3.0301046059443650554e-320 -3.0301046059443650554e-320
3.1200000000000001066 4.9406564584124654418e-324 -4.9406564584124654418e-324
3.1299999999999998934 0 0
3.1400000000000001243 0 0
3.1499999999999999112 0 0
3.1600000000000001421 0 0
3.1699999999999999289 0 0
3.1800000000000001599 0 0
3.1899999999999999467 0 0
3.2000000000000001776 0 0
3.2099999999999999645 0 0
3.2200000000000001954 0 0
3.2299999999999999822 0 0
3.2400000000000002132 0 0
3.25 0 0
3.2600000000000002309 0 0
3.2700000000000000178 0 0
3.2800000000000002487 0 0
3.2900000000000000355 0 0
3.3000000000000002665 0 0
3.3100000000000000533 0 0
3.3200000000000002842 0 0
3.3300000000000000711 0 0
3.3399999999999998579 0 0
3.3500000000000000888 0 0
3.3599999999999998757 0 0
3.3700000000000001066 0 0
3.3799999999999998934 0 0
3.3900000000000001243 0 0
3.3999999999999999112 0 0
3.4100000000000001421 0 0
3.4199999999999999289 0 0
3.4300000000000001599 0 0
3.4399999999999999467 0 0
3.4500000000000001776 0 0
3.4599999999999999645 0 0
3.4700000000000001954 0 0
3.4799999999999999822 0 0
3.4900000000000002132 0 0
3.5 0 0
3.5100000000000002309 0 0
3.5200000000000000178 0 0
3.5300000000000002487 0 0
3.5400000000000000355 0 0
3.5500000000000002665 0 0
3.5600000000000000533 0 0
3.5700000000000002842 0 0
3.5800000000000000711 0 0
3.5899999999999998579 0 0
3.6000000000000000888 0 0
3.6099999999999998757 0 0
3.6200000000000001066 0 0
3.6299999999999998934 0 0
3.6400000000000001243 0 0
3.6499999999999999112 0 0
3.6600000000000001421 0 0
3.6699999999999999289 0 0
3.6800000000000001599 0 0
3.6899999999999999467 0 0
3.7000000000000001776 0 0
3.7099999999999999645 0 0
3.7200000000000001954 0 0
3.7299999999999999822 0 0
3.7400000000000002132 0 0
3.75 0 0
3.7600000000000002309 0 0
3.7700000000000000178 0 0
3.7800000000000002487 0 0
3.7900000000000000355 0 0
3.8000000000000002665 0 0
3.8100000000000000533 0 0
3.8200000000000002842 0 0
3.8300000000000000711 0 0
3.8399999999999998579 0 0
3.8500000000000000888 0 0
3.8599999999999998757 0 0
3.8700000000000001066 0 0
3.8799999999999998934 0 0
3.8900000000000001243 0 0
3.8999999999999999112 0 0
3.9100000000000001421 0 0
3.9199999999999999289 0 0
3.9300000000000001599 0 0
3.9399999999999999467 0 0
3.9500000000000001776 0 0
3.9599999999999999645 0 0
3.9700000000000001954 0 0
3.9799999999999999822 0 0
3.9900000000000002132 0 0
4 0 0
4.0099999999999997868 0 0
4.0200000000000004619 0 0
4.0300000000000002487 0 0
4.0400000000000000355 0 0
4.0499999999999998224 0 0
4.0600000000000004974 0 0
4.0700000000000002842 0 0
4.0800000000000000711 0 0
4.0899999999999998579 0 0
4.0999999999999996447 0 0
4.1100000000000003197 0 0
4.1200000000000001066 0 0
4.1299999999999998934 0 0
4.1399999999999996803 0 0
4.1500000000000003553 0 0
4.1600000000000001421 0 0
4.1699999999999999289 0 0
4.1799999999999997158 0 0
4.1900000000000003908 0 0
4.2000000000000001776 0 0
4.2099999999999999645 0 0
4.2199999999999997513 0 0
4.2300000000000004263 0 0
4.2400000000000002132 0 0
4.25 0 0
4.2599999999999997868 0 0
4.2700000000000004619 0 0
4.2800000000000002487 0 0
4.2900000000000000355 0 0
4.2999999999999998224 0 0
4.3100000000000004974 0 0
4.3200000000000002842 0 0
4.3300000000000000711 0 0
4.3399999999999998579 0 0
4.3500000000000005329 0 0
4.3600000000000003197 0 0
4.3700000000000001066 0 0
4.3799999999999998934 0 0
4.3899999999999996803 0 0
4.4000000000000003553 0 0
4.4100000000000001421 0 0
4.4199999999999999289 0 0
4.4299999999999997158 0 0
4.4400000000000003908 0 0
4.4500000000000001776 0 0
4.4599999999999999645 0 0
4.4699999999999997513 0 0
4.4800000000000004263 0 0
4.4900000000000002132 0 0
4.5 0 0
4.5099999999999997868 0 0
4.5200000000000004619 0 0
4.5300000000000002487 0 0
4.5400000000000000355 0 0
4.5499999999999998224 0 0
4.5600000000000004974 0 0
4.5700000000000002842 0 0
4.5800000000000000711 0 0
4.5899999999999998579 0 0
4.6000000000000005329 0 0
4.6100000000000003197 0 0
4.6200000000000001066 0 0
4.6299999999999998934 0 0
4.6399999999999996803 0 0
4.6500000000000003553 0 0
4.6600000000000001421 0 0
4.6699999999999999289 0 0
4.6799999999999997158 0 0
4.6900000000000003908 0 0
4.7000000000000001776 0 0
4.7099999999999999645 0 0
4.7199999999999997513 0 0
4.7300000000000004263 0 0
4.7400000000000002132 0 0
4.75 0 0
4.7599999999999997868 0 0
4.7700000000000004619 0 0
4.7800000000000002487 0 0
4.7900000000000000355 0 0
4.7999999999999998224 0 0
4.8100000000000004974 0 0
4.8200000000000002842 0 0
4.8300000000000000711 0 0
4.8399999999999998579 0 0
4.8500000000000005329 0 0
4.8600000000000003197 0 0
4.8700000000000001066 0 0
4.8799999999999998934 0 0
4.8899999999999996803 0 0
4.9000000000000003553 0 0
4.9100000000000001421 0 0
4.9199999999999999289 0 0
4.9299999999999997158 0 0
4.9400000000000003908 0 0
4.9500000000000001776 0 0
4.9599999999999999645 0 0
4.9699999999999997513 0 0
4.9800000000000004263 0 0
4.9900000000000002132 0 0
5 0 0
5.0099999999999997868 0 0
5.0200000000000004619 0 0
5.0300000000000002487 0 0
5.0400000000000000355 0 0
5.0499999999999998224 0 0
5.0600000000000004974 0 0
5.0700000000000002842 0 0
5.0800000000000000711 0 0
5.0899999999999998579 0 0
5.1000000000000005329 0 0
5.1100000000000003197 0 0
5.1200000000000001066 0 0
5.1299999999999998934 0 0
5.1399999999999996803 0 0
5.1500000000000003553 0 0
5.1600000000000001421 0 0
5.1699999999999999289 0 0
5.1799999999999997158 0 0
5.1900000000000003908 0 0
5.2000000000000001776 0 0
5.2099999999999999645 0 0
5.2199999999999997513 0 0
5.2300000000000004263 0 0
5.2400000000000002132 0 0
5.25 0 0
5.2599999999999997868 0 0
5.2700000000000004619 0 0
5.2800000000000002487 0 0
5.2900000000000000355 0 0
5.2999999999999998224 0 0
5.3100000000000004974 0 0
5.3200000000000002842 0 0
5.3300000000000000711 0 0
5.3399999999999998579 0 0
5.3500000000000005329 0 0
5.3600000000000003197 0 0
5.3700000000000001066 0 0
5.3799999999999998934 0 0
5.3899999999999996803 0 0
5.4000000000000003553 0 0
5.4100000000000001421 0 0
5.4199999999999999289 0 0
5.4299999999999997158 0 0
5.4400000000000003908 0 0
5.4500000000000001776 0 0
5.4599999999999999645 0 0
5.4699999999999997513 0 0
5.4800000000000004263 0 0
5.4900000000000002132 0 0
5.5 0 0
5.5099999999999997868 0 0
5.5200000000000004619 0 0
5.5300000000000002487 0 0
5.5400000000000000355 0 0
5.5499999999999998224 0 0
5.5600000000000004974 0 0
5.5700000000000002842 0 0
5.5800000000000000711 0 0
5.5899999999999998579 0 0
5.6000000000000005329 0 0
5.6100000000000003197 0 0
5.6200000000000001066 0 0
5.6299999999999998934 0 0
5.6399999999999996803 0 0
5.6500000000000003553 0 0
5.6600000000000001421 0 0
5.6699999999999999289 0 0
5.6799999999999997158 0 0
5.6900000000000003908 0 0
5.7000000000000001776 0 0
5.7099999999999999645 0 0
5.7199999999999997513 0 0
5.7300000000000004263 0 0
5.7400000000000002132 0 0
5.75 0 0
5.7599999999999997868 0 0
5.7700000000000004619 0 0
5.7800000000000002487 0 0
5.7900000000000000355 0 0
5.7999999999999998224 0 0
5.8100000000000004974 0 0
5.8200000000000002842 0 0
5.8300000000000000711 0 0
5.8399999999999998579 0 0
5.8500000000000005329 0 0
5.8600000000000003197 0 0
5.8700000000000001066 0 0
5.8799999999999998934 0 0
5.8899999999999996803 0 0
5.9000000000000003553 0 0
5.9100000000000001421 0 0
5.9199999999999999289 0 0
5.9299999999999997158 0 0
5.9400000000000003908 0 0
5.9500000000000001776 0 0
5.9599999999999999645 0 0
5.9699999999999997513 0 0
5.9800000000000004263 0 0
5.9900000000000002132 0 0
6 0 0
6.0099999999999997868 0 0
6.0200000000000004619 0 0
6.0300000000000002487 0 0
6.0400000000000000355 0 0
6.0499999999999998224 0 0
6.0600000000000004974 0 0
6.0700000000000002842 0 0
6.0800000000000000711 0 0
6.0899999999999998579 0 0
6.1000000000000005329 0 0
6.1100000000000003197 0 0
6.1200000000000001066 0 0
6.1299999999999998934 0 0
6.1400000000000005684 0 0
6.1500000000000003553 0 0
6.1600000000000001421 0 0
6.1699999999999999289 0 0
6.1799999999999997158 0 0
6.1900000000000003908 0 0
6.2000000000000001776 0 0
6.2099999999999999645 0 0
6.2199999999999997513 0 0
6.2300000000000004263 0 0
6.2400000000000002132 0 0
6.25 0 0
6.2599999999999997868 0 0
6.2700000000000004619 0 0
6.2800000000000002487 0 0
6.2900000000000000355 0 0
6.2999999999999998224 0 0
6.3100000000000004974 0 0
6.3200000000000002842 0 0
6.3300000000000000711 0 0
6.3399999999999998579 0 0
6.3500000000000005329 0 0
6.3600000000000003197 0 0
6.3700000000000001066 0 0
6.3799999999999998934 0 0
6.3900000000000005684 0 0
6.4000000000000003553 0 0
6.4100000000000001421 0 0
6.4199999999999999289 0 0
6.4299999999999997158 0 0
6.4400000000000003908 0 0
6.4500000000000001776 0 0
6.4599999999999999645 0 0
6.4699999999999997513 0 0
6.4800000000000004263 0 0
6.4900000000000002132 0 0
6.5 0 0
6.5099999999999997868 0 0
6.5200000000000004619 0 0
6.5300000000000002487 0 0
6.5400000000000000355 0 0
6.5499999999999998224 0 0
6.5600000000000004974 0 0
6.5700000000000002842 0 0
6.5800000000000000711 0 0
6.5899999999999998579 0 0
6.6000000000000005329 0 0
6.6100000000000003197 0 0
6.6200000000000001066 0 0
6.6299999999999998934 0 0
6.6400000000000005684 0 0
6.6500000000000003553 0 0
6.6600000000000001421 0 0
6.6699999999999999289 0 0
6.6799999999999997158 0 0
6.6900000000000003908 0 0
6.7000000000000001776 0 0
6.7099999999999999645 0 0
6.7199999999999997513 0 0
6.7300000000000004263 0 0
6.7400000000000002132 0 0
6.75 0 0
6.7599999999999997868 0 0
6.7700000000000004619 0 0
6.7800000000000002487 0 0
6.7900000000000000355 0 0
6.7999999999999998224 0 0
6.8100000000000004974 0 0
6.8200000000000002842 0 0
6.8300000000000000711 0 0
6.8399999999999998579 0 0
6.8500000000000005329 0 0
6.8600000000000003197 0 0
6.8700000000000001066 0 0
6.8799999999999998934 0 0
6.8900000000000005684 0 0
6.9000000000000003553 0 0
6.9100000000000001421 0 0
6.9199999999999999289 0 0
6.9299999999999997158 0 0
6.9400000000000003908 0 0
6.9500000000000001776 0 0
6.9599999999999999645 0 0
6.9699999999999997513 0 0
6.9800000000000004263 0 0
6.9900000000000002132 0 0
7 0 0
7.0099999999999997868 0 0
7.0200000000000004619 0 0
7.0300000000000002487 0 0
7.0400000000000000355 0 0
7.0499999999999998224 0 0
7.0600000000000004974 0 0
7.0700000000000002842 0 0
7.0800000000000000711 0 0
7.0899999999999998579 0 0
7.1000000000000005329 0 0
7.1100000000000003197 0 0
7.1200000000000001066 0 0
7.1299999999999998934 0 0
7.1400000000000005684 0 0
7.1500000000000003553 0 0
7.1600000000000001421 0 0
7.1699999999999999289 0 0
7.1799999999999997158 0 0
7.1900000000000003908 0 0
7.2000000000000001776 0 0
7.2099999999999999645 0 0
7.2199999999999997513 0 0
7.2300000000000004263 0 0
7.2400000000000002132 0 0
7.25 0 0
7.2599999999999997868 0 0
7.2700000000000004619 0 0
7.2800000000000002487 0 0
7.2900000000000000355 0 0
7.2999999999999998224 0 0
7.3100000000000004974 0 0
7.3200000000000002842 0 0
7.3300000000000000711 0 0
7.3399999999999998579 0 0
7.3500000000000005329 0 0
7.3600000000000003197 0 0
7.3700000000000001066 0 0
7.3799999999999998934 0 0
7.3900000000000005684 0 0
7.4000000000000003553 0 0
7.4100000000000001421 0 0
7.4199999999999999289 0 0
7.4299999999999997158 0 0
7.4400000000000003908 0 0
7.4500000000000001776 0 0
7.4599999999999999645 0 0
7.4699999999999997513 0 0
7.4800000000000004263 0 0
7.4900000000000002132 0 0
7.5 0 0
7.5099999999999997868 0 0
7.5200000000000004619 0 0
7.5300000000000002487 0 0
7.5400000000000000355 0 0
7.5499999999999998224 0 0
7.5600000000000004974 0 0
7.5700000000000002842 0 0
7.5800000000000000711 0 0
7.5899999999999998579 0 0
7.6000000000000005329 0 0
7.6100000000000003197 0 0
7.6200000000000001066 0 0
7.6299999999999998934 0 0
7.6400000000000005684 0 0
7.6500000000000003553 0 0
7.6600000000000001421 0 0
7.6699999999999999289 0 0
7.6799999999999997158 0 0
7.6900000000000003908 0 0
7.7000000000000001776 0 0
7.7099999999999999645 0 0
7.7199999999999997513 0 0
7.7300000000000004263 0 0
7.7400000000000002132 0 0
7.75 0 0
7.7599999999999997868 0 0
7.7700000000000004619 0 0
7.7800000000000002487 0 0
7.7900000000000000355 0 0
7.7999999999999998224 0 0
7.8100000000000004974 0 0
7.8200000000000002842 0 0
7.8300000000000000711 0 0
7.8399999999999998579 0 0
7.8500000000000005329 0 0
7.8600000000000003197 0 0
7.8700000000000001066 0 0
7.8799999999999998934 0 0
7.8900000000000005684 0 0
7.9000000000000003553 0 0
7.9100000000000001421 0 0
7.9199999999999999289 0 0
7.930000000000000604 0 0
7.9400000000000003908 0 0
7.9500000000000001776 0 0
7.9599999999999999645 0 0
7.9699999999999997513 0 0
7.9800000000000004263 0 0
7.9900000000000002132 0 0
8 0 0
8.0099999999999997868 0 0
8.0199999999999995737 0 0
8.0299999999999993605 0 0
8.0400000000000009237 0 0
8.0500000000000007105 0 0
8.0600000000000004974 0 0
8.0700000000000002842 0 0
8.0800000000000000711 0 0
8.0899999999999998579 0 0
8.0999999999999996447 0 0
8.1099999999999994316 0 0
8.1200000000000009948 0 0
8.1300000000000007816 0 0
8.1400000000000005684 0 0
8.1500000000000003553 0 0
8.1600000000000001421 0 0
8.1699999999999999289 0 0
8.1799999999999997158 0 0
8.1899999999999995026 0 0
8.1999999999999992895 0 0
8.2100000000000008527 0 0
8.2200000000000006395 0 0
8.2300000000000004263 0 0
8.2400000000000002132 0 0
8.25 0 0
8.2599999999999997868 0 0
8.2699999999999995737 0 0
8.2799999999999993605 0 0
8.2900000000000009237 0 0
8.3000000000000007105 0 0
8.3100000000000004974 0 0
8.3200000000000002842 0 0
8.3300000000000000711 0 0
8.3399999999999998579 0 0
8.3499999999999996447 0 0
8.3599999999999994316 0 0
8.3700000000000009948 0 0
8.3800000000000007816 0 0
8.3900000000000005684 0 0
8.4000000000000003553 0 0
8.4100000000000001421 0 0
8.4199999999999999289 0 0
8.4299999999999997158 0 0
8.4399999999999995026 0 0
8.4499999999999992895 0 0
8.4600000000000008527 0 0
8.4700000000000006395 0 0
8.4800000000000004263 0 0
8.4900000000000002132 0 0
8.5 0 0
8.5099999999999997868 0 0
8.5199999999999995737 0 0
8.5299999999999993605 0 0
8.5400000000000009237 0 0
8.5500000000000007105 0 0
8.5600000000000004974 0 0
8.5700000000000002842 0 0
8.5800000000000000711 0 0
8.5899999999999998579 0 0
8.5999999999999996447 0 0
8.6099999999999994316 0 0
8.6200000000000009948 0 0
8.6300000000000007816 0 0
8.6400000000000005684 0 0
8.6500000000000003553 0 0
8.6600000000000001421 0 0
8.6699999999999999289 0 0
8.6799999999999997158 0 0
8.6899999999999995026 0 0
8.7000000000000010658 0 0
8.7100000000000008527 0 0
8.7200000000000006395 0 0
8.7300000000000004263 0 0
8.7400000000000002132 0 0
8.75 0 0
8.7599999999999997868 0 0
8.7699999999999995737 0 0
8.7799999999999993605 0 0
8.7900000000000009237 0 0
8.8000000000000007105 0 0
8.8100000000000004974 0 0
8.8200000000000002842 0 0
8.8300000000000000711 0 0
8.8399999999999998579 0 0
8.8499999999999996447 0 0
8.8599999999999994316 0 0
8.8700000000000009948 0 0
8.8800000000000007816 0 0
8.8900000000000005684 0 0
8.9000000000000003553 0 0
8.9100000000000001421 0 0
8.9199999999999999289 0 0
8.9299999999999997158 0 0
8.9399999999999995026 0 0
8.9500000000000010658 0 0
8.9600000000000008527 0 0
8.9700000000000006395 0 0
8.9800000000000004263 0 0
8.9900000000000002132 0 0
9 0 0
9.0099999999999997868 0 0
9.0199999999999995737 0 0
9.0299999999999993605 0 0
9.0400000000000009237 0 0
9.0500000000000007105 0 0
9.0600000000000004974 0 0
9.0700000000000002842 0 0
9.0800000000000000711 0 0
9.0899999999999998579 0 0
9.0999999999999996447 0 0
9.1099999999999994316 0 0
9.1200000000000009948 0 0
9.1300000000000007816 0 0
9.1400000000000005684 0 0
9.1500000000000003553 0 0
9.1600000000000001421 0 0
9.1699999999999999289 0 0
9.1799999999999997158 0 0
9.1899999999999995026 0 0
9.2000000000000010658 0 0
9.2100000000000008527 0 0
9.2200000000000006395 0 0
9.2300000000000004263 0 0
9.2400000000000002132 0 0
9.25 0 0
9.2599999999999997868 0 0
9.2699999999999995737 0 0
9.2799999999999993605 0 0
9.2900000000000009237 0 0
9.3000000000000007105 0 0
9.3100000000000004974 0 0
9.3200000000000002842 0 0
9.3300000000000000711 0 0
9.3399999999999998579 0 0
9.3499999999999996447 0 0
9.3599999999999994316 0 0
9.3700000000000009948 0 0
9.3800000000000007816 0 0
9.3900000000000005684 0 0
9.4000000000000003553 0 0
9.4100000000000001421 0 0
9.4199999999999999289 0 0
9.4299999999999997158 0 0
9.4399999999999995026 0 0
9.4500000000000010658 0 0
9.4600000000000008527 0 0
9.4700000000000006395 0 0
9.4800000000000004263 0 0
9.4900000000000002132 0 0
9.5 0 0
9.5099999999999997868 0 0
9.5199999999999995737 0 0
9.5299999999999993605 0 0
9.5400000000000009237 0 0
9.5500000000000007105 0 0
9.5600000000000004974 0 0
9.5700000000000002842 0 0
9.5800000000000000711 0 0
9.5899999999999998579 0 0
9.5999999999999996447 0 0
9.6099999999999994316 0 0
9.6200000000000009948 0 0
9.6300000000000007816 0 0
9.6400000000000005684 0 0
9.6500000000000003553 0 0
9.6600000000000001421 0 0
9.6699999999999999289 0 0
9.6799999999999997158 0 0
9.6899999999999995026 0 0
9.7000000000000010658 0 0
9.7100000000000008527 0 0
9.7200000000000006395 0 0
9.7300000000000004263 0 0
9.7400000000000002132 0 0
9.75 0 0
9.7599999999999997868 0 0
9.7699999999999995737 0 0
9.7799999999999993605 0 0
9.7900000000000009237 0 0
9.8000000000000007105 0 0
9.8100000000000004974 0 0
9.8200000000000002842 0 0
9.8300000000000000711 0 0
9.8399999999999998579 0 0
9.8499999999999996447 0 0
9.8599999999999994316 0 0
9.8700000000000009948 0 0
9.8800000000000007816 0 0
9.8900000000000005684 0 0
9.9000000000000003553 0 0
9.9100000000000001421 0 0
9.9199999999999999289 0 0
9.9299999999999997158 0 0
9.9399999999999995026 0 0
9.9500000000000010658 0 0
9.9600000000000008527 0 0
9.9700000000000006395 0 0
9.9800000000000004263 0 0
9.9900000000000002132 0 0
10 0 0
10.009999999999999787 0 0
10.019999999999999574 0 0
10.029999999999999361 0 0
10.040000000000000924 0 0
10.050000000000000711 0 0
10.060000000000000497 0 0
10.070000000000000284 0 0
10.080000000000000071 0 0
10.089999999999999858 0 0
10.099999999999999645 0 0
10.109999999999999432 0 0
10.120000000000000995 0 0
10.130000000000000782 0 0
10.140000000000000568 0 0
10.150000000000000355 0 0
10.160000000000000142 0 0
10.169999999999999929 0 0
10.179999999999999716 0 0
10.189999999999999503 0 0
10.200000000000001066 0 0
10.210000000000000853 0 0
10.220000000000000639 0 0
10.230000000000000426 0 0
