0 4.1066282584619192608e-07 -4.1066282584619192608e-07
0.010000000000000000208 6.0352062689152884671e-07 -6.0352062689152884671e-07
0.020000000000000000416 8.7812414419311305813e-07 -8.7812414419311305813e-07
0.02999999999999999889 1.2649637531339996341e-06 -1.2649637531339996341e-06
0.040000000000000000833 1.8041483614768261886e-06 -1.8041483614768261886e-06
0.050000000000000002776 2.5483298817146036815e-06 -2.5483298817146036815e-06
0.05999999999999999778 3.5714242057284206418e-06 -3.5714242057284206418e-06
0.070000000000000006661 5.017851280068967263e-06 -5.017851280068967263e-06
0.080000000000000001665 7.3793101063854260783e-06 -7.3793101063854260783e-06
0.089999999999999996669 1.2738017648113074152e-05 -1.2738017648113074152e-05
0.10000000000000000555 2.8952477967063239907e-05 -2.8952477967063239907e-05
0.11000000000000000056 7.9489501526016148668e-05 -7.9489501526016148668e-05
0.11999999999999999556 0.00021654035160531285502 -0.00021654035160531285502
0.13000000000000000444 0.00051875223499757211129 -0.00051875223499757211129
0.14000000000000001332 0.001042000838868376196 -0.001042000838868376196
0.14999999999999999445 0.001725652375336336709 -0.0015175670598014917145
0.16000000000000000333 0.0023427428464066922184 -0.0021826772213109522577
0.17000000000000001221 0.0026041506311950046379 -0.0024540891131247166354
0.17999999999999999334 0.0023751122708245277042 -0.0022410573065326645607
0.19000000000000000222 0.0017909770211489445951 -0.0016829327249369158831
0.2000000000000000111 0.001141420378183659063 -0.0010553851043309009534
0.20999999999999999223 0.00065389718817198533556 -0.00059187175953877974293
0.22000000000000000111 0.00038943963684999168343 -0.00034742241135375358588
0.23000000000000000999 0.00029245119066578811233 -0.00025243478439185312217
0.23999999999999999112 0.00028442143203257755271 -0.00024440502575864256254
0.25 0.00031313519781866734713 -0.00027712042998933857172
0.26000000000000000888 0.00035492870756840004445 -0.00032291558182165629089
0.27000000000000001776 0.00040156807065711713507 -0.00038155986752014963998
0.28000000000000002665 0.00045041988172451888957 -0.00043841496002423733288
0.28999999999999998002 0.00050027666886595114314 -0.00049027256729746739559
0.2999999999999999889 0.00055013371247682359144 -0.0005401296109083398439
0.30999999999999999778 0.00059894090251946525798 -0.00057092941703631712273
0.32000000000000000666 0.00064558986967701292858 -0.00060357264418077483104
0.33000000000000001554 0.00068894795087365528867 -0.00064092826407252906189
0.34000000000000002442 0.00072790229218925076547 -0.00067988260538812453869
0.35000000000000003331 0.00076140676219707971017 -0.00070538379123078343968
0.35999999999999998668 0.00078852840132256137463 -0.00072650297268935578199
0.36999999999999999556 0.00080849049709018827245 -0.00074646506845698267982
0.38000000000000000444 0.00082070951243041708779 -0.00076868818354670583916
0.39000000000000001332 0.00082482341846455849675 -0.00077680373166343226997
0.4000000000000000222 0.00082070951243041708779 -0.00076068490301951460254
0.41000000000000003109 0.00080849049709018827245 -0.0007664732715939501749
0.41999999999999998446 0.00078852840132256137463 -0.00073250543035626510414
0.42999999999999999334 0.00076140676219707027761 -0.00071538789461824715821
0.44000000000000000222 0.00072790229218890859127 -0.00067588096330519734263
0.4500000000000000111 0.00068894795086356852218 -0.0006409282640624422954
0.46000000000000001998 0.00064558986943481918522 -0.00061157592446577232429
0.47000000000000002887 0.00059894089778235752499 -0.00055892449150842253482
0.47999999999999998224 0.00055013363700152668068 -0.0005121180499498947979
0.48999999999999999112 0.00050027568929078840461 -0.00045825846379455030706
0.5 0.00045040952524705958138 -0.00042039722054160833875
0.51000000000000000888 0.0004014788782820449993 -0.00037746903488148188591
0.52000000000000001776 0.00035430298076519672803 -0.00032829231632334110371
0.53000000000000002665 0.00030955931602923299727 -0.00029955521446074924972
0.54000000000000003553 0.00026777493284532006114 -0.00024776672970835256606
0.55000000000000004441 0.00022932580571662398452 -0.00022332334486648320617
0.56000000000000005329 0.00019444326517855512111 -0.00018643998374186918272
0.57000000000000006217 0.00016322619279418270331 -0.00013121306704743894976
0.57999999999999996003 0.0001356574861269621091 -0.00012765420469027617071
0.58999999999999996891 0.00011162324587198006851 -9.7617503130406000885e-05
0.5999999999999999778 9.0933204866243305176e-05 -7.8928283165961748481e-05
0.60999999999999998668 7.3341082640695788022e-05 -6.9339441922352818828e-05
0.61999999999999999556 5.8563780448409283081e-05 -5.4562139730066313886e-05
0.63000000000000000444 4.6298600059373890003e-05 -4.0296139209233111655e-05
0.64000000000000001332 3.6237946811679201437e-05 -1.8230562897014810346e-05
0.6500000000000000222 2.8081239619770841066e-05 -1.6076317919489280982e-05
0.66000000000000003109 2.1543979933876919501e-05 -1.1539878365393170265e-05
0.67000000000000003997 1.6364116576852261409e-05 -1.4363296217680776812e-05
0.68000000000000004885 1.2305978779805856765e-05 -6.3035179296650784171e-06
0.69000000000000005773 9.1621358586787513971e-06 1.0846067278288747075e-05
0.70000000000000006661 6.7535833031820452865e-06 1.2496981335038931016e-06
0.70999999999999996447 4.9286589049968602952e-06 9.0770838365772081742e-06
0.71999999999999997335 3.5610677282691416694e-06 8.4438539720124184144e-06
0.72999999999999998224 2.5473503065516614427e-06 3.4551105435891169052e-06
0.73999999999999999112 1.8040728861797398827e-06 4.1983879639610384652e-06
0.75 1.2649590160262573298e-06 8.7391425524574910591e-06
0.76000000000000000888 8.7812390199929187783e-07 1.3127618839574776803e-05
0.77000000000000001776 6.0352061680471005093e-07 9.4005809516790395027e-06
0.78000000000000002665 4.1066282550398664492e-07 5.5917980246367917559e-06
0.79000000000000003553 2.7665316280217330263e-07 3.7249875555407959973e-06
0.80000000000000004441 1.845197496012594058e-07 3.8171209687417095765e-06
0.81000000000000005329 1.2184481191600270373e-07 1.7885539102748389896e-05
0.82000000000000006217 7.965777940135256288e-08 5.9228030707394256526e-06
0.83000000000000007105 5.1559217490519974332e-08 5.9509016326502587772e-06
0.83999999999999996891 3.3040104158508931679e-08 9.9710614643252404234e-06
0.8499999999999999778 2.0962036185905180836e-08 5.9814988139548730148e-06
0.85999999999999998668 1.3166868350340712322e-08 5.9892939817904372368e-06
0.86999999999999999556 8.1882008780744427562e-09 9.9959133676056744855e-06
0.88000000000000000444 5.0414034245893571852e-09 1.4000701338149480177e-05
0.89000000000000001332 3.0730624356485831422e-09 5.9993877877051298971e-06
0.9000000000000000222 1.8545915817987740459e-09 1.000224697690195104e-05
0.91000000000000003109 1.1081081591547170411e-09 6.0013527419816233382e-06
0.92000000000000003997 6.5550044295258072301e-10 1.4005087241131117048e-05
0.93000000000000004885 3.839023712746689856e-10 8.0028975343146640739e-06
0.94000000000000005773 2.2260020919639955769e-10 8.0030588364767413212e-06
0.95000000000000006661 1.2778718696925216218e-10 8.0031536494989699392e-06
0.95999999999999996447 7.26283236225732683e-11 1.200484907195793714e-05
0.96999999999999997335 4.086784132578248421e-11 1.0004060700642423477e-05
0.97999999999999998224 2.2767447577515436959e-11 6.002438082693200949e-06
0.98999999999999999112 1.2557522366478400021e-11 2.2009011620737641934e-05
1 6.8572588517423682617e-12 6.0024539928819269929e-06
1.0100000000000000089 3.7072689646999983363e-12 1.0004097861214784087e-05
1.0200000000000000178 1.9843332775669629373e-12 1.8007381930331113699e-05
1.0300000000000000266 1.0515552703546884938e-12 4.0016396667876987563e-06
1.0400000000000000355 5.5170454708666419076e-13 8.0032808849813907951e-06
1.0500000000000000444 2.8657480240363590753e-13 1.4005742454999267274e-05
1.0600000000000000533 1.4737590019593556024e-13 1.0004101421107849774e-05
1.0700000000000000622 7.5036447549220578987e-14 8.0032813616494901824e-06
1.0800000000000000711 3.7824835372385132355e-14 1.2004921662456724454e-05
1.0900000000000000799 1.8877746947217152039e-14 1.6006562854494134796e-05
1.1000000000000000888 9.3291878905202577361e-15 8.0032814273567496943e-06
1.1100000000000000977 4.5682325822523761767e-15 1.4005742737005835979e-05
1.1200000000000001066 2.224639623355717522e-15 4.0016407161183294847e-06
1.1300000000000001155 1.0988502903948377462e-15 6.0024608490419284346e-06
1.1400000000000001243 6.0525022510306604073e-16 1.2004921699676309303e-05
1.1500000000000001332 4.9853543331093732092e-16 1.0004101567985214442e-05
1.1599999999999999201 7.7163869651888746956e-16 6.0024608493691398032e-06
1.1699999999999999289 1.6948520535513140846e-15 1.4005742739879217375e-05
1.1799999999999999378 4.0455968127194834765e-15 1.2004921696235963015e-05
1.1899999999999999467 9.6988894152170497719e-15 8.0032814269870486119e-06
1.1999999999999999556 2.297820650127038924e-14 8.003281413707731933e-06
1.2099999999999999645 5.3632911750384341435e-14 4.0016406647100576192e-06
1.2199999999999999734 1.2325873954996272604e-13 8.0032813134271980698e-06
1.2299999999999999822 2.7888693993484110575e-13 1.0004101289596809652e-05
1.2399999999999999911 6.212320651365809992e-13 4.0016400971109037366e-06
1.25 1.3623638057253159033e-12 6.0024594877769729681e-06
1.2600000000000000089 2.9413422049864443822e-12 6.0024579087985732508e-06
1.2700000000000000178 6.2518877909773144865e-12 4.001634466455177957e-06
1.2800000000000000266 1.3082475958949636505e-11 1.2004908617805600603e-05
1.2900000000000000355 2.6951433172519032315e-11 4.0016137669097965067e-06
1.3000000000000000444 5.4662177860045330237e-11 1.0004046906305888966e-05
1.3100000000000000533 1.0914532675162413472e-10 1.2004812554954807978e-05
1.3200000000000000622 2.1455394657261013249e-10 2.000605805224912389e-06
1.3300000000000000711 4.1522263229195444017e-10 1.0003686345851457373e-05
1.3400000000000000799 7.9111327998255590042e-10 8.0024903234059555551e-06
1.3500000000000000888 1.4839165552817503704e-09 1.2003437783726277893e-05
1.3600000000000000977 2.7402704846741008462e-09 3.9989004478582955022e-06
1.3700000000000001066 4.9818486978218036109e-09 7.9982995879881168963e-06
1.3800000000000001155 8.9166307418950646185e-09 1.1996005069539665517e-05
1.3900000000000001243 1.5711736170589038073e-08 5.9867491139701893826e-06
1.4000000000000001332 2.7255912201701776358e-08 3.9743848061412670504e-06
1.4099999999999999201 4.6549006152456378934e-08 5.9559118439883221608e-06
1.4199999999999999289 7.8266020455785928119e-08 1.1926655679825774473e-05
1.4299999999999999378 1.295535264134013627e-07 9.8745480420703474233e-06
1.4399999999999999467 2.1112437326452318304e-07 9.7929771952192253118e-06
1.4499999999999999556 3.3871985560212338446e-07 1.1666201844679437017e-05
1.4599999999999999645 5.350028375156382755e-07 1.3470739904058430406e-05
1.4699999999999999734 8.319259340421372221e-07 1.1688944251293477984e-06
1.4799999999999999822 1.2735804629565568829e-06 1.2732162278617512857e-05
1.4899999999999999911 1.9194697014239239981e-06 6.0838117352620143901e-06
1.5 2.8480609676834910695e-06 5.1552204690024468951e-06
1.5100000000000000089 4.1603555749499720185e-06 1.1846207298421908993e-05
1.5200000000000000178 5.9830794001587883616e-06 4.0210221683249608744e-06
1.5300000000000000266 8.4709521796583268612e-06 -2.4684913295175485133e-06
1.5400000000000000355 1.1807360996912114078e-05 -1.8032594284283648422e-06
1.5500000000000000444 1.6202670516722259155e-05 -6.1985689482385099188e-06
1.5600000000000000533 2.1889382359857588749e-05 -1.5886921509716810401e-05
1.5700000000000000622 2.9113442546897928375e-05 -1.5107699805323859059e-05
1.5800000000000000711 3.8121217655299372321e-05 -3.0117936218613433933e-05
1.5900000000000000799 4.9142032432478318336e-05 -4.9142032432478318336e-05
1.6000000000000000888 6.2366678019953501137e-05 -5.8365037301610531943e-05
1.6100000000000000977 7.7922926944368921926e-05 -6.7918825375885174384e-05
1.6200000000000001066 9.584976450445354128e-05 -8.3844842804171984584e-05
1.6300000000000001155 0.00011607267436903191248 -0.00010206693162745784486
1.6400000000000001243 0.00013838278902839770365 -0.00012237622615502582687
1.6500000000000001332 0.00016242292058564066111 -0.00015441963914895472272
1.6600000000000001421 0.00018768332950888313602 -0.00017567840780860157933
1.6699999999999999289 0.00021350951338862356969 -0.00019750295051525169291
1.6799999999999999378 0.00023912330794453060066 -0.00022311674507115872388
1.6899999999999999467 0.00026365726144817841449 -0.00024965151870660434686
1.6999999999999999556 0.0002862007130459847423 -0.00026219086964542162891
1.7099999999999999645 0.00030585447121154541242 -0.00028184462781098229903
1.7199999999999999734 0.0003217896739432068564 -0.00030178147080623936131
1.7299999999999999822 0.00033330553163277767134 -0.0003052940461496295361
1.7399999999999999911 0.00033988037345243757217 -0.00031386970901058194785
1.75 0.00034121082424018098472 -0.00032520426136680910794
1.7600000000000000089 0.00033723501474821948381 -0.0003152259905699594778
1.7700000000000000178 0.00032813735198806927209 -0.00031413160924649520447
1.7800000000000000266 0.0003143343373892549782 -0.00029032449398869186481
1.7900000000000000355 0.00029644295184036250192 -0.00028643885027187875438
1.8000000000000000444 0.00027523494990270457776 -0.00025522674676573708268
1.8100000000000000533 0.00025158177675444430956 -0.00024357849531775837117
1.8200000000000000622 0.00022639557122429605773 -0.00022439475086512457314
1.8300000000000000711 0.00020057177667806292938 -0.00019456931582792215104
1.8400000000000000799 0.00017493828469807603848 -0.00016493418312959229094
1.8500000000000000888 0.00015021491414907902078 -0.00014221163271239308239
1.8600000000000000977 0.00012698557553401574097 -0.00010697737239704824589
1.8700000000000001066 0.00010568391110396982793 -0.00010168227038562685873
1.8800000000000001155 8.659174870143052235e-05 -7.2586005959856454727e-05
1.8900000000000001243 6.9848533289933127503e-05 -6.1845251853247189115e-05
1.9000000000000001332 5.5469112793129146124e-05 -4.7465831356443207736e-05
1.9100000000000001421 4.3366891735472651987e-05 -4.136607137630116739e-05
1.9199999999999999289 3.3379399523232348101e-05 -1.9373656781658280478e-05
1.9299999999999999378 2.5293672514803296192e-05 -1.1287929773229226876e-05
1.9399999999999999467 1.8869413891289498722e-05 -6.8644921910079386383e-06
1.9499999999999999556 1.3858559080883256707e-05 -9.8569183625402875126e-06
1.9599999999999999645 1.0020534608574330898e-05 -2.01725317188839251e-06
1.9699999999999999734 7.1330760566435831628e-06 4.871845643637976921e-06
1.9799999999999999822 4.9989174472492656847e-06 7.0060042530322943992e-06
1.9899999999999999911 3.4489605164310765144e-06 6.5551410520526731451e-06
2 2.3426835505020735625e-06 7.661418017981676097e-06
2.0100000000000002309 1.5665785698605603149e-06 4.4358822802802182447e-06
2.0200000000000000178 1.0313447974599396907e-06 2.9702959208830295033e-06
2.0300000000000002487 6.6844969695873572407e-07 1.5338113176413144652e-05
2.0400000000000000355 4.2652719538209389993e-07 1.1578394504899466343e-05
2.0499999999999998224 2.6794019615784075033e-07 7.7353412405280979025e-06
2.0600000000000000533 1.6570749901115341192e-07 1.1839214201270407042e-05
2.0699999999999998401 1.0089266692310505066e-07 1.1904029033358455496e-05
2.0800000000000000711 6.0476992966947471344e-08 5.9419838571738308765e-06
2.0899999999999998579 3.56889625732535723e-08 5.9667718875675251726e-06
2.1000000000000000888 2.073436819168001936e-08 9.9833672002920684159e-06
2.1099999999999998757 1.185934863526028832e-08 7.9914220880506787466e-06
2.1200000000000001066 6.6779630892071187188e-09 7.9966034735967313397e-06
2.1299999999999998934 3.7020334608765665954e-09 7.9995794032250621205e-06
2.1400000000000001243 2.0204579349358243022e-09 8.001260978751001919e-06
2.1499999999999999112 1.0856064975325815044e-09 1.4004657135076536178e-05
2.1600000000000001421 5.7425951869007602936e-10 4.0010664588242788787e-06
2.1699999999999999289 2.9905916675775497781e-10 8.0029823775191814264e-06
2.1800000000000001599 1.5332719227866712833e-10 6.0023075229484999533e-06
2.1899999999999999467 7.7391701448732076244e-11 8.0032040449844891788e-06
2.2000000000000001776 3.8457651015173810839e-11 6.0024223924897631644e-06
2.2099999999999999645 1.8814135227590444642e-11 6.0024420360055505351e-06
2.2200000000000001954 9.0614754053338036172e-12 8.0032723752105337946e-06
2.2299999999999999822 4.2966177527505417769e-12 6.0024565535230258709e-06
2.2400000000000002132 2.0057078244677612772e-12 4.0016387126351448737e-06
2.25 9.2176829608712697132e-13 1.2004920778513264508e-05
2.2600000000000002309 4.1705085148898297194e-13 8.0032810196350874759e-06
2.2700000000000000178 1.8576735840728672315e-13 8.0032812509185806063e-06
2.2800000000000002487 8.1463477737769930636e-14 1.000410148702027083e-05
2.2900000000000000355 3.5169778666996276785e-14 8.0032814015161597184e-06
2.3000000000000002665 1.4948219677556967803e-14 1.0004101553535530317e-05
2.3100000000000000533 6.2549300267702078661e-15 1.4005742735319139271e-05
2.3199999999999998401 2.5767280633661743199e-15 1.2004921697704831648e-05
2.3300000000000000711 1.0450278556384503095e-15 1.2004921699236531491e-05
2.3399999999999998579 4.1725379375618203973e-16 8.0032814362686848761e-06
2.3500000000000000888 1.6401586885809682606e-16 6.0024608499767622761e-06
2.3599999999999998757 6.3472351981479823262e-17 2.0008203591080126066e-06
2.3700000000000001066 2.4182236362479390402e-17 1.4005742741549886526e-05
2.3799999999999998934 9.0702964101878249891e-18 4.0016407183338991653e-06
2.3900000000000001243 3.3493431560629981112e-18 1.0004101568480400068e-05
2.3999999999999999112 1.217617716993341717e-18 4.0016407183417511607e-06
2.4100000000000001421 4.3578815305700447984e-19 2.0008203591710492221e-06
2.4199999999999999289 1.5355113412235295987e-19 2.0008203591713312841e-06
2.4300000000000001599 5.3265227333196157663e-20 4.001640718342915831e-06
2.4399999999999999467 1.8190627851313167281e-20 6.0024608501407605602e-06
2.4500000000000001776 6.1159614718861294842e-21 4.0016407183429632648e-06
2.4599999999999999645 2.0243935289101963927e-21 1.0004101568483747542e-05
2.4700000000000001954 6.5968754955711530977e-22 2.0008203591714841735e-06
2.4799999999999999822 2.1163855250657481512e-22 8.0032814366859383881e-06
2.4900000000000002132 6.6844306998494217069e-23 1.0004101568483749236e-05
2.5 2.0784865353880353699e-23 6.0024608501407783478e-06
2.5100000000000002309 6.3627250034277035146e-24 8.0032814366859383881e-06
2.5200000000000000178 1.9175744707285347203e-24 2.0008203591714850205e-06
2.5300000000000002487 5.6895048577747181172e-25 4.0016407183429691941e-06
2.5400000000000000355 1.6619190027000988453e-25 1.0004101568483749236e-05
2.5500000000000002665 4.7792349636063082438e-26 1.2004921700281560084e-05
2.5600000000000000533 1.353069357836730335e-26 8.0032814366859383881e-06
2.5699999999999998401 3.7713330158904095034e-27 -3.7713330158904095034e-27
2.5800000000000000711 1.0348629889100347968e-27 4.0016407183429691941e-06
2.5899999999999998579 2.7956575662749437867e-28 8.0032814366859383881e-06
2.6000000000000000888 7.4352956464431971699e-29 1.2004921700281560084e-05
2.6099999999999998757 1.9468193619470981319e-29 1.2004921700281560084e-05
2.6200000000000001066 5.0184109194760892451e-30 1.4005742741574069316e-05
2.6299999999999998934 1.2735615236927977518e-30 6.0024608501407783478e-06
2.6400000000000001243 3.1819019145051159262e-31 1.0004101568483749236e-05
2.6499999999999999112 7.8264856571093706252e-32 6.0024608501407783478e-06
2.6600000000000001421 1.8952213805272827858e-32 1.4005742741574069316e-05
2.6699999999999999289 4.5182082922092694796e-33 8.0032814366859383881e-06
2.6800000000000001599 1.0604390137687648623e-33 8.0032814366859383881e-06
2.6899999999999999467 2.4502945478706995514e-34 4.0016407183429691941e-06
2.7000000000000001776 5.5739624402025730934e-35 2.0008203591714850205e-06
2.7099999999999999645 1.2483113804628976483e-35 1.0004101568483749236e-05
2.7200000000000001954 2.7522949260122722293e-36 1.0004101568483749236e-05
2.7299999999999999822 5.9742054929089538402e-37 8.0032814366859383881e-06
2.7400000000000002132 1.276669525743736182e-37 1.4005742741574069316e-05
2.75 2.6859008370968682822e-38 8.0032814366859383881e-06
2.7600000000000002309 5.5630710284778308576e-39 6.0024608501407783478e-06
2.7700000000000000178 1.1343638635096363604e-39 4.0016407183429691941e-06
2.7800000000000002487 2.2772111883446407641e-40 4.0016407183429691941e-06
2.7900000000000000355 4.5005685646579322662e-41 1.0004101568483749236e-05
2.8000000000000002665 8.7567833214505439805e-42 1.0004101568483749236e-05
2.8100000000000000533 1.6773935647182828677e-42 1.2004921700281560084e-05
2.8199999999999998401 3.1632862175079225587e-43 1.2004921700281560084e-05
2.8300000000000000711 5.8729344481956865594e-44 2.0008203591714850205e-06
2.8399999999999998579 1.073457773734341979e-44 1.2004921700281560084e-05
2.8500000000000000888 1.9316477168445972927e-45 6.0024608501407783478e-06
2.8599999999999998757 3.4220317328003562928e-46 6.0024608501407783478e-06
2.8700000000000001066 5.9683363144577938195e-47 6.0024608501407783478e-06
2.8799999999999998934 1.0247919147773317561e-47 1.0004101568483749236e-05
2.8900000000000001243 1.7323324505994065441e-48 8.0032814366859383881e-06
2.8999999999999999112 2.8829687772289403993e-49 4.0016407183429691941e-06
2.9100000000000001421 4.7234767808125810499e-50 6.0024608501407783478e-06
2.9199999999999999289 7.6189790326112190214e-51 8.0032814366859383881e-06
2.9300000000000001599 1.2098873045346170464e-51 2.0008203591714850205e-06
2.9399999999999999467 1.8914994032439724825e-52 1.4005742741574069316e-05
2.9500000000000001776 2.9112576668243265387e-53 1.4005742741574069316e-05
2.9599999999999999645 4.4113166143983386592e-54 4.0016407183429691941e-06
2.9700000000000001954 6.5806525566669143988e-55 4.0016407183429691941e-06
2.9799999999999999822 9.6645767964084651922e-56 4.0016407183429691941e-06
2.9900000000000002132 1.3973650244965311623e-56 4.0016407183429691941e-06
3 1.9890698934664269077e-57 8.0032814366859383881e-06
3.0100000000000002309 2.7874261292975803966e-58 4.0016407183429691941e-06
3.0200000000000000178 3.8456507225358648051e-59 6.0024608501407783478e-06
3.0300000000000002487 5.2233539454908468773e-60 4.0016407183429691941e-06
3.0400000000000000355 6.9846109659063190324e-61 8.0032814366859383881e-06
3.0500000000000002665 9.1949238120328726751e-62 1.0004101568483749236e-05
3.0600000000000000533 1.1917007053364966714e-62 1.4005742741574069316e-05
3.0700000000000002842 1.5205454479307814205e-63 1.0004101568483749236e-05
3.0800000000000000711 1.910050114534491903e-64 8.0032814366859383881e-06
3.0899999999999998579 2.3621271235505292449e-65 1.0004101568483749236e-05
3.1000000000000000888 2.8759075345305902022e-66 4.0016407183429691941e-06
3.1099999999999998757 3.447146321843891112e-67 6.0024608501407783478e-06
3.1200000000000001066 4.0677819594085282535e-68 8.0032814366859383881e-06
3.1299999999999998934 4.7257284338223725009e-69 8.0032814366859383881e-06
3.1400000000000001243 5.4049664679449280752e-70 1.0004101568483749236e-05
3.1499999999999999112 6.0859782303196591779e-71 1.8007383914664391091e-05
3.1600000000000001421 6.7465374088383024779e-72 1.2004921700281560084e-05
3.1699999999999999289 7.3628273825458442689e-73 1.8007383914664391091e-05
3.1800000000000001599 7.9108191441549736603e-74 6.0024608501407783478e-06
3.1899999999999999467 8.3678399316681513389e-75 4.0016407183429691941e-06
3.2000000000000001776 8.7352678854648168631e-76 1.0004101568483749236e-05
3.2099999999999999645 2.0593840785119206601e-76 1.0004101568483749236e-05
3.2200000000000001954 6.0860055186770092828e-75 2.0008203591714850205e-06
3.2299999999999999822 3.0192849235557168788e-73 1.6006562873371880164e-05
3.2400000000000002132 1.430042008445883448e-71 1.2004921700281560084e-05
3.25 6.4569562447138738998e-70 4.0016407183429691941e-06
3.2600000000000002309 2.7793388161796049552e-68 8.0032814366859383881e-06
3.2700000000000000178 1.1404896010782137741e-66 1.2004921700281560084e-05
3.2800000000000002487 4.4614805514986497375e-65 6.0024608501407783478e-06
3.2900000000000000355 1.6638195766328435719e-63 8.0032814366859383881e-06
3.3000000000000002665 5.915272940342707099e-62 4.0016407183429691941e-06
3.3100000000000000533 2.0048714533569569712e-60 4.0016407183429691941e-06
3.3200000000000002842 6.4780364594311861567e-59 8.0032814366859383881e-06
3.3300000000000000711 1.9954799197690534807e-57 4.0016407183429691941e-06
3.3399999999999998579 5.8600394941122136008e-56 4.0016407183429691941e-06
3.3500000000000000888 1.6406090693469666786e-54 -1.6406090693469666786e-54
3.3599999999999998757 4.3788828501005530564e-53 1.0004101568483749236e-05
3.3700000000000001066 1.1142369747236526894e-51 1.0004101568483749236e-05
3.3799999999999998934 2.7030264629701582729e-50 8.0032814366859383881e-06
3.3900000000000001243 6.2514980804040397404e-49 1.2004921700281560084e-05
3.3999999999999999112 1.3784203532188923947e-47 4.0016407183429691941e-06
3.4100000000000001421 2.8976494395543588227e-46 1.2004921700281560084e-05
3.4199999999999999289 5.8073707271281489775e-45 4.0016407183429691941e-06
3.4300000000000001599 1.1096496797584838832e-43 1.0004101568483749236e-05
3.4399999999999999467 2.021473741698464441e-42 1.0004101568483749236e-05
3.4500000000000001776 3.510989926049454117e-41 6.0024608501407783478e-06
3.4599999999999999645 5.8139848041831595382e-40 2.0008203591714850205e-06
3.4700000000000001954 9.1791987431556245049e-39 6.0024608501407783478e-06
3.4799999999999999822 1.3817394522506407576e-37 2.0008203591714850205e-06
3.4900000000000002132 1.9830888979227159448e-36 2.0008203136967498472e-05
3.5 2.7136710560927551777e-35 8.0032814366859383881e-06
3.5100000000000002309 3.5405913411655914334e-34 4.0016407183429691941e-06
3.5200000000000000178 4.4045629499280371086e-33 1.2004921700281560084e-05
3.5300000000000002487 5.2244835080630133848e-32 1.4005742741574069316e-05
3.5400000000000000355 5.9088480204178675626e-31 8.0032814366859383881e-06
3.5500000000000002665 6.3721632790564655328e-30 -6.3721632790564655328e-30
3.5600000000000000533 6.5524184754099695769e-29 1.2004921700281560084e-05
3.5700000000000002842 6.4247082031683433411e-28 6.0024608501407783478e-06
3.5800000000000000711 6.0068809446584077312e-27 8.0032814366859383881e-06
3.5899999999999998579 5.3554464428920283915e-26 8.0032814366859383881e-06
3.6000000000000000888 4.5530354837524977639e-25 8.0032814366859383881e-06
3.6099999999999998757 3.6912481276763923495e-24 1.2004921700281560084e-05
3.6200000000000001066 2.8537832332731283939e-23 1.0004101568483749236e-05
3.6299999999999998934 2.104037770630312734e-22 4.0016407183429691941e-06
3.6400000000000001243 1.4793835773003147199e-21 4.0016407183429675e-06
3.6499999999999999112 9.9200386292734499773e-21 4.0016407183429590297e-06
3.6600000000000001421 6.3439915511051663744e-20 6.0024608501407148204e-06
3.6699999999999999289 3.8693736891935863668e-19 1.2004921700281173837e-05
3.6800000000000001599 2.2509232724235683607e-18 6.0024608501385277813e-06
3.6899999999999999467 1.2489260981183464947e-17 1.4005742741561580663e-05
3.7000000000000001776 6.6097345513186696431e-17 8.0032814366198410191e-06
3.7099999999999999645 3.3367136375402960749e-16 1.4005742741240397628e-05
3.7200000000000001954 1.606790491611288369e-15 8.0032814350791473804e-06
3.7299999999999999822 7.3811532033274814228e-15 1.2004921692900406561e-05
3.7400000000000002132 3.2347054929091523337e-14 1.6006562841024823545e-05
3.75 1.3524262458391026734e-13 1.8007383779421767649e-05
3.7600000000000002309 5.3949270280820658889e-13 1.0004101028991046744e-05
3.7700000000000000178 2.0534202146716476586e-12 1.200491964686134478e-05
3.7800000000000002487 7.4579607579670190381e-12 1.0004094110522991688e-05
3.7900000000000000355 2.5849075054795056883e-11 1.0004075719408695277e-05
3.8000000000000002665 8.5504411696002080344e-11 6.0023753457290820678e-06
3.8100000000000000533 2.6995434716128904382e-10 2.0007933182620336215e-05
3.8200000000000002842 8.1356890571800941486e-10 4.0008271494372511131e-06
3.8300000000000000711 2.340719286022781301e-09 3.999299999056946529e-06
3.8399999999999998579 6.4299794931319710782e-09 3.9952107388498375555e-06
3.8500000000000000888 1.6866917788770101732e-08 1.1988054782492789499e-05
3.8599999999999998757 4.2256708714477993953e-08 1.1962664991567081355e-05
3.8700000000000001066 1.0112667684216062067e-07 5.9013341732986179919e-06
3.8799999999999998934 2.3122352099419484904e-07 7.7720579156917442802e-06
3.8900000000000001243 5.0523321838006967072e-07 3.4964074999628997351e-06
3.8999999999999999112 1.0552515865488686798e-06 4.9472092635919100916e-06
3.9100000000000001421 2.107416765272120847e-06 9.8975049350094388133e-06
3.9199999999999999289 4.0254955396817266905e-06 5.9786060288020225455e-06
3.9300000000000001599 7.3574667085196794966e-06 6.6482760330543898199e-06
3.9399999999999999467 1.2872650915022812654e-05 -6.8701900648820343065e-06
3.9500000000000001776 2.1570431349315148222e-05 -9.5655096490335881384e-06
3.9599999999999999645 3.4638286950689693537e-05 -2.6635005514003755149e-05
3.9700000000000001954 5.3340602213155625347e-05 -4.5337320776469686959e-05
3.9799999999999999822 7.8833304783311323235e-05 -7.4831664064968354041e-05
3.9900000000000002132 0.0001119221942019913514 -0.00010792055348364838221
4 0.00015280928213928465266 -0.00014280518057080090512
4.0099999999999997868 0.00020089163442476619197 -0.00019088753285628244443
4.0200000000000004619 0.00025468024932046777562 -0.00025067860860212480643
4.0300000000000002487 0.00031188598900153211837 -0.00030388270756484617998
4.0400000000000000355 0.00036967805540845030936 -0.00036167477397176437098
4.0499999999999998224 0.00042507041265974306781 -0.00042306959230057158321
4.0600000000000004974 0.00047535105386373941979 -0.0004673477724270534814
4.0700000000000002842 0.00051845411497406673242 -0.00051245165412392595407
4.0800000000000000711 0.00055319187861507725535 -0.00054518859717839131696
4.0899999999999998579 0.00057930613920887383868 -0.00056730121750859228199
4.0999999999999996447 0.00059734985561138334142 -0.00058534493391110178472
4.1100000000000003197 0.00060845194192749431448 -0.00059844784035901056694
4.1200000000000001066 0.00061403772963759828147 -0.00060803526878745750312
4.1299999999999998934 0.00061557262722367804639 -0.0006115709865053350772
4.1399999999999996803 0.00061437377480363334226 -0.00060637049336694740388
4.1500000000000003553 0.00061150564609128521629 -0.0006075040053729422471
4.1600000000000001421 0.00060775119152653434007 -0.00059974791008984840168
4.1699999999999999289 0.00060363612916588984918 -0.00059563284772920391079
4.1799999999999997158 0.00059948086002080153579 -0.00058947675845231778825
4.1900000000000003908 0.0005954589986199807514 -0.0005834540769196991947
4.2000000000000001776 0.00059164928532751852926 -0.00058564682447737775092
4.2099999999999999645 0.0005880751249658675928 -0.00058207266411572681445
4.2199999999999997513 0.0005847312934953559577 -0.00056872473062198408093
4.2300000000000004263 0.00058160012456250520952 -0.00057359684312581927113
4.2400000000000002132 0.00057866029442035847412 -0.0005646545516787844065
4.25 0.00057589100179907676269 -0.00056188525905750269507
4.2599999999999997868 0.0005732735905866962042 -0.0005612686688864146475
4.2700000000000004619 0.00057079191416294799456 -0.00055278453024828360686
4.2800000000000002487 0.00056843217031358496665 -0.0005624297094634441883
4.2900000000000000355 0.00056618256946943832861 -0.00055417764776915677191
4.2999999999999998224 0.0005640329931298912686 -0.00055602971169320533022
4.3100000000000004974 0.00056197469703457309659 -0.00055997387667540161199
4.3200000000000002842 0.00056000006924266352865 -0.0005539976083925227503
4.3300000000000000711 0.0005581024373246924004 -0.00054609751562441084371
4.3399999999999998579 0.00055627591514039711942 -0.00055227427442205415022
4.3500000000000005329 0.00055451528034387224768 -0.00054851281949373146933
4.3600000000000003197 0.00055281587553065417336 -0.00054681341468051339501
4.3700000000000001066 0.00055117352765515163077 -0.00054517106680501085242
4.3799999999999998934 0.00054958448170552029553 -0.00054758366134634881093
4.3899999999999996803 0.00054804534562994647231 -0.00053604042392966491561
4.4000000000000003553 0.00054655304423999889491 -0.00054255140352165592572
4.4100000000000001421 0.00054510478034924478036 -0.00054110313963090181117
4.4199999999999999289 0.00054369800179689348283 -0.00053769554094675270448
4.4299999999999997158 0.00054233037329794024119 -0.00053032545159765868449
4.4400000000000003908 0.00054099975228146944713 -0.00053099565071298569958
4.4500000000000001776 0.00053970416804701131907 -0.00053370170719687054072
4.4599999999999999645 0.00053844180369883520246 -0.00052643688199855364577
4.4699999999999997513 0.00053721098041950555123 -0.00053320933970116258203
4.4800000000000004263 0.00053601014372391358846 -0.00052400522202363203177
4.4900000000000002132 0.00053483785139843301269 -0.00052883539054829223434
4.5 0.00053369276288061674989 -0.00051968702013904268227
4.5099999999999997868 0.00053257362987575013451 -0.00052657116902560935617
4.5200000000000004619 0.00053147928803975660883 -0.00051947436633947505213
4.5300000000000002487 0.0005304086495850268354 -0.00052040454801654308786
4.5400000000000000355 0.00052936069668795947968 -0.00051535495394638541206
4.5499999999999998224 0.00052833447559534315111 -0.00051833037402685940356
4.5600000000000004974 0.00052732909134189649529 -0.00051332334860032242767
4.5700000000000002842 0.00052634370300397607598 -0.00052234206228563310678
4.5800000000000000711 0.00052537751942503016327 -0.00051737423798834422488
4.5899999999999998579 0.00052442979535731665871 -0.00052042815463897368952
4.6000000000000005329 0.0005234998279719004291 -0.00051549654653521449071
4.6100000000000003197 0.00052258695369532585061 -0.00051458367225863991222
4.6200000000000001066 0.0005216905453367681484 -0.00051568808448662737005
4.6299999999999998934 0.00052081000947408874566 -0.00051480754862394796732
4.6399999999999996803 0.00051994478407117543893 -0.00050994068250269169139
4.6500000000000003553 0.00051909433630233418021 -0.00050909023473385043267
4.6600000000000001421 0.0005182581605624377594 -0.00051025487912575182101
4.6699999999999999289 0.00051743577664404248866 -0.00051143331579390171032
4.6799999999999997158 0.00051662672806489175117 -0.00050062016519151987439
4.6900000000000003908 0.00051583058053110636756 -0.00050182483778953229994
4.7000000000000001776 0.00051504692052303140473 -0.00050504281895454765719
4.7099999999999999645 0.00051427535399213846357 -0.0004982687911187665868
4.7199999999999997513 0.00051351550515865663701 -0.00049550812124399224931
4.7300000000000004263 0.00051276701540070861347 -0.00050476373396402267509
4.7400000000000002132 0.00051202954222669908729 -0.00049202133908973159221
4.75 0.00051130275832356718042 -0.0004852920938817115561
4.7599999999999997868 0.00051058635067426267912 -0.00049257896675959829142
4.7700000000000004619 0.00050988001973848254018 -0.00047786689399173878662
4.7800000000000002487 0.000509183478691294252 -0.0004731687108619654766
4.7900000000000000355 0.00050849645271479500513 -0.00048648742853653499912
4.7999999999999998224 0.00050781867833843234977 -0.00047180391050910357436
4.8100000000000004974 0.00050714990282402163009 -0.00048914251890935724239
4.8200000000000002842 0.00050648988359186942598 -0.00048848249967720503827
4.8300000000000000711 0.000505838387684746601 -0.00048583018454777910592
4.8399999999999998579 0.00050519519126675249427 -0.00047518288656130125164
4.8500000000000005329 0.00050456007915437319465 -0.00048455187601740569957
4.8600000000000003197 0.00050393284437728804587 -0.00048592546046262365816
4.8700000000000001066 0.00050331328776667856595 -0.00048530590385201417825
4.8799999999999998934 0.00050270121756900343259 -0.00047669055312714780828
4.8899999999999996803 0.0005020964490833700446 -0.00047608578464151442029
4.9000000000000003553 0.00050149880432078810209 -0.00047348731883763996685
4.9100000000000001421 0.00050090811168374785745 -0.00048490154881037598068
4.9199999999999999289 0.00050032420566467649455 -0.00047831518148641648854
4.9299999999999997158 0.00049974692656196291994 -0.00048374036368859104316
4.9400000000000003908 0.00049917612021233796066 -0.00047316545577048233634
4.9500000000000001776 0.00049861163773850635927 -0.00047860343460153886418
4.9599999999999999645 0.00049805333531102355914 -0.00047804513217405606405
4.9699999999999997513 0.00049750107392352671629 -0.00047749287078655922121
4.9800000000000004263 0.00049695471918055351534 -0.00048094815630718163856
4.9900000000000002132 0.00049641414109738186012 -0.0004704034766555262358
5 0.00049587921391163879582 -0.00046586690920618755319
5.0099999999999997868 0.00049534981590700782623 -0.00048134407316543375861
5.0200000000000004619 0.0004948258292504349818 -0.00047881926637706310503
5.0300000000000002487 0.00049430713984630492847 -0.00046229401409956117491
5.0400000000000000355 0.0004937936372149598005 -0.00046578215173181166525
5.0499999999999998224 0.00049328521441027869347 -0.00047927947166870462584
5.0600000000000004974 0.0004927817680046268781 -0.0004747743840899624904
5.0700000000000002842 0.00049228319819430356886 -0.00047227499505733607377
5.0800000000000000711 0.00049178940912310623295 -0.00047578284624973435617
5.0899999999999998579 0.00049130030960011818186 -0.00046929128542185817585
5.1000000000000005329 0.00049081581452377679147 -0.00046680597112321367808
5.1100000000000003197 0.00049033584755558555675 -0.0004623243620724374215
5.1200000000000001066 0.00048986034597308183731 -0.00046985214283611434222
5.1299999999999998934 0.00048938926926441980204 -0.00047538352652284573442
5.1399999999999996803 0.0004889226140432752438 -0.00046691358986501523779
5.1500000000000003553 0.00048846043946230012327 -0.00046244977502044449895
5.1600000000000001421 0.0004880029097679187901 -0.00046999552585325440239
5.1699999999999999289 0.00048755036435362252836 -0.00046153969991176690404
5.1799999999999997158 0.00048710343113801029061 -0.00046309358773744717722
5.1900000000000003908 0.00048666320695014346313 -0.00046265336354958034974
5.2000000000000001776 0.00048623153959498100233 -0.00045822005411183286709
5.2099999999999999645 0.00048581146120834370686 -0.00046380243703008370085
5.2199999999999997513 0.00048540784217103959391 -0.00045939717772918396959
5.2300000000000004263 0.00048502835980259362183 -0.0004550160550971423792
5.2400000000000002132 0.00048468490638786123313 -0.00046067506298729811974
5.25 0.00048439559605288390245 -0.00046438739291591640736
5.2599999999999997868 0.00048418756754094432592 -0.00046017772414038121253
5.2700000000000004619 0.00048410081615258957919 -0.00045408851144713833657
5.2800000000000002487 0.00048419331675464649624 -0.00047619003531796055785
5.2900000000000000355 0.00048454771182622843493 -0.00047254279012594687824
5.2999999999999998224 0.00048527982211593454669 -0.00046927325924256266991
5.3100000000000004974 0.0004865491782573149078 -0.00046654097512034741271
5.3200000000000002842 0.00048857165383525994959 -0.0004645618104346968362
5.3300000000000000711 0.00049163408867910921105 -0.00046362260319596107581
5.3399999999999998579 0.00049611051387179539492 -0.00047009984942993977061
5.3500000000000005329 0.00050247922282336328782 -0.00047846937942280017442
5.3600000000000003197 0.00051133948340878780311 -0.00048732964000822468972
5.3700000000000001066 0.0005234261787170744638 -0.00050942043597550039618
5.3799999999999998934 0.00053962014259150282817 -0.00051961193945453533309
5.3899999999999996803 0.00056095148673434062046 -0.00054094328359737312538
5.4000000000000003553 0.00058859288458957962405 -0.00057058550067491523635
5.4100000000000001421 0.00062383968338043432802 -0.00060783312050706245124
5.4199999999999999289 0.0006680739624425602579 -0.00064406411904199714451
5.4299999999999997158 0.00072271033346123930447 -0.00069669966901938368015
5.4400000000000003908 0.00078912244439376165537 -0.00073910193473235351411
5.4500000000000001776 0.00086855080920404269165 -0.00085054342528937830394
5.4599999999999999645 0.00096199467496112559765 -0.00093598401051926997333
5.4699999999999997513 0.0010700930092810475441 -0.0010140700383147512736
5.4800000000000004263 0.0011930021148475395461 -0.0011329775054366370609
5.4900000000000002132 0.0013302795550013085495 -0.0012862615066447885374
5.5 0.0014807856660529372834 -0.0014167594145594497763
5.5099999999999997868 0.0016426146017172679487 -0.0015925940920558598075
5.5200000000000004619 0.0018130663219985843765 -0.0017370351478953206109
5.5300000000000002487 0.0019886690324892194147 -0.0018966312973315731759
5.5400000000000000355 0.0021652582880806710633 -0.0020592148074529666515
5.5499999999999998224 0.0023381144740080850308 -0.0022220668936308862751
5.5600000000000004974 0.002502155037067215447 -0.0023921099179949048205
5.5700000000000002842 0.0026521721984360067254 -0.0025061123115343673234
5.5800000000000000711 0.0027831015850178762207 -0.0026250367755064605603
5.5899999999999998579 0.0028903029450827550859 -0.0027442430581811156839
5.6000000000000005329 0.0029698314746938909992 -0.0027937592812678109511
5.6100000000000003197 0.0030186777192810088782 -0.002850608817296056488
5.6200000000000001066 0.0030349557342902165093 -0.0028728892936101522483
5.6299999999999998934 0.0030180231084522258188 -0.0028559566677721615578
5.6399999999999996803 0.0029685222016207222021 -0.002768440162975089637
5.6500000000000003553 0.0028883389069080532725 -0.0027322749275328771408
5.6600000000000001421 0.0027804826273910392131 -0.0026184161867109749522
5.6699999999999999289 0.0026488981154350280806 -0.0024968357672285005494
5.6799999999999997158 0.0024982255710946019156 -0.0023581681454978506429
5.6900000000000003908 0.0023335293156605059657 -0.0022354891191979715977
5.7000000000000001776 0.0021600170759921845202 -0.002031964573005209506
5.7099999999999999645 0.0019827713531478680792 -0.001864722949910387409
5.7199999999999997513 0.0018065117095361405732 -0.0017304805354328768076
5.7300000000000004263 0.0016354025376718525631 -0.0015853820280104444218
5.7400000000000002132 0.0014729155791042215957 -0.0013888811281117454006
5.75 0.0013217508206779516027 -0.0012857360528486228273
5.7599999999999997868 0.0011838140552064997917 -0.0011618050310282397857
5.7700000000000004619 0.0010602448925583496126 -0.0010262309475893027517
5.7800000000000002487 0.00095148571519363582885 -0.00091547094736430705345
5.7900000000000000355 0.00085738016582176520761 -0.0008353711416435052016
5.7999999999999998224 0.00077728922178212458451 -0.0007592818378674601968
5.8100000000000004974 0.00071021358049279924036 -0.00068820455631453923435
5.8200000000000002842 0.0006549126719775114026 -0.00063290364779925139659
5.8300000000000000711 0.00061001279173525911354 -0.00059000458859829161846
5.8399999999999998579 0.00057409927097313716467 -0.00056009352823156309704
5.8500000000000005329 0.00054578997265063568071 -0.00052778258873597129301
5.8600000000000003197 0.00052378949120833072015 -0.00049377718650287947752
5.8700000000000001066 0.00050692509419968145076 -0.00049692099263119770321
5.8799999999999998934 0.00049416661021763801445 -0.00047015676681707490106
5.8899999999999996803 0.0004846331449750381523 -0.0004726282232747565956
5.9000000000000003553 0.00047758975416199874429 -0.00046358401142042467667
5.9100000000000001421 0.00047243710786668544933 -0.00045442972395202106163
5.9199999999999999289 0.00046869684978606849851 -0.00045269028691269662173
5.9299999999999997158 0.00046599488504673220205 -0.00044598668190976470697
5.9400000000000003908 0.00046404430908869375794 -0.00044803774621532188116
5.9500000000000001776 0.00046262918261221310304 -0.00044862343987063903542
5.9599999999999999645 0.00046158990823919613311 -0.00045158580667071238557
5.9699999999999997513 0.00046081059739977404607 -0.00043479993295791842176
5.9800000000000004263 0.00046020853866818854129 -0.00045020443709970479375
5.9900000000000002132 0.00045972568705522165542 -0.00043771666287696164941
6 0.0004593219759100069426 -0.00042930967120455569997
6.0099999999999997868 0.0004589701938569151719 -0.00043896199071994767681
6.0200000000000004619 0.00045865215279940050501 -0.00043464230939883739162
6.0300000000000002487 0.00045835588508567898106 -0.00043834768194871148598
6.0400000000000000355 0.00045807363657233681137 -0.00045007035513565087298
6.0499999999999998224 0.00045780045853478968819 -0.00042578733278804593463
6.0600000000000004974 0.00045753323890809321746 -0.00043752503577112572238
6.0700000000000002842 0.00045727004830468172443 -0.00044326430556310765681
6.0800000000000000711 0.00045700970658843752823 -0.00043299986318787441484
6.0899999999999998579 0.00045675150073529099124 -0.00044474657903500943454
6.1000000000000005329 0.00045649500437073452707 -0.00043648680123376703199
6.1100000000000003197 0.00045623996431129151038 -0.00043223012091072839699
6.1200000000000001066 0.00045598623042718229364 -0.00042997556598532666932
6.1299999999999998934 0.00045573371299971753056 -0.00044572961143123378302
6.1400000000000005684 0.00045548235721605138991 -0.0004334733330377913839
6.1500000000000003553 0.0004552321281582525866 -0.00042722064267510445135
6.1600000000000001421 0.00045498300210821345608 -0.0004169674150565815733
6.1699999999999999289 0.00045473496158941734526 -0.00043672757767475295755
6.1799999999999997158 0.00045448799258291082978 -0.000416472405531278947
6.1900000000000003908 0.00045424208298755827792 -0.0004402363402459842103
6.2000000000000001776 0.00045399722178087993998 -0.0004339890186439124449
6.2099999999999999645 0.000453753398568053877 -0.00043174437438979387099
6.2199999999999997513 0.00045351060334259828046 -0.00042950075994203516707
6.2300000000000004263 0.00045326882636069238276 -0.00042725816191883675844
6.2400000000000002132 0.00045302805807557517846 -0.00043502067416091079076
6.25 0.00045278828910323140134 -0.00041277188282929641117
6.2599999999999997868 0.00045254951020415491855 -0.0004245380247210067833
6.2700000000000004619 0.00045231171227332110738 -0.00043430432835865671968
6.2800000000000002487 0.00045207488633455035921 -0.00041806094136550349828
6.2900000000000000355 0.00045183902353805257841 -0.00043583246066468070163
6.2999999999999998224 0.00045160411516298823052 -0.00042159181045753698789
6.3100000000000004974 0.00045137015263364458446 -0.00042335866715049644922
6.3200000000000002842 0.00045113712757646469258 -0.00041912400182972093902
6.3300000000000000711 0.000450905031996222329 -0.0004328976480815579413
6.3399999999999998579 0.00045067385878250025826 -0.00042666401538193714487
6.3500000000000005329 0.00045044360308270375457 -0.00041042719680876876441
6.3600000000000003197 0.00045021426582279047918 -0.00042420360138093485486
6.3700000000000001066 0.00044998586224968736271 -0.00041397109442035858731
6.3799999999999998934 0.00044975844153168726899 -0.00041174285448005538621
6.3900000000000005684 0.00044953212924328262573 -0.00040751490374704452818
6.4000000000000003553 0.00044930721423753957342 -0.00040128752743641334664
6.4100000000000001421 0.00044908431591882987241 -0.00039906380625742173115
6.4199999999999999289 0.00044886468682640379233 -0.00040884828055246880216
6.4299999999999997158 0.00044865072524079795385 -0.00041263595741146917844
6.4400000000000003908 0.00044844678496241724593 -0.00040242791738359412652
6.4500000000000001776 0.00044826036075705348333 -0.0003962390318733422347
6.4599999999999999645 0.00044810368115270486676 -0.00040008399435157863998
6.4699999999999997513 0.00044799564132886894033 -0.00037596610567021138951
6.4800000000000004263 0.00044796385739406737207 -0.0003799359674559736502
6.4900000000000002132 0.00044804644387176363043 -0.00040202757629294051103
6.5 0.00044829296322864022441 -0.0003762634275699826736
6.5099999999999997868 0.00044876394586110192504 -0.00035272457225884947148
6.5200000000000004619 0.00044952850296607182318 -0.00036749486755791992837
6.5300000000000002487 0.00045065988341341106389 -0.00036462460956065295432
6.5400000000000000355 0.00045222931498154741916 -0.00034818665721412492189
6.5499999999999998224 0.00045429899434793586483 -0.00037226535893978397003
6.5600000000000004974 0.0004569154734764958696 -0.00037888348378890780374
6.5700000000000002842 0.0004601047727670989798 -0.00036606621474917082652
6.5800000000000000711 0.00046387026231199213026 -0.00035382514323968150376
6.5899999999999998579 0.000468193752248051659 -0.00033613960354051287006
6.6000000000000005329 0.00047303950066123726277 -0.00036699602003353285103
6.6100000000000003197 0.00047836021311298498968 -0.00037431755534556249241
6.6200000000000001066 0.0004841037614483154213 -0.0003560512584613404613
6.6299999999999998934 0.00049021936862997655005 -0.00036616851136356536479
6.6400000000000005684 0.00049666233681109239924 -0.00034059835743591626751
6.6500000000000003553 0.00050339688932068960264 -0.00035933781800337450101
6.6600000000000001421 0.00051039718098424527622 -0.00036033566291395727373
6.6699999999999999289 0.00051764687466564977391 -0.00034357551137580925448
6.6799999999999997158 0.00052513783187501717788 -0.00033706071583916087132
6.6900000000000003908 0.00053286844258527662262 -0.00034279051096509601578
6.7000000000000001776 0.00054084198910396281794 -0.00035876733437299464062
6.7099999999999999645 0.0005490652739550465301 -0.00036899144936031793565
6.7199999999999997513 0.00055754759690361771311 -0.00033945817434332070618
6.7300000000000004263 0.00056630006801615655893 -0.00038822705900575226476
6.7400000000000002132 0.00057533519418639239573 -0.0003572457716260953888
6.75 0.000584666664054832785 -0.00039258791685032787787
6.7599999999999997868 0.0005943092650237032917 -0.00032219770527132840423
6.7700000000000004619 0.0006042788830234337551 -0.00036818207654847241467
6.7800000000000002487 0.00061459255267198734454 -0.00037849574619702600412
6.7900000000000000355 0.00062526853885611316346 -0.00035915944040862635101
6.7999999999999998224 0.00063632643988719794857 -0.00044224686254645351278
6.8100000000000004974 0.00064778730799118782076 -0.00037767654927122200521
6.8200000000000002842 0.00065967378609830043795 -0.00041957534845469055115
6.8300000000000000711 0.00067201026167654958135 -0.00038989458034680750734
6.8399999999999998579 0.0006848230393814006868 -0.00039470409571436141163
6.8500000000000005329 0.00069814053498407199674 -0.00042802977626410618119
6.8600000000000003197 0.00071199349362109794724 -0.00040186633590315475571
6.8700000000000001066 0.00072641523599892624235 -0.00039828069436631866312
6.8799999999999998934 0.00074144193685689134543 -0.00042931397810653902777
6.8900000000000005684 0.00075711294078505586742 -0.00044898661320335215034
6.9000000000000003553 0.00077347112144999011479 -0.00042732919590271809364
6.9100000000000001421 0.0007905632914456089521 -0.00044041973472968833038
6.9199999999999999289 0.00080844067141127532328 -0.00047030203730513101424
6.9299999999999997158 0.00082715942881407111126 -0.00046501094948837428528
6.9400000000000003908 0.00084678129896489657668 -0.00046262380455588676242
6.9500000000000001776 0.00086737430354483083857 -0.00045720613378002892451
6.9599999999999999645 0.00088901358531204353712 -0.00049085033815701793573
6.9699999999999997513 0.00091178238194415813737 -0.00045959698304513931866
6.9800000000000004263 0.0009357731674206398384 -0.00055761813431651815337
6.9900000000000002132 0.00096108899633699524517 -0.00052491015121640133972
7 0.00098784509558016812825 -0.00054566378915468609356
7.0099999999999997868 0.0010161707595979119646 -0.00055998372953024459948
7.0200000000000004619 0.0010462116210826447483 -0.0006040303146571627136
7.0300000000000002487 0.0010781323897558774041 -0.00054591419286090388761
7.0400000000000000355 0.0011121201803978616584 -0.00062592084380575364715
7.0499999999999998224 0.0011483885912763110854 -0.00064418184166570822968
7.0600000000000004974 0.00118718275354405935 -0.00064295963403930957505
7.0700000000000002842 0.0012287856693743168593 -0.00066855596698731176858
7.0800000000000000711 0.0012735263400276883826 -0.000665276947201578258
7.0899999999999998579 0.0013217905888872280313 -0.00068953135084156538977
7.1000000000000005329 0.0013740364782749312986 -0.00068775511758910595067
7.1100000000000003197 0.0014308187805342456773 -0.00072653000682992548501
7.1200000000000001066 0.0014928335320034873211 -0.00072451854318546769253
7.1299999999999998934 0.0015610099235952613894 -0.00068465063128925543467
7.1400000000000005684 0.0016367146744249989714 -0.00058228231490092797161
7.1500000000000003553 0.0017222166355140902921 -0.00063977288691330932817
7.1600000000000001421 0.0018217255268838268827 -0.00046316850005053084374
7.1699999999999999289 0.0019436229675893292902 -0.00050903474482489729364
7.1799999999999997158 0.0021050007476851161775 -0.00039429936310349114961
7.1900000000000003908 0.0023403170920328281515 -0.00036550741003612500363
7.2000000000000001776 0.0027167410851258260406 -0.00029174683436634409051
7.2099999999999999645 0.0033591700237865828108 -0.00022188373698548259985
7.2199999999999997513 0.0044871872167312988264 -0.00087170497209070963232
7.2300000000000004263 0.006463272251556386773 -0.0021134887229602239769
7.2400000000000002132 0.0098453666466061171003 -0.0043811262036446627088
7.25 0.015427382239860537583 -0.0091067906895401506961
7.2599999999999997868 0.024240480103615725388 -0.016493303534660542359
7.2700000000000004619 0.037480906904034265448 -0.028319150530092367102
7.2800000000000002487 0.05633410265893509794 -0.045911829119928387888
7.2900000000000000355 0.081686363695621613812 -0.069367312966346864056
7.2999999999999998224 0.11375582640307407845 -0.099660046894721798783
7.3100000000000004974 0.15172511825068574209 -0.13608870768650155325
7.3200000000000002842 0.1934988681782465747 -0.17657993143391426116
7.3300000000000000711 0.23571536105229079494 -0.21773198779775321254
7.3399999999999998579 0.27409503818239350226 -0.25484714680101056006
7.3500000000000005329 0.30411186775710374874 -0.28423371686186582608
7.3600000000000003197 0.32185590606841579797 -0.30166762848112121942
7.3700000000000001066 0.32486417051160260128 -0.30444779898726864742
7.3799999999999998934 0.31267713484582720929 -0.29330519316015063458
7.3900000000000005684 0.28694787829340095975 -0.26830623506725426175
7.4000000000000003553 0.25106865375682907437 -0.23354746981904106473
7.4100000000000001421 0.20943168806707707086 -0.19332908536171761194
7.4199999999999999289 0.16654671287968034199 -0.15221283609851474217
7.4299999999999997158 0.12625854943943937148 -0.11371540666622836913
7.4400000000000003908 0.091244506666632738123 -0.0805801339617095852
7.4500000000000001776 0.062858804236482393457 -0.053955153669546854212
7.4599999999999999645 0.041279344522725136546 -0.034122410399238856105
7.4699999999999997513 0.025840552330819294841 -0.02005417998215310374
7.4800000000000004263 0.015419456620311050576 -0.010831575818901567621
7.4900000000000002132 0.0087706402256324846045 -0.0051711643892511684195
7.5 0.0047553852896626593039 -0.0019782465647395254538
7.5099999999999997868 0.0024577063728202347935 -0.00044688198120186378368
7.5200000000000004619 0.0012107715262829063865 0.00027583793077778852483
7.5300000000000002487 0.00056856570235763216614 0.00041783866536493873001
7.5400000000000000355 0.00025449775105297085939 0.00043578526990533354582
7.5499999999999998224 0.00010858525208109902794 0.00035360423929145647992
7.5600000000000004974 4.4161140266990411808e-05 0.00031398570789005779327
7.5700000000000002842 1.7119509790057112355e-05 0.00016495514494091110223
7.5800000000000000711 6.3259123224816342466e-06 0.00016574463538303454762
7.5899999999999998579 2.2281021230609546862e-06 9.5812094339473418011e-05
7.6000000000000005329 7.4804282688606433234e-07 4.327000552963394483e-05
7.6100000000000003197 2.3938487959330314958e-07 3.1773740867150440344e-05
7.6200000000000001066 7.3020591569178335224e-08 1.7934363323095213087e-05
7.6299999999999998934 2.1231071218268382619e-08 1.1983690629063291916e-05
7.6400000000000005684 5.8840450695144597908e-09 3.9957566732734550469e-06
7.6500000000000003553 1.554380116014990273e-09 1.999265979055470077e-06
7.6600000000000001421 3.9139502484650860236e-10 4.001249323318122915e-06
7.6699999999999999289 9.3939857534582029649e-11 2.0007264193139506206e-06
7.6799999999999997158 2.1491204069288091162e-11 -2.1491204069288091162e-11
7.6900000000000003908 4.6864890240438612019e-12 -4.6864890240438612019e-12
7.7000000000000001776 9.7411501585612099181e-13 -9.7411501585612099181e-13
7.7099999999999999645 1.9299605882711137044e-13 -1.9299605882711137044e-13
7.7199999999999997513 3.6447019516543368141e-14 -3.6447019516543368141e-14
7.7300000000000004263 6.5607093465718055373e-15 -6.5607093465718055373e-15
7.7400000000000002132 1.1256791267798291001e-15 -1.1256791267798291001e-15
7.75 1.8409979873961083548e-16 2.0008203589873853741e-06
7.7599999999999997868 2.86989997109392866e-17 -2.86989997109392866e-17
7.7700000000000004619 4.2643694337713148928e-18 -4.2643694337713148928e-18
7.7800000000000002487 6.0397279723487030278e-19 -6.0397279723487030278e-19
7.7900000000000000355 8.1536922930406604146e-20 -8.1536922930406604146e-20
7.7999999999999998224 1.0492175220532686063e-20 -1.0492175220532686063e-20
7.8100000000000004974 1.2869181654499390489e-21 -1.2869181654499390489e-21
7.8200000000000002842 1.5045631315997799939e-22 -1.5045631315997799939e-22
7.8300000000000000711 1.6766557464048064517e-23 2.0008203591714850205e-06
7.8399999999999998579 1.7809482877002171644e-24 -1.7809482877002171644e-24
7.8500000000000005329 1.8031529324080774481e-25 -1.8031529324080774481e-25
7.8600000000000003197 1.7401536230532172469e-26 -1.7401536230532172469e-26
7.8700000000000001066 1.6007235153578565657e-27 -1.6007235153578565657e-27
7.8799999999999998934 1.4035203177633969952e-28 -1.4035203177633969952e-28
7.8900000000000005684 1.1729909663075863898e-29 -1.1729909663075863898e-29
7.9000000000000003553 9.3442437550308200394e-31 -9.3442437550308200394e-31
7.9100000000000001421 7.095240571590079026e-32 -7.095240571590079026e-32
7.9199999999999999289 5.1352727567110465433e-33 -5.1352727567110465433e-33
7.930000000000000604 3.5426910718893994205e-34 -3.5426910718893994205e-34
7.9400000000000003908 2.329573304714949377e-35 -2.329573304714949377e-35
7.9500000000000001776 1.4601341789668098001e-36 2.0008203591714850205e-06
7.9599999999999999645 8.7233319759868602516e-38 -8.7233319759868602516e-38
7.9699999999999997513 4.967584253909398093e-39 -4.967584253909398093e-39
7.9800000000000004263 2.6963809764056413695e-40 -2.6963809764056413695e-40
7.9900000000000002132 1.395052022155615201e-41 -1.395052022155615201e-41
8 6.8797499504971011967e-43 -6.8797499504971011967e-43
8.0099999999999997868 3.2339103389445249018e-44 -3.2339103389445249018e-44
8.0199999999999995737 1.4489597962620993888e-45 -1.4489597962620993888e-45
8.0299999999999993605 6.1881054589523419576e-47 -6.1881054589523419576e-47
8.0400000000000009237 2.519022576419109077e-48 -2.519022576419109077e-48
8.0500000000000007105 9.7741583093159051908e-50 -9.7741583093159051908e-50
8.0600000000000004974 3.6149276366926756593e-51 -3.6149276366926756593e-51
8.0700000000000002842 1.2743618237847950041e-52 -1.2743618237847950041e-52
8.0800000000000000711 4.2821194676214597898e-54 2.0008203591714850205e-06
8.0899999999999998579 1.3715058550214396907e-55 -1.3715058550214396907e-55
8.0999999999999996447 4.1870619859879086644e-57 -4.1870619859879086644e-57
8.1099999999999994316 1.2184113384821392892e-58 -1.2184113384821392892e-58
8.1200000000000009948 3.3794908173984587906e-60 -3.3794908173984587906e-60
8.1300000000000007816 8.9347290686665415483e-62 -8.9347290686665415483e-62
8.1400000000000005684 2.2515638360373619667e-63 -2.2515638360373619667e-63
8.1500000000000003553 5.408288908203786421e-65 -5.408288908203786421e-65
8.1600000000000001421 1.2382496878971793781e-66 -1.2382496878971793781e-66
8.1699999999999999289 2.7022733587882128631e-68 -2.7022733587882128631e-68
8.1799999999999997158 5.6211221760563298883e-70 -5.6211221760563298883e-70
8.1899999999999995026 1.1145240582786341569e-71 -1.1145240582786341569e-71
8.1999999999999992895 2.1063402819439766255e-73 -2.1063402819439766255e-73
8.2100000000000008527 3.794375153050322615e-75 -3.794375153050322615e-75
8.2200000000000006395 6.5151532723363023428e-77 -6.5151532723363023428e-77
8.2300000000000004263 1.0663054488005897701e-78 -1.0663054488005897701e-78
8.2400000000000002132 1.6634556590041591296e-80 -1.6634556590041591296e-80
8.25 2.4735086074457448004e-82 -2.4735086074457448004e-82
8.2599999999999997868 3.50580864817962041e-84 -3.50580864817962041e-84
8.2699999999999995737 4.7362603073390988119e-86 -4.7362603073390988119e-86
8.2799999999999993605 6.0989557309680705084e-88 -6.0989557309680705084e-88
8.2900000000000009237 7.4859677214255604084e-90 -7.4859677214255604084e-90
8.3000000000000007105 8.7581617217188671968e-92 -8.7581617217188671968e-92
8.3100000000000004974 9.7667596736647893726e-94 -9.7667596736647893726e-94
8.3200000000000002842 1.0381510883271447662e-95 -1.0381510883271447662e-95
8.3300000000000000711 1.0518241486478847261e-97 -1.0518241486478847261e-97
8.3399999999999998579 1.0157766232060635463e-99 2.0008203591714850205e-06
8.3499999999999996447 9.3503051376235055652e-102 -9.3503051376235055652e-102
8.3599999999999994316 8.204003534244559435e-104 -8.204003534244559435e-104
8.3700000000000009948 6.8611730058243273662e-106 -6.8611730058243273662e-106
8.3800000000000007816 5.4694463945580257581e-108 -5.4694463945580257581e-108
8.3900000000000005684 4.1558592516588812429e-110 -4.1558592516588812429e-110
8.4000000000000003553 3.0098908313682360398e-112 -3.0098908313682360398e-112
8.4100000000000001421 2.0778447858151896668e-114 -2.0778447858151896668e-114
8.4199999999999999289 1.3672498983887920272e-116 -1.3672498983887920272e-116
8.4299999999999997158 8.5754146318685358673e-119 -8.5754146318685358673e-119
8.4399999999999995026 5.1266631205880815261e-121 -5.1266631205880815261e-121
8.4499999999999992895 2.9213719195537501183e-123 -2.9213719195537501183e-123
8.4600000000000008527 1.5867603209417210477e-125 -1.5867603209417210477e-125
8.4700000000000006395 8.2150123014505126404e-128 -8.2150123014505126404e-128
8.4800000000000004263 4.053941741046755961e-130 -4.053941741046755961e-130
8.4900000000000002132 1.9068616351975398775e-132 -1.9068616351975398775e-132
8.5 8.5493529364979786759e-135 -8.5493529364979786759e-135
8.5099999999999997868 3.6535890121380328131e-137 -3.6535890121380328131e-137
8.5199999999999995737 1.4882589905435769009e-139 -1.4882589905435769009e-139
8.5299999999999993605 5.7784280181605682116e-142 -5.7784280181605682116e-142
8.5400000000000009237 2.1385197516673363949e-144 -2.1385197516673363949e-144
8.5500000000000007105 7.5437829474507406821e-147 -7.5437829474507406821e-147
8.5600000000000004974 2.5365151342978582111e-149 -2.5365151342978582111e-149
8.5700000000000002842 8.1293923042770556354e-152 -8.1293923042770556354e-152
8.5800000000000000711 2.4834250179231232464e-154 -2.4834250179231232464e-154
8.5899999999999998579 7.2312997276112900966e-157 -7.2312997276112900966e-157
8.5999999999999996447 2.0070306759732808774e-159 -2.0070306759732808774e-159
8.6099999999999994316 5.3096267207206490776e-162 -5.3096267207206490776e-162
8.6200000000000009948 1.3388943164841935918e-164 -1.3388943164841935918e-164
8.6300000000000007816 3.2181103312942241222e-167 -3.2181103312942241222e-167
8.6400000000000005684 7.372722380408510724e-170 -7.372722380408510724e-170
8.6500000000000003553 1.610004714941544612e-172 -1.610004714941544612e-172
8.6600000000000001421 3.3511874945404655388e-175 -3.3511874945404655388e-175
8.6699999999999999289 6.648789961588407382e-178 -6.648789961588407382e-178
8.6799999999999997158 1.2573575814894889273e-180 -1.2573575814894889273e-180
8.6899999999999995026 2.2664560230723266349e-183 -2.2664560230723266349e-183
8.7000000000000010658 3.8941088389090878358e-186 -3.8941088389090878358e-186
8.7100000000000008527 6.3773634502909531296e-189 -6.3773634502909531296e-189
8.7200000000000006395 9.9551209626323289982e-192 -9.9551209626323289982e-192
8.7300000000000004263 1.4812358047689958965e-194 -1.4812358047689958965e-194
8.7400000000000002132 2.1007489011088456609e-197 -2.1007489011088456609e-197
8.75 2.8398563290853794574e-200 -2.8398563290853794574e-200
8.7599999999999997868 3.6592397997741777267e-203 -3.6592397997741777267e-203
8.7699999999999995737 4.4942543447580065041e-206 -4.4942543447580065041e-206
8.7799999999999993605 5.2613439565174785511e-209 -5.2613439565174785511e-209
8.7900000000000009237 5.8709449801334565355e-212 2.0008203591714850205e-06
8.8000000000000007105 6.2444126091579535253e-215 -6.2444126091579535253e-215
8.8100000000000004974 6.3306373615821276401e-218 -6.3306373615821276401e-218
8.8200000000000002842 6.1175220180550319898e-221 -6.1175220180550319898e-221
8.8300000000000000711 5.6347662307322621656e-224 -5.6347662307322621656e-224
8.8399999999999998579 4.9470752913320949169e-227 -4.9470752913320949169e-227
8.8499999999999996447 4.1399337304240860502e-230 -4.1399337304240860502e-230
8.8599999999999994316 3.3022542526480736155e-233 -3.3022542526480736155e-233
8.8700000000000009948 2.5107292046049451931e-236 -2.5107292046049451931e-236
8.8800000000000007816 1.8195394884794637926e-239 -1.8195394884794637926e-239
8.8900000000000005684 1.2568844080763842532e-242 -1.2568844080763842532e-242
8.9000000000000003553 8.2756369944924755411e-246 -8.2756369944924755411e-246
8.9100000000000001421 5.1937347248709209816e-249 -5.1937347248709209816e-249
8.9199999999999999289 3.1069218613404173368e-252 -3.1069218613404173368e-252
8.9299999999999997158 1.7715488462977355038e-255 -1.7715488462977355038e-255
8.9399999999999995026 9.628267846464084019e-259 -9.628267846464084019e-259
8.9500000000000010658 4.9878734277783888963e-262 -4.9878734277783888963e-262
8.9600000000000008527 2.4629461266358343714e-265 -2.4629461266358343714e-265
8.9700000000000006395 1.1592220289562502732e-268 -1.1592220289562502732e-268
8.9800000000000004263 5.2005653942592123443e-272 -5.2005653942592123443e-272
8.9900000000000002132 2.2238562912877188025e-275 -2.2238562912877188025e-275
9 9.0643172134726129318e-279 -9.0643172134726129318e-279
9.0099999999999997868 3.5215648424829020522e-282 -3.5215648424829020522e-282
9.0199999999999995737 1.3040928047817814001e-285 -1.3040928047817814001e-285
9.0299999999999993605 4.6031329824273335126e-289 -4.6031329824273335126e-289
9.0400000000000009237 1.548712331499187625e-292 -1.548712331499187625e-292
9.0500000000000007105 4.9666116309842558177e-296 -4.9666116309842558177e-296
9.0600000000000004974 1.5181750660456790231e-299 -1.5181750660456790231e-299
9.0700000000000002842 4.423394914825063324e-303 -4.423394914825063324e-303
9.0800000000000000711 1.2284621477305418421e-306 -1.2284621477305418421e-306
9.0899999999999998579 3.2519214559933283278e-310 -3.2519214559933283278e-310
9.0999999999999996447 8.2052254338218611539e-314 -8.2052254338218611539e-314
9.1099999999999994316 1.9733910738313568518e-317 -1.9733910738313568518e-317
9.1200000000000009948 4.5256413159058183447e-321 -4.5256413159058183447e-321
9.1300000000000007816 0 2.0008203591714850205e-06
9.1400000000000005684 0 0
9.1500000000000003553 0 0
9.1600000000000001421 0 0
9.1699999999999999289 0 0
9.1799999999999997158 0 0
9.1899999999999995026 0 0
9.2000000000000010658 0 0
9.2100000000000008527 0 0
9.2200000000000006395 0 0
9.2300000000000004263 0 0
9.2400000000000002132 0 2.0008203591714850205e-06
9.25 0 0
9.2599999999999997868 0 0
9.2699999999999995737 0 0
9.2799999999999993605 0 0
9.2900000000000009237 0 0
9.3000000000000007105 0 0
9.3100000000000004974 0 0
9.3200000000000002842 0 0
9.3300000000000000711 0 0
9.3399999999999998579 0 0
9.3499999999999996447 0 0
9.3599999999999994316 0 0
9.3700000000000009948 0 0
9.3800000000000007816 0 0
9.3900000000000005684 0 0
9.4000000000000003553 0 0
9.4100000000000001421 0 0
9.4199999999999999289 0 0
9.4299999999999997158 0 0
9.4399999999999995026 0 0
9.4500000000000010658 0 0
9.4600000000000008527 0 0
9.4700000000000006395 0 0
9.4800000000000004263 0 0
9.4900000000000002132 0 0
9.5 0 0
9.5099999999999997868 0 0
9.5199999999999995737 0 0
9.5299999999999993605 0 0
9.5400000000000009237 0 0
9.5500000000000007105 0 0
9.5600000000000004974 0 0
9.5700000000000002842 0 0
9.5800000000000000711 0 0
9.5899999999999998579 0 0
9.5999999999999996447 0 0
9.6099999999999994316 0 0
9.6200000000000009948 0 0
9.6300000000000007816 0 0
9.6400000000000005684 0 0
9.6500000000000003553 0 0
9.6600000000000001421 0 0
9.6699999999999999289 0 0
9.6799999999999997158 0 0
9.6899999999999995026 0 0
9.7000000000000010658 0 0
9.7100000000000008527 0 0
9.7200000000000006395 0 0
9.7300000000000004263 0 0
9.7400000000000002132 0 0
9.75 0 0
9.7599999999999997868 0 0
9.7699999999999995737 0 0
9.7799999999999993605 0 2.0008203591714850205e-06
9.7900000000000009237 0 0
9.8000000000000007105 0 0
9.8100000000000004974 0 0
9.8200000000000002842 0 0
9.8300000000000000711 0 0
9.8399999999999998579 0 0
9.8499999999999996447 0 0
9.8599999999999994316 0 0
9.8700000000000009948 0 0
9.8800000000000007816 0 0
9.8900000000000005684 0 0
9.9000000000000003553 0 0
9.9100000000000001421 0 0
9.9199999999999999289 0 0
9.9299999999999997158 0 0
9.9399999999999995026 0 0
9.9500000000000010658 0 0
9.9600000000000008527 0 0
9.9700000000000006395 0 0
9.9800000000000004263 0 0
9.9900000000000002132 0 0
10 0 0
10.009999999999999787 0 0
10.019999999999999574 0 0
10.029999999999999361 0 0
10.040000000000000924 0 0
10.050000000000000711 0 0
10.060000000000000497 0 0
10.070000000000000284 0 0
10.080000000000000071 0 0
10.089999999999999858 0 0
10.099999999999999645 0 0
10.109999999999999432 0 0
10.120000000000000995 0 0
10.130000000000000782 0 0
10.140000000000000568 0 0
10.150000000000000355 0 0
10.160000000000000142 0 0
10.169999999999999929 0 0
10.179999999999999716 0 0
10.189999999999999503 0 0
10.200000000000001066 0 0
10.210000000000000853 0 0
10.220000000000000639 0 0
10.230000000000000426 0 0
