0 0 0
0.010000000000000000208 0 0
0.020000000000000000416 0 0
0.02999999999999999889 0 0
0.040000000000000000833 0 0
0.050000000000000002776 0 0
0.05999999999999999778 0 0
0.070000000000000006661 0 0
0.080000000000000001665 0 0
0.089999999999999996669 0 0
0.10000000000000000555 0 0
0.11000000000000000056 0 0
0.11999999999999999556 0 0
0.13000000000000000444 0 0
0.14000000000000001332 0 0
0.14999999999999999445 0 0.00013818350271321830423
0.16000000000000000333 0 8.8117019913624972105e-05
0.17000000000000001221 0 9.212233999278396368e-05
0.17999999999999999334 0 7.4098403274547308683e-05
0.19000000000000000222 0 5.0066490075550966639e-05
0.2000000000000000111 0 3.805052983807399869e-05
0.20999999999999999223 0 4.0053189877653487701e-05
0.22000000000000000111 0 3.404521339689380743e-05
0.23000000000000000999 0 4.0053189877653487701e-05
0.23999999999999999112 0 2.8037233278155330231e-05
0.25 0 2.0026594938826750627e-05
0.26000000000000000888 0 4.2055849917232990265e-05
0.27000000000000001776 0 2.0026594938826750627e-05
0.28000000000000002665 0 1.0013297469413370231e-05
0.28999999999999998002 0 2.2029254978406239638e-05
0.2999999999999999889 0 1.8023934899247251451e-05
0.30999999999999999778 0 3.2042553357314318419e-05
0.32000000000000000666 0 2.4031915017985738814e-05
0.33000000000000001554 0 2.4031915017985738814e-05
0.34000000000000002442 0 2.0026594938826750627e-05
0.35000000000000003331 0 4.0053189877653487701e-05
0.35999999999999998668 0 2.0026594938826750627e-05
0.36999999999999999556 0 4.0053189877653487701e-05
0.38000000000000000444 0 6.0079786635469652038e-05
0.39000000000000001332 0 2.6034573238575831056e-05
0.4000000000000000222 0 5.0066490075550966639e-05
0.41000000000000003109 0 5.0066490075550966639e-05
0.41999999999999998446 0 3.0039893317734819243e-05
0.42999999999999999334 0 4.606116999639198184e-05
0.44000000000000000222 0 4.0053189877653487701e-05
0.4500000000000000111 0 2.4031915017985738814e-05
0.46000000000000001998 0 3.404521339689380743e-05
0.47000000000000002887 0 2.8037233278155330231e-05
0.47999999999999998224 0 3.6047869798494502902e-05
0.48999999999999999112 0 2.8037233278155330231e-05
0.5 0 2.6034573238575831056e-05
0.51000000000000000888 0 3.0039893317734819243e-05
0.52000000000000001776 0 3.2042553357314318419e-05
0.53000000000000002665 0 2.4031915017985738814e-05
0.54000000000000003553 0 2.0026594938826750627e-05
0.55000000000000004441 0 2.0026594938826750627e-05
0.56000000000000005329 0 2.2029254978406239638e-05
0.57000000000000006217 0 3.805052983807399869e-05
0.57999999999999996003 0 1.2015957508992869407e-05
0.58999999999999996891 0 2.0026594938826750627e-05
0.5999999999999999778 0 1.6021276678657159209e-05
0.60999999999999998668 0 1.6021276678657159209e-05
0.61999999999999999556 0 2.0026594938826750627e-05
0.63000000000000000444 0 1.8023934899247251451e-05
0.64000000000000001332 0 8.0106383393285796046e-06
0.6500000000000000222 0 8.0106383393285796046e-06
0.66000000000000003109 0 2.4031915017985738814e-05
0.67000000000000003997 0 1.8023934899247251451e-05
0.68000000000000004885 0 1.6021276678657159209e-05
0.69000000000000005773 0 2.6034573238575831056e-05
0.70000000000000006661 0 2.4031915017985738814e-05
0.70999999999999996447 0 1.4018616639077660033e-05
0.71999999999999997335 0 2.2029254978406239638e-05
0.72999999999999998224 0 1.8023934899247251451e-05
0.73999999999999999112 0 2.0026594938826750627e-05
0.75 0 1.6021276678657159209e-05
0.76000000000000000888 0 2.2029254978406239638e-05
0.77000000000000001776 0 1.0013297469413370231e-05
0.78000000000000002665 0 2.4031915017985738814e-05
0.79000000000000003553 0 8.0106383393285796046e-06
0.80000000000000004441 0 6.0079787544964347035e-06
0.81000000000000005329 0 1.6021276678657159209e-05
0.82000000000000006217 0 2.0026594938826750627e-05
0.83000000000000007105 0 1.4018616639077660033e-05
0.83999999999999996891 0 1.0013297469413370231e-05
0.8499999999999999778 0 1.4018616639077660033e-05
0.85999999999999998668 0 2.0026594938826750627e-05
0.86999999999999999556 0 1.4018616639077660033e-05
0.88000000000000000444 0 2.2029254978406239638e-05
0.89000000000000001332 0 2.0026594938826750627e-05
0.9000000000000000222 0 2.4031915017985738814e-05
0.91000000000000003109 0 1.6021276678657159209e-05
0.92000000000000003997 0 1.2015957508992869407e-05
0.93000000000000004885 0 2.2029254978406239638e-05
0.94000000000000005773 0 1.2015957508992869407e-05
0.95000000000000006661 0 1.4018616639077660033e-05
0.95999999999999996447 0 2.2029254978406239638e-05
0.96999999999999997335 0 1.4018616639077660033e-05
0.97999999999999998224 0 1.4018616639077660033e-05
0.98999999999999999112 0 2.2029254978406239638e-05
1 0 1.2015957508992869407e-05
1.0100000000000000089 0 1.8023934899247251451e-05
1.0200000000000000178 0 1.6021276678657159209e-05
1.0300000000000000266 0 1.6021276678657159209e-05
1.0400000000000000355 0 1.6021276678657159209e-05
1.0500000000000000444 4.4465908125712188976e-323 2.4031915017985738814e-05
1.0600000000000000533 6.3783874878104928853e-321 2.2029254978406239638e-05
1.0700000000000000622 9.4349246058073646309e-319 1.6021276678657159209e-05
1.0800000000000000711 1.3715462425139569771e-316 1.8023934899247251451e-05
1.0900000000000000799 1.9599246427246753331e-314 2.8037233278155330231e-05
1.1000000000000000888 2.7531148039885632458e-312 2.0026594938826750627e-05
1.1100000000000000977 3.8015902165861807863e-310 1.2015957508992869407e-05
1.1200000000000001066 5.1601498336294673747e-308 1.4018616639077660033e-05
1.1300000000000001155 6.8851808890991015772e-306 1.8023934899247251451e-05
1.1400000000000001243 9.0307626546247538512e-304 1.2015957508992869407e-05
1.1500000000000001332 1.1643660485062686384e-301 1.2015957508992869407e-05
1.1599999999999999201 1.4757427894981260631e-299 6.0079787544964347035e-06
1.1699999999999999289 1.8386024639118693123e-297 1.2015957508992869407e-05
1.1799999999999999378 2.251754487950696945e-295 3.2042553357314318419e-05
1.1899999999999999467 2.7108798383881941173e-293 1.6021276678657159209e-05
1.1999999999999999556 3.208156379878938893e-291 1.2015957508992869407e-05
1.2099999999999999645 3.7321305153148142849e-289 1.4018616639077660033e-05
1.2199999999999999734 4.2678991413405427838e-287 1.6021276678657159209e-05
1.2299999999999999822 4.7976383099975766831e-285 1.4018616639077660033e-05
1.2399999999999999911 5.301477117695995717e-283 1.6021276678657159209e-05
1.25 5.758671565335694186e-281 1.4018616639077660033e-05
1.2600000000000000089 6.1489896256684781064e-279 2.0026594938826750627e-05
1.2700000000000000178 6.4541825069635522355e-277 1.4018616639077660033e-05
1.2800000000000000266 6.6593946810629325807e-275 1.0013297469413370231e-05
1.2900000000000000355 6.7543614762376433825e-273 8.0106383393285796046e-06
1.3000000000000000444 6.7342599245017032652e-271 1.6021276678657159209e-05
1.3100000000000000533 6.6001146863654296729e-269 1.2015957508992869407e-05
1.3200000000000000622 6.3587114917997444505e-267 1.6021276678657159209e-05
1.3300000000000000711 6.0220282766372333898e-265 1.8023934899247251451e-05
1.3400000000000000799 5.6062504036396384326e-263 1.2015957508992869407e-05
1.3500000000000000888 5.1304826616764698694e-261 2.2029254978406239638e-05
1.3600000000000000977 4.6153005558532703474e-259 1.6021276678657159209e-05
1.3700000000000001066 4.0812930872430744255e-257 1.2015957508992869407e-05
1.3800000000000001155 3.5477385765674264987e-255 1.2015957508992869407e-05
1.3900000000000001243 3.031527194396860558e-253 2.2029254978406239638e-05
1.4000000000000001332 2.5464042937489690041e-251 2.6034573238575831056e-05
1.4099999999999999201 2.1025642643697278258e-249 1.6021276678657159209e-05
1.4199999999999999289 1.7065822765149490765e-247 2.4031915017985738814e-05
1.4299999999999999378 1.3616365941679540728e-245 3.404521339689380743e-05
1.4399999999999999467 1.0679507611391002747e-243 1.4018616639077660033e-05
1.4499999999999999556 8.2337424072136299701e-242 2.6034573238575831056e-05
1.4599999999999999645 6.2402121349038499764e-240 1.8023934899247251451e-05
1.4699999999999999734 4.6489776980983677999e-238 2.4031915017985738814e-05
1.4799999999999999822 3.4046431833575144883e-236 2.2029254978406239638e-05
1.4899999999999999911 2.4509913308247780478e-234 1.4018616639077660033e-05
1.5 1.7344747360270630072e-232 3.404521339689380743e-05
1.5100000000000000089 1.2065635826537550997e-230 1.0013297469413370231e-05
1.5200000000000000178 8.2506559775022295075e-229 2.2029254978406239638e-05
1.5300000000000000266 5.5460371753199235183e-227 8.0106383393285796046e-06
1.5400000000000000355 3.6646550824824845794e-225 2.8037233278155330231e-05
1.5500000000000000444 2.380342578783874781e-223 2.4031915017985738814e-05
1.5600000000000000533 1.5198539505459218883e-221 2.2029254978406239638e-05
1.5700000000000000622 9.539382863095659488e-220 2.4031915017985738814e-05
1.5800000000000000711 5.8856540832464035485e-218 2.0026595848321449012e-06
1.5900000000000000799 3.569646574651133521e-216 1.2015957508992869407e-05
1.6000000000000000888 2.1281965576406758159e-214 1.6021276678657159209e-05
1.6100000000000000977 1.247252217502182628e-212 1.2015957508992869407e-05
1.6200000000000001066 7.1854316812318946386e-211 2.2029254978406239638e-05
1.6300000000000001155 4.0691853812328870812e-209 2.4031915017985738814e-05
1.6400000000000001243 2.2652603224298107702e-207 1.0013297469413370231e-05
1.6500000000000001332 1.2396092033603128345e-205 2.6034573238575831056e-05
1.6600000000000001421 6.6681828035530751671e-204 3.0039893317734819243e-05
1.6699999999999999289 3.5260318737874777502e-202 1.6021276678657159209e-05
1.6799999999999999378 1.832825007355030048e-200 2.2029254978406239638e-05
1.6899999999999999467 9.3650866748608416882e-199 3.2042553357314318419e-05
1.6999999999999999556 4.7039059722169137041e-197 2.2029254978406239638e-05
1.7099999999999999645 2.3225308640388828624e-195 3.404521339689380743e-05
1.7199999999999999734 1.1272503725796342309e-193 4.606116999639198184e-05
1.7299999999999999822 5.3781797404776654802e-192 3.2042553357314318419e-05
1.7399999999999999911 2.52235534174727542e-190 2.8037233278155330231e-05
1.75 1.1628755951965743796e-188 3.2042553357314318419e-05
1.7600000000000000089 5.2700686828026804356e-187 4.606116999639198184e-05
1.7700000000000000178 2.3477687930937527761e-185 3.0039893317734819243e-05
1.7800000000000000266 1.0281356240549443272e-183 3.404521339689380743e-05
1.7900000000000000355 4.4258992187945397242e-182 2.8037233278155330231e-05
1.8000000000000000444 1.8728744499307081996e-180 2.2029254978406239638e-05
1.8100000000000000533 7.7906167603369453897e-179 8.0106383393285796046e-06
1.8200000000000000622 3.1855985741984586139e-177 1.6021276678657159209e-05
1.8300000000000000711 1.2804608062611613842e-175 1.8023934899247251451e-05
1.8400000000000000799 5.0593834476416328611e-174 1.0013297469413370231e-05
1.8500000000000000888 1.9651031697365328109e-172 1.4018616639077660033e-05
1.8600000000000000977 7.5029902165257674947e-171 1.6021276678657159209e-05
1.8700000000000001066 2.8164505342635032329e-169 4.0053191696642898023e-06
1.8800000000000001155 1.0410066588267071499e-167 1.4018616639077660033e-05
1.8900000000000001243 3.8535203243377157342e-166 2.4031915017985738814e-05
1.9000000000000001332 1.678816668000463021e-164 1.2015957508992869407e-05
1.9100000000000001421 1.7236516848959838665e-162 1.6021276678657159209e-05
1.9199999999999999289 4.6215728210681306677e-160 2.2029254978406239638e-05
1.9299999999999999378 1.5184723301471563771e-157 2.6034573238575831056e-05
1.9399999999999999467 4.8949805585720106199e-155 1.2015957508992869407e-05
1.9499999999999999556 1.5085532863833998505e-152 1.2015957508992869407e-05
1.9599999999999999645 4.4330209423138742466e-150 1.0013297469413370231e-05
1.9699999999999999734 1.2418033413734315081e-147 1.8023934899247251451e-05
1.9799999999999999822 3.3159508068454410389e-145 1.0013297469413370231e-05
1.9899999999999999911 8.4404329148426528369e-143 1.6021276678657159209e-05
2 2.0479677465381215499e-140 1.4018616639077660033e-05
2.0100000000000002309 4.7367858580585816347e-138 1.4018616639077660033e-05
2.0200000000000000178 1.0443526406452958554e-135 1.4018616639077660033e-05
2.0300000000000002487 2.1948958232757017111e-133 2.8037233278155330231e-05
2.0400000000000000355 4.3972842599015192214e-131 2.2029254978406239638e-05
2.0499999999999998224 8.3976860245026219215e-129 2.4031915017985738814e-05
2.0600000000000000533 1.5287616500235307353e-126 2.0026594938826750627e-05
2.0699999999999998401 2.6529287691558200279e-124 2.2029254978406239638e-05
2.0800000000000000711 4.3885160162474706245e-122 1.4018616639077660033e-05
2.0899999999999998579 6.9201692681237898389e-120 1.6021276678657159209e-05
2.1000000000000000888 1.0402155457438890295e-117 2.4031915017985738814e-05
2.1099999999999998757 1.4905214661628990303e-115 2.0026594938826750627e-05
2.1200000000000001066 2.035926534215540577e-113 2.6034573238575831056e-05
2.1299999999999998934 2.6509141458261790933e-111 1.4018616639077660033e-05
2.1400000000000001243 3.2903315100323616004e-109 1.4018616639077660033e-05
2.1499999999999999112 3.8930936199257249898e-107 2.4031915017985738814e-05
2.1600000000000001421 4.3909856942630645082e-105 2.0026594938826750627e-05
2.1699999999999999289 4.721086854907151956e-103 8.0106383393285796046e-06
2.1800000000000001599 4.8387767692002269222e-101 2.6034573238575831056e-05
2.1899999999999999467 4.7276321003517050311e-99 2.6034573238575831056e-05
2.2000000000000001776 4.4031870565925663121e-97 1.2015957508992869407e-05
2.2099999999999999645 3.9093710352654247905e-95 1.8023934899247251451e-05
2.2200000000000001954 3.3087494623197624966e-93 1.6021276678657159209e-05
2.2299999999999999822 2.6695563304956228755e-91 2.0026594938826750627e-05
2.2400000000000002132 2.053210681650797769e-89 2.2029254978406239638e-05
2.25 1.5053871371620872985e-87 2.2029254978406239638e-05
2.2600000000000002309 1.0521658988284674776e-85 1.0013297469413370231e-05
2.2700000000000000178 7.0103982381757925e-84 2.4031915017985738814e-05
2.2800000000000002487 4.4527135011642123534e-82 1.4018616639077660033e-05
2.2900000000000000355 2.6960727021299229308e-80 1.8023934899247251451e-05
2.3000000000000002665 1.5561965912543311017e-78 2.6034573238575831056e-05
2.3100000000000000533 8.5629736407347841853e-77 2.2029254978406239638e-05
2.3199999999999998401 4.4917270767859476378e-75 1.8023934899247251451e-05
2.3300000000000000711 2.2461154987479916445e-73 1.0013297469413370231e-05
2.3399999999999998579 1.0707354869119704678e-71 2.4031915017985738814e-05
2.3500000000000000888 4.8659222363319292521e-70 2.0026594938826750627e-05
2.3599999999999998757 2.1080577791188151048e-68 1.6021276678657159209e-05
2.3700000000000001066 8.7063438517794378576e-67 1.6021276678657159209e-05
2.3799999999999998934 3.4278887661876555853e-65 1.8023934899247251451e-05
2.3900000000000001243 1.2866396508900767666e-63 1.4018616639077660033e-05
2.3999999999999999112 4.6039247646411059294e-62 2.2029254978406239638e-05
2.4100000000000001421 1.5705162105266064253e-60 2.2029254978406239638e-05
2.4199999999999999289 5.1074187189451932833e-59 1.2015957508992869407e-05
2.4300000000000001599 1.5834608628098953435e-57 1.4018616639077660033e-05
2.4399999999999999467 4.6801751899826246492e-56 1.6021276678657159209e-05
2.4500000000000001776 1.3187666534242130549e-54 2.0026594938826750627e-05
2.4599999999999999645 3.5426408860073821675e-53 2.0026594938826750627e-05
2.4700000000000001954 9.0728135111749222822e-52 2.8037233278155330231e-05
2.4799999999999999822 2.2152103608271435594e-50 2.8037233278155330231e-05
2.4900000000000002132 5.1564245217148380937e-49 2.4031915017985738814e-05
2.5 1.1443153871499148838e-47 2.0026594938826750627e-05
2.5100000000000002309 2.4210791901116947533e-46 1.6021276678657159209e-05
2.5200000000000000178 4.8836144353677392628e-45 1.2015957508992869407e-05
2.5300000000000002487 9.391737164022240178e-44 1.6021276678657159209e-05
2.5400000000000000355 1.7219712462869705016e-42 1.4018616639077660033e-05
2.5500000000000002665 3.010125740378510765e-41 8.0106383393285796046e-06
2.5600000000000000533 5.0167873837300978048e-40 1.0013297469413370231e-05
2.5699999999999998401 7.971733754043895332e-39 1.8023934899247251451e-05
2.5800000000000000711 1.2077298812828844591e-37 1.2015957508992869407e-05
2.5899999999999998579 1.7445397956157426807e-36 4.0053191696642898023e-06
2.6000000000000000888 2.4026489187105202603e-35 2.4031915017985738814e-05
2.6099999999999998757 3.1550240047760451806e-34 1.6021276678657159209e-05
2.6200000000000001066 3.9502332425761561377e-33 1.6021276678657159209e-05
2.6299999999999998934 4.7158023632071451702e-32 8.0106383393285796046e-06
2.6400000000000001243 5.3679268374422086705e-31 2.2029254978406239638e-05
2.6499999999999999112 5.8261461346793732056e-30 1.8023934899247251451e-05
2.6600000000000001421 6.0295644340694443451e-29 1.4018616639077660033e-05
2.6699999999999999289 5.9501324360568357557e-28 1.6021276678657159209e-05
2.6800000000000001599 5.5989962469866269543e-27 1.8023934899247251451e-05
2.6899999999999999467 5.023931578452182988e-26 1.6021276678657159209e-05
2.7000000000000001776 4.2986772977249509735e-25 1.8023934899247251451e-05
2.7099999999999999645 3.507451218142329522e-24 2.6034573238575831056e-05
2.7200000000000001954 2.7291205048722946626e-23 1.4018616639077660033e-05
2.7299999999999999822 2.0250569776135376307e-22 1.0013297469413370231e-05
2.7400000000000002132 1.4329962542538750053e-21 1.2015957508992867713e-05
2.75 9.6706715196760074426e-21 1.8023934899247241287e-05
2.7600000000000002309 6.2241954350683929185e-20 1.6021276678657098223e-05
2.7700000000000000178 3.8206467279329274573e-19 2.6034573238575448197e-05
2.7800000000000002487 2.2368176369288244821e-18 6.0079787544941976895e-06
2.7900000000000000355 1.2490454847966982641e-17 2.0026594938814258585e-05
2.8000000000000002665 6.6526540938746301527e-17 1.8023934899180725483e-05
2.8100000000000000533 3.3798457395927684685e-16 1.4018616638739675253e-05
2.8199999999999998401 1.6379537049689212913e-15 1.6021276677019204165e-05
2.8300000000000000711 7.5723068650506511307e-15 2.0026594931254442097e-05
2.8399999999999998579 3.3396218367034273537e-14 1.6021276645260940476e-05
2.8500000000000000888 1.4051780872582706356e-13 1.4018616498559850921e-05
2.8599999999999998757 5.6409850979898099265e-13 6.0079781903979248434e-06
2.8700000000000001066 2.1607018083370185945e-12 1.8023932738545444632e-05
2.8799999999999998934 7.8973313884062662565e-12 4.0053112723329015494e-06
2.8900000000000001243 2.754506177567349423e-11 2.002656739376497538e-05
2.8999999999999999112 9.1689680755992910978e-11 2.8037141588474573205e-05
2.9100000000000001421 2.913061289252360379e-10 1.2015666202863944814e-05
2.9199999999999999289 8.8343485898279021015e-10 2.0025711503967768472e-05
2.9300000000000001599 2.5576624781962643498e-09 6.0054210920182383022e-06
2.9399999999999999467 7.0698335194158344455e-09 1.2008887675473453081e-05
2.9500000000000001776 1.866087804301119317e-08 2.6015912360532820319e-05
2.9599999999999999645 4.7041235455573947234e-08 1.3971575403622085577e-05
2.9700000000000001954 1.13272423305449275e-07 1.3905344215772209938e-05
2.9799999999999999822 2.6058721832548670305e-07 2.5773986020250344564e-05
2.9900000000000002132 5.7287673050615070694e-07 2.1456378247900089037e-05
3 1.2038074939565284621e-06 1.6820127405290722354e-05
3.0100000000000002309 2.4186021779191812822e-06 1.7607992760907568497e-05
3.0200000000000000178 4.6475583166121491955e-06 1.738169666179409129e-05
3.0300000000000002487 8.5447741956610418824e-06 5.4738424434166181511e-06
3.0400000000000000355 1.5037601473409798323e-05 1.0996971765166032732e-05
3.0500000000000002665 2.5343974904267846599e-05 -1.1325358265190186565e-05
3.0600000000000000533 4.0929774664927691939e-05 -2.2905839765680440488e-05
3.0700000000000002842 6.3381624918710063226e-05 -4.1352369940303820199e-05
3.0800000000000000711 9.4185869406702548562e-05 -8.6175231067373968957e-05
3.0899999999999998579 0.00013443184071909244784 -0.00012041322408001478442
3.1000000000000000888 0.00018449081023494626479 -0.00016646687533569901334
3.1099999999999998757 0.00024374924696991782393 -0.00022171999199151158091
3.1200000000000001066 0.00031048239257792801041 -0.00029646377593885034699
3.1299999999999998934 0.000381932446837274296 -0.00037191914936786092238
3.1400000000000001243 0.00045460634432028932577 -0.00044058772768121166235
3.1499999999999999112 0.00052474532830968419889 -0.00050872405163102703968
3.1600000000000001421 0.0005888646541331283386 -0.00057284337745447117939
3.1699999999999999289 0.00064423790411213626393 -0.00063822992535763982923
3.1800000000000001599 0.00068921655765125642602 -0.00067319528097259926681
3.1899999999999999467 0.00072332552295986912543 -0.00069528828968171379858
3.2000000000000001776 0.00074713991325939461182 -0.00072911597836014736037
3.2099999999999999645 0.00076200384435359423338 -0.00074397990945434698193
3.2200000000000001954 0.00076968101096841013212 -0.00076167037262908155251
3.2299999999999999822 0.00077202437376439395338 -0.00075800575712531628996
3.2400000000000002132 0.00077072590339081624607 -0.00075670728675173858264
3.25 0.00076717122200976764317 -0.00074313930699178190435
3.2600000000000002309 0.00076239200866281262893 -0.00074236541372398588169
3.2700000000000000178 0.00075708952277093500855 -0.00073305760775294926974
3.2800000000000002487 0.00075169699674240632488 -0.00073367306184315907343
3.2900000000000000355 0.00074645335522461459237 -0.00072842942032536734092
3.3000000000000002665 0.00074147024828660670209 -0.00071743833326862096328
3.3100000000000000533 0.00073678402808372521742 -0.0007267707306143118438
3.3200000000000002842 0.00073239139035986540547 -0.00070835947534187966666
3.3300000000000000711 0.00072827128773272659535 -0.00070423937271474085654
3.3399999999999998579 0.00072439700741609583737 -0.00070637307251684858592
3.3500000000000000888 0.00072074203338643762218 -0.00070472075670778046297
3.3599999999999998757 0.00071728240402478993677 -0.00070927176568546135716
3.3700000000000001066 0.00071399731510371087975 -0.00068796274186513504869
3.3799999999999998934 0.00071086896591020210748 -0.00069885300840120923808
3.3900000000000001243 0.00070788215338095849746 -0.00069186087670230133825
3.3999999999999999112 0.00070502383726115834192 -0.00069300787975216547251
3.4100000000000001421 0.00070228275689079378355 -0.00069226945942138040993
3.4199999999999999289 0.00069964911717000806673 -0.00068362784049135090752
3.4300000000000001599 0.0006971143378718988419 -0.00067308242285391310308
3.4399999999999999467 0.00069467085446448461564 -0.00066463096114674979301
3.4500000000000001776 0.00069231195903343364668 -0.00066427472575527831983
3.4599999999999999645 0.00069003167206964052035 -0.00065798911871232620193
3.4700000000000001954 0.00068782463809363182661 -0.00066379272307564608779
3.4799999999999999822 0.00068568603987093188108 -0.00066565944493210513384
3.4900000000000002132 0.00068361152730920388132 -0.00067159556980021101191
3.5 0.00068159715811844123236 -0.00065155726480070640973
3.5100000000000002309 0.00067963934807088559331 -0.00066161541317163834186
3.5200000000000000178 0.00067773482931875455183 -0.00065370291430076881301
3.5300000000000002487 0.00067588061581324643864 -0.00064383806245593212022
3.5400000000000000355 0.00067407397553135358238 -0.00064002876213445976817
3.5500000000000002665 0.00067231241011193355883 -0.00063426188027385956014
3.5600000000000000533 0.00067059364385718526775 -0.00064255641057902994091
3.5700000000000002842 0.00066891562621431679882 -0.00064888903127549005159
3.5800000000000000711 0.00066727655532810106233 -0.00063323134193120724812
3.5899999999999998579 0.00066567493579056645232 -0.00063563504247283162969
3.6000000000000000888 0.00066410969233689936576 -0.0006220538424196663755
3.6099999999999998757 0.0006625803742922130703 -0.00060850856777548191241
3.6200000000000001066 0.0006610875046981910981 -0.00063305027142003577126
3.6299999999999998934 0.00065963315502959188417 -0.00060956666495404091075
3.6400000000000001243 0.00065822186286944881026 -0.00060415005635271765237
3.6499999999999999112 0.00065686205673030179878 -0.00060479291025315013667
3.6600000000000001421 0.00065556820863968314882 -0.00060950703864329116698
3.6699999999999999289 0.00065436399755252239348 -0.00060830282755613041164
3.6800000000000001599 0.00065328682718166451986 -0.0005932070405461948746
3.6899999999999999467 0.00065239408667685247836 -0.00060633291668046049652
3.7000000000000001776 0.00065177155098248044322 -0.00061372102114440644453
3.7099999999999999645 0.00065154426180879750942 -0.00059546979525248685573
3.7200000000000001954 0.00065189007665115582171 -0.00059982093017400415959
3.7299999999999999822 0.00065305578766672962507 -0.00061700791786823512217
3.7400000000000002132 0.00065537526613974579973 -0.00061331941622251280946
3.75 0.00065928847017856693179 -0.00062724591682125261337
3.7600000000000002309 0.00066535938123272379916 -0.0006233035313154908089
3.7700000000000000178 0.00067429006954525315225 -0.00064224751618793883383
3.7800000000000002487 0.00068692724236093496894 -0.00064887671252286097025
3.7900000000000000355 0.00070425696798205475544 -0.00064217452494498442148
3.8000000000000002665 0.00072738300319678220619 -0.00065728992000139388908
3.8100000000000000533 0.00075748450775473170644 -0.00070741801767918073302
3.8200000000000002842 0.00079575010849276762905 -0.00072765968169898000064
3.8300000000000000711 0.00084328739811298210685 -0.00077920229139835347001
3.8399999999999998579 0.0009010100013420318946 -0.00084894085486488023249
3.8500000000000000888 0.00096950810871112083622 -0.00088940172895581384727
3.8599999999999998757 0.0010489124498676129314 -0.00091673692363515428029
3.8700000000000001066 0.0011387654465273566728 -0.0010286191698163360542
3.8799999999999998934 0.0012379160180555840842 -0.001107743155500683736
3.8900000000000001243 0.001344455470388322086 -0.0012082746168007468292
3.8999999999999999112 0.0014557104839299523508 -0.0012654578274636247431
3.9100000000000001421 0.0015683051295725515626 -0.0013660365201447045944
3.9199999999999999289 0.0016782972120172655415 -0.0014279647761914259028
3.9300000000000001599 0.0017813856819690865839 -0.0015150319658266109789
3.9399999999999999467 0.0018731764444887817698 -0.0015767828313905925351
3.9500000000000001776 0.0019494850094814285962 -0.0016170435374986812799
3.9599999999999999645 0.0020066475648554166385 -0.0016882247095117469855
3.9700000000000001954 0.0020418085038131097118 -0.0016593005272028961937
3.9799999999999999822 0.0020531530539717006423 -0.0016866663576781230904
3.9900000000000002132 0.0020400586335135493209 -0.0016835852265039328267
4 0.0020031473587055165057 -0.001656687270083691526
4.0099999999999997868 0.0019442335355343320132 -0.0016077867361964680911
4.0200000000000004619 0.0018661723027071340248 -0.0016418744364818914101
4.0300000000000002487 0.0017726270016737632682 -0.0014702254266467295815
4.0400000000000000355 0.0016677816484675707809 -0.001421454539996847748
4.0499999999999998224 0.0015560298596621860608 -0.0013477532737535794123
4.0600000000000004974 0.0014416722009788912606 -0.001261432848348439939
4.0700000000000002842 0.0013286503780063471571 -0.0011764482586540511624
4.0800000000000000711 0.0012203398230486387638 -0.0011081908899360174564
4.0899999999999998579 0.0011194133508131227841 -0.0010092670741021021654
4.0999999999999996447 0.0010277791413615749386 -0.00094767276160626794969
4.1100000000000003197 0.00094658775113881242665 -0.00087649466794342410954
4.1200000000000001066 0.00087629622292743490804 -0.00080820579613364727962
4.1299999999999998934 0.00081677327908644787539 -0.00076870944905047639776
4.1399999999999996803 0.00076742816735516066612 -0.00073338295395826685191
4.1500000000000003553 0.00072734668622677876859 -0.00068529083630954577833
4.1600000000000001421 0.00069542064977444126295 -0.00065737011993636726426
4.1699999999999999289 0.00067046082000961077906 -0.0006103810333741411338
4.1799999999999997158 0.0006512874065235488329 -0.00062925815154514258987
4.1900000000000003908 0.00063679600067162282512 -0.00059874547083354882644
4.2000000000000001776 0.00062599985928621381965 -0.00058394400936898082938
4.2099999999999999645 0.0006180515753014991431 -0.00058400636190460532889
4.2199999999999997513 0.00061224835160027409314 -0.0005922217566614473459
4.2300000000000004263 0.00060802545054061967085 -0.00057197758074212516795
4.2400000000000002132 0.00060494212605158759373 -0.00056689159621351359504
4.25 0.00060266368445567998578 -0.00057262379113794516314
4.2599999999999997868 0.00060094247387836854588 -0.0005608892840007150514
4.2700000000000004619 0.00059959973662889441432 -0.00055554122667208192827
4.2800000000000002487 0.0005985094868776305501 -0.0005644642734807367359
4.2900000000000000355 0.00059758495786321177892 -0.00055352644790639929286
4.2999999999999998224 0.00059676771677919177375 -0.0005707331435406159427
4.3100000000000004974 0.00059601925985887209154 -0.00055596606998121859706
4.3200000000000002842 0.00059531474666989897798 -0.00056126953327300516377
4.3300000000000000711 0.00059463847672639683767 -0.00056259592336908251925
4.3399999999999998579 0.0005939807199166786001 -0.00056794614667810276905
4.3500000000000005329 0.00059333555707222977293 -0.00056930364205424403411
4.3600000000000003197 0.0005926994475185250839 -0.00056265955420079026127
4.3700000000000001066 0.00059207030287631537847 -0.00056803838785832963965
4.3799999999999998934 0.0005914469027932610758 -0.00055740168939636726159
4.3899999999999996803 0.00059082853508058709967 -0.00055878598172327278125
4.4000000000000003553 0.00059021477915953142034 -0.00055817222580221710192
4.4100000000000001421 0.00058960537866826231816 -0.00054154154863229084053
4.4199999999999999289 0.00058900016816131528161 -0.0005549549547644214674
4.4299999999999997158 0.00058839903183609840263 -0.00056236445859752257157
4.4400000000000003908 0.00058780188077797029811 -0.00054374337082115781206
4.4500000000000001776 0.00058720864066849241206 -0.00054915811083041841337
4.4599999999999999645 0.00058661924527345392019 -0.00054456339535622092993
4.4699999999999997513 0.00058603363305382021216 -0.00055799639977566488531
4.4800000000000004263 0.00058545174542795380863 -0.00055140653203105999443
4.4900000000000002132 0.00058487352588873899126 -0.00054682299605066499257
4.5 0.00058429891955437190595 -0.00053623508951840042833
4.5099999999999997868 0.00058372787293492511308 -0.00053766670293853313124
4.5200000000000004619 0.0005831603338044179111 -0.00055312044048668308847
4.5300000000000002487 0.00058259625112377173752 -0.00054654838132527723462
4.5400000000000000355 0.00058203557498815231257 -0.00053797706503133982652
4.5499999999999998224 0.00058147825658609825304 -0.00053741974662928576698
4.5600000000000004974 0.0005809242481645540343 -0.00053886839824732104404
4.5700000000000002842 0.00058037350299710102359 -0.00054632828960020720938
4.5800000000000000711 0.0005798259753541597011 -0.00056180204045491244965
4.5899999999999998579 0.0005792816204745974409 -0.00054123109063652344222
4.6000000000000005329 0.0005787403945384764388 -0.00054269252473998193589
4.6100000000000003197 0.00057820225464081179134 -0.00054615970128349747292
4.6200000000000001066 0.00057766715876625819408 -0.00052559801228910653197
4.6299999999999998934 0.00057713506576467354242 -0.00053507921584744055216
4.6399999999999996803 0.00057660593532752051245 -0.0005325474253707080264
4.6500000000000003553 0.00057607972796506633131 -0.00053402387804783334104
4.6600000000000001421 0.00057555640498435016277 -0.0005335005550671171725
4.6699999999999999289 0.0005750359284678842808 -0.00052296678199073261869
4.6799999999999997158 0.0005745182612530664798 -0.00054247570789575216138
4.6900000000000003908 0.00057400336691226306381 -0.00053194751699503007355
4.7000000000000001776 0.00057349120973355276545 -0.00054545397645539743861
4.7099999999999999645 0.00057298175470208866002 -0.00053092590478485566976
4.7199999999999997513 0.00057247496748206788339 -0.00053041911756483489312
4.7300000000000004263 0.00057197081439927749489 -0.00050588305128304816936
4.7400000000000002132 0.00057146926242419794541 -0.00050538149930796861988
4.75 0.00057097027915564203294 -0.00051289315255975188347
4.7599999999999997868 0.00057047383280490896254 -0.0005063887260902803257
4.7700000000000004619 0.00056997989218043551302 -0.00047184957570689186907
4.7800000000000002487 0.0005694884266729263126 -0.00049338736699677831522
4.7900000000000000355 0.0005689994062409511888 -0.00050691696320388085484
4.7999999999999998224 0.00056851280139702206097 -0.00046437450844271873675
4.8100000000000004974 0.00056802858319423491906 -0.00047590624320145095538
4.8200000000000002842 0.00056754672321385928654 -0.00045740044650283866786
4.8300000000000000711 0.00056706719355526381387 -0.00046693421340416192125
4.8399999999999998579 0.00056658996683289254703 -0.00046645698668179065441
4.8500000000000005329 0.00056611501619537030455 -0.00045997405956350867744
4.8600000000000003197 0.00056564231541222063666 -0.00044948806222044033771
4.8700000000000001066 0.00056517183915788830537 -0.00045302290604526699799
4.8799999999999998934 0.0005647035638420266207 -0.0004565599508085643049
4.8899999999999996803 0.00056423746987104570275 -0.00041604066332195108538
4.9000000000000003553 0.00056377354745295281402 -0.00044761929426117251507
4.9100000000000001421 0.00056331181067791340385 -0.00043113628444545469857
4.9199999999999999289 0.00056285232980337099838 -0.00042667147621579568735
4.9299999999999997158 0.00056239530117591324081 -0.00042020647110757830371
4.9400000000000003908 0.00056194119008599809507 -0.0004137443835369034777
4.9500000000000001776 0.0005614910056125152352 -0.00040928888626021924044
4.9599999999999999645 0.00056104679742929267766 -0.00039682871056356209399
4.9699999999999997513 0.00056061249691538638049 -0.00041642101772140836888
4.9800000000000004263 0.00056019524525818104564 -0.00038396120543093115564
4.9900000000000002132 0.00055980733724589207614 -0.00034352011117896744455
5 0.00055946883345464940279 -0.000361205536830003812
5.0099999999999997868 0.00055921073300293090268 -0.00032089425013861062452
5.0200000000000004619 0.00055907835359004099795 -0.00031275124511931801921
5.0300000000000002487 0.00055913427502099282643 -0.00032682576863743222854
5.0400000000000000355 0.00055945995517685460138 -0.00035518868207144933032
5.0499999999999998224 0.00056015504623461195681 -0.00030581728305365576655
5.0600000000000004974 0.00056133363937826009481 -0.00028496663395182337793
5.0700000000000002842 0.00056311719621431706104 -0.00028474752711032204127
5.0800000000000000711 0.00056562471257144968529 -0.00032931089338468771
5.0899999999999998579 0.00056896150228826728335 -0.00030260778614579167834
5.1000000000000005329 0.0005732086028215983755 -0.00029083360636248674997
5.1100000000000003197 0.00057841493550237681274 -0.00025798941648114880271
5.1200000000000001066 0.0005845938885013911724 -0.00029220560275831859763
5.1299999999999998934 0.0005917250286950288601 -0.00026529151864112594144
5.1399999999999996803 0.00059976047768676001102 -0.00026731900570401269466
5.1500000000000003553 0.00060863447565635505655 -0.00025015840496918025949
5.1600000000000001421 0.00061827410660297550758 -0.00026981135430359222491
5.1699999999999999289 0.00062860919173673382877 -0.00026212249544315622271
5.1799999999999997158 0.00063957988609048108293 -0.00030513575043017546369
5.1900000000000003908 0.00065114129932417378309 -0.00024860674414603820383
5.2000000000000001776 0.00066326523018941094863 -0.00028275991725675573337
5.2099999999999999645 0.00067593964835959850692 -0.00025337848550971030139
5.2199999999999997513 0.00068916679393113541505 -0.00025258701444216949189
5.2300000000000004263 0.00070296072802011921096 -0.00028440489252534761119
5.2400000000000002132 0.00071734496133977446349 -0.00031080507880652227847
5.25 0.00073235052726683467876 -0.00026573085082215518009
5.2599999999999997868 0.00074801463804114983261 -0.00028139496159647033394
5.2700000000000004619 0.00076437990900946712561 -0.0002697229992866323001
5.2800000000000002487 0.00078149405941768722381 -0.00030285843001148831039
5.2900000000000000355 0.0007994099803750515966 -0.00029874510872337231918
5.2999999999999998224 0.00081818607650998133665 -0.00032753449414226311689
5.3100000000000004974 0.00083788681697456138687 -0.00033521925254149334984
5.3200000000000002842 0.00085858346117437451574 -0.00037794516809061729943
5.3300000000000000711 0.00088035494942279935229 -0.00022147996738614917148
5.3399999999999998579 0.00090328896787973645636 -0.00032652305110382440993
5.3500000000000005329 0.00092748321217008965374 -0.00025058428613924520374
5.3600000000000003197 0.00095304688722035537946 -0.00033021979317209373701
5.3700000000000001066 0.00098010249428971858709 -0.00037730197880937905996
5.3799999999999998934 0.0010087879719037850211 -0.00032788371851782396535
5.3899999999999996803 0.0010392592774301266743 -0.00043245343459467054138
5.4000000000000003553 0.0010716935227764127353 -0.00044285840859164572747
5.4100000000000001421 0.0011062928146426617444 -0.00044140987067716711163
5.4199999999999999289 0.0011432890029359414445 -0.00045036882569229148496
5.4299999999999997158 0.0011829496225376255961 -0.0004579868846607037039
5.4400000000000003908 0.0012255854519423368086 -0.00041050299409444357054
5.4500000000000001776 0.001271560379255378976 -0.00044045667019468022832
5.4599999999999999645 0.0013213048489468556639 -0.000350014973495380282
5.4699999999999997513 0.0013753355408526483569 -0.00043809086060817275382
5.4800000000000004263 0.0014342872760175495467 -0.00035685648758995843974
5.4900000000000002132 0.0014989711241425909393 -0.00031940463367867888596
5.5 0.0015704909241514048313 -0.0002707648458646378254
5.5099999999999997868 0.0016504896059187073448 -0.00029869444663840742128
5.5200000000000004619 0.0017416746662803305173 -0.0001475576385729325795
5.5300000000000002487 0.0018489136627181338313 -9.2581197270648818085e-05
5.5400000000000000355 0.0019814196936467107051 0.00017544469240518209552
5.5499999999999998224 0.0021568644570032487022 0.00053270736133359530839
5.5600000000000004974 0.00240859699397633336 0.00074559186623146273681
5.5700000000000002842 0.0027973176398129566411 0.00090159457653747956951
5.5800000000000000711 0.0034281940786526940261 0.0012760531501485555643
5.5899999999999998579 0.0044730029010670311132 0.0012485954968733661494
5.6000000000000005329 0.0061939806835099595408 0.0011117215110615355153
5.6100000000000003197 0.0089616742845689129071 0.00037272135502945669128
5.6200000000000001066 0.013254174908528692026 -0.0019611780921915816789
5.6299999999999998934 0.019622019187459798645 -0.0060680198230837287948
5.6399999999999996803 0.028605081904105926494 -0.01214722620265939676
5.6500000000000003553 0.040597990752805006298 -0.020655507819402944836
5.6600000000000001421 0.05567943735273187672 -0.032454595549419575085
5.6699999999999999289 0.073444041797413373018 -0.047113073432340168978
5.6799999999999997158 0.092893912946139245435 -0.063296608184729485913
5.6900000000000003908 0.11244922497208123535 -0.080084245585751584473
5.7000000000000001776 0.13011492171569444265 -0.095450886872249618431
5.7099999999999999645 0.14379554974099495457 -0.10771563636323311375
5.7199999999999997513 0.15169589623665782896 -0.11496711924529048887
5.7300000000000004263 0.15270360065289231843 -0.11637936038561555452
5.7400000000000002132 0.14664177258861466058 -0.11123875563395424493
5.75 0.13431288014311495993 -0.10102467323798838827
5.7599999999999997868 0.11731941998949020622 -0.086574591705703432543
5.7700000000000004619 0.097717096305784942323 -0.070354758969840766603
5.7800000000000002487 0.077604436125575257388 -0.053264112021743012515
5.7900000000000000355 0.058761463304132809105 -0.038234202926129688682
5.7999999999999998224 0.042419845725317449625 -0.025771737585683320709
5.8100000000000004974 0.029194466640582034112 -0.015752616209318583834
5.8200000000000002842 0.01915466991765265789 -0.0086066622431374070756
5.8300000000000000711 0.011980681945259908511 -0.0038598974092558420435
5.8399999999999998579 0.0071435329924294140025 -0.0011255411851176407023
5.8500000000000005329 0.004060341483740466384 9.1171850623232575384e-05
5.8600000000000003197 0.0022000093259681896725 0.00077994817264183044503
5.8700000000000001066 0.0011363033908988614228 0.00098050783801718758084
5.8799999999999998934 0.00055945864094663298998 0.0008283844063220559056
5.8899999999999996803 0.00026256826759465381679 0.00065464977587423875752
5.9000000000000003553 0.00011746654766458054558 0.00051136856652018644869
5.9100000000000001421 5.0093505271740886226e-05 0.0003043772380603173254
5.9199999999999999289 2.0362999675219065049e-05 0.00021194550670834152268
5.9299999999999997158 7.8902967603084053034e-06 0.00014631448626954587878
5.9400000000000003908 2.9143018935212354633e-06 7.5189421460185058019e-05
5.9500000000000001776 1.0260391144134967192e-06 4.7037790921557980485e-05
5.9599999999999999645 3.4433423145355539429e-07 4.3714175725358935052e-05
5.9699999999999997513 1.1014942974889061154e-07 1.1905808079243978292e-05
5.9800000000000004263 3.3586833944006094531e-08 5.9743919205524283707e-06
5.9900000000000002132 9.762020965923082093e-09 1.0003535448447447556e-05
6 2.7045402307486305494e-09 -2.7045402307486305494e-09
6.0099999999999997868 7.1421581557448325348e-10 2.0019453690165704915e-06
6.0200000000000004619 1.797823787730837643e-10 -1.797823787730837643e-10
6.0300000000000002487 4.3136591097927588538e-11 2.0026164482410469961e-06
6.0400000000000000355 9.865634276962653906e-12 -9.865634276962653906e-12
6.0499999999999998224 2.1507215793813386663e-12 -2.1507215793813386663e-12
6.0600000000000004974 4.4691291554639696835e-13 2.0026591379192291722e-06
6.0700000000000002842 8.8519862603323026659e-14 2.0026594963122823457e-06
6.0800000000000000711 1.6712340787069585629e-14 -1.6712340787069585629e-14
6.0899999999999998579 3.0075454932061044203e-15 4.0053191666567443161e-06
6.1000000000000005329 5.1589957518286174339e-16 -5.1589957518286174339e-16
6.1100000000000003197 8.435209512992435322e-17 -8.435209512992435322e-17
6.1200000000000001066 1.3146315034423841778e-17 -1.3146315034423841778e-17
6.1299999999999998934 1.9529422145330209367e-18 2.0026595848301920667e-06
6.1400000000000005684 2.7653601780973390512e-19 -2.7653601780973390512e-19
6.1500000000000003553 3.7324220247838775833e-20 -3.7324220247838775833e-20
6.1600000000000001421 4.801824674278353274e-21 -4.801824674278353274e-21
6.1699999999999999289 5.8884117916115245666e-22 -5.8884117916115245666e-22
6.1799999999999997158 6.8828163780747112252e-23 -6.8828163780747112252e-23
6.1900000000000003908 7.6684952938522950878e-24 -7.6684952938522950878e-24
6.2000000000000001776 8.1438530279696285547e-25 -8.1438530279696285547e-25
6.2099999999999999645 8.2437601400591170189e-26 -8.2437601400591170189e-26
6.2199999999999997513 7.9541956899087716169e-27 -7.9541956899087716169e-27
6.2300000000000004263 7.3154755852116847886e-28 2.0026595848321449012e-06
6.2400000000000002132 6.4130422570792287194e-29 -6.4130422570792287194e-29
6.25 5.358716239595708746e-30 -5.358716239595708746e-30
6.2599999999999997868 4.2680787930758264298e-31 -4.2680787930758264298e-31
6.2700000000000004619 3.2402535723444799927e-32 -3.2402535723444799927e-32
6.2800000000000002487 2.3447706438323688661e-33 -2.3447706438323688661e-33
6.2900000000000000355 1.6173218069693374859e-34 2.0026595848321449012e-06
6.2999999999999998224 1.0633277045823823867e-35 -1.0633277045823823867e-35
6.3100000000000004974 6.6636525235741651058e-37 2.0026595848321449012e-06
6.3200000000000002842 3.9804484141049794291e-38 -3.9804484141049794291e-38
6.3300000000000000711 2.2663450036053942527e-39 -2.2663450036053942527e-39
6.3399999999999998579 1.2299694848869121762e-40 -1.2299694848869121762e-40
6.3500000000000005329 6.3626329641213126245e-42 2.0026595848321449012e-06
6.3600000000000003197 3.1372820022579307294e-43 -3.1372820022579307294e-43
6.3700000000000001066 1.4744984931193895046e-44 2.0026595848321449012e-06
6.3799999999999998934 6.605552285872496708e-46 -6.605552285872496708e-46
6.3900000000000005684 2.8206415801011945066e-47 -2.8206415801011945066e-47
6.4000000000000003553 1.1480494221696718394e-48 2.0026595848321449012e-06
6.4100000000000001421 4.4539683090242474896e-50 -4.4539683090242474896e-50
6.4199999999999999289 1.6470525928703949515e-51 -1.6470525928703949515e-51
6.4299999999999997158 5.8055259200987927818e-53 -5.8055259200987927818e-53
6.4400000000000003908 1.9505153811726492524e-54 -1.9505153811726492524e-54
6.4500000000000001776 6.2464152892806492632e-56 -6.2464152892806492632e-56
6.4599999999999999645 1.9067157361574523634e-57 -1.9067157361574523634e-57
6.4699999999999997513 5.5477211817559767894e-59 -5.5477211817559767894e-59
6.4800000000000004263 1.5385685135448597181e-60 -1.5385685135448597181e-60
6.4900000000000002132 4.0671721528010093899e-62 -4.0671721528010093899e-62
6.5 1.0248061753810926143e-63 -1.0248061753810926143e-63
6.5099999999999997868 2.4612988006593487029e-65 -2.4612988006593487029e-65
6.5200000000000004619 5.6345643092619855846e-67 2.0026595848321449012e-06
6.5300000000000002487 1.2295033051860813764e-68 -1.2295033051860813764e-68
6.5400000000000000355 2.5572453049521336126e-70 -2.5572453049521336126e-70
6.5499999999999998224 5.0697714043409282805e-72 -5.0697714043409282805e-72
6.5600000000000004974 9.5802674563581222844e-74 -9.5802674563581222844e-74
6.5700000000000002842 1.7255999913517500942e-75 -1.7255999913517500942e-75
6.5800000000000000711 2.9626192393039360179e-77 -2.9626192393039360179e-77
6.5899999999999998579 4.8482469598422031306e-79 -4.8482469598422031306e-79
6.6000000000000005329 7.5625244053684806316e-81 -7.5625244053684806316e-81
6.6100000000000003197 1.1244029600306483906e-82 -1.1244029600306483906e-82
6.6200000000000001066 1.5934934511139657194e-84 -1.5934934511139657194e-84
6.6299999999999998934 2.1525421990071892459e-86 2.0026595848321449012e-06
6.6400000000000005684 2.7715717858640910548e-88 -2.7715717858640910548e-88
6.6500000000000003553 3.4015247359673253009e-90 -3.4015247359673253009e-90
6.6600000000000001421 3.9791852570400642743e-92 -3.9791852570400642743e-92
6.6699999999999999289 4.4369822095308764066e-94 -4.4369822095308764066e-94
6.6799999999999997158 4.7157872007547649514e-96 -4.7157872007547649514e-96
6.6900000000000003908 4.7774227774045444705e-98 -4.7774227774045444705e-98
6.7000000000000001776 4.6132405224269157798e-100 -4.6132405224269157798e-100
6.7099999999999999645 4.2461120311461753741e-102 -4.2461120311461753741e-102
6.7199999999999997513 3.7252009893140518277e-104 -3.7252009893140518277e-104
6.7300000000000004263 3.1151636349146568812e-106 -3.1151636349146568812e-106
6.7400000000000002132 2.4830467516403135073e-108 -2.4830467516403135073e-108
6.75 1.8865216363225367482e-110 -1.8865216363225367482e-110
6.7599999999999997868 1.3661913469750815346e-112 -1.3661913469750815346e-112
6.7700000000000004619 9.4304865787598831411e-115 -9.4304865787598831411e-115
6.7800000000000002487 6.2048243096094339787e-117 -6.2048243096094339787e-117
6.7900000000000000355 3.8913265653185075124e-119 -3.8913265653185075124e-119
6.7999999999999998224 2.3261550408785547919e-121 -2.3261550408785547919e-121
6.8100000000000004974 1.3254166183098681254e-123 -1.3254166183098681254e-123
6.8200000000000002842 7.1984489293061941034e-126 -7.1984489293061941034e-126
6.8300000000000000711 3.7264748432063220784e-128 -3.7264748432063220784e-128
6.8399999999999998579 1.8387818019214149184e-130 -1.8387818019214149184e-130
6.8500000000000005329 8.6483832216982076796e-133 -8.6483832216982076796e-133
6.8600000000000003197 3.8771478967857560769e-135 -3.8771478967857560769e-135
6.8700000000000001066 1.6567711079996185675e-137 -1.6567711079996185675e-137
6.8799999999999998934 6.7481596426747600296e-140 -6.7481596426747600296e-140
6.8900000000000005684 2.6198767727824498823e-142 -2.6198767727824498823e-142
6.9000000000000003553 9.6950276231065436734e-145 2.0026595848321449012e-06
6.9100000000000001421 3.4197148697692446277e-147 -3.4197148697692446277e-147
6.9199999999999999289 1.1497499319353494858e-149 -1.1497499319353494858e-149
6.9299999999999997158 3.684593047376101815e-152 2.0026595848321449012e-06
6.9400000000000003908 1.125507243935410009e-154 -1.125507243935410009e-154
6.9500000000000001776 3.2770244526815360365e-157 -3.2770244526815360365e-157
6.9599999999999999645 9.0946016573156069801e-160 -9.0946016573156069801e-160
6.9699999999999997513 2.4058042340574990421e-162 -2.4058042340574990421e-162
6.9800000000000004263 6.0660988460852078025e-165 -6.0660988460852078025e-165
6.9900000000000002132 1.457911853830838305e-167 -1.457911853830838305e-167
7 3.3398397522226544634e-170 -3.3398397522226544634e-170
7.0099999999999997868 7.2927707599053695281e-173 2.0026595848321449012e-06
7.0200000000000004619 1.517861191804455011e-175 -1.517861191804455011e-175
7.0300000000000002487 3.0112312367524160857e-178 -3.0112312367524160857e-178
7.0400000000000000355 5.6941473814775286809e-181 -5.6941473814775286809e-181
7.0499999999999998224 1.0263272041633063953e-183 -1.0263272041633063953e-183
7.0600000000000004974 1.7632565678733749285e-186 -1.7632565678733749285e-186
7.0700000000000002842 2.8874714950714661148e-189 -2.8874714950714661148e-189
7.0800000000000000711 4.5070504557302261789e-192 -4.5070504557302261789e-192
7.0899999999999998579 6.7056309287690553243e-195 -6.7056309287690553243e-195
7.1000000000000005329 9.5095371423818195572e-198 -9.5095371423818195572e-198
7.1100000000000003197 1.2854394103761707551e-200 2.0026595848321449012e-06
7.1200000000000001066 1.6562135589789530987e-203 -1.6562135589789530987e-203
7.1299999999999998934 2.0340121729471607073e-206 -2.0340121729471607073e-206
7.1400000000000005684 2.3810210816459021266e-209 -2.3810210816459021266e-209
7.1500000000000003553 2.6567176976611534386e-212 -2.6567176976611534386e-212
7.1600000000000001421 2.8255308040971354044e-215 -2.8255308040971354044e-215
7.1699999999999999289 2.8643570150963565645e-218 -2.8643570150963565645e-218
7.1799999999999997158 2.7677490309566418714e-221 -2.7677490309566418714e-221
7.1900000000000003908 2.5491695370681426695e-224 -2.5491695370681426695e-224
7.2000000000000001776 2.2379129024222736405e-227 -2.2379129024222736405e-227
7.2099999999999999645 1.8726649534641416416e-230 -1.8726649534641416416e-230
7.2199999999999997513 1.4936519936590275637e-233 -1.4936519936590275637e-233
7.2300000000000004263 1.1355629003218627711e-236 -1.1355629003218627711e-236
7.2400000000000002132 8.2289684150615382709e-240 -8.2289684150615382709e-240
7.25 5.6839731560021218835e-243 2.0026595848321449012e-06
7.2599999999999997868 3.7422350242573369601e-246 -3.7422350242573369601e-246
7.2700000000000004619 2.3484564635457553016e-249 -2.3484564635457553016e-249
7.2800000000000002487 1.4047737293770232612e-252 -1.4047737293770232612e-252
7.2900000000000000355 8.0094490838696068517e-256 -8.0094490838696068517e-256
7.2999999999999998224 4.3528260618918138492e-259 -4.3528260618918138492e-259
7.3100000000000004974 2.2548225915221021125e-262 -2.2548225915221021125e-262
7.3200000000000002842 1.1133349265306132818e-265 -1.1133349265306132818e-265
7.3300000000000000711 5.2397634055764897811e-269 -5.2397634055764897811e-269
7.3399999999999998579 2.350552226051067373e-272 -2.350552226051067373e-272
7.3500000000000005329 1.005079725495320096e-275 -1.005079725495320096e-275
7.3600000000000003197 4.0964107372785057998e-279 -4.0964107372785057998e-279
7.3700000000000001066 1.5913981589357429059e-282 -1.5913981589357429059e-282
7.3799999999999998934 5.8928661296435443503e-286 -5.8928661296435443503e-286
7.3900000000000005684 2.0799201571270682589e-289 -2.0799201571270682589e-289
7.4000000000000003553 6.9974388775019836854e-293 -6.9974388775019836854e-293
7.4100000000000001421 2.2439021826453139337e-296 -2.2439021826453139337e-296
7.4199999999999999289 6.858688555917686633e-300 -6.858688555917686633e-300
7.4299999999999997158 1.998253557699110379e-303 -1.998253557699110379e-303
7.4400000000000003908 5.5492265383762909058e-307 -5.5492265383762909058e-307
7.4500000000000001776 1.4688811525555361517e-310 -1.4688811525555361517e-310
7.4599999999999999645 3.7060664594533264642e-314 -3.7060664594533264642e-314
7.4699999999999997513 8.9127565060306679833e-318 -8.9127565060306679833e-318
7.4800000000000004263 2.0404911173243482274e-321 -2.0404911173243482274e-321
7.4900000000000002132 0 0
7.5 0 2.0026595848321449012e-06
7.5099999999999997868 0 0
7.5200000000000004619 0 0
7.5300000000000002487 0 0
7.5400000000000000355 0 0
7.5499999999999998224 0 0
7.5600000000000004974 0 0
7.5700000000000002842 0 0
7.5800000000000000711 0 0
7.5899999999999998579 0 0
7.6000000000000005329 0 0
7.6100000000000003197 0 0
7.6200000000000001066 0 2.0026595848321449012e-06
7.6299999999999998934 0 0
7.6400000000000005684 0 0
7.6500000000000003553 0 0
7.6600000000000001421 0 0
7.6699999999999999289 0 0
7.6799999999999997158 0 0
7.6900000000000003908 0 0
7.7000000000000001776 0 0
7.7099999999999999645 0 0
7.7199999999999997513 0 0
7.7300000000000004263 0 0
7.7400000000000002132 0 0
7.75 0 0
7.7599999999999997868 0 0
7.7700000000000004619 0 0
7.7800000000000002487 0 0
7.7900000000000000355 0 0
7.7999999999999998224 0 2.0026595848321449012e-06
7.8100000000000004974 0 0
7.8200000000000002842 0 0
7.8300000000000000711 0 0
7.8399999999999998579 0 2.0026595848321449012e-06
7.8500000000000005329 0 0
7.8600000000000003197 0 0
7.8700000000000001066 0 0
7.8799999999999998934 0 0
7.8900000000000005684 0 0
7.9000000000000003553 0 0
7.9100000000000001421 0 0
7.9199999999999999289 0 0
7.930000000000000604 0 0
7.9400000000000003908 0 0
7.9500000000000001776 0 0
7.9599999999999999645 0 0
7.9699999999999997513 0 0
7.9800000000000004263 0 0
7.9900000000000002132 0 0
8 0 0
8.0099999999999997868 0 0
8.0199999999999995737 0 0
8.0299999999999993605 0 0
8.0400000000000009237 0 0
8.0500000000000007105 0 0
8.0600000000000004974 0 0
8.0700000000000002842 0 0
8.0800000000000000711 0 0
8.0899999999999998579 0 0
8.0999999999999996447 0 0
8.1099999999999994316 0 0
8.1200000000000009948 0 0
8.1300000000000007816 0 0
8.1400000000000005684 0 0
8.1500000000000003553 0 0
8.1600000000000001421 0 0
8.1699999999999999289 0 0
8.1799999999999997158 0 0
8.1899999999999995026 0 0
8.1999999999999992895 0 0
8.2100000000000008527 0 0
8.2200000000000006395 0 0
8.2300000000000004263 0 0
8.2400000000000002132 0 0
8.25 0 0
8.2599999999999997868 0 0
8.2699999999999995737 0 0
8.2799999999999993605 0 0
8.2900000000000009237 0 0
8.3000000000000007105 0 0
8.3100000000000004974 0 0
8.3200000000000002842 0 0
8.3300000000000000711 0 0
8.3399999999999998579 0 0
8.3499999999999996447 0 0
8.3599999999999994316 0 0
8.3700000000000009948 0 0
8.3800000000000007816 0 0
8.3900000000000005684 0 0
8.4000000000000003553 0 0
8.4100000000000001421 0 0
8.4199999999999999289 0 2.0026595848321449012e-06
8.4299999999999997158 0 0
8.4399999999999995026 0 0
8.4499999999999992895 0 0
8.4600000000000008527 0 0
8.4700000000000006395 0 0
8.4800000000000004263 0 0
8.4900000000000002132 0 2.0026595848321449012e-06
8.5 0 0
8.5099999999999997868 0 0
8.5199999999999995737 0 0
8.5299999999999993605 0 0
8.5400000000000009237 0 0
8.5500000000000007105 0 0
8.5600000000000004974 0 0
8.5700000000000002842 0 0
8.5800000000000000711 0 0
8.5899999999999998579 0 0
8.5999999999999996447 0 2.0026595848321449012e-06
8.6099999999999994316 0 0
8.6200000000000009948 0 0
8.6300000000000007816 0 0
8.6400000000000005684 0 0
8.6500000000000003553 0 0
8.6600000000000001421 0 0
8.6699999999999999289 0 0
8.6799999999999997158 0 0
8.6899999999999995026 0 0
8.7000000000000010658 0 0
8.7100000000000008527 0 0
8.7200000000000006395 0 0
8.7300000000000004263 0 0
8.7400000000000002132 0 2.0026595848321449012e-06
8.75 0 0
8.7599999999999997868 0 0
8.7699999999999995737 0 0
8.7799999999999993605 0 0
8.7900000000000009237 0 0
8.8000000000000007105 0 0
8.8100000000000004974 0 0
8.8200000000000002842 0 0
8.8300000000000000711 0 0
8.8399999999999998579 0 0
8.8499999999999996447 0 0
8.8599999999999994316 0 0
8.8700000000000009948 0 0
8.8800000000000007816 0 0
8.8900000000000005684 0 0
8.9000000000000003553 0 2.0026595848321449012e-06
8.9100000000000001421 0 0
8.9199999999999999289 0 0
8.9299999999999997158 0 0
8.9399999999999995026 0 0
8.9500000000000010658 0 0
8.9600000000000008527 0 0
8.9700000000000006395 0 0
8.9800000000000004263 0 0
8.9900000000000002132 0 0
9 0 0
9.0099999999999997868 0 0
9.0199999999999995737 0 2.0026595848321449012e-06
9.0299999999999993605 0 2.0026595848321449012e-06
9.0400000000000009237 0 0
9.0500000000000007105 0 0
9.0600000000000004974 0 0
9.0700000000000002842 0 0
9.0800000000000000711 0 0
9.0899999999999998579 0 0
9.0999999999999996447 0 0
9.1099999999999994316 0 0
9.1200000000000009948 0 0
9.1300000000000007816 0 0
9.1400000000000005684 0 0
9.1500000000000003553 0 0
9.1600000000000001421 0 0
9.1699999999999999289 0 0
9.1799999999999997158 0 0
9.1899999999999995026 0 0
9.2000000000000010658 0 0
9.2100000000000008527 0 0
9.2200000000000006395 0 0
9.2300000000000004263 0 2.0026595848321449012e-06
9.2400000000000002132 0 0
9.25 0 0
9.2599999999999997868 0 0
9.2699999999999995737 0 0
9.2799999999999993605 0 0
9.2900000000000009237 0 0
9.3000000000000007105 0 0
9.3100000000000004974 0 0
9.3200000000000002842 0 0
9.3300000000000000711 0 0
9.3399999999999998579 0 0
9.3499999999999996447 0 0
9.3599999999999994316 0 0
9.3700000000000009948 0 0
9.3800000000000007816 0 0
9.3900000000000005684 0 0
9.4000000000000003553 0 0
9.4100000000000001421 0 0
9.4199999999999999289 0 0
9.4299999999999997158 0 2.0026595848321449012e-06
9.4399999999999995026 0 2.0026595848321449012e-06
9.4500000000000010658 0 0
9.4600000000000008527 0 0
9.4700000000000006395 0 0
9.4800000000000004263 0 2.0026595848321449012e-06
9.4900000000000002132 0 0
9.5 0 0
9.5099999999999997868 0 0
9.5199999999999995737 0 0
9.5299999999999993605 0 0
9.5400000000000009237 0 0
9.5500000000000007105 0 0
9.5600000000000004974 0 0
9.5700000000000002842 0 0
9.5800000000000000711 0 0
9.5899999999999998579 0 0
9.5999999999999996447 0 0
9.6099999999999994316 0 0
9.6200000000000009948 0 0
9.6300000000000007816 0 0
9.6400000000000005684 0 0
9.6500000000000003553 0 0
9.6600000000000001421 0 2.0026595848321449012e-06
9.6699999999999999289 0 2.0026595848321449012e-06
9.6799999999999997158 0 0
9.6899999999999995026 0 0
9.7000000000000010658 0 0
9.7100000000000008527 0 0
9.7200000000000006395 0 2.0026595848321449012e-06
9.7300000000000004263 0 0
9.7400000000000002132 0 0
9.75 0 0
9.7599999999999997868 0 0
9.7699999999999995737 0 2.0026595848321449012e-06
9.7799999999999993605 0 0
9.7900000000000009237 0 0
9.8000000000000007105 0 2.0026595848321449012e-06
9.8100000000000004974 0 2.0026595848321449012e-06
9.8200000000000002842 0 0
9.8300000000000000711 0 0
9.8399999999999998579 0 0
9.8499999999999996447 0 0
9.8599999999999994316 0 2.0026595848321449012e-06
9.8700000000000009948 0 2.0026595848321449012e-06
9.8800000000000007816 0 0
9.8900000000000005684 0 0
9.9000000000000003553 0 0
9.9100000000000001421 0 0
9.9199999999999999289 0 0
9.9299999999999997158 0 0
9.9399999999999995026 0 0
9.9500000000000010658 0 0
9.9600000000000008527 0 0
9.9700000000000006395 0 0
9.9800000000000004263 0 0
9.9900000000000002132 0 0
10 0 0
10.009999999999999787 0 0
10.019999999999999574 0 0
10.029999999999999361 0 0
10.040000000000000924 0 0
10.050000000000000711 0 0
10.060000000000000497 0 0
10.070000000000000284 0 0
10.080000000000000071 0 0
10.089999999999999858 0 0
10.099999999999999645 0 0
10.109999999999999432 0 0
10.120000000000000995 0 0
10.130000000000000782 0 0
10.140000000000000568 0 0
10.150000000000000355 0 0
10.160000000000000142 0 2.0026595848321449012e-06
10.169999999999999929 0 0
10.179999999999999716 0 0
10.189999999999999503 0 0
10.200000000000001066 0 0
10.210000000000000853 0 0
10.220000000000000639 0 0
10.230000000000000426 0 0
