0 0 0
0.010000000000000000208 0 0
0.020000000000000000416 0 0
0.02999999999999999889 0 0
0.040000000000000000833 0 0
0.050000000000000002776 0 0
0.05999999999999999778 0 0
0.070000000000000006661 0 0
0.080000000000000001665 0 0
0.089999999999999996669 0 0
0.10000000000000000555 0 0
0.11000000000000000056 0 0
0.11999999999999999556 0 0
0.13000000000000000444 0 0
0.14000000000000001332 0 0
0.14999999999999999445 0 5.199937731958925724e-05
0.16000000000000000333 0 4.1999497625511139631e-05
0.17000000000000001221 0 4.7999423259170732718e-05
0.17999999999999999334 0 5.3999352530809119344e-05
0.19000000000000000222 0 3.7999543565092608333e-05
0.2000000000000000111 0 3.1999614293454208154e-05
0.20999999999999999223 0 3.7999543565092608333e-05
0.22000000000000000111 5.4347221042537119859e-323 2.9999640901223759761e-05
0.23000000000000000999 1.1452441670600094894e-320 2.9999640901223759761e-05
0.23999999999999999112 2.379316396585816695e-318 4.3999472836731001735e-05
0.25 4.8467983630129225786e-316 3.9999518776312470436e-05
0.26000000000000000888 9.6817356727975741637e-314 4.3999472836731001735e-05
0.27000000000000001776 1.896473918695427898e-311 2.599968865979462862e-05
0.28000000000000002665 3.6428049049649925197e-309 3.5999568353872753005e-05
0.28999999999999998002 6.8615200423769256805e-307 2.3999711629585359583e-05
0.2999999999999999889 1.2673604354037178112e-304 4.5999448047950857062e-05
0.30999999999999999778 2.2954896523437159768e-302 5.199937731958925724e-05
0.32000000000000000666 4.0770488864372014364e-300 1.7999784176936369726e-05
0.33000000000000001554 7.1008752653009037025e-298 3.1999614293454208154e-05
0.34000000000000002442 1.2127554475156124576e-295 3.3999593142652877349e-05
0.35000000000000003331 2.0310937494580168151e-293 3.3999593142652877349e-05
0.35999999999999998668 3.3356624076499129373e-291 3.1999614293454208154e-05
0.36999999999999999556 5.371920746645853525e-289 2.7999663871014490724e-05
0.38000000000000000444 8.4834496839289136526e-287 4.1999497625511139631e-05
0.39000000000000001332 1.3137440594968751881e-284 3.7999543565092608333e-05
0.4000000000000000222 1.9950070165866870896e-282 4.3999472836731001735e-05
0.41000000000000003109 2.9708004089832965145e-280 2.7999663871014490724e-05
0.41999999999999998446 4.3380835080833185806e-278 3.9999518776312470436e-05
0.42999999999999999334 6.211803743947073008e-276 3.9999518776312470436e-05
0.44000000000000000222 8.7223383547985607007e-274 3.1999614293454208154e-05
0.4500000000000000111 1.2010014136653362497e-271 3.9999518776312470436e-05
0.46000000000000001998 1.6216214965553829565e-269 1.9999759388156238606e-05
0.47000000000000002887 2.1470929818957244426e-267 3.3999593142652877349e-05
0.47999999999999998224 2.787710027550641209e-265 5.3999352530809119344e-05
0.48999999999999999112 3.5492756328125146844e-263 3.7999543565092608333e-05
0.5 4.4312601065226858728e-261 2.599968865979462862e-05
0.51000000000000000888 5.425129930929869102e-259 3.9999518776312470436e-05
0.52000000000000001776 6.5131102564438816482e-257 1.9999759388156238606e-05
0.53000000000000002665 7.6676468392762669023e-255 4.5999448047950857062e-05
0.54000000000000003553 8.8517911496443890558e-253 2.599968865979462862e-05
0.55000000000000004441 1.0020643248153604846e-250 3.5999568353872753005e-05
0.56000000000000005329 1.1123857795900763639e-248 1.5999807146727110853e-05
0.57000000000000006217 1.2109065858048278527e-246 2.7999663871014490724e-05
0.57999999999999996003 1.2925913325081326945e-244 2.1999736418365500867e-05
0.58999999999999996891 1.353029367224418955e-242 2.7999663871014490724e-05
0.5999999999999999778 1.3888284098689145768e-240 1.9999759388156238606e-05
0.60999999999999998668 1.3979297456573333774e-238 3.7999543565092608333e-05
0.61999999999999999556 1.3798042731857023283e-236 2.1999736418365500867e-05
0.63000000000000000444 1.3355034383325890412e-234 2.1999736418365500867e-05
0.64000000000000001332 1.2675582337570457788e-232 4.1999497625511139631e-05
0.6500000000000000222 1.17973975949668369e-230 2.599968865979462862e-05
0.66000000000000003109 1.0767128523164527236e-228 3.1999614293454208154e-05
0.67000000000000003997 9.636270071961966937e-227 2.599968865979462862e-05
0.68000000000000004885 8.4569432217733187955e-225 3.7999543565092608333e-05
0.69000000000000005773 7.2780201174855219889e-223 3.1999614293454208154e-05
0.70000000000000006661 6.1419810745419518858e-221 3.1999614293454208154e-05
0.70999999999999996447 5.0827538903221160836e-219 1.7999784176936369726e-05
0.71999999999999997335 4.1246307414177700171e-217 2.7999663871014490724e-05
0.72999999999999998224 3.2822106664371941667e-215 2.3999711629585359583e-05
0.73999999999999999112 2.5611983657411693047e-213 3.1999614293454208154e-05
0.75 1.9598162976522189805e-211 3.5999568353872753005e-05
0.76000000000000000888 1.4705605090527109471e-209 2.9999640901223759761e-05
0.77000000000000001776 1.0820462359713820421e-207 1.9999759388156238606e-05
0.78000000000000002665 7.8073585293744561175e-206 2.7999663871014490724e-05
0.79000000000000003553 5.5240527068872537134e-204 2.9999640901223759761e-05
0.80000000000000004441 3.8327182018573460282e-202 1.9999759388156238606e-05
0.81000000000000005329 2.6076623107219007735e-200 2.1999736418365500867e-05
0.82000000000000006217 1.7397674302070470804e-198 2.9999640901223759761e-05
0.83000000000000007105 1.1382205643267029342e-196 1.5999807146727110853e-05
0.83999999999999996891 7.3022558386766038718e-195 2.599968865979462862e-05
0.8499999999999999778 4.5939159681431132873e-193 2.9999640901223759761e-05
0.85999999999999998668 2.8340299420866296852e-191 4.1999497625511139631e-05
0.86999999999999999556 1.7144357224091133078e-189 2.7999663871014490724e-05
0.88000000000000000444 1.0170290670302433698e-187 3.5999568353872753005e-05
0.89000000000000001332 5.9161735967101555702e-186 3.7999543565092608333e-05
0.9000000000000000222 3.374767342081524512e-184 2.7999663871014490724e-05
0.91000000000000003109 1.8877398852128872035e-182 3.5999568353872753005e-05
0.92000000000000003997 1.0354660196522397677e-180 2.9999640901223759761e-05
0.93000000000000004885 5.5696119313383352605e-179 6.1999257013667374849e-05
0.94000000000000005773 2.9377132798256330365e-177 3.1999614293454208154e-05
0.95000000000000006661 1.519459966014200525e-175 2.9999640901223759761e-05
0.95999999999999996447 7.7066298951233611288e-174 2.9999640901223759761e-05
0.96999999999999997335 3.832967430759465388e-172 2.9999640901223759761e-05
0.97999999999999998224 1.8693952744385244224e-170 3.5999568353872753005e-05
0.98999999999999999112 8.9405150248233835763e-169 3.1999614293454208154e-05
1 4.1929464854254908283e-167 2.7999663871014490724e-05
1.0100000000000000089 1.928286172741523851e-165 3.3999593142652877349e-05
1.0200000000000000178 8.6959901647196564266e-164 2.599968865979462862e-05
1.0300000000000000266 3.8455811298671365889e-162 2.1999736418365500867e-05
1.0400000000000000355 1.6676323125692722082e-160 2.3999711629585359583e-05
1.0500000000000000444 7.0914331040450657964e-159 2.9999640901223759761e-05
1.0600000000000000533 2.9570802083865853023e-157 1.5999807146727110853e-05
1.0700000000000000622 1.2091706137935554771e-155 2.7999663871014490724e-05
1.0800000000000000711 4.8485005465866944479e-154 2.3999711629585359583e-05
1.0900000000000000799 1.9064380574623813213e-152 3.1999614293454208154e-05
1.1000000000000000888 7.3507784688736657111e-151 3.3999593142652877349e-05
1.1100000000000000977 2.7793251375221498732e-149 2.7999663871014490724e-05
1.1200000000000001066 1.030482833907717893e-147 2.1999736418365500867e-05
1.1300000000000001155 3.7466019348295259603e-146 2.3999711629585359583e-05
1.1400000000000001243 1.3357639852994906608e-144 2.7999663871014490724e-05
1.1500000000000001332 4.6700044247711040041e-143 5.199937731958925724e-05
1.1599999999999999201 1.6010328377673636425e-141 2.3999711629585359583e-05
1.1699999999999999289 5.3824322551669193491e-140 3.3999593142652877349e-05
1.1799999999999999378 1.7744031122043881997e-138 3.1999614293454208154e-05
1.1899999999999999467 5.736161813763894776e-137 2.1999736418365500867e-05
1.1999999999999999556 1.8183851785607124477e-135 2.7999663871014490724e-05
1.2099999999999999645 5.6525674979144397576e-134 3.7999543565092608333e-05
1.2199999999999999734 1.7230624435001921931e-132 3.9999518776312470436e-05
1.2299999999999999822 5.1505269187745493647e-131 1.1999855814792679791e-05
1.2399999999999999911 1.5097244602895950089e-129 1.9999759388156238606e-05
1.25 4.3394941471585211312e-128 2.1999736418365500867e-05
1.2600000000000000089 1.2231392642474512352e-126 3.1999614293454208154e-05
1.2700000000000000178 3.3807113676153251892e-125 2.9999640901223759761e-05
1.2800000000000000266 9.1629573565214796122e-124 1.3999831935507250444e-05
1.2900000000000000355 2.4353345056872572145e-122 1.9999759388156238606e-05
1.3000000000000000444 6.3471237284600826946e-121 2.9999640901223759761e-05
1.3100000000000000533 1.6221488083611530785e-119 2.3999711629585359583e-05
1.3200000000000000622 4.0653674412510524573e-118 4.3999472836731001735e-05
1.3300000000000000711 9.9908928849895442451e-117 1.9999759388156238606e-05
1.3400000000000000799 2.4077100541027987115e-115 2.7999663871014490724e-05
1.3500000000000000888 5.6898321525935789045e-114 2.7999663871014490724e-05
1.3600000000000000977 1.3185302843728642236e-112 2.599968865979462862e-05
1.3700000000000001066 2.9962369032546971256e-111 3.9999518776312470436e-05
1.3800000000000001155 6.676634058592568333e-110 2.3999711629585359583e-05
1.3900000000000001243 1.4589297610882255515e-108 3.1999614293454208154e-05
1.4000000000000001332 3.1261267245308329715e-107 3.7999543565092608333e-05
1.4099999999999999201 6.5686203272406400986e-106 3.3999593142652877349e-05
1.4199999999999999289 1.3534341363737239948e-104 3.3999593142652877349e-05
1.4299999999999999378 2.7346105033705752538e-103 2.9999640901223759761e-05
1.4399999999999999467 5.4181274209886713788e-102 3.1999614293454208154e-05
1.4499999999999999556 1.0526847621912582155e-100 3.9999518776312470436e-05
1.4599999999999999645 2.0055931791479143491e-99 2.3999711629585359583e-05
1.4699999999999999734 3.7469917489112748133e-98 2.3999711629585359583e-05
1.4799999999999999822 6.864643924338776339e-97 3.3999593142652877349e-05
1.4899999999999999911 1.233243054817950643e-95 4.7999423259170732718e-05
1.5 2.1725747467745432477e-94 3.5999568353872753005e-05
1.5100000000000000089 3.7531520681727405956e-93 3.1999614293454208154e-05
1.5200000000000000178 6.3578895750209419825e-92 3.5999568353872753005e-05
1.5300000000000000266 1.0561489838642505477e-90 4.9999398470390588045e-05
1.5400000000000000355 1.720413238061642808e-89 3.7999543565092608333e-05
1.5500000000000000444 2.74812036904509792e-88 1.9999759388156238606e-05
1.5600000000000000533 4.3046129899205744784e-87 2.1999736418365500867e-05
1.5700000000000000622 6.6119240769616612227e-86 2.599968865979462862e-05
1.5800000000000000711 9.959028827639721322e-85 3.5999568353872753005e-05
1.5900000000000000799 1.4709621785848919778e-83 3.5999568353872753005e-05
1.6000000000000000888 2.130499361606643791e-82 2.9999640901223759761e-05
1.6100000000000000977 3.025914802289773051e-81 3.1999614293454208154e-05
1.6200000000000001066 4.2143186361254015184e-80 2.9999640901223759761e-05
1.6300000000000001155 5.7556374105806406629e-79 4.7999423259170732718e-05
1.6400000000000001243 7.7082336465722420517e-78 2.9999640901223759761e-05
1.6500000000000001332 1.012305739053685994e-76 2.3999711629585359583e-05
1.6600000000000001421 1.3036587175553353103e-75 2.9999640901223759761e-05
1.6699999999999999289 1.6463096071974663754e-74 2.3999711629585359583e-05
1.6799999999999999378 2.0387055130795656855e-73 2.7999663871014490724e-05
1.6899999999999999467 2.4756706470521955231e-72 4.5999448047950857062e-05
1.6999999999999999556 2.9479941875216008624e-71 4.7999423259170732718e-05
1.7099999999999999645 3.4423558549277534121e-70 6.3999228586908429861e-05
1.7199999999999999734 3.9416702526092467208e-69 5.3999352530809119344e-05
1.7299999999999999822 4.4258857743979161407e-68 5.3999352530809119344e-05
1.7399999999999999911 4.8732141661762170709e-67 4.3999472836731001735e-05
1.75 5.2617011789853539578e-66 5.9999281802447512746e-05
1.7600000000000000089 5.5709883155938487104e-65 6.7999186285305768251e-05
1.7700000000000000178 5.7840721339189700947e-64 5.3999352530809119344e-05
1.7800000000000000266 5.8888506357996313262e-63 3.3999593142652877349e-05
1.7900000000000000355 5.8792613292886906068e-62 4.7999423259170732718e-05
1.8000000000000000444 5.7558621374491590367e-61 3.9999518776312470436e-05
1.8100000000000000533 5.5257778282784253857e-60 5.199937731958925724e-05
1.8200000000000000622 5.2020194826938316023e-59 2.7999663871014490724e-05
1.8300000000000000711 4.802268627571129356e-58 2.7999663871014490724e-05
1.8400000000000000799 4.3472878496119584132e-57 4.1999497625511139631e-05
1.8500000000000000888 3.8591675510369726336e-56 4.1999497625511139631e-05
1.8600000000000000977 3.3596446126555730466e-55 4.7999423259170732718e-05
1.8700000000000001066 2.868747707410753914e-54 3.1999614293454208154e-05
1.8800000000000001155 2.40407077467906351e-53 2.599968865979462862e-05
1.8900000000000001243 1.9811130909078409836e-52 3.7999543565092608333e-05
1.9000000000000001332 1.6154449769253066787e-51 3.3999593142652877349e-05
1.9100000000000001421 1.3280750914310712142e-50 2.7999663871014490724e-05
1.9199999999999999289 1.1563892747176019537e-49 3.3999593142652877349e-05
1.9299999999999999378 1.1743323720103862627e-48 3.3999593142652877349e-05
1.9399999999999999467 1.5266951835688393554e-47 3.7999543565092608333e-05
1.9499999999999999556 2.4824552019774000965e-46 2.3999711629585359583e-05
1.9599999999999999645 4.509444244027522565e-45 3.1999614293454208154e-05
1.9699999999999999734 8.3651942613723579459e-44 3.7999543565092608333e-05
1.9799999999999999822 1.518539519770978824e-42 1.9999759388156238606e-05
1.9899999999999999911 2.6533266555068402794e-41 3.5999568353872753005e-05
2 4.4355988152139960915e-40 3.9999518776312470436e-05
2.0100000000000002309 7.0788758607550415856e-39 4.3999472836731001735e-05
2.0200000000000000178 1.0776591048056529992e-37 2.1999736418365500867e-05
2.0300000000000002487 1.5645031462810619056e-36 3.3999593142652877349e-05
2.0400000000000000355 2.1657245150597855825e-35 4.5999448047950857062e-05
2.0499999999999998224 2.8585534662018706936e-34 3.7999543565092608333e-05
2.0600000000000000533 3.5975138186488163195e-33 2.7999663871014490724e-05
2.0699999999999998401 4.3169135763310863127e-32 4.7999423259170732718e-05
2.0800000000000000711 4.9392710866598218827e-31 3.5999568353872753005e-05
2.0899999999999998579 5.388600595999345406e-30 3.7999543565092608333e-05
2.1000000000000000888 5.6055524467797187802e-29 2.9999640901223759761e-05
2.1099999999999998757 5.5602755133085525844e-28 3.1999614293454208154e-05
2.1200000000000001066 5.2591588574377034863e-27 3.5999568353872753005e-05
2.1299999999999998934 4.7433526779716303945e-26 2.3999711629585359583e-05
2.1400000000000001243 4.0795401938495405415e-25 3.7999543565092608333e-05
2.1499999999999999112 3.3458132872014189306e-24 2.9999640901223759761e-05
2.1600000000000001421 2.6167691563832480049e-23 2.9999640901223759761e-05
2.1699999999999999289 1.9516927997709577223e-22 3.3999593142652877349e-05
2.1800000000000001599 1.3881921297311983809e-21 2.599968865979462862e-05
2.1899999999999999467 9.4165144332675045366e-21 2.5999688659794618456e-05
2.2000000000000001776 6.09178273713536513e-20 2.9999640901223698775e-05
2.2099999999999999645 3.7585837038547932713e-19 2.1999736418365124785e-05
2.2200000000000001954 2.2117828515363297479e-18 2.9999640901221547311e-05
2.2299999999999999822 1.2414036287693508916e-17 2.7999663871002076609e-05
2.2400000000000002132 6.645852488012948522e-17 5.3999352530742657751e-05
2.25 3.3936858041861489633e-16 3.1999614293114839322e-05
2.2600000000000002309 1.6530774794564851831e-15 3.999951877465939416e-05
2.2700000000000000178 7.6812920664073249435e-15 2.9999640893542468584e-05
2.2800000000000002487 3.4049857750525462887e-14 2.7999663836964633606e-05
2.2900000000000000355 1.4399868898982538043e-13 2.999964075722507214e-05
2.3000000000000002665 5.8101621358433848042e-13 2.5999688078778416102e-05
2.3100000000000000533 2.2368195573079608744e-12 3.5999566117053197743e-05
2.3199999999999998401 8.2170449520861449839e-12 3.5999560136827802182e-05
2.3300000000000000711 2.8805422214759634808e-11 2.3999682824163146494e-05
2.3399999999999998579 9.6369976532828338065e-11 3.5999471983896219661e-05
2.3500000000000000888 3.0772080329258068739e-10 3.599926063306946013e-05
2.3599999999999998757 9.3791251926401044326e-10 2.9998702988704496639e-05
2.3700000000000001066 2.7290131384951382256e-09 2.799693485787599481e-05
2.3799999999999998934 7.5812273667413736329e-09 1.7992202949569628684e-05
2.3900000000000001243 2.0110502170325481855e-08 1.9979648885985914461e-05
2.3999999999999999112 5.0947365665157106457e-08 4.7948475893505574275e-05
2.4100000000000001421 1.2328493379667350697e-07 1.5876522212930438643e-05
2.4199999999999999289 2.850172525689971663e-07 3.3714575890083880289e-05
2.4300000000000001599 6.2965038055554390161e-07 4.3369822456175454763e-05
2.4399999999999999467 1.3295417190734582652e-06 4.466990632887740155e-05
2.4500000000000001776 2.6841110711833668427e-06 3.5315432493909239796e-05
2.4599999999999999645 5.1824395192009251341e-06 1.2817344657735444592e-05
2.4700000000000001954 9.5733277591243536476e-06 2.4426265383528523702e-05
2.4799999999999999822 1.6926623238101209934e-05 2.1072920326991398398e-05
2.4900000000000002132 2.8659505989669046145e-05 1.3401349115547136158e-06
2.5 4.6494756539851326497e-05 -1.8495092668836835773e-05
2.5100000000000002309 7.2320586452142570527e-05 -4.0320972158688362372e-05
2.5200000000000000178 0.00010793827669194869961 -7.7938635790724943237e-05
2.5300000000000002487 0.00015471523886971698717 -0.00011471572009340451673
2.5400000000000000355 0.00021320068264530652553 -0.0001752011390802139172
2.5500000000000002665 0.00028279519069957182115 -0.00024679562234569907492
2.5600000000000000533 0.00036157755053001640159 -0.00033757783890043103862
2.5699999999999998401 0.00044637015625903904382 -0.00041637051535781528745
2.5800000000000000711 0.00053306834970832993412 -0.00049306883093201746369
2.5899999999999998579 0.00061718460798369540344 -0.00059518487156532990257
2.6000000000000000888 0.00069449164180718605307 -0.0006644920009059622967
2.6099999999999998757 0.00076161525987288459637 -0.0007376155482432992334
2.6200000000000001066 0.00081644207622263563918 -0.00078444246192918142425
2.6299999999999998934 0.00085826356051145219917 -0.00081226411246350133533
2.6400000000000001243 0.00088765466081476909754 -0.00085365506767211621342
2.6499999999999999112 0.00090615398066834940572 -0.000878154316797334915
2.6600000000000001421 0.00091585115138197777801 -0.00088185155823932489388
2.6699999999999999289 0.00091898801904971040826 -0.00087898850027339793783
2.6800000000000001599 0.00091765110979147833121 -0.00087365163695474732947
2.6899999999999999467 0.00091359010036767948539 -0.00086759065231972862155
2.7000000000000001776 0.00090815765321393805785 -0.00087215808486006531162
2.7099999999999999645 0.00090234076660690031198 -0.00087434110273588582125
2.7200000000000001954 0.00089684525721133345928 -0.00086884559334031896856
2.7299999999999999822 0.00089219925951583144586 -0.00085019976189032030623
2.7400000000000002132 0.00088885216571415721996 -0.00085085262214906461162
2.75 0.00088725639579778539223 -0.00083525701847819613498
2.7600000000000002309 0.00088792735176774931303 -0.00084192790371979844919
2.7700000000000000178 0.00089148096671709986701 -0.00085148144794078739657
2.7800000000000002487 0.000898649198207266851 -0.00084664982088767759376
2.7900000000000000355 0.000910273109188695158 -0.00085227380623544631445
2.8000000000000002665 0.00092727225232952905157 -0.00087727285385913846352
2.8100000000000000533 0.00095058894626500129235 -0.00087058990871237635148
2.8199999999999998401 0.00098110724533220544825 -0.0009071081297752612866
2.8300000000000000711 0.00101954905975317465 -0.00090955038311831535626
2.8399999999999998579 0.0010663537070279523796 -0.00089035581568102837267
2.8500000000000000888 0.0011215515724711517913 -0.00096555344051238401956
2.8599999999999998757 0.0011846466783709428891 -0.0010006488861791394337
2.8700000000000001066 0.0012545258150834658235 -0.0010365284333869882911
2.8799999999999998934 0.0013294125082859923736 -0.0010654156785415639774
2.8900000000000001243 0.0014068817615119832629 -0.001084885625176327216
2.8999999999999999112 0.0014839459593252606918 -0.0011779496246793635418
2.9100000000000001421 0.0015572139035889096415 -0.0011592186728471107638
2.9199999999999999289 0.0016231147110380103084 -0.0011491203858900685998
2.9300000000000001599 0.001678167812710649803 -0.0011721739132870207575
2.9399999999999999467 0.0017192714491456617155 -0.0011752779588632155695
2.9500000000000001776 0.0017439766544231276139 -0.0011959832500980298146
2.9599999999999999645 0.0017507130854716983909 -0.0012107195674395648116
2.9700000000000001954 0.0017389376762181852579 -0.0011609446255348954916
2.9799999999999999822 0.0017091864792806207417 -0.0011691929612484871625
2.9900000000000002132 0.0016630227534082358664 -0.0011390290661696916407
3 0.0016028882365340226326 -0.0011148940958214783106
3.0100000000000002309 0.0015318772396992615895 -0.0011358819950826189952
3.0200000000000000178 0.001453462580007426402 -0.0010914669248954578847
3.0300000000000002487 0.0013712069935445173052 -0.0010372109986655844716
3.0400000000000000355 0.0012884930319956076992 -0.0010384960178157819164
3.0500000000000002665 0.0012082990450515448781 -0.001010301422743223581
3.0600000000000000533 0.0011330400029124572565 -0.00096104206926393058799
3.0700000000000002842 0.0010644814239425997096 -0.00091448322125547033129
3.0800000000000000711 0.0010037244261297906343 -0.00085372622344266125595
3.0899999999999998579 0.00095125150544744080904 -0.00084725275080826229455
3.1000000000000000888 0.00090701708795411781824 -0.00082501807155229420817
3.1099999999999998757 0.00087056456732499166735 -0.00077456572080665021546
3.1200000000000001066 0.00084115216903099694883 -0.00076715305347405278718
3.1299999999999998934 0.00081787286769512894218 -0.00074187378056494372551
3.1400000000000001243 0.00079975778861731815651 -0.00070775889252141642883
3.1499999999999999112 0.00078585710605674177938 -0.00071985789862063468032
3.1600000000000001421 0.0007752966348903587903 -0.00071929730714832980885
3.1699999999999999289 0.00076731158908766678925 -0.00069531245237992129679
3.1800000000000001599 0.00076126112631210828951 -0.00069926186929844091466
3.1899999999999999467 0.00075662833490940106795 -0.0006906291274732939689
3.2000000000000001776 0.00075301043958374942137 -0.00069301115778130190862
3.2099999999999999645 0.00075010348176683780581 -0.00069810410444724854857
3.2200000000000001954 0.00074768485652442059561 -0.00068768557472197308286
3.2299999999999999822 0.00074559610398385511767 -0.00066759703800447123181
3.2400000000000002132 0.00074372743482988164492 -0.00066372839727725670405
3.25 0.0007420047178013531794 -0.00068200543599890566665
3.2600000000000002309 0.00074037911039777630929 -0.00066238004441839242343
3.2700000000000000178 0.00073881916481681453573 -0.00068481981228600541638
3.2800000000000002487 0.00073730505579128993894 -0.00067130584835518283988
3.2900000000000000355 0.00073582451155937444488 -0.00069182503872264344315
3.3000000000000002665 0.00073437004085418280692 -0.00067437075905173529417
3.3100000000000000533 0.00073293710214554334565 -0.00065293806459291840478
3.3200000000000002842 0.00073152293077267775689 -0.00066952367375901038204
3.3300000000000000711 0.00073012580882114035997 -0.00065412672169095514331
3.3399999999999998579 0.00072874462295963626964 -0.00068074519970046554369
3.3500000000000000888 0.0007273786036551578571 -0.00066737932185271034435
3.3599999999999998757 0.0007260271752088555278 -0.00063802822953539352433
3.3700000000000001066 0.00072468987156054198544 -0.00066469058975809447269
3.3799999999999998934 0.00072336629004864875375 -0.00067136691272905949651
3.3900000000000001243 0.00072205606649272148501 -0.00067405664323355075906
3.3999999999999999112 0.00072075886194852758094 -0.00066475953420649859949
3.4100000000000001421 0.00071947435569751961876 -0.00067747485807200847913
3.4199999999999999289 0.00071820224149051034752 -0.00063820320393788540665
3.4300000000000001599 0.00071694222545593336293 -0.00064894303917062759468
3.4399999999999999467 0.0007156940248465655692 -0.00065169479625965713934
3.4500000000000001776 0.00071445736720587296135 -0.0006524581101922055865
3.4599999999999999645 0.00071323198974650636652 -0.00065923263721569724718
3.4700000000000001954 0.00071201763884022367841 -0.00064401845255491791016
3.4799999999999999822 0.00071081406957107572207 -0.0006228151238976137186
3.4900000000000002132 0.00070962104532892780057 -0.00062362207850466446629
3.5 0.00070843833743225361615 -0.00065843893896186302811
3.5100000000000002309 0.00070726572477458821749 -0.00062726668722196327662
3.5200000000000000178 0.00070610299349151226661 -0.00063810380720620649836
3.5300000000000002487 0.00070494993664617898194 -0.00063295079993843348948
3.5400000000000000355 0.00070380635393191173614 -0.00062380731637928679527
3.5500000000000002665 0.00070267205139068217995 -0.00063267289353213535669
3.5600000000000000533 0.00070154684114642133601 -0.00062354777516703745015
3.5700000000000002842 0.00070043054115221715407 -0.00064043125934976964132
3.5800000000000000711 0.00069932297495053799639 -0.00063932369314809048364
3.5899999999999998579 0.0006982239714456799605 -0.00064622459412609070326
3.6000000000000000888 0.00069713336468769481879 -0.00063913406173444597524
3.6099999999999998757 0.00069605099366711173283 -0.00062005190653692651617
3.6200000000000001066 0.00069497670211981187049 -0.00060297780602391014282
3.6299999999999998934 0.00069391033834145137479 -0.00061791125121126615812
3.6400000000000001243 0.0006928517550108906917 -0.00061885263945394653005
3.6499999999999999112 0.00069180080902209520333 -0.00062580160158598810427
3.6600000000000001421 0.00069075736132403326144 -0.00062475815388792616239
3.6699999999999999289 0.00068972127676811625669 -0.00062572204818120782683
3.6800000000000001599 0.00068869242396275625814 -0.00063069312100950741459
3.6899999999999999467 0.00068767067513464939267 -0.00062967137218140054912
3.7000000000000001776 0.00068665590599641015534 -0.00060065693917214682106
3.7099999999999999645 0.00068564799562021642824 -0.00059764904994675442478
3.7200000000000001954 0.00068464682631713506822 -0.00060064783106611278896
3.7299999999999999822 0.00068365228352182622149 -0.000577653557309406652
3.7400000000000002132 0.00068266425568234241281 -0.00059466531000888040934
3.75 0.00068168263415475114156 -0.00060168359660212620069
3.7600000000000002309 0.00068070731310233183534 -0.00057270860804071359665
3.7700000000000000178 0.00067973818939911123845 -0.00060573907384216707679
3.7800000000000002487 0.00067877516253751269716 -0.00057477640789833418268
3.7900000000000000355 0.00067781813453991128331 -0.0005518196489393354786
3.8000000000000002665 0.00067686700987389916608 -0.00056086840396740147898
3.8100000000000000533 0.0006759216953710753999 -0.00060392255866332990744
3.8200000000000002842 0.00067498210014918307801 -0.00056498342351432378431
3.8300000000000000711 0.00067404813553743371524 -0.00053004986212194273032
3.8399999999999998579 0.00067311971500485969899 -0.0005431212717058866643
3.8500000000000000888 0.00067219675409155136853 -0.00055219819048665634304
3.8599999999999998757 0.00067127917034263875212 -0.0005212809676555093738
3.8700000000000001066 0.00067036688324489045968 -0.000540368439945917425
3.8799999999999998934 0.00066945981416581025209 -0.00053346144159519871559
3.8900000000000001243 0.00066855788629515073077 -0.00049655995264662406222
3.8999999999999999112 0.00066766102458884262968 -0.00047966327469864183594
3.9100000000000001421 0.00066676915571568513667 -0.00050477109448527897155
3.9199999999999999289 0.0006658822080082868293 -0.00050588413290303694755
3.9300000000000001599 0.00066500011142358586222 -0.00050700200789157703549
3.9399999999999999467 0.00066412279753030694068 -0.00048412496303690082371
3.9500000000000001776 0.00066325019957645778464 -0.00047525244968625699089
3.9599999999999999645 0.00066238225278996668184 -0.00049438426228792212332
3.9700000000000001954 0.00066151889532899740137 -0.00046952120229231449761
3.9799999999999999822 0.00066066007095019426733 -0.00041066305677036848455
3.9900000000000002132 0.00065980573597364461976 -0.00042580853803549290797
4 0.00065895587639253202714 -0.00043295859385117504634
4.0099999999999997868 0.00065811054755249818755 -0.0003961137039332260747
4.0200000000000004619 0.00065726996104874886757 -0.00041127291911923565156
4.0300000000000002487 0.00065643466427524300392 -0.00037643803284105571087
4.0400000000000000355 0.00065560588991619951019 -0.00039360904629692739735
4.0499999999999998224 0.00065478619545131168563 -0.00039278935183203957278
4.0600000000000004974 0.00065398056004708159626 -0.00036398402709094328884
4.0700000000000002842 0.0006531981412200100947 -0.00035120177882442551141
4.0800000000000000711 0.00065245488688819906851 -0.00037645819860049388548
4.0899999999999998579 0.00065177711109463596327 -0.00034378081942741298659
4.0999999999999996447 0.00065120593855213810414 -0.00031520995754804898709
4.1100000000000003197 0.00065080219531041803328 -0.00029880641261657001941
4.1200000000000001066 0.00065065091410148538208 -0.00027865538657139636135
4.1299999999999998934 0.00065086424563565788582 -0.00028686860439853308514
4.1399999999999996803 0.00065158138952079976483 -0.00028558579126234919171
4.1500000000000003553 0.0006529643527285715213 -0.000290968697616603004
4.1600000000000001421 0.00065518900317047758415 -0.00033719280998130370152
4.1699999999999999289 0.00065843194583597476621 -0.00028843637532721157213
4.1799999999999997158 0.00066285495511749230498 -0.00025485985195757292383
4.1900000000000003908 0.00066858966231868603887 -0.00028859421939180234136
4.2000000000000001776 0.0006757255399719899313 -0.00027373036608370894356
4.2099999999999999645 0.00068430373555291288713 -0.0002883084909362702928
4.2199999999999997513 0.00069431806581281112212 -0.00022632366993650780695
4.2300000000000004263 0.00070572285237019817625 -0.00021572872553249757086
4.2400000000000002132 0.00071844577240393839995 -0.00023645156096303252555
4.25 0.000732402974112200786 -0.00026840855048621009181
4.2599999999999997868 0.00074751359314583409529 -0.00028151918339468711772
4.2700000000000004619 0.00076371143355530345456 -0.00026171744817432606237
4.2800000000000002487 0.0007809526405978310876 -0.00026895881190256364871
4.2900000000000000355 0.00079921930413998673419 -0.00024322595531426380137
4.2999999999999998224 0.00081851977290091414239 -0.00029252607043338317658
4.3100000000000004974 0.00083888687934026201411 -0.00025289388415634711429
4.3200000000000002842 0.0008603752929382076824 -0.00033438159047067671659
4.3300000000000000711 0.00088305896938698153539 -0.00027106630009518723531
4.3399999999999998579 0.00090702930974431554296 -0.00031703640051774898984
4.3500000000000005329 0.00093239431906195460904 -0.00041040058884473621
4.3600000000000003197 0.00095927882950702864431 -0.00032328644312868077063
4.3700000000000001066 0.00098782574293161912009 -0.00036983314436818642661
4.3799999999999998934 0.0010181982317038461034 -0.0003462062696956678693
4.3899999999999996803 0.0010505828828005832776 -0.00032859152959797206968
4.4000000000000003553 0.0010851938529526958081 -0.00037920233054367395373
4.4100000000000001421 0.0011222782111209265044 -0.00040228687314730203657
4.4199999999999999289 0.0011621227884316812952 -0.00034213260986152996615
4.4299999999999997158 0.0012050630773563879294 -0.00036107318169968302679
4.4400000000000003908 0.0012514951323460245854 -0.00028550675244288690156
4.4500000000000001776 0.0013018922948470389514 -0.00032790397044327613402
4.4599999999999999645 0.0013568305375406418314 -0.0003308428649211197798
4.4699999999999997513 0.0014170307277640505246 -0.0002690444544827745154
4.4800000000000004263 0.0014834361127041956717 -8.3452926429428749694e-05
4.4900000000000002132 0.0015573643902736401118 -0.00019338077962870311652
4.5 0.0016408150155496740736 -2.8834405953898035666e-05
4.5099999999999997868 0.0017370863832314978499 0.0001848905332604872543
4.5200000000000004619 0.0018519758349880342894 0.00029799839382620954727
4.5300000000000002487 0.001995996960038640914 0.00057997213064660702725
4.5400000000000000355 0.002188217053378474497 0.00095574518646811268408
4.5499999999999998224 0.0024623909235145409469 0.0013435633186106130284
4.5600000000000004974 0.0028758554826013695352 0.0019900861089594710715
4.5700000000000002842 0.0035208935249479043558 0.0024830343801646006033
4.5800000000000000711 0.0045367499192227218885 0.0030631589393149520617
4.5899999999999998579 0.0061182089778920390258 0.0039516697940090916505
4.6000000000000005329 0.0085141516530798464629 0.0039936986511661040633
4.6100000000000003197 0.012008021088871794271 0.003783789960112736786
4.6200000000000001066 0.016873356475011154487 0.0031844037040316651443
4.6299999999999998934 0.023303025855091887703 0.0010286816522800112939
4.6399999999999996803 0.031320657732469142642 -0.0016290137195411336091
4.6500000000000003553 0.040694766700711114404 -0.0065351771418713164308
4.6600000000000001421 0.050885348210877388853 -0.011337822864598251504
4.6699999999999999289 0.061053358252204648071 -0.016719889129556408935
4.6799999999999997158 0.070151461465689790575 -0.022964028818938393706
4.6900000000000003908 0.077090720143704147271 -0.026661323812393875055
4.7000000000000001776 0.080949794161727900432 -0.030098404395988459514
4.7099999999999999645 0.08117219847400912458 -0.030752804547150222603
4.7199999999999997513 0.077693728047781879242 -0.029436306345635349091
4.7300000000000004263 0.070960159419385701596 -0.02513271105131319183
4.7400000000000002132 0.061829095538478921756 -0.02114358341298681887
4.75 0.051386177632552404448 -0.015394609514218580981
4.7599999999999997868 0.040730381884533907455 -0.010184748598296187311
4.7700000000000004619 0.030786913954793194981 -0.0056392151351558963968
4.7800000000000002487 0.022189917934809781641 -0.0022381571659194007817
4.7900000000000000355 0.015249674341349623435 0.00036813864234206718218
4.7999999999999998224 0.0099921651755735963613 0.0018596922407581734094
4.8100000000000004974 0.0062421716625554795818 0.002423724358274198
4.8200000000000002842 0.0037177050543466959483 0.0023062225373943891042
4.8300000000000000711 0.0021108908843377044429 0.0020130594927689629894
4.8399999999999998579 0.0011426118116196338874 0.0016493547328445970837
4.8500000000000005329 0.00058961115609244873007 0.0012403669225112962105
4.8600000000000003197 0.00029004137812272854594 0.00082994514761402040943
4.8700000000000001066 0.00013601153602137307621 0.0005239805674435284253
4.8799999999999998934 6.0800633492064504301e-05 0.00034319452652137284136
4.8899999999999996803 2.5909126544452615846e-05 0.00018808831200554278619
4.9000000000000003553 1.0524610882067796813e-05 0.00013547363410666422617
4.9100000000000001421 4.0753480247307356473e-06 9.7923427765249062204e-05
4.9199999999999999289 1.5042703758009555658e-06 4.8495128094589632056e-05
4.9299999999999997158 5.2928203495335559846e-07 1.747050214198301381e-05
4.9400000000000003908 1.7751957265347008985e-07 9.8223601214246479427e-06
4.9500000000000001776 5.6754618596035682493e-08 1.9432212747448521551e-06
4.9599999999999999645 1.7296183999654106736e-08 1.9826797093412340717e-06
4.9699999999999997513 5.024489399329108238e-09 3.9949272972824481005e-06
4.9800000000000004263 1.3913125717920583614e-09 1.9985845807690959478e-06
4.9900000000000002132 3.6723777514935266002e-10 -3.6723777514935266002e-10
5 9.2397175552198082383e-11 3.9998593895062245672e-06
5.0099999999999997868 2.2159385189992040126e-11 -2.2159385189992040126e-11
5.0200000000000004619 5.0657462097408127811e-12 -5.0657462097408127811e-12
5.0300000000000002487 1.103862526555269337e-12 1.9999747894783612639e-06
5.0400000000000000355 2.2928286396271174185e-13 -2.2928286396271174185e-13
5.0499999999999998224 4.5395470432796351733e-14 -4.5395470432796351733e-14
5.0600000000000004974 8.5671641721027286608e-15 -8.5671641721027286608e-15
5.0700000000000002842 1.5411491991630838108e-15 -1.5411491991630838108e-15
5.0800000000000000711 2.642620122113070444e-16 -2.642620122113070444e-16
5.0899999999999998579 4.3192338672133928275e-17 -4.3192338672133928275e-17
5.1000000000000005329 6.7291489694327544965e-18 1.9999758933341587564e-06
5.1100000000000003197 9.9929692918751206601e-19 -9.9929692918751206601e-19
5.1200000000000001066 1.4145214188602650411e-19 -1.4145214188602650411e-19
5.1299999999999998934 1.9085549798312799619e-20 -1.9085549798312799619e-20
5.1399999999999996803 2.4545937713906551354e-21 -2.4545937713906551354e-21
5.1500000000000003553 3.009082142329491724e-22 -3.009082142329491724e-22
5.1600000000000001421 3.5161516774647631222e-23 -3.5161516774647631222e-23
5.1699999999999999289 3.9163365056813128426e-24 -3.9163365056813128426e-24
5.1799999999999997158 4.157870519503030132e-25 -4.157870519503030132e-25
5.1900000000000003908 4.2076559001708892225e-26 -4.2076559001708892225e-26
5.2000000000000001776 4.0587052954711934755e-27 1.9999758933408880096e-06
5.2099999999999999645 3.7317507782040753613e-28 -3.7317507782040753613e-28
5.2199999999999997513 3.2705089123414005964e-29 -3.2705089123414005964e-29
5.2300000000000004263 2.7320926578185688825e-30 -2.7320926578185688825e-30
5.2400000000000002132 2.1754679859924766509e-31 -2.1754679859924766509e-31
5.25 1.6511516690521122518e-32 -1.6511516690521122518e-32
5.2599999999999997868 1.1945327508044800273e-33 -1.1945327508044800273e-33
5.2700000000000004619 8.2373175793478007578e-35 -8.2373175793478007578e-35
5.2800000000000002487 5.4143964833149601691e-36 -5.4143964833149601691e-36
5.2900000000000000355 3.3922718282502061307e-37 1.9999758933408880096e-06
5.2999999999999998224 2.0258507155339057213e-38 -2.0258507155339057213e-38
5.3100000000000004974 1.1531884904150167605e-39 -1.1531884904150167605e-39
5.3200000000000002842 6.2570423769484070779e-41 1.9999758933408880096e-06
5.3300000000000000711 3.2360387034001847482e-42 -3.2360387034001847482e-42
5.3399999999999998579 1.5952693243856742731e-43 -1.5952693243856742731e-43
5.3500000000000005329 7.4960056484709172967e-45 -7.4960056484709172967e-45
5.3600000000000003197 3.3573859833770022773e-46 -3.3573859833770022773e-46
5.3700000000000001066 1.433336021683436158e-47 -1.433336021683436158e-47
5.3799999999999998934 5.8327053083002498564e-49 -5.8327053083002498564e-49
5.3899999999999996803 2.262388774489969321e-50 -2.262388774489969321e-50
5.4000000000000003553 8.3644912960359060175e-52 -8.3644912960359060175e-52
5.4100000000000001421 2.9477241393854777925e-53 -2.9477241393854777925e-53
5.4199999999999999289 9.9016841361292122293e-55 -9.9016841361292122293e-55
5.4299999999999997158 3.1703422292299490667e-56 -3.1703422292299490667e-56
5.4400000000000003908 9.675601973961505558e-58 -9.675601973961505558e-58
5.4500000000000001776 2.8146509331767916433e-59 -2.8146509331767916433e-59
5.4599999999999999645 7.8045114009486503623e-61 -7.8045114009486503623e-61
5.4699999999999997513 2.0627256010616257053e-62 -2.0627256010616257053e-62
5.4800000000000004263 5.1965091468369953887e-64 -5.1965091468369953887e-64
5.4900000000000002132 1.2478327201184800899e-65 -1.2478327201184800899e-65
5.5 2.8561132166609234288e-67 -2.8561132166609234288e-67
5.5099999999999997868 6.2311583432989178767e-69 -6.2311583432989178767e-69
5.5200000000000004619 1.2957953576298192741e-70 -1.2957953576298192741e-70
5.5300000000000002487 2.5684922654032430513e-72 -2.5684922654032430513e-72
5.5400000000000000355 4.8528209046271935495e-74 -4.8528209046271935495e-74
5.5499999999999998224 8.7394554877620378059e-76 -8.7394554877620378059e-76
5.5600000000000004974 1.500197879477677812e-77 -1.500197879477677812e-77
5.5700000000000002842 2.4546339416517975515e-79 -2.4546339416517975515e-79
5.5800000000000000711 3.8282376828201072485e-81 -3.8282376828201072485e-81
5.5899999999999998579 5.6909527559680201212e-83 -5.6909527559680201212e-83
5.6000000000000005329 8.0638966442818766993e-85 -8.0638966442818766993e-85
5.6100000000000003197 1.0891276180026994003e-86 -1.0891276180026994003e-86
5.6200000000000001066 1.4021239125186523553e-88 -1.4021239125186523553e-88
5.6299999999999998934 1.7205519503096373266e-90 -1.7205519503096373266e-90
5.6399999999999996803 2.0124398893614729207e-92 -2.0124398893614729207e-92
5.6500000000000003553 2.2436325974622404866e-94 -2.2436325974622404866e-94
5.6600000000000001421 2.3842633795963812286e-96 -2.3842633795963812286e-96
5.6699999999999999289 2.415073461110615651e-98 -2.415073461110615651e-98
5.6799999999999997158 2.3317396647839905125e-100 1.9999758933408880096e-06
5.6900000000000003908 2.1458696728154445684e-102 -2.1458696728154445684e-102
5.7000000000000001776 1.8823490532567261093e-104 -1.8823490532567261093e-104
5.7099999999999999645 1.5738758986346616512e-106 -1.5738758986346616512e-106
5.7199999999999997513 1.2543371599146829982e-108 -1.2543371599146829982e-108
5.7300000000000004263 9.5286536867394842492e-111 1.9999758933408880096e-06
5.7400000000000002132 6.8995731234816358338e-113 -6.8995731234816358338e-113
5.75 4.7619660912451500382e-115 -4.7619660912451500382e-115
5.7599999999999997868 3.1327356417311558844e-117 -3.1327356417311558844e-117
5.7700000000000004619 1.9644208993245586159e-119 -1.9644208993245586159e-119
5.7800000000000002487 1.174136713257355807e-121 -1.174136713257355807e-121
5.7900000000000000355 6.6892294159872202932e-124 -6.6892294159872202932e-124
5.7999999999999998224 3.6325097803473087828e-126 -3.6325097803473087828e-126
5.8100000000000004974 1.8802290139617118869e-128 1.9999758933408880096e-06
5.8200000000000002842 9.2765810360254964189e-131 -9.2765810360254964189e-131
5.8300000000000000711 4.3625292268383340726e-133 -4.3625292268383340726e-133
5.8399999999999998579 1.9555185957283483794e-135 -1.9555185957283483794e-135
5.8500000000000005329 8.3552360668931413298e-138 -8.3552360668931413298e-138
5.8600000000000003197 3.4027391225117276382e-140 -3.4027391225117276382e-140
5.8700000000000001066 1.3209054130498584747e-142 -1.3209054130498584747e-142
5.8799999999999998934 4.8875127490346624663e-145 -4.8875127490346624663e-145
5.8899999999999996803 1.7237615397223615854e-147 -1.7237615397223615854e-147
5.9000000000000003553 5.7948146915084657638e-150 -5.7948146915084657638e-150
5.9100000000000001421 1.8568421421017127212e-152 -1.8568421421017127212e-152
5.9199999999999999289 5.6713110180495075399e-155 -5.6713110180495075399e-155
5.9299999999999997158 1.651068070323589092e-157 -1.651068070323589092e-157
5.9400000000000003908 4.5816246841575211666e-160 -4.5816246841575211666e-160
5.9500000000000001776 1.2118449101808407606e-162 -1.2118449101808407606e-162
5.9599999999999999645 3.0552557024577938009e-165 -3.0552557024577938009e-165
5.9699999999999997513 7.3421128597758033872e-168 -7.3421128597758033872e-168
5.9800000000000004263 1.6817735071962375193e-170 -1.6817735071962375193e-170
5.9900000000000002132 3.6718666595132302452e-173 -3.6718666595132302452e-173
6 7.6415107323894541243e-176 -7.6415107323894541243e-176
6.0099999999999997868 1.5158089615134827325e-178 1.9999758933408880096e-06
6.0200000000000004619 2.866042442640122345e-181 1.9999758933408880096e-06
6.0300000000000002487 5.1652774725578961052e-184 -5.1652774725578961052e-184
6.0400000000000000355 8.8731449108917497977e-187 -8.8731449108917497977e-187
6.0499999999999998224 1.4528954349357603465e-189 -1.4528954349357603465e-189
6.0600000000000004974 2.2675872130534643141e-192 -2.2675872130534643141e-192
6.0700000000000002842 3.3733894550328179046e-195 -3.3733894550328179046e-195
6.0800000000000000711 4.7834561694925990839e-198 -4.7834561694925990839e-198
6.0899999999999998579 6.4653186717687317724e-201 -6.4653186717687317724e-201
6.1000000000000005329 8.329345617090848563e-204 -8.329345617090848563e-204
6.1100000000000003197 1.0228327607268188901e-206 -1.0228327607268188901e-206
6.1200000000000001066 1.1972122878452166733e-209 -1.1972122878452166733e-209
6.1299999999999998934 1.3357047811189053727e-212 -1.3357047811189053727e-212
6.1400000000000005684 1.4204389229520178268e-215 -1.4204389229520178268e-215
6.1500000000000003553 1.4398173660115583032e-218 -1.4398173660115583032e-218
6.1600000000000001421 1.3911212992232333402e-221 -1.3911212992232333402e-221
6.1699999999999999289 1.281136288941433347e-224 -1.281136288941433347e-224
6.1799999999999997158 1.1246008230739264013e-227 -1.1246008230739264013e-227
6.1900000000000003908 9.4096654556419166302e-231 -9.4096654556419166302e-231
6.2000000000000001776 7.5045159063926456966e-234 -7.5045159063926456966e-234
6.2099999999999999645 5.7048454891929512589e-237 -5.7048454891929512589e-237
6.2199999999999997513 4.1336888796574429214e-240 -4.1336888796574429214e-240
6.2300000000000004263 2.8549885739503325352e-243 -2.8549885739503325352e-243
6.2400000000000002132 1.8795056783074292571e-246 -1.8795056783074292571e-246
6.25 1.179384950005650722e-249 -1.179384950005650722e-249
6.2599999999999997868 7.0540768176875665797e-253 -7.0540768176875665797e-253
6.2700000000000004619 4.0215867765636810827e-256 -4.0215867765636810827e-256
6.2800000000000002487 2.1853819531206727229e-259 -2.1853819531206727229e-259
6.2900000000000000355 1.1319569277838434439e-262 -1.1319569277838434439e-262
6.2999999999999998224 5.5886264935493065241e-266 1.9999758933408880096e-06
6.3100000000000004974 2.6299827237207320975e-269 -2.6299827237207320975e-269
6.3200000000000002842 1.1797047442455515133e-272 -1.1797047442455515133e-272
6.3300000000000000711 5.04389885808513358e-276 -5.04389885808513358e-276
6.3399999999999998579 2.055568809121500967e-279 1.9999758933408880096e-06
6.3500000000000005329 7.9849144718239151553e-283 -7.9849144718239151553e-283
6.3600000000000003197 2.9565219759466477829e-286 -2.9565219759466477829e-286
6.3700000000000001066 1.0434329361296104827e-289 -1.0434329361296104827e-289
6.3799999999999998934 3.5101085848663087398e-293 -3.5101085848663087398e-293
6.3900000000000005684 1.1255094256832619396e-296 -1.1255094256832619396e-296
6.4000000000000003553 3.4399354227966688163e-300 -3.4399354227966688163e-300
6.4100000000000001421 1.0021298664942307434e-303 -1.0021298664942307434e-303
6.4199999999999999289 2.7827249261861307553e-307 -2.7827249261861307553e-307
6.4299999999999997158 7.365277288413247466e-311 -7.365277288413247466e-311
6.4400000000000003908 1.8581487219362680082e-314 -1.8581487219362680082e-314
6.4500000000000001776 4.4683198196753169206e-318 -4.4683198196753169206e-318
6.4599999999999999645 1.0227158868913803464e-321 -1.0227158868913803464e-321
6.4699999999999997513 0 0
6.4800000000000004263 0 0
6.4900000000000002132 0 0
6.5 0 0
6.5099999999999997868 0 0
6.5200000000000004619 0 0
6.5300000000000002487 0 0
6.5400000000000000355 0 0
6.5499999999999998224 0 0
6.5600000000000004974 0 0
6.5700000000000002842 0 0
6.5800000000000000711 0 0
6.5899999999999998579 0 0
6.6000000000000005329 0 0
6.6100000000000003197 0 0
6.6200000000000001066 0 0
6.6299999999999998934 0 0
6.6400000000000005684 0 0
6.6500000000000003553 0 0
6.6600000000000001421 0 0
6.6699999999999999289 0 0
6.6799999999999997158 0 0
6.6900000000000003908 0 0
6.7000000000000001776 0 0
6.7099999999999999645 0 0
6.7199999999999997513 0 0
6.7300000000000004263 0 0
6.7400000000000002132 0 0
6.75 0 0
6.7599999999999997868 0 0
6.7700000000000004619 0 0
6.7800000000000002487 0 1.9999758933408880096e-06
6.7900000000000000355 0 0
6.7999999999999998224 0 1.9999758933408880096e-06
6.8100000000000004974 0 0
6.8200000000000002842 0 0
6.8300000000000000711 0 0
6.8399999999999998579 0 0
6.8500000000000005329 0 0
6.8600000000000003197 0 0
6.8700000000000001066 0 0
6.8799999999999998934 0 0
6.8900000000000005684 0 0
6.9000000000000003553 0 0
6.9100000000000001421 0 0
6.9199999999999999289 0 0
6.9299999999999997158 0 0
6.9400000000000003908 0 0
6.9500000000000001776 0 0
6.9599999999999999645 0 0
6.9699999999999997513 0 0
6.9800000000000004263 0 0
6.9900000000000002132 0 0
7 0 0
7.0099999999999997868 0 0
7.0200000000000004619 0 0
7.0300000000000002487 0 1.9999758933408880096e-06
7.0400000000000000355 0 0
7.0499999999999998224 0 0
7.0600000000000004974 0 0
7.0700000000000002842 0 0
7.0800000000000000711 0 0
7.0899999999999998579 0 0
7.1000000000000005329 0 0
7.1100000000000003197 0 0
7.1200000000000001066 0 0
7.1299999999999998934 0 0
7.1400000000000005684 0 0
7.1500000000000003553 0 0
7.1600000000000001421 0 0
7.1699999999999999289 0 0
7.1799999999999997158 0 0
7.1900000000000003908 0 0
7.2000000000000001776 0 1.9999758933408880096e-06
7.2099999999999999645 0 0
7.2199999999999997513 0 0
7.2300000000000004263 0 0
7.2400000000000002132 0 0
7.25 0 0
7.2599999999999997868 0 1.9999758933408880096e-06
7.2700000000000004619 0 0
7.2800000000000002487 0 0
7.2900000000000000355 0 0
7.2999999999999998224 0 0
7.3100000000000004974 0 1.9999758933408880096e-06
7.3200000000000002842 0 0
7.3300000000000000711 0 0
7.3399999999999998579 0 0
7.3500000000000005329 0 0
7.3600000000000003197 0 0
7.3700000000000001066 0 0
7.3799999999999998934 0 0
7.3900000000000005684 0 0
7.4000000000000003553 0 0
7.4100000000000001421 0 0
7.4199999999999999289 0 0
7.4299999999999997158 0 0
7.4400000000000003908 0 0
7.4500000000000001776 0 0
7.4599999999999999645 0 0
7.4699999999999997513 0 0
7.4800000000000004263 0 0
7.4900000000000002132 0 0
7.5 0 0
7.5099999999999997868 0 0
7.5200000000000004619 0 0
7.5300000000000002487 0 0
7.5400000000000000355 0 0
7.5499999999999998224 0 1.9999758933408880096e-06
7.5600000000000004974 0 0
7.5700000000000002842 0 0
7.5800000000000000711 0 0
7.5899999999999998579 0 0
7.6000000000000005329 0 0
7.6100000000000003197 0 0
7.6200000000000001066 0 1.9999758933408880096e-06
7.6299999999999998934 0 0
7.6400000000000005684 0 0
7.6500000000000003553 0 1.9999758933408880096e-06
7.6600000000000001421 0 0
7.6699999999999999289 0 0
7.6799999999999997158 0 0
7.6900000000000003908 0 0
7.7000000000000001776 0 0
7.7099999999999999645 0 0
7.7199999999999997513 0 0
7.7300000000000004263 0 0
7.7400000000000002132 0 0
7.75 0 0
7.7599999999999997868 0 0
7.7700000000000004619 0 0
7.7800000000000002487 0 0
7.7900000000000000355 0 0
7.7999999999999998224 0 0
7.8100000000000004974 0 0
7.8200000000000002842 0 0
7.8300000000000000711 0 0
7.8399999999999998579 0 1.9999758933408880096e-06
7.8500000000000005329 0 1.9999758933408880096e-06
7.8600000000000003197 0 0
7.8700000000000001066 0 0
7.8799999999999998934 0 1.9999758933408880096e-06
7.8900000000000005684 0 0
7.9000000000000003553 0 0
7.9100000000000001421 0 0
7.9199999999999999289 0 0
7.930000000000000604 0 0
7.9400000000000003908 0 0
7.9500000000000001776 0 0
7.9599999999999999645 0 0
7.9699999999999997513 0 0
7.9800000000000004263 0 0
7.9900000000000002132 0 0
8 0 0
8.0099999999999997868 0 0
8.0199999999999995737 0 0
8.0299999999999993605 0 0
8.0400000000000009237 0 0
8.0500000000000007105 0 0
8.0600000000000004974 0 0
8.0700000000000002842 0 0
8.0800000000000000711 0 0
8.0899999999999998579 0 1.9999758933408880096e-06
8.0999999999999996447 0 0
8.1099999999999994316 0 1.9999758933408880096e-06
8.1200000000000009948 0 0
8.1300000000000007816 0 0
8.1400000000000005684 0 0
8.1500000000000003553 0 0
8.1600000000000001421 0 0
8.1699999999999999289 0 0
8.1799999999999997158 0 0
8.1899999999999995026 0 0
8.1999999999999992895 0 0
8.2100000000000008527 0 0
8.2200000000000006395 0 0
8.2300000000000004263 0 0
8.2400000000000002132 0 0
8.25 0 0
8.2599999999999997868 0 0
8.2699999999999995737 0 0
8.2799999999999993605 0 1.9999758933408880096e-06
8.2900000000000009237 0 0
8.3000000000000007105 0 0
8.3100000000000004974 0 0
8.3200000000000002842 0 0
8.3300000000000000711 0 0
8.3399999999999998579 0 0
8.3499999999999996447 0 0
8.3599999999999994316 0 0
8.3700000000000009948 0 0
8.3800000000000007816 0 0
8.3900000000000005684 0 0
8.4000000000000003553 0 0
8.4100000000000001421 0 0
8.4199999999999999289 0 0
8.4299999999999997158 0 0
8.4399999999999995026 0 0
8.4499999999999992895 0 0
8.4600000000000008527 0 0
8.4700000000000006395 0 0
8.4800000000000004263 0 0
8.4900000000000002132 0 0
8.5 0 0
8.5099999999999997868 0 0
8.5199999999999995737 0 1.9999758933408880096e-06
8.5299999999999993605 0 0
8.5400000000000009237 0 0
8.5500000000000007105 0 0
8.5600000000000004974 0 0
8.5700000000000002842 0 0
8.5800000000000000711 0 1.9999758933408880096e-06
8.5899999999999998579 0 0
8.5999999999999996447 0 0
8.6099999999999994316 0 0
8.6200000000000009948 0 0
8.6300000000000007816 0 0
8.6400000000000005684 0 0
8.6500000000000003553 0 0
8.6600000000000001421 0 0
8.6699999999999999289 0 0
8.6799999999999997158 0 0
8.6899999999999995026 0 0
8.7000000000000010658 0 0
8.7100000000000008527 0 0
8.7200000000000006395 0 0
8.7300000000000004263 0 0
8.7400000000000002132 0 0
8.75 0 0
8.7599999999999997868 0 0
8.7699999999999995737 0 0
8.7799999999999993605 0 0
8.7900000000000009237 0 0
8.8000000000000007105 0 0
8.8100000000000004974 0 0
8.8200000000000002842 0 0
8.8300000000000000711 0 0
8.8399999999999998579 0 0
8.8499999999999996447 0 0
8.8599999999999994316 0 0
8.8700000000000009948 0 1.9999758933408880096e-06
8.8800000000000007816 0 1.9999758933408880096e-06
8.8900000000000005684 0 0
8.9000000000000003553 0 1.9999758933408880096e-06
8.9100000000000001421 0 0
8.9199999999999999289 0 0
8.9299999999999997158 0 0
8.9399999999999995026 0 0
8.9500000000000010658 0 0
8.9600000000000008527 0 0
8.9700000000000006395 0 0
8.9800000000000004263 0 0
8.9900000000000002132 0 3.9999517866817768663e-06
9 0 0
9.0099999999999997868 0 0
9.0199999999999995737 0 0
9.0299999999999993605 0 0
9.0400000000000009237 0 0
9.0500000000000007105 0 3.9999517866817768663e-06
9.0600000000000004974 0 1.9999758933408880096e-06
9.0700000000000002842 0 1.9999758933408880096e-06
9.0800000000000000711 0 0
9.0899999999999998579 0 0
9.0999999999999996447 0 1.9999758933408880096e-06
9.1099999999999994316 0 0
9.1200000000000009948 0 0
9.1300000000000007816 0 0
9.1400000000000005684 0 0
9.1500000000000003553 0 3.9999517866817768663e-06
9.1600000000000001421 0 3.9999517866817768663e-06
9.1699999999999999289 0 1.9999758933408880096e-06
9.1799999999999997158 0 3.9999517866817768663e-06
9.1899999999999995026 0 0
9.2000000000000010658 0 1.9999758933408880096e-06
9.2100000000000008527 0 1.9999758933408880096e-06
9.2200000000000006395 0 1.9999758933408880096e-06
9.2300000000000004263 0 0
9.2400000000000002132 0 3.9999517866817768663e-06
9.25 0 1.1999855814792679791e-05
9.2599999999999997868 0 5.9999279073963407427e-06
9.2699999999999995737 0 5.9999279073963407427e-06
9.2799999999999993605 0 5.9999279073963407427e-06
9.2900000000000009237 0 7.9999035733635537326e-06
9.3000000000000007105 0 1.5999807146727110853e-05
9.3100000000000004974 0 0
9.3200000000000002842 0 2.1999736418365500867e-05
9.3300000000000000711 0 9.999879694078117609e-06
9.3399999999999998579 0 3.9999517866817768663e-06
9.3499999999999996447 0 1.9999759388156238606e-05
9.3599999999999994316 0 9.999879694078117609e-06
9.3700000000000009948 0 9.999879694078117609e-06
9.3800000000000007816 0 1.3999831935507250444e-05
9.3900000000000005684 0 1.7999784176936369726e-05
9.4000000000000003553 0 9.999879694078117609e-06
9.4100000000000001421 0 5.9999279073963407427e-06
9.4199999999999999289 0 1.3999831935507250444e-05
9.4299999999999997158 0 1.5999807146727110853e-05
9.4399999999999995026 0 7.9999035733635537326e-06
9.4500000000000010658 0 9.999879694078117609e-06
9.4600000000000008527 0 1.7999784176936369726e-05
9.4700000000000006395 0 3.9999517866817768663e-06
9.4800000000000004263 0 9.999879694078117609e-06
9.4900000000000002132 0 1.9999758933408880096e-06
9.5 0 3.9999517866817768663e-06
9.5099999999999997868 0 1.5999807146727110853e-05
9.5199999999999995737 0 5.9999279073963407427e-06
9.5299999999999993605 0 3.9999517866817768663e-06
9.5400000000000009237 0 1.9999758933408880096e-06
9.5500000000000007105 0 5.9999279073963407427e-06
9.5600000000000004974 0 5.9999279073963407427e-06
9.5700000000000002842 0 3.9999517866817768663e-06
9.5800000000000000711 0 0
9.5899999999999998579 0 0
9.5999999999999996447 0 0
9.6099999999999994316 0 0
9.6200000000000009948 0 0
9.6300000000000007816 0 0
9.6400000000000005684 0 0
9.6500000000000003553 0 0
9.6600000000000001421 0 0
9.6699999999999999289 0 0
9.6799999999999997158 0 0
9.6899999999999995026 0 0
9.7000000000000010658 0 0
9.7100000000000008527 0 0
9.7200000000000006395 0 0
9.7300000000000004263 0 0
9.7400000000000002132 0 0
9.75 0 0
9.7599999999999997868 0 0
9.7699999999999995737 0 0
9.7799999999999993605 0 0
9.7900000000000009237 0 0
9.8000000000000007105 0 0
9.8100000000000004974 0 0
9.8200000000000002842 0 0
9.8300000000000000711 0 0
9.8399999999999998579 0 0
9.8499999999999996447 0 0
9.8599999999999994316 0 0
9.8700000000000009948 0 0
9.8800000000000007816 0 0
9.8900000000000005684 0 0
9.9000000000000003553 0 0
9.9100000000000001421 0 0
9.9199999999999999289 0 0
9.9299999999999997158 0 0
9.9399999999999995026 0 0
9.9500000000000010658 0 0
9.9600000000000008527 0 0
9.9700000000000006395 0 0
9.9800000000000004263 0 0
9.9900000000000002132 0 0
10 0 0
10.009999999999999787 0 0
10.019999999999999574 0 0
10.029999999999999361 0 0
10.040000000000000924 0 0
10.050000000000000711 0 0
10.060000000000000497 0 0
10.070000000000000284 0 0
10.080000000000000071 0 0
10.089999999999999858 0 0
10.099999999999999645 0 0
10.109999999999999432 0 0
10.120000000000000995 0 0
10.130000000000000782 0 0
10.140000000000000568 0 0
10.150000000000000355 0 0
10.160000000000000142 0 0
10.169999999999999929 0 0
10.179999999999999716 0 0
10.189999999999999503 0 0
10.200000000000001066 0 0
10.210000000000000853 0 0
10.220000000000000639 0 0
10.230000000000000426 0 0
