0 0 0
0.010000000000000000208 0 0
0.020000000000000000416 0 0
0.02999999999999999889 0 0
0.040000000000000000833 0 0
0.050000000000000002776 0 0
0.05999999999999999778 0 0
0.070000000000000006661 0 0
0.080000000000000001665 0 0
0.089999999999999996669 0 0
0.10000000000000000555 0 0
0.11000000000000000056 0 0
0.11999999999999999556 0 0
0.13000000000000000444 0 0
0.14000000000000001332 0 0
0.14999999999999999445 0 9.2053021944593638182e-05
0.16000000000000000333 0 9.6055329777300357819e-05
0.17000000000000001221 0 7.0040339778643101454e-05
0.17999999999999999334 0 4.2024206777568913322e-05
0.19000000000000000222 0 3.2018440833780907769e-05
0.2000000000000000111 0 5.6032273278105997223e-05
0.20999999999999999223 0 3.8021898944862186909e-05
0.22000000000000000111 0 2.8016136639052998612e-05
0.23000000000000000999 0 1.6009220416890460661e-05
0.23999999999999999112 0 2.8016136639052998612e-05
0.25 0 2.6014984541689049115e-05
0.26000000000000000888 0 2.8016136639052998612e-05
0.27000000000000001776 0 3.001729055540635843e-05
0.28000000000000002665 0 1.2006916222162539645e-05
0.28999999999999998002 0 2.6014984541689049115e-05
0.2999999999999999889 0 3.8021898944862186909e-05
0.30999999999999999778 0 2.2012678527971729636e-05
0.32000000000000000666 0 3.2018440833780907769e-05
0.33000000000000001554 0 2.4013832444325089455e-05
0.34000000000000002442 0 3.2018440833780907769e-05
0.35000000000000003331 0 4.2024206777568913322e-05
0.35999999999999998668 0 2.6014984541689049115e-05
0.36999999999999999556 0 4.2024206777568913322e-05
0.38000000000000000444 0 2.6014984541689049115e-05
0.39000000000000001332 0 4.0023052861215546727e-05
0.4000000000000000222 0 5.8033427194459357042e-05
0.41000000000000003109 0 3.4019594750134267587e-05
0.41999999999999998446 0 4.0023052861215546727e-05
0.42999999999999999334 0 3.001729055540635843e-05
0.44000000000000000222 0 2.6014984541689049115e-05
0.4500000000000000111 0 4.0023052861215546727e-05
0.46000000000000001998 0 4.6026510972296819091e-05
0.47000000000000002887 0 4.0023052861215546727e-05
0.47999999999999998224 0 2.2012678527971729636e-05
0.48999999999999999112 0 2.6014984541689049115e-05
0.5 0 3.6020748666487627406e-05
0.51000000000000000888 0 1.6009220416890460661e-05
0.52000000000000001776 0 2.6014984541689049115e-05
0.53000000000000002665 0 2.4013832444325089455e-05
0.54000000000000003553 0 1.8010374333243820479e-05
0.55000000000000004441 0 2.2012678527971729636e-05
0.56000000000000005329 0 2.8016136639052998612e-05
0.57000000000000006217 0 1.4008068319526499306e-05
0.57999999999999996003 0 2.0011526430607769975e-05
0.58999999999999996891 0 2.0011526430607769975e-05
0.5999999999999999778 0 3.001729055540635843e-05
0.60999999999999998668 0 3.001729055540635843e-05
0.61999999999999999556 0 2.0011526430607769975e-05
0.63000000000000000444 0 1.8010374333243820479e-05
0.64000000000000001332 0 1.2006916222162539645e-05
0.6500000000000000222 0 2.0011526430607769975e-05
0.66000000000000003109 0 2.2012678527971729636e-05
0.67000000000000003997 0 1.6009220416890460661e-05
0.68000000000000004885 0 1.8010374333243820479e-05
0.69000000000000005773 0 3.4019594750134267587e-05
0.70000000000000006661 0 2.8016136639052998612e-05
0.70999999999999996447 0 2.2012678527971729636e-05
0.71999999999999997335 0 1.8010374333243820479e-05
0.72999999999999998224 0 1.6009220416890460661e-05
0.73999999999999999112 0 1.6009220416890460661e-05
0.75 0 1.2006916222162539645e-05
0.76000000000000000888 0 2.4013832444325089455e-05
0.77000000000000001776 0 2.6014984541689049115e-05
0.78000000000000002665 0 2.0011526430607769975e-05
0.79000000000000003553 1.185757550018991706e-322 2.6014984541689049115e-05
0.80000000000000004441 1.610654005442463734e-320 2.6014984541689049115e-05
0.81000000000000005329 2.1388250028161315271e-318 2.0011526430607769975e-05
0.82000000000000006217 2.7942799092324733818e-316 1.6009220416890460661e-05
0.83000000000000007105 3.5911046933672986146e-314 2.2012678527971729636e-05
0.83999999999999996891 4.5399316136655396248e-312 2.4013832444325089455e-05
0.8499999999999999778 5.6459059743914666002e-310 2.0011526430607769975e-05
0.85999999999999998668 6.9068664273804284546e-308 1.6009220416890460661e-05
0.86999999999999999556 8.311732524413345865e-306 1.6009220416890460661e-05
0.88000000000000000444 9.8393213887211252781e-304 1.2006916222162539645e-05
0.89000000000000001332 1.1457815368303037738e-301 1.8010374333243820479e-05
0.9000000000000000222 1.312506850222964716e-299 2.2012678527971729636e-05
0.91000000000000003109 1.4789872277353062305e-297 1.8010374333243820479e-05
0.92000000000000003997 1.6394204723421700203e-295 1.4008068319526499306e-05
0.93000000000000004885 1.7876371455622581535e-293 1.4008068319526499306e-05
0.94000000000000005773 1.9174827797732838736e-291 2.0011526430607769975e-05
0.95000000000000006661 2.0232365416761854944e-289 1.4008068319526499306e-05
0.95999999999999996447 2.100027267294956138e-287 2.4013832444325089455e-05
0.96999999999999997335 2.1442049441458714195e-285 2.2012678527971729636e-05
0.97999999999999998224 2.1536282438651465286e-283 1.000576321530389007e-05
0.98999999999999999112 2.1278365718821961386e-281 1.4008068319526499306e-05
1 2.068087385413926115e-279 1.000576321530389007e-05
1.0100000000000000089 1.9772545697211120456e-277 2.0011526430607769975e-05
1.0200000000000000178 1.8595993085882267588e-275 1.4008068319526499306e-05
1.0300000000000000266 1.7204388852947051567e-273 2.0011526430607769975e-05
1.0400000000000000355 1.5657492398197197408e-271 2.8016136639052998612e-05
1.0500000000000000444 1.4017425445651018138e-269 8.0046102084452286363e-06
1.0600000000000000533 1.2344610343930843765e-267 2.0011526430607769975e-05
1.0700000000000000622 1.0694232036990515634e-265 1.6009220416890460661e-05
1.0800000000000000711 9.1134938654067597378e-264 2.6014984541689049115e-05
1.0900000000000000799 7.6398229482461386252e-262 2.0011526430607769975e-05
1.1000000000000000888 6.3000611978694878136e-260 1.4008068319526499306e-05
1.1100000000000000977 5.1105698450001900686e-258 1.2006916222162539645e-05
1.1200000000000001066 4.0780915746084273573e-256 1.8010374333243820479e-05
1.1300000000000001155 3.2011623855440958868e-254 3.2018440833780907769e-05
1.1400000000000001243 2.4718466395425746414e-252 2.6014984541689049115e-05
1.1500000000000001332 1.877579891145918476e-250 2.6014984541689049115e-05
1.1599999999999999201 1.4029377911465237487e-248 2.4013832444325089455e-05
1.1699999999999999289 1.0311966381883888285e-246 2.6014984541689049115e-05
1.1799999999999999378 7.4560300335103527271e-245 8.0046102084452286363e-06
1.1899999999999999467 5.3031864297858093789e-243 1.8010374333243820479e-05
1.1999999999999999556 3.7104725790980786946e-241 1.4008068319526499306e-05
1.2099999999999999645 2.5537868357408921876e-239 2.4013832444325089455e-05
1.2199999999999999734 1.7290324624178181217e-237 3.4019594750134267587e-05
1.2299999999999999822 1.1515551348126280266e-235 1.000576321530389007e-05
1.2399999999999999911 7.5444817263766553858e-234 1.2006916222162539645e-05
1.25 4.8622487291969700727e-232 1.4008068319526499306e-05
1.2600000000000000089 3.0825350096975131114e-230 3.001729055540635843e-05
1.2700000000000000178 1.9223919969702232662e-228 1.4008068319526499306e-05
1.2800000000000000266 1.1793398336107662172e-226 2.2012678527971729636e-05
1.2900000000000000355 7.1170345011446836016e-225 1.6009220416890460661e-05
1.3000000000000000444 4.2249566813073279512e-223 1.4008068319526499306e-05
1.3100000000000000533 2.4672237416749741959e-221 1.8010374333243820479e-05
1.3200000000000000622 1.4172873027200756783e-219 1.4008068319526499306e-05
1.3300000000000000711 8.0088533788484059039e-218 2.2012678527971729636e-05
1.3400000000000000799 4.4519048668000272348e-216 1.4008068319526499306e-05
1.3500000000000000888 2.4343582625989940986e-214 2.4013832444325089455e-05
1.3600000000000000977 1.3094417905783851469e-212 1.6009220416890460661e-05
1.3700000000000001066 6.9286877036199785693e-211 1.4008068319526499306e-05
1.3800000000000001155 3.6064412534316741325e-209 2.8016136639052998612e-05
1.3900000000000001243 1.8465872106444370987e-207 2.0011526430607769975e-05
1.4000000000000001332 9.3008763395361632502e-206 2.2012678527971729636e-05
1.4099999999999999201 4.6083027480964877591e-204 2.6014984541689049115e-05
1.4199999999999999289 2.2460593156566028749e-202 2.4013832444325089455e-05
1.4299999999999999378 1.0768730922541980095e-200 1.6009220416890460661e-05
1.4399999999999999467 5.0789146576710424672e-199 2.4013832444325089455e-05
1.4499999999999999556 2.3563532133238130997e-197 1.4008068319526499306e-05
1.4599999999999999645 1.0754072312271355829e-195 8.0046102084452286363e-06
1.4699999999999999734 4.8280148764383510458e-194 2.4013832444325089455e-05
1.4799999999999999822 2.1321970225196900533e-192 1.2006916222162539645e-05
1.4899999999999999911 9.2629464049707483076e-191 6.0034581110812723637e-06
1.5 3.9585310489850040164e-189 2.0011526430607769975e-05
1.5100000000000000089 1.6641100595531188184e-187 1.4008068319526499306e-05
1.5200000000000000178 6.8816585758722090854e-186 4.0023051042226143181e-06
1.5300000000000000266 2.7994149889213743385e-184 2.2012678527971729636e-05
1.5400000000000000355 1.1202231184132188161e-182 2.0011526430607769975e-05
1.5500000000000000444 4.4096575549131886851e-181 2.6014984541689049115e-05
1.5600000000000000533 1.7075297668597377699e-179 1.000576321530389007e-05
1.5700000000000000622 6.5042134943304609948e-178 2.8016136639052998612e-05
1.5800000000000000711 2.4371618910867541762e-176 2.6014984541689049115e-05
1.5900000000000000799 8.983323820102348276e-175 1.8010374333243820479e-05
1.6000000000000000888 3.2572629314362670404e-173 1.4008068319526499306e-05
1.6100000000000000977 1.1618007826576816737e-171 1.000576321530389007e-05
1.6200000000000001066 4.0763700141431117897e-170 2.6014984541689049115e-05
1.6300000000000001155 1.4069498501416655446e-168 2.4013832444325089455e-05
1.6400000000000001243 4.7769063002132660479e-167 8.0046102084452286363e-06
1.6500000000000001332 1.5954305851620899109e-165 2.0011526430607769975e-05
1.6600000000000001421 5.2417003476218036696e-164 3.4019594750134267587e-05
1.6699999999999999289 1.694062981230382338e-162 3.4019594750134267587e-05
1.6799999999999999378 5.3857972522898583976e-161 3.001729055540635843e-05
1.6899999999999999467 1.6843546283368176133e-159 2.8016136639052998612e-05
1.6999999999999999556 5.181794120073196773e-158 2.4013832444325089455e-05
1.7099999999999999645 1.5681581490005729687e-156 4.2024206777568913322e-05
1.7199999999999999734 4.6683418456854195092e-155 3.8021898944862186909e-05
1.7299999999999999822 1.3670944720924405682e-153 3.8021898944862186909e-05
1.7399999999999999911 3.938197479128082786e-152 4.6026510972296819091e-05
1.75 1.1159880346743476238e-150 5.0028815167024731636e-05
1.7600000000000000089 3.1108901254012232536e-149 3.4019594750134267587e-05
1.7700000000000000178 8.5304686703322696573e-148 3.4019594750134267587e-05
1.7800000000000000266 2.3010401572524519704e-146 3.8021898944862186909e-05
1.7900000000000000355 6.1057439719407505411e-145 3.001729055540635843e-05
1.8000000000000000444 1.593734839486502696e-143 3.001729055540635843e-05
1.8100000000000000533 4.0921979123043466655e-142 2.6014984541689049115e-05
1.8200000000000000622 1.0336185102729654789e-140 2.2012678527971729636e-05
1.8300000000000000711 2.5681891840779428221e-139 1.8010374333243820479e-05
1.8400000000000000799 6.2770679912050394288e-138 1.4008068319526499306e-05
1.8500000000000000888 1.509210224530474634e-136 2.0011526430607769975e-05
1.8600000000000000977 3.5694863908992129e-135 1.2006916222162539645e-05
1.8700000000000001066 8.3047164339203134657e-134 1.2006916222162539645e-05
1.8800000000000001155 1.9006710998796334013e-132 2.0011526430607769975e-05
1.8900000000000001243 4.2790978773345127368e-131 1.8010374333243820479e-05
1.9000000000000001332 9.4767747190853657352e-130 3.001729055540635843e-05
1.9100000000000001421 2.0645813203549689938e-128 1.4008068319526499306e-05
1.9199999999999999289 4.4245250751095128558e-127 1.8010374333243820479e-05
1.9299999999999999378 9.3275111789117613234e-126 1.000576321530389007e-05
1.9399999999999999467 1.9343741442207027132e-124 1.8010374333243820479e-05
1.9499999999999999556 3.9471998608756383746e-123 1.4008068319526499306e-05
1.9599999999999999645 7.940577956665897528e-122 2.0011526430607769975e-05
1.9699999999999999734 1.5999163073671047489e-120 2.2012678527971729636e-05
1.9799999999999999822 3.6170463678034542505e-119 3.2018440833780907769e-05
1.9899999999999999911 1.4560025395380728898e-117 2.2012678527971729636e-05
2 1.3669197003807263323e-115 2.4013832444325089455e-05
2.0100000000000002309 1.7417871219326615662e-113 1.2006916222162539645e-05
2.0200000000000000178 2.2497540064979315743e-111 1.4008068319526499306e-05
2.0300000000000002487 2.7939766627953227543e-109 2.0011526430607769975e-05
2.0400000000000000355 3.3116206984631273804e-107 2.6014984541689049115e-05
2.0499999999999998224 3.742348759823994751e-105 1.6009220416890460661e-05
2.0600000000000000533 4.0315452263241898739e-103 2.4013832444325089455e-05
2.0699999999999998401 4.1401306788155371192e-101 1.2006916222162539645e-05
2.0800000000000000711 4.0529502367642753259e-99 2.6014984541689049115e-05
2.0899999999999998579 3.7821946277176157125e-97 1.6009220416890460661e-05
2.1000000000000000888 3.3645945372868965874e-95 1.8010374333243820479e-05
2.1099999999999998757 2.8532432302261899466e-93 2.0011526430607769975e-05
2.1200000000000001066 2.3065508134603082699e-91 1.6009220416890460661e-05
2.1299999999999998934 1.7774870048901878034e-89 2.4013832444325089455e-05
2.1400000000000001243 1.3057801355884264841e-87 1.000576321530389007e-05
2.1499999999999999112 9.1443948358158117713e-86 8.0046102084452286363e-06
2.1600000000000001421 6.1046712392634744078e-84 1.6009220416890460661e-05
2.1699999999999999289 3.8850189097582534792e-82 2.2012678527971729636e-05
2.1800000000000001599 2.3569410816081312003e-80 1.8010374333243820479e-05
2.1899999999999999467 1.3631080300924198108e-78 2.0011526430607769975e-05
2.2000000000000001776 7.5151743112840972019e-77 3.6020748666487627406e-05
2.2099999999999999645 3.9498116738250198443e-75 3.2018440833780907769e-05
2.2200000000000001954 1.9789901493292006003e-73 2.6014984541689049115e-05
2.2299999999999999822 9.4524024102050919576e-72 1.6009220416890460661e-05
2.2400000000000002132 4.3040128999138767889e-70 1.4008068319526499306e-05
2.25 1.8682682755652344784e-68 2.2012678527971729636e-05
2.2600000000000002309 7.7310913543347520136e-67 1.000576321530389007e-05
2.2700000000000000178 3.0498599744179437841e-65 2.2012678527971729636e-05
2.2800000000000002487 1.1469862906938646121e-63 2.6014984541689049115e-05
2.2900000000000000355 4.1122314835225839101e-62 2.0011526430607769975e-05
2.3000000000000002665 1.4055287048528432992e-60 1.6009220416890460661e-05
2.3100000000000000533 4.5798013157195345181e-59 1.6009220416890460661e-05
2.3199999999999998401 1.4226573070126602343e-57 2.2012678527971729636e-05
2.3300000000000000711 4.2131097924260358953e-56 1.2006916222162539645e-05
2.3399999999999998579 1.1894775016374582018e-54 8.0046102084452286363e-06
2.3500000000000000888 3.2015693697972580914e-53 1.4008068319526499306e-05
2.3599999999999998757 8.2153331346191673794e-52 2.2012678527971729636e-05
2.3700000000000001066 2.0097658922183754808e-50 2.0011526430607769975e-05
2.3799999999999998934 4.6873388979774888125e-49 1.4008068319526499306e-05
2.3900000000000001243 1.0422466385005177973e-47 1.4008068319526499306e-05
2.3999999999999999112 2.209432381900653958e-46 2.4013832444325089455e-05
2.4100000000000001421 4.4653953574502054828e-45 2.2012678527971729636e-05
2.4199999999999999289 8.604213387780953927e-44 1.6009220416890460661e-05
2.4300000000000001599 1.5806571979428697705e-42 1.4008068319526499306e-05
2.4399999999999999467 2.7684892725129413652e-41 1.8010374333243820479e-05
2.4500000000000001776 4.6230666984539604627e-40 1.8010374333243820479e-05
2.4599999999999999645 7.3604326645351524893e-39 1.8010374333243820479e-05
2.4700000000000001954 1.1172909884727292985e-37 1.4008068319526499306e-05
2.4799999999999999822 1.6170487492773226711e-36 1.000576321530389007e-05
2.4900000000000002132 2.231403486464418971e-35 2.2012678527971729636e-05
2.5 2.935863248975629121e-34 1.000576321530389007e-05
2.5100000000000002309 3.6829943117346152069e-33 8.0046102084452286363e-06
2.5200000000000000178 4.4053339746656749945e-32 1.8010374333243820479e-05
2.5300000000000002487 5.0242880733969040738e-31 2.0011526430607769975e-05
2.5400000000000000355 5.4637871640577362822e-30 1.4008068319526499306e-05
2.5500000000000002665 5.6655559877234264736e-29 1.4008068319526499306e-05
2.5600000000000000533 5.6017941613598179987e-28 1.2006916222162539645e-05
2.5699999999999998401 5.2814639186078792049e-27 2.8016136639052998612e-05
2.5800000000000000711 4.748223708855125381e-26 2.6014984541689049115e-05
2.5899999999999998579 4.0706642636773362294e-25 6.0034581110812723637e-06
2.6000000000000000888 3.3278574333063936635e-24 2.6014984541689049115e-05
2.6099999999999998757 2.5944066120974915904e-23 1.8010374333243820479e-05
2.6200000000000001066 1.9288321369416912292e-22 1.2006916222162539645e-05
2.6299999999999998934 1.3675514336715829346e-21 1.8010374333243820479e-05
2.6400000000000001243 9.2469011544431160651e-21 2.0011526430607759811e-05
2.6499999999999999112 5.9629790250546722148e-20 1.6009220416890399674e-05
2.6600000000000001421 3.6673882915464777567e-19 2.0011526430607404057e-05
2.6699999999999999289 2.151245488257581916e-18 2.0011526430605618512e-05
2.6800000000000001599 1.2035840391890219622e-17 2.6014984541677014471e-05
2.6899999999999999467 6.4229009105908862381e-17 2.6014984541624820301e-05
2.7000000000000001776 3.2694188264732766253e-16 1.8010374332916879314e-05
2.7099999999999999645 1.5874934164561207384e-15 1.801037433165632827e-05
2.7200000000000001954 7.353164965328592564e-15 1.400806831217333514e-05
2.7299999999999999822 3.249213741153091469e-14 2.6014984509196912693e-05
2.7400000000000002132 1.3697655936220131465e-13 2.2012678390995168764e-05
2.75 5.5093790378738726583e-13 2.2012677977033826482e-05
2.7600000000000002309 2.1143368015310901357e-12 1.8010372218907018323e-05
2.7700000000000000178 7.7426572490775672745e-12 1.6009212674233210184e-05
2.7800000000000002487 2.7057167958978664208e-11 2.2012651470803771262e-05
2.7900000000000000355 9.023736259095222031e-11 1.4007978082163908792e-05
2.8000000000000002665 2.872375196758573326e-10 1.400778108200682427e-05
2.8100000000000000533 8.7274982566287830265e-10 2.8015263889227335882e-05
2.8199999999999998401 2.5315122376446587602e-09 1.6006688904652815043e-05
2.8300000000000000711 7.0107611153337710969e-09 1.800336357212848544e-05
2.8399999999999998579 1.8539780291563419856e-08 1.1988376441870975868e-05
2.8500000000000000888 4.6823597225619616848e-08 1.3961244722300879305e-05
2.8599999999999998757 1.1295889726814229136e-07 2.5902025644420906546e-05
2.8700000000000001066 2.6034891688796301908e-07 9.745414298415927792e-06
2.8799999999999998934 5.7341094047333627084e-07 2.1439267587498392624e-05
2.8900000000000001243 1.2071440301226856311e-06 1.6803230303121135695e-05
2.8999999999999999112 2.4297309477242952595e-06 9.5771852744382439621e-06
2.9100000000000001421 4.6773937044442149148e-06 3.3272165040010137215e-06
2.9199999999999999289 8.6150477551224659387e-06 7.394172661767994722e-06
2.9300000000000001599 1.5188163240355478733e-05 8.2105717653498192779e-07
2.9399999999999999467 2.5642552003776956628e-05 -1.6287195594518671731e-06
2.9500000000000001776 4.1483403029847372423e-05 -3.1477639814543478965e-05
2.9599999999999999645 6.4347802980601213137e-05 -4.4336276549993439773e-05
2.9700000000000001954 9.5780273982327312132e-05 -7.1766441538002222677e-05
2.9799999999999999822 0.00013692870507702568244 -0.0001149160265490539528
2.9900000000000002132 0.00018821237433681777549 -0.00017220315391992731821
3 0.00024904243122222106304 -0.00023103205688897724595
3.0100000000000002309 0.00031768390627795255968 -0.00028566546544417164514
3.0200000000000000178 0.00039132717227189950686 -0.00037331679793865568976
3.0300000000000002487 0.00046638680715214352003 -0.0004543798909299809753
3.0400000000000000355 0.00053898112023013358338 -0.00050696267939635266883
3.0500000000000002665 0.00060548911633126717251 -0.00059348220010910462778
3.0600000000000000533 0.00066305547286131863698 -0.00064104279433334690735
3.0700000000000002842 0.00070992912504547688816 -0.00069391990462858643089
3.0800000000000000711 0.00074557166023848399621 -0.00073356474401632145148
3.0899999999999998579 0.00077053829352209223923 -0.00074652446107776714978
3.1000000000000000888 0.0007861923198762087563 -0.00076417964134823702666
3.1099999999999998757 0.00079434517948325325011 -0.00077033134703892816066
3.1200000000000001066 0.00079691300902577405681 -0.00078090378860888359953
3.1299999999999998934 0.00079565404045138922277 -0.0007796448200344987655
3.1400000000000001243 0.00079201401940291401866 -0.00076599903486122497293
3.1499999999999999112 0.00078707339957882250809 -0.00077106417916193205082
3.1600000000000001421 0.00078156931752639934984 -0.00075755548508207426039
3.1699999999999999289 0.00077595902821765336786 -0.00075794865388440955077
3.1800000000000001599 0.00077049601845967060406 -0.00075648795014014410306
3.1899999999999999467 0.0007652997630834527552 -0.00074929054266656229793
3.2000000000000001776 0.00076041011335792948068 -0.00073639628091360439122
3.2099999999999999645 0.00075582476485472858962 -0.00070779709996607841072
3.2200000000000001954 0.00075152239382343655454 -0.00071950395298965564
3.2299999999999999822 0.00074747546805382632327 -0.00072146048351213727754
3.2400000000000002132 0.0007436565013965292046 -0.00072764728097963874733
3.25 0.00074004059455095336055 -0.00071202445791190035855
3.2600000000000002309 0.00073660610684374771759 -0.00071659458041313994422
3.2700000000000000178 0.00073333451597957664738 -0.00071932644766005014638
3.2800000000000002487 0.00073021000328396675708 -0.00071219962895072293999
3.2900000000000000355 0.00072721900338980013673 -0.0007052063248618284071
3.3000000000000002665 0.00072434980574337609963 -0.00070433827931276832626
3.3100000000000000533 0.00072159222786291968028 -0.00070358185352967586319
3.3200000000000002842 0.00071893735516686217962 -0.00070092698083361836252
3.3300000000000000711 0.00071637733581602291381 -0.00068235774106588863944
3.3399999999999998579 0.00071390521981221967147 -0.00068989138736789458201
3.3500000000000000888 0.00071151483468133360378 -0.00068549985013964455805
3.3599999999999998757 0.00070920069382831543887 -0.00069519262550878893787
3.3700000000000001066 0.00070695793792806944054 -0.00068294410548374435109
3.3799999999999998934 0.00070478231498748047761 -0.00067876733044579143188
3.3900000000000001243 0.00070267021178336988661 -0.00067665522724168084088
3.3999999999999999112 0.00070061875928291688764 -0.00065859455250534798109
3.4100000000000001421 0.00069862604860929848703 -0.00064459492560956703575
3.4199999999999999289 0.00069669151345298893554 -0.00065866961450812674863
3.4300000000000001599 0.0006948165607901195381 -0.00065879581212363190392
3.4399999999999999467 0.00069300556515745740955 -0.00063497213796299804573
3.4500000000000001776 0.00069126738235454924728 -0.00064524087138225242818
3.4599999999999999645 0.00068961758431757913881 -0.00064759337754001023227
3.4700000000000001954 0.00068808166329106822991 -0.000640053998402418051
3.4799999999999999822 0.00068669949174936608695 -0.00062666491063855336331
3.4900000000000002132 0.00068553134152134372319 -0.00065351290068756280865
3.5 0.0006846657429252107083 -0.00063863923195291388921
3.5100000000000002309 0.00068422937972410714964 -0.00063820286875181033055
3.5200000000000000178 0.00068439904352900053121 -0.00063437022836197579957
3.5300000000000002487 0.00068541538919076293312 -0.00062337965780157565676
3.5400000000000000355 0.00068759782660432196104 -0.00064357246954837850177
3.5500000000000002665 0.00069135935694096995081 -0.00063932938785759185936
3.5600000000000000533 0.00069721954132906523941 -0.00063918611413460587559
3.5700000000000002842 0.00070581313998931474989 -0.00064777971279485538608
3.5800000000000000711 0.00071789138033627485948 -0.00065785679922546213584
3.5899999999999998579 0.00073431243931187451576 -0.00067427785820106179212
3.6000000000000000888 0.00075601771678561035389 -0.00071799581784074816698
3.6099999999999998757 0.0007839909912805705745 -0.00070194373527976492832
3.6200000000000001066 0.00081919871059171322364 -0.00076716874150833513218
3.6299999999999998934 0.00086251152841140886311 -0.00079447233891114031439
3.6400000000000001243 0.00091460969197325282451 -0.00082255667002865918633
3.6499999999999999112 0.00097587781309459533698 -0.00088182364087162714607
3.6600000000000001421 0.0010462975677005118859 -0.00094824108764483697534
3.6699999999999999289 0.00112534949642225106 -0.0010212895582554948771
3.6800000000000001599 0.0012119367861973409997 -0.0010758584071968039023
3.6899999999999999467 0.0013043441888927168222 -0.0011342462115040666433
3.7000000000000001776 0.0014002436972753416495 -0.0012261434193299423651
3.7099999999999999645 0.0014967551059073712014 -0.0012866340792954842828
3.7200000000000001954 0.0015905643033201882341 -0.0013624328950990998843
3.7299999999999999822 0.0016780955833677526495 -0.0013799238426439788124
3.7400000000000002132 0.0017557272448705401897 -0.0014135301398148652791
3.75 0.0018200332859362082852 -0.0014878419322724061383
3.7600000000000002309 0.0018680291460424084185 -0.001565855104761885476
3.7700000000000000178 0.0018973971044191283945 -0.0015111746350315524105
3.7800000000000002487 0.0019066676715830666294 -0.0015844820984149677028
3.7900000000000000355 0.0018953372097357190033 -0.0014971078386778957029
3.8000000000000002665 0.0018639086695119749977 -0.0014196527838438760712
3.8100000000000000533 0.0018138508516541283939 -0.0014776571974335771416
3.8200000000000002842 0.0017474807850272669734 -0.0014433055934683694781
3.8300000000000000711 0.0016677823334801163829 -0.0014236417084801163829
3.8399999999999998579 0.0015781807958301385421 -0.0013220332691598912257
3.8500000000000000888 0.0014822971621108087595 -0.0012201461555016073282
3.8599999999999998757 0.0013837064175334519954 -0.0011855923071437276216
3.8700000000000001066 0.0012857219410676271228 -0.0011476424117887154726
3.8799999999999998934 0.0011912231922425839826 -0.0010651505791858348771
3.8900000000000001243 0.001102537417046415202 -0.0010204901610456095559
3.8999999999999999112 0.0010213790850093821226 -0.0009173191468426259397
3.9100000000000001421 0.00094884421110289765208 -0.00086479579754775983899
3.9199999999999999289 0.00088545143486160114536 -0.00079139726263863295445
3.9300000000000001599 0.00083121823638698485223 -0.00076518019716509085622
3.9399999999999999467 0.00078575913319234769096 -0.00072972685991424168696
3.9500000000000001776 0.00074839297794094096841 -0.0007003653130522907895
3.9599999999999999645 0.00071824818446088200576 -0.00065821360335006928212
3.9700000000000001954 0.00069435733692788592034 -0.00065633543798302373343
3.9799999999999999822 0.00067573564980586819234 -0.00064771951316681519034
3.9900000000000002132 0.00066144067350107122079 -0.00061941646672350231424
4 0.00065061313457688996903 -0.00062259699793783696703
4.0099999999999997868 0.00064250065791992790661 -0.00062048797939195617698
4.0200000000000004619 0.00063646727954896008782 -0.00060044653088247245364
4.0300000000000002487 0.00063199217317578128099 -0.00059597142450929364681
4.0400000000000000355 0.00062866100518724774351 -0.00059464141043711346915
4.0499999999999998224 0.00062615295946198570951 -0.00059013221079549807533
4.0600000000000004974 0.0006242258939287083537 -0.00058020053687276489443
4.0700000000000002842 0.00062270144074487855483 -0.00058868184599474428047
4.0800000000000000711 0.00062145124196155200093 -0.0005814281891003364542
4.0899999999999998579 0.00062038498511303419823 -0.00058436423644654656405
4.0999999999999996447 0.00061944049702630419284 -0.00058141859808144200593
4.1100000000000003197 0.00061857587203058121434 -0.00056254359875247521034
4.1200000000000001066 0.00061776343852677718851 -0.00056573346944339909705
4.1299999999999998934 0.000616985282835497118 -0.00057295992577955365873
4.1399999999999996803 0.00061623002654047874527 -0.00058421158570669783072
4.1500000000000003553 0.00061549057047711487872 -0.00056145944747738342744
4.1600000000000001421 0.00061476255675554643092 -0.00057473950389433088419
4.1699999999999999289 0.00061404334648099069723 -0.00059002951403666560777
4.1799999999999997158 0.00061333135657009067374 -0.00057931176181995639937
4.1900000000000003908 0.00061262563950610984809 -0.00058060719867232893354
4.2000000000000001776 0.00061192562303451463867 -0.00055589334975640863467
4.2099999999999999645 0.00061123095246055491204 -0.00057320905351569272513
4.2199999999999997513 0.00061054139714866370852 -0.00057251949820380152161
4.2300000000000004263 0.00060985679624224128654 -0.00057783835540846037199
4.2400000000000002132 0.00060917702779171340084 -0.00056114936290306322193
4.25 0.00060850199154083024333 -0.00056647778476326133678
4.2599999999999997868 0.00060783159950823979246 -0.0005738120047581055181
4.2700000000000004619 0.00060716577092317556251 -0.00056113925995087874342
4.2800000000000002487 0.00060650442954246789815 -0.00057648713898706153633
4.2900000000000000355 0.0006058475022434645519 -0.00055781983735481437299
4.2999999999999998224 0.00060519491828713771562 -0.00055116379528740626435
4.3100000000000004974 0.00060454660892663737975 -0.00056652470998177519284
4.3200000000000002842 0.00060390250719086181145 -0.00056387945432964626472
4.3300000000000000711 0.00060326254775545831276 -0.00057324525720005195095
4.3399999999999998579 0.00060262666685713774713 -0.00057461053021808474513
4.3500000000000005329 0.00060199480222951806847 -0.00057197751167411170665
4.3600000000000003197 0.00060136689304993141102 -0.00057335075641087840902
4.3700000000000001066 0.00060074287989214864621 -0.00055471636891985182712
4.3799999999999998934 0.00060012270468264201657 -0.00056210080573777982966
4.3899999999999996803 0.00059950631065926196245 -0.00056948902010385560064
4.4000000000000003553 0.00059889364233179135343 -0.00056287289366530371924
4.4100000000000001421 0.00059828464544410032717 -0.0005542592883881568679
4.4199999999999999289 0.00059767926693775515201 -0.00055765621407653960528
4.4299999999999997158 0.0005970774549169799569 -0.00055705440205576441017
4.4400000000000003908 0.00059647915861489684414 -0.00055645610575368129741
4.4500000000000001776 0.00059588432836098984956 -0.00057187049591666476011
4.4599999999999999645 0.00059529291554972921588 -0.0005592721668832415817
4.4699999999999997513 0.00059470487261031304473 -0.00052666568311004449601
4.4800000000000004263 0.00059412015297747309325 -0.00053008327130991126416
4.4900000000000002132 0.00059353871106330579211 -0.00054150874197992770066
4.5 0.00059296050223008002142 -0.00053292592111926729778
4.5099999999999997868 0.00059238548276398250454 -0.00055036127598641359799
4.5200000000000004619 0.00059181360984976861921 -0.00052777672818220679012
4.5300000000000002487 0.00059124484154626972838 -0.00053721371854653827711
4.5400000000000000355 0.00059067913676273372039 -0.00052063879698409061894
4.5499999999999998224 0.00059011645523595831781 -0.00050806919923515267163
4.5600000000000004974 0.00058955675750818831507 -0.00053752678842481022362
4.5700000000000002842 0.00058900000490574432738 -0.00052696427351655705101
4.5800000000000000711 0.00058844615951835778887 -0.00051640466218538252051
4.5899999999999998579 0.00058789518417917913193 -0.00049384101195621094103
4.6000000000000005329 0.00058734704244544082459 -0.00051730670266679772314
4.6100000000000003197 0.00058680169857974967887 -0.00048674406824570016139
4.6200000000000001066 0.00058625911753200637012 -0.00050221070397686855703
4.6299999999999998934 0.00058571926492202274882 -0.00048966393514472239101
4.6399999999999996803 0.00058518210702313239006 -0.00049713139291124547152
4.6500000000000003553 0.00058464761074796315048 -0.00048058767258120696757
4.6600000000000001421 0.00058411574364036213895 -0.00046604773897306885858
4.6699999999999999289 0.00058358647388639646545 -0.00045751386082964736
4.6799999999999997158 0.00058305977038387391074 -0.0004589883076054993038
4.6900000000000003908 0.00058253560298408260578 -0.00046846989887353843087
4.7000000000000001776 0.00058201394321515814451 -0.00046594708882623941688
4.7099999999999999645 0.00058149476628089323028 -0.00045542215322414412483
4.7199999999999997513 0.00058097805625207201742 -0.00043089161075099782251
4.7300000000000004263 0.00058046381879947844384 -0.00041036584141082826493
4.7400000000000002132 0.00057995211071249625195 -0.00042186104954600861777
4.75 0.00057944310454665173306 -0.00043536010988070119633
4.7599999999999997868 0.0005789372222210548884 -0.00040283579399728105131
4.7700000000000004619 0.00057843539510730817253 -0.00039833165177487000162
4.7800000000000002487 0.00057793953999633136589 -0.00039383349610714408952
4.7900000000000000355 0.00057745337549377009911 -0.00036733234888188318057
4.7999999999999998224 0.00057698372928460459064 -0.00035685693672892968009
4.8100000000000004974 0.00057654248122518490099 -0.00030838802378085981154
4.8200000000000002842 0.00057614922130798818661 -0.00037603396063988926007
4.8300000000000000711 0.0005758345488045790413 -0.0003116823919170030573
4.8399999999999998579 0.00057564369268671747824 -0.0003154938363558905997
4.8500000000000005329 0.00057563982672827456594 -0.00034550726822881166339
4.8600000000000003197 0.0005759061699896093553 -0.00026572749849175774511
4.8700000000000001066 0.00057654583120324818819 -0.00029838562236705028089
4.8799999999999998934 0.00057767850343847903637 -0.00029951829460228112907
4.8899999999999996803 0.0005794336136852685842 -0.00026125034107391876311
4.9000000000000003553 0.00058194033150784914114 -0.00021172709345110003569
4.9100000000000001421 0.0005853157501433146415 -0.00025712672614009205677
4.9199999999999999289 0.00058965328031683461856 -0.00025145847581790881347
4.9299999999999997158 0.00059501355328468003795 -0.00029884296283928075359
4.9400000000000003908 0.0006014197573569129247 -0.00022520306846504010686
4.9500000000000001776 0.00060885839128416955213 -0.00024865090461929326452
4.9599999999999999645 0.00061728518292033910959 -0.00020905003136681258886
4.9699999999999997513 0.00062663478061241036868 -0.00024041231122483438468
4.9800000000000004263 0.00063683212524032195567 -0.0003006384710197706491
4.9900000000000002132 0.00064780332566658643551 -0.00020554859027686206169
5 0.00065948433672607627894 -0.00023123765328497377421
5.0099999999999997868 0.00067182654614122397536 -0.00023157296102987415427
5.0200000000000004619 0.00068479921979921088305 -0.00026255601629706249323
5.0300000000000002487 0.00069838939250682760193 -0.00028615194039655197575
5.0400000000000000355 0.00071260010785316918631 -0.00026434192162832120853
5.0499999999999998224 0.00072744792127700508549 -0.00022315746905000866367
5.0600000000000004974 0.00074296038597848363273 -0.000314713702537381128
5.0700000000000002842 0.00075917396706365802492 -0.00019685006945230820383
5.0800000000000000711 0.00077613257547838522977 -0.00026984094386918379849
5.0899999999999998579 0.00079388673349960637172 -0.00026758359910665941318
5.1000000000000005329 0.00081249328797327973178 -0.00032020973741653062632
5.1100000000000003197 0.00083201555922737531305 -0.00024367667889332584978
5.1200000000000001066 0.00085252382651254112952 -0.00029220110828339631789
5.1299999999999998934 0.00087409608178425090858 -0.00025774103934529679367
5.1399999999999996803 0.0008968190176029081518 -0.00023243631027530385798
5.1500000000000003553 0.00092078924491081871277 -0.0003404549656902674604
5.1600000000000001421 0.00094611476109626312277 -0.00032375629692601580641
5.1699999999999999289 0.000972916709709107882 -0.00035055824553886056564
5.1799999999999997158 0.0010013314932245558683 -0.00029092230039050640499
5.1900000000000003908 0.0010315133224154170253 -0.00039514677719271738311
5.2000000000000001776 0.0010636373134419610607 -0.00033922003955545927158
5.2099999999999999645 0.0010979032807018089188 -0.00039749986836346267588
5.2199999999999997513 0.0011345404259366059351 -0.00040612085149335504057
5.2300000000000004263 0.0011738132037777276612 -0.00046740631150042730342
5.2400000000000002132 0.0012160287772688702177 -0.00037554467082132254353
5.25 0.0012615467298384575728 -0.00036703147856330560483
5.2599999999999997868 0.0013107922426113447194 -0.00048231503783404436163
5.2700000000000004619 0.0013642752096906865522 -0.00045575187736308225839
5.2800000000000002487 0.0014226207987570057244 -0.00031598338514350773031
5.2900000000000000355 0.001486624160548226381 -0.00033195902383841729456
5.2999999999999998224 0.0015573583648753200684 -0.00024059991009802014425
5.3100000000000004974 0.0016363997113482513235 -0.0001595490014703433105
5.3200000000000002842 0.001726304202137635092 3.4710138307763975518e-05
5.3300000000000000711 0.0018315951294372231906 2.3473361403271875841e-05
5.3399999999999998579 0.0019607256268014835142 0.00018250885337091262567
5.3500000000000005329 0.0021297620915959143348 0.00053177086364826963924
5.3600000000000003197 0.002368835599123593743 0.00087103051416659738743
5.3700000000000001066 0.0027325572424249607896 0.0012277239024026435042
5.3799999999999998934 0.0033152645800632054261 0.0015935630190748151756
5.3899999999999996803 0.0042707096279758624199 0.0015726559369664975044
5.4000000000000003553 0.0058332116412616501558 0.0015510415588819255125
5.4100000000000001421 0.0083333859107939164262 0.001222117815211637773
5.4199999999999999289 0.012197205034733338627 -0.00053448712611250948079
5.4299999999999997158 0.017914416558829443504 -0.0035761579049502726507
5.4400000000000003908 0.025964201228199226129 -0.008900373042998534906
5.4500000000000001776 0.036695088004942623405 -0.015620949423189842836
5.4599999999999999645 0.050172945935752312485 -0.025676835779573841528
5.4699999999999997513 0.066031586587809054656 -0.038135517597578494353
5.4800000000000004263 0.083376895776762341428 -0.052190933516992901731
5.4900000000000002132 0.10079723263968870528 -0.066621546101469253376
5.5 0.11651293080834611293 -0.079465593067686413065
5.5099999999999997868 0.12865748854570877024 -0.090351423641972655743
5.5200000000000004619 0.13563467727857350664 -0.096231980043227666188
5.5300000000000002487 0.13645896057150511127 -0.09751853088400511127
5.5400000000000000355 0.13097956312799260981 -0.093305862527130106754
5.5499999999999998224 0.11991830968512082189 -0.084145702954659701289
5.5600000000000004974 0.10470867172058237471 -0.072153918595868477004
5.5700000000000002842 0.087185970814476890234 -0.057895099119792861608
5.5800000000000000711 0.069221484562263568829 -0.044050986965999683331
5.5899999999999998579 0.0524007674312899005 -0.031296612322957273467
5.6000000000000005329 0.03781944488184307146 -0.020127253355549320352
5.6100000000000003197 0.026022939775733243406 -0.012194975112227692676
5.6200000000000001066 0.017070556101257242793 -0.0063323704943603620343
5.6299999999999998934 0.010675251653487018155 -0.0025105487388318095676
5.6399999999999996803 0.0063641260869170398692 -0.00029663122513544273179
5.6500000000000003553 0.003616781486263849401 0.00060765161172451767971
5.6600000000000001421 0.0019593972458223979025 0.0011403881733585909293
5.6699999999999999289 0.0010118923607280575806 0.0010192777038553636065
5.6799999999999997158 0.00049814229044370871794 0.0009006634712661003685
5.6900000000000003908 0.00023376317482345774406 0.00064274169484249284688
5.7000000000000001776 0.00010456809854619401087 0.00048577196117006044831
5.7099999999999999645 4.4588209455772808668e-05 0.00030961582637397988852
5.7199999999999997513 1.8123254950365183893e-05 0.00018199200571773370199
5.7300000000000004263 7.0217546847771431914e-06 0.00013506008970279887046
5.7400000000000002132 2.5932631217472272281e-06 6.9448234211228038171e-05
5.75 9.1292983917410201857e-07 3.7108969105688083831e-05
5.7599999999999997868 3.0634916307458603689e-07 2.7709787475978412628e-05
5.7700000000000004619 9.7990329824978838053e-08 7.906619878620249335e-06
5.7800000000000002487 2.9876921653331574931e-08 1.1977039300509207938e-05
5.7900000000000000355 8.6830756188919796728e-09 5.9947750354623799787e-06
5.7999999999999998224 2.4054455145135013521e-09 1.9987471065967935915e-06
5.8100000000000004974 6.3518591500528532866e-10 -6.3518591500528532866e-10
5.8200000000000002842 1.5987805403626796256e-10 2.0009926740572707416e-06
5.8300000000000000711 3.8358254872757990405e-11 2.0011141938564345035e-06
5.8399999999999998579 8.7722341045142812606e-12 2.0011437798772024424e-06
5.8500000000000005329 1.9122400851496414026e-12 2.0011506398712218634e-06
5.8600000000000003197 3.9733328497088388092e-13 2.001152154778022077e-06
5.8700000000000001066 7.869503604599598582e-14 -7.869503604599598582e-14
5.8799999999999998934 1.4856590856056305389e-14 -1.4856590856056305389e-14
5.8899999999999996803 2.6734374553106711499e-15 -2.6734374553106711499e-15
5.9000000000000003553 4.5856359211011047194e-16 -4.5856359211011047194e-16
5.9100000000000001421 7.4973442891208754408e-17 4.0023051041476408909e-06
5.9199999999999999289 1.1684048988308461578e-17 -1.1684048988308461578e-17
5.9299999999999997158 1.7356295085133341939e-18 -1.7356295085133341939e-18
5.9400000000000003908 2.4575261868198550903e-19 -2.4575261868198550903e-19
5.9500000000000001776 3.3167787792727062518e-20 4.0023051042225812838e-06
5.9599999999999999645 4.2668939353774430715e-21 -4.2668939353774430715e-21
5.9699999999999997513 5.2321954675129927409e-22 2.0011525521113067355e-06
5.9800000000000004263 6.1155094336398241068e-23 2.0011525521113071591e-06
5.9900000000000002132 6.8133029006616472614e-24 -6.8133029006616472614e-24
6 7.2353401032880866434e-25 2.0011525521113071591e-06
6.0099999999999997868 7.3237958891959065922e-26 2.0011525521113071591e-06
6.0200000000000004619 7.0662562752546174756e-27 2.0011525521113071591e-06
6.0300000000000002487 6.4985768169270809115e-28 -6.4985768169270809115e-28
6.0400000000000000355 5.6966916133800043071e-29 -5.6966916133800043071e-29
6.0499999999999998224 4.7599524047958394362e-30 -4.7599524047958394362e-30
6.0600000000000004974 3.7910353363003720975e-31 -3.7910353363003720975e-31
6.0700000000000002842 2.8779832247322937158e-32 -2.8779832247322937158e-32
6.0800000000000000711 2.082542028882279155e-33 -2.082542028882279155e-33
6.0899999999999998579 1.4363962949387020764e-34 -1.4363962949387020764e-34
6.1000000000000005329 9.4434277345955763342e-36 -9.4434277345955763342e-36
6.1100000000000003197 5.9177938766197319544e-37 -5.9177938766197319544e-37
6.1200000000000001066 3.5347988400762486185e-38 -3.5347988400762486185e-38
6.1299999999999998934 2.0125384375202823689e-39 -2.0125384375202823689e-39
6.1400000000000005684 1.0921899889271336688e-40 -1.0921899889271336688e-40
6.1500000000000003553 5.6497164067795347504e-42 -5.6497164067795347504e-42
6.1600000000000001421 2.7856688003968483491e-43 -2.7856688003968483491e-43
6.1699999999999999289 1.3092018636207337491e-44 -1.3092018636207337491e-44
6.1799999999999997158 5.8648645250733790087e-46 -5.8648645250733790087e-46
6.1900000000000003908 2.5042836861052695029e-47 -2.5042836861052695029e-47
6.2000000000000001776 1.0192557539596165903e-48 -1.0192557539596165903e-48
6.2099999999999999645 3.9541839371843245844e-50 -3.9541839371843245844e-50
6.2199999999999997513 1.4621925089216800423e-51 -1.4621925089216800423e-51
6.2300000000000004263 5.1537835905580812438e-53 -5.1537835905580812438e-53
6.2400000000000002132 1.7314967737685237371e-54 -1.7314967737685237371e-54
6.25 5.5448656693566203607e-56 -5.5448656693566203607e-56
6.2599999999999997868 1.6925213599789468795e-57 -1.6925213599789468795e-57
6.2700000000000004619 4.92437397416335469e-59 -4.92437397416335469e-59
6.2800000000000002487 1.3656568650508301006e-60 -1.3656568650508301006e-60
6.2900000000000000355 3.6099884323434952427e-62 -3.6099884323434952427e-62
6.2999999999999998224 9.0958573470164050589e-64 -9.0958573470164050589e-64
6.3100000000000004974 2.1845150630592776114e-65 2.0011525521113071591e-06
6.3200000000000002842 5.00080570908548892e-67 -5.00080570908548892e-67
6.3300000000000000711 1.0911850773713793561e-68 -1.0911850773713793561e-68
6.3399999999999998579 2.2695006827460044434e-70 -2.2695006827460044434e-70
6.3500000000000005329 4.4992036016903163835e-72 -4.4992036016903163835e-72
6.3600000000000003197 8.5018682818249058516e-74 -8.5018682818249058516e-74
6.3700000000000001066 1.5313217917759777783e-75 2.0011525521113071591e-06
6.3799999999999998934 2.6290078822370859659e-77 -2.6290078822370859659e-77
6.3900000000000005684 4.3022002266725593467e-79 -4.3022002266725593467e-79
6.4000000000000003553 6.7106196830595625197e-81 -6.7106196830595625197e-81
6.4100000000000001421 9.9771817444802442879e-83 -9.9771817444802442879e-83
6.4199999999999999289 1.4139249675840102226e-84 -1.4139249675840102226e-84
6.4299999999999997158 1.9099325970349345918e-86 -1.9099325970349345918e-86
6.4400000000000003908 2.4591379445030969936e-88 -2.4591379445030969936e-88
6.4500000000000001776 3.0180114961541678524e-90 -3.0180114961541678524e-90
6.4599999999999999645 3.5304658415694995569e-92 -3.5304658415694995569e-92
6.4699999999999997513 3.9365542513938681768e-94 -3.9365542513938681768e-94
6.4800000000000004263 4.1838253723451153947e-96 -4.1838253723451153947e-96
6.4900000000000002132 4.2384192919163305767e-98 -4.2384192919163305767e-98
6.5 4.0926756328614827504e-100 -4.0926756328614827504e-100
6.5099999999999997868 3.7668970728250539106e-102 -3.7668970728250539106e-102
6.5200000000000004619 3.3047086874217654736e-104 -3.3047086874217654736e-104
6.5300000000000002487 2.7634753339697249494e-106 -2.7634753339697249494e-106
6.5400000000000000355 2.2026777598545437931e-108 -2.2026777598545437931e-108
6.5499999999999998224 1.6734752254621105001e-110 -1.6734752254621105001e-110
6.5600000000000004974 1.2118825639681975686e-112 -1.2118825639681975686e-112
6.5700000000000002842 8.3651686166267713129e-115 -8.3651686166267713129e-115
6.5800000000000000711 5.5037887777168204059e-117 -5.5037887777168204059e-117
6.5899999999999998579 3.4516098377799589396e-119 -3.4516098377799589396e-119
6.6000000000000005329 2.0632625887967514912e-121 -2.0632625887967514912e-121
6.6100000000000003197 1.1756015768295988114e-123 -1.1756015768295988114e-123
6.6200000000000001066 6.3846729053246815186e-126 -6.3846729053246815186e-126
6.6299999999999998934 3.3051408207840717911e-128 -3.3051408207840717911e-128
6.6400000000000005684 1.6308502787441132891e-130 -1.6308502787441132891e-130
6.6500000000000003553 7.6702763618099164777e-133 -7.6702763618099164777e-133
6.6600000000000001421 3.4385925225208692201e-135 -3.4385925225208692201e-135
6.6699999999999999289 1.4693429957052794796e-137 -1.4693429957052794796e-137
6.6799999999999997158 5.9846453269374398399e-140 -5.9846453269374398399e-140
6.6900000000000003908 2.3234128877111033022e-142 -2.3234128877111033022e-142
6.7000000000000001776 8.5977953748673840564e-145 -8.5977953748673840564e-145
6.7099999999999999645 3.0326377633069011494e-147 -3.0326377633069011494e-147
6.7199999999999997513 1.0195926226247985351e-149 -1.0195926226247985351e-149
6.7300000000000004263 3.2674242760585355107e-152 -3.2674242760585355107e-152
6.7400000000000002132 9.9806096223378521971e-155 -9.9806096223378521971e-155
6.75 2.9059041637319357461e-157 -2.9059041637319357461e-157
6.7599999999999997868 8.0645135477004675341e-160 -8.0645135477004675341e-160
6.7700000000000004619 2.1332793287804516377e-162 -2.1332793287804516377e-162
6.7800000000000002487 5.3788560973914123301e-165 -5.3788560973914123301e-165
6.7900000000000000355 1.2927208929838961827e-167 -1.2927208929838961827e-167
6.7999999999999998224 2.961367072161814752e-170 -2.961367072161814752e-170
6.8100000000000004974 6.4662477781874059597e-173 -6.4662477781874059597e-173
6.8200000000000002842 1.3458140457815953149e-175 -1.3458140457815953149e-175
6.8300000000000000711 2.6698716127254963565e-178 -2.6698716127254963565e-178
6.8399999999999998579 5.0485690146499002329e-181 -5.0485690146499002329e-181
6.8500000000000005329 9.0995267852591084657e-184 -9.0995267852591084657e-184
6.8600000000000003197 1.563298461582872971e-186 -1.563298461582872971e-186
6.8700000000000001066 2.5599858696381485904e-189 -2.5599858696381485904e-189
6.8799999999999998934 3.9958189582967734855e-192 -3.9958189582967734855e-192
6.8900000000000005684 5.944927982970023837e-195 -5.944927982970023837e-195
6.9000000000000003553 8.4306283672443970172e-198 -8.4306283672443970172e-198
6.9100000000000001421 1.1395826765051856644e-200 -1.1395826765051856644e-200
6.9199999999999999289 1.4682644055432317583e-203 -1.4682644055432317583e-203
6.9299999999999997158 1.8031640257287869054e-206 -1.8031640257287869054e-206
6.9400000000000003908 2.1107593584432275794e-209 -2.1107593584432275794e-209
6.9500000000000001776 2.3551291694939736657e-212 -2.3551291694939736657e-212
6.9599999999999999645 2.5047434634141673244e-215 -2.5047434634141673244e-215
6.9699999999999997513 2.5391261524392378971e-218 -2.5391261524392378971e-218
6.9800000000000004263 2.4534533547449205541e-221 -2.4534533547449205541e-221
6.9900000000000002132 2.2596637919571530337e-224 -2.2596637919571530337e-224
7 1.9837289721708826151e-227 -1.9837289721708826151e-227
7.0099999999999997868 1.6599435851883364872e-230 -1.6599435851883364872e-230
7.0200000000000004619 1.3239658939000961651e-233 -1.3239658939000961651e-233
7.0300000000000002487 1.0065439396988294309e-236 -1.0065439396988294309e-236
7.0400000000000000355 7.2939225128931543004e-240 -7.2939225128931543004e-240
7.0499999999999998224 5.0380446607975446922e-243 -5.0380446607975446922e-243
7.0600000000000004974 3.3169225935385055497e-246 -3.3169225935385055497e-246
7.0700000000000002842 2.0815225048159911866e-249 -2.0815225048159911866e-249
7.0800000000000000711 1.2450859444921580924e-252 -1.2450859444921580924e-252
7.0899999999999998579 7.0988825522779561951e-256 -7.0988825522779561951e-256
7.1000000000000005329 3.8579188444510129958e-259 -3.8579188444510129958e-259
7.1100000000000003197 1.9984285031719039166e-262 -1.9984285031719039166e-262
7.1200000000000001066 9.8672599513253856822e-266 -9.8672599513253856822e-266
7.1299999999999998934 4.643836774085940281e-269 -4.643836774085940281e-269
7.1400000000000005684 2.0831941179018125195e-272 -2.0831941179018125195e-272
7.1500000000000003553 8.9074818935748965072e-276 -8.9074818935748965072e-276
7.1600000000000001421 3.6303840032253149378e-279 -3.6303840032253149378e-279
7.1699999999999999289 1.4103359825600486695e-282 -1.4103359825600486695e-282
7.1799999999999997158 5.2223383832008976296e-286 -5.2223383832008976296e-286
7.1900000000000003908 1.8432312618414918076e-289 -1.8432312618414918076e-289
7.2000000000000001776 6.2010757881423580621e-293 -6.2010757881423580621e-293
7.2099999999999999645 1.9885047817239808588e-296 -1.9885047817239808588e-296
7.2199999999999997513 6.0779710206270569134e-300 -6.0779710206270569134e-300
7.2300000000000004263 1.7707734086778439218e-303 -1.7707734086778439218e-303
7.2400000000000002132 4.9174475425234433284e-307 -4.9174475425234433284e-307
7.25 1.3016339081784533239e-310 -1.3016339081784533239e-310
7.2599999999999997868 3.2840543953370677799e-314 -3.2840543953370677799e-314
7.2700000000000004619 7.8977678058402447328e-318 -7.8977678058402447328e-318
7.2800000000000002487 1.8033396073205498862e-321 -1.8033396073205498862e-321
7.2900000000000000355 0 0
7.2999999999999998224 0 2.0011525521113071591e-06
7.3100000000000004974 0 0
7.3200000000000002842 0 0
7.3300000000000000711 0 0
7.3399999999999998579 0 0
7.3500000000000005329 0 0
7.3600000000000003197 0 0
7.3700000000000001066 0 0
7.3799999999999998934 0 0
7.3900000000000005684 0 0
7.4000000000000003553 0 0
7.4100000000000001421 0 0
7.4199999999999999289 0 0
7.4299999999999997158 0 0
7.4400000000000003908 0 0
7.4500000000000001776 0 0
7.4599999999999999645 0 0
7.4699999999999997513 0 0
7.4800000000000004263 0 0
7.4900000000000002132 0 0
7.5 0 0
7.5099999999999997868 0 2.0011525521113071591e-06
7.5200000000000004619 0 0
7.5300000000000002487 0 0
7.5400000000000000355 0 0
7.5499999999999998224 0 0
7.5600000000000004974 0 0
7.5700000000000002842 0 0
7.5800000000000000711 0 0
7.5899999999999998579 0 2.0011525521113071591e-06
7.6000000000000005329 0 2.0011525521113071591e-06
7.6100000000000003197 0 0
7.6200000000000001066 0 0
7.6299999999999998934 0 0
7.6400000000000005684 0 0
7.6500000000000003553 0 0
7.6600000000000001421 0 0
7.6699999999999999289 0 0
7.6799999999999997158 0 0
7.6900000000000003908 0 0
7.7000000000000001776 0 0
7.7099999999999999645 0 0
7.7199999999999997513 0 0
7.7300000000000004263 0 0
7.7400000000000002132 0 0
7.75 0 0
7.7599999999999997868 0 0
7.7700000000000004619 0 0
7.7800000000000002487 0 0
7.7900000000000000355 0 0
7.7999999999999998224 0 0
7.8100000000000004974 0 0
7.8200000000000002842 0 0
7.8300000000000000711 0 0
7.8399999999999998579 0 0
7.8500000000000005329 0 0
7.8600000000000003197 0 0
7.8700000000000001066 0 0
7.8799999999999998934 0 0
7.8900000000000005684 0 0
7.9000000000000003553 0 0
7.9100000000000001421 0 0
7.9199999999999999289 0 0
7.930000000000000604 0 0
7.9400000000000003908 0 0
7.9500000000000001776 0 0
7.9599999999999999645 0 0
7.9699999999999997513 0 0
7.9800000000000004263 0 0
7.9900000000000002132 0 0
8 0 0
8.0099999999999997868 0 0
8.0199999999999995737 0 0
8.0299999999999993605 0 0
8.0400000000000009237 0 0
8.0500000000000007105 0 0
8.0600000000000004974 0 0
8.0700000000000002842 0 0
8.0800000000000000711 0 0
8.0899999999999998579 0 0
8.0999999999999996447 0 0
8.1099999999999994316 0 0
8.1200000000000009948 0 0
8.1300000000000007816 0 0
8.1400000000000005684 0 0
8.1500000000000003553 0 0
8.1600000000000001421 0 0
8.1699999999999999289 0 2.0011525521113071591e-06
8.1799999999999997158 0 0
8.1899999999999995026 0 0
8.1999999999999992895 0 0
8.2100000000000008527 0 0
8.2200000000000006395 0 0
8.2300000000000004263 0 0
8.2400000000000002132 0 0
8.25 0 0
8.2599999999999997868 0 0
8.2699999999999995737 0 0
8.2799999999999993605 0 0
8.2900000000000009237 0 0
8.3000000000000007105 0 0
8.3100000000000004974 0 0
8.3200000000000002842 0 0
8.3300000000000000711 0 0
8.3399999999999998579 0 0
8.3499999999999996447 0 0
8.3599999999999994316 0 0
8.3700000000000009948 0 0
8.3800000000000007816 0 0
8.3900000000000005684 0 0
8.4000000000000003553 0 0
8.4100000000000001421 0 0
8.4199999999999999289 0 0
8.4299999999999997158 0 0
8.4399999999999995026 0 0
8.4499999999999992895 0 0
8.4600000000000008527 0 0
8.4700000000000006395 0 0
8.4800000000000004263 0 0
8.4900000000000002132 0 0
8.5 0 0
8.5099999999999997868 0 0
8.5199999999999995737 0 0
8.5299999999999993605 0 0
8.5400000000000009237 0 0
8.5500000000000007105 0 0
8.5600000000000004974 0 0
8.5700000000000002842 0 0
8.5800000000000000711 0 0
8.5899999999999998579 0 0
8.5999999999999996447 0 0
8.6099999999999994316 0 0
8.6200000000000009948 0 0
8.6300000000000007816 0 0
8.6400000000000005684 0 0
8.6500000000000003553 0 0
8.6600000000000001421 0 0
8.6699999999999999289 0 0
8.6799999999999997158 0 0
8.6899999999999995026 0 2.0011525521113071591e-06
8.7000000000000010658 0 0
8.7100000000000008527 0 0
8.7200000000000006395 0 2.0011525521113071591e-06
8.7300000000000004263 0 0
8.7400000000000002132 0 0
8.75 0 0
8.7599999999999997868 0 0
8.7699999999999995737 0 0
8.7799999999999993605 0 0
8.7900000000000009237 0 0
8.8000000000000007105 0 0
8.8100000000000004974 0 0
8.8200000000000002842 0 0
8.8300000000000000711 0 0
8.8399999999999998579 0 0
8.8499999999999996447 0 0
8.8599999999999994316 0 0
8.8700000000000009948 0 2.0011525521113071591e-06
8.8800000000000007816 0 0
8.8900000000000005684 0 0
8.9000000000000003553 0 0
8.9100000000000001421 0 0
8.9199999999999999289 0 0
8.9299999999999997158 0 0
8.9399999999999995026 0 0
8.9500000000000010658 0 0
8.9600000000000008527 0 0
8.9700000000000006395 0 0
8.9800000000000004263 0 0
8.9900000000000002132 0 0
9 0 0
9.0099999999999997868 0 0
9.0199999999999995737 0 0
9.0299999999999993605 0 0
9.0400000000000009237 0 0
9.0500000000000007105 0 0
9.0600000000000004974 0 0
9.0700000000000002842 0 2.0011525521113071591e-06
9.0800000000000000711 0 0
9.0899999999999998579 0 0
9.0999999999999996447 0 0
9.1099999999999994316 0 0
9.1200000000000009948 0 0
9.1300000000000007816 0 0
9.1400000000000005684 0 0
9.1500000000000003553 0 2.0011525521113071591e-06
9.1600000000000001421 0 0
9.1699999999999999289 0 0
9.1799999999999997158 0 0
9.1899999999999995026 0 0
9.2000000000000010658 0 2.0011525521113071591e-06
9.2100000000000008527 0 0
9.2200000000000006395 0 0
9.2300000000000004263 0 0
9.2400000000000002132 0 0
9.25 0 0
9.2599999999999997868 0 0
9.2699999999999995737 0 0
9.2799999999999993605 0 0
9.2900000000000009237 0 0
9.3000000000000007105 0 0
9.3100000000000004974 0 0
9.3200000000000002842 0 0
9.3300000000000000711 0 0
9.3399999999999998579 0 2.0011525521113071591e-06
9.3499999999999996447 0 0
9.3599999999999994316 0 0
9.3700000000000009948 0 0
9.3800000000000007816 0 0
9.3900000000000005684 0 0
9.4000000000000003553 0 0
9.4100000000000001421 0 2.0011525521113071591e-06
9.4199999999999999289 0 0
9.4299999999999997158 0 0
9.4399999999999995026 0 0
9.4500000000000010658 0 0
9.4600000000000008527 0 0
9.4700000000000006395 0 0
9.4800000000000004263 0 0
9.4900000000000002132 0 0
9.5 0 0
9.5099999999999997868 0 0
9.5199999999999995737 0 0
9.5299999999999993605 0 0
9.5400000000000009237 0 0
9.5500000000000007105 0 0
9.5600000000000004974 0 0
9.5700000000000002842 0 0
9.5800000000000000711 0 0
9.5899999999999998579 0 0
9.5999999999999996447 0 0
9.6099999999999994316 0 0
9.6200000000000009948 0 0
9.6300000000000007816 0 0
9.6400000000000005684 0 0
9.6500000000000003553 0 0
9.6600000000000001421 0 0
9.6699999999999999289 0 0
9.6799999999999997158 0 0
9.6899999999999995026 0 2.0011525521113071591e-06
9.7000000000000010658 0 2.0011525521113071591e-06
9.7100000000000008527 0 0
9.7200000000000006395 0 0
9.7300000000000004263 0 0
9.7400000000000002132 0 0
9.75 0 0
9.7599999999999997868 0 0
9.7699999999999995737 0 0
9.7799999999999993605 0 0
9.7900000000000009237 0 0
9.8000000000000007105 0 0
9.8100000000000004974 0 0
9.8200000000000002842 0 0
9.8300000000000000711 0 0
9.8399999999999998579 0 0
9.8499999999999996447 0 0
9.8599999999999994316 0 0
9.8700000000000009948 0 0
9.8800000000000007816 0 0
9.8900000000000005684 0 0
9.9000000000000003553 0 0
9.9100000000000001421 0 0
9.9199999999999999289 0 0
9.9299999999999997158 0 0
9.9399999999999995026 0 0
9.9500000000000010658 0 0
9.9600000000000008527 0 0
9.9700000000000006395 0 0
9.9800000000000004263 0 0
9.9900000000000002132 0 0
10 0 0
10.009999999999999787 0 2.0011525521113071591e-06
10.019999999999999574 0 0
10.029999999999999361 0 0
10.040000000000000924 0 0
10.050000000000000711 0 0
10.060000000000000497 0 0
10.070000000000000284 0 0
10.080000000000000071 0 0
10.089999999999999858 0 0
10.099999999999999645 0 0
10.109999999999999432 0 0
10.120000000000000995 0 0
10.130000000000000782 0 0
10.140000000000000568 0 0
10.150000000000000355 0 0
10.160000000000000142 0 0
10.169999999999999929 0 0
10.179999999999999716 0 0
10.189999999999999503 0 0
10.200000000000001066 0 0
10.210000000000000853 0 0
10.220000000000000639 0 0
10.230000000000000426 0 0
