0 7.6376147339924233675e-08 -7.6376147339924233675e-08
0.010000000000000000208 1.2364758465943933909e-07 -1.2364758465943933909e-07
0.020000000000000000416 1.9768749563147853136e-07 -1.9768749563147853136e-07
0.02999999999999999889 3.1213365960077163213e-07 -3.1213365960077163213e-07
0.040000000000000000833 4.8673721415708345936e-07 -4.8673721415708345936e-07
0.050000000000000002776 7.5001008893900683414e-07 -7.5001008893900683414e-07
0.05999999999999999778 1.1463302531930829468e-06 -1.1463302531930829468e-06
0.070000000000000006661 1.775928974916828335e-06 -1.775928974916828335e-06
0.080000000000000001665 3.0429548196458177609e-06 -3.0429548196458177609e-06
0.089999999999999996669 6.9052943770676347511e-06 -6.9052943770676347511e-06
0.10000000000000000555 2.1592243841108125265e-05 -2.1592243841108125265e-05
0.11000000000000000056 7.4087528095664566805e-05 -7.4087528095664566805e-05
0.11999999999999999556 0.00022977133611246756289 -0.00022977133611246756289
0.13000000000000000444 0.00059616182650365490397 -0.00059616182650365490397
0.14000000000000001332 0.0012622321708714312211 -0.0012622321708714312211
0.14999999999999999445 0.0021634274905066924397 -0.0019435567680032911006
0.16000000000000000333 0.0029941378117403884621 -0.0027982529965559889765
0.17000000000000001221 0.0033451099102698479693 -0.0031692133439086590807
0.17999999999999999334 0.0030219556137847307202 -0.0029060237793412583944
0.19000000000000000222 0.0022201106741470797053 -0.0020941847152920020809
0.2000000000000000111 0.0013498371496250168022 -0.0012918712324032806393
0.20999999999999999223 0.00071767556958224885434 -0.00064172023278519772262
0.22000000000000000111 0.00038899231726304749025 -0.00033702287687106179071
0.23000000000000000999 0.0002754648311652437313 -0.00022549421274519604579
0.23999999999999999112 0.00027002275016908431965 -0.00024004038057224723118
0.25 0.00030749078164512167344 -0.00028150606144912882368
0.26000000000000000888 0.00036081169312424311206 -0.00033682579671917767987
0.27000000000000001776 0.00042137676329478864759 -0.00040738499039183381214
0.28000000000000002665 0.00048652694965318544519 -0.00047253517675023060975
0.28999999999999998002 0.00055483467877274767876 -0.00055083702937190344006
0.2999999999999999889 0.00062487170010935432114 -0.00059888697991336147138
0.30999999999999999778 0.00069499871363226878654 -0.00065302339401390957843
0.32000000000000000666 0.00076338333972204603251 -0.00073340097012520894405
0.33000000000000001554 0.00082806964560251520354 -0.00078009785279238433916
0.34000000000000002442 0.00088706728391704531972 -0.00082910136669530915682
0.35000000000000003331 0.00093845136216156818144 -0.0008764877937199983763
0.35999999999999998668 0.00098046588112069466177 -0.00094048938711225227478
0.36999999999999999556 0.001011623038677352893 -0.00095565594706553355121
0.38000000000000000444 0.0010307905941044994986 -0.00097882115371251379905
0.39000000000000001332 0.0010372601474239301865 -0.00096530246184671269702
0.4000000000000000222 0.0010307905941044994986 -0.00094683995486778108237
0.41000000000000003109 0.001011623038677352893 -0.00094566182629190705979
0.41999999999999998446 0.00098046588112069487861 -0.00092649761511879235795
0.42999999999999999334 0.00093845136216156644672 -0.00089247839496135240346
0.44000000000000000222 0.0008870672839169647635 -0.00084309314232666754136
0.4500000000000000111 0.00082806964559963187628 -0.00079209080281102313154
0.46000000000000001998 0.00076338333963886333133 -0.00073739861944287048157
0.47000000000000002887 0.00069499871170041892417 -0.0006650163421035818357
0.47999999999999998224 0.00062487166399245090784 -0.00059289046878569699826
0.48999999999999999112 0.00055483413521599013202 -0.00053284706442084152096
0.5 0.00048652036433844070762 -0.00045853681853253103673
0.51000000000000000888 0.00042131253810104459228 -0.0003813360440926022053
0.52000000000000001776 0.00036030745978396391772 -0.00034031921277974272423
0.53000000000000002665 0.00030430398066394589909 -0.0002723227854571919895
0.54000000000000003553 0.00025380929499500468321 -0.00023382104799078348972
0.55000000000000004441 0.00020906095100726984886 -0.00018907270400304865537
0.56000000000000005329 0.00017006064821559752618 -0.00016206534941390904878
0.57000000000000006217 0.00013661558565216899187 -0.00012262381274921415643
0.57999999999999996003 0.00010838325155042709031 -0.00010438560214958285161
0.58999999999999996891 8.4916016589898615286e-05 -7.2923068387365899191e-05
0.5999999999999999778 6.5702600637391767729e-05 -6.370377593696964838e-05
0.60999999999999998668 5.020431162476347186e-05 -3.6212538721808629639e-05
0.61999999999999999556 3.7884798593051393386e-05 -2.988949979136291599e-05
0.63000000000000000444 2.8232832949514185536e-05 -1.6239884746981466052e-05
0.64000000000000001332 2.0778272796841329629e-05 -1.2782973995152852232e-05
0.6500000000000000222 1.5101842573576749118e-05 -9.10536847231039107e-06
0.66000000000000003109 1.0839667065018466184e-05 -8.4554356290786943789e-07
0.67000000000000003997 7.6836479376908808805e-06 -7.6836479376908808805e-06
0.68000000000000004885 5.3787886670285726842e-06 6.6141595355041467994e-06
0.69000000000000005773 3.7184933958918896155e-06 8.2744548066408302915e-06
0.70000000000000006661 2.5387214793666611105e-06 7.4554020227439360592e-06
0.70999999999999996447 1.7117037811727912394e-06 6.2835950205156859458e-06
0.71999999999999997335 1.1397449384483565944e-06 8.8543785636622397283e-06
0.72999999999999998224 7.4946653218104558312e-07 5.2470075690853128881e-06
0.73999999999999999112 4.8670109725337391133e-07 1.1506247105279344831e-05
0.75 3.1213172775090640179e-07 3.6855176730933321908e-06
0.76000000000000000888 1.9768741244868875849e-07 5.7987866888176691304e-06
0.77000000000000001776 1.2364758177613262213e-07 3.8740018190681061293e-06
0.78000000000000002665 7.6376147259470635595e-08 3.9212732535847681555e-06
0.79000000000000003553 4.6590285988450216873e-08 5.94988381527790795e-06
0.80000000000000004441 2.8067162903915687508e-08 5.9684069383624427209e-06
0.81000000000000005329 1.6698104089154130362e-08 9.977425398021443046e-06
0.82000000000000006217 9.8107299650304690352e-09 1.3981962172989810222e-05
0.83000000000000007105 5.6924731388980037431e-09 1.3986080429815942459e-05
0.83999999999999996891 3.2618663867995073854e-09 7.9920369353016772771e-06
0.8499999999999999778 1.8458519064848821515e-09 5.9946282493598734286e-06
0.85999999999999998668 1.0315565739295195616e-09 5.9954425446924286566e-06
0.86999999999999999556 5.6931779328936511411e-10 5.9959047834730684723e-06
0.88000000000000000444 3.1030014118424233341e-10 3.9973391007030540718e-06
0.89000000000000001332 1.6702239181851209508e-10 1.9986576780303005116e-06
0.9000000000000000222 8.878363738437117402e-11 -8.878363738437117402e-11
0.91000000000000003109 4.6607593379489689637e-11 9.994076894517216943e-06
0.92000000000000003997 2.4162726195737920192e-11 7.9952746389622819786e-06
0.93000000000000004885 1.2370882915101224893e-11 7.9952864308055626724e-06
0.94000000000000005773 6.2549086296483156692e-12 5.9964678463577279893e-06
0.95000000000000006661 3.1232500318953873398e-12 9.9941203788605640555e-06
0.95999999999999996447 1.5401323592095912118e-12 -1.5401323592095912118e-12
0.96999999999999997335 7.500234602772675961e-13 1.599059685335349159e-05
0.97999999999999998224 3.6070915074607748098e-13 9.9941231414014467514e-06
0.98999999999999999112 1.7131878333518608409e-13 9.9941233307918134763e-06
1 8.0356000462620622834e-14 1.5990597523020951638e-05
1.0100000000000000089 3.7221781321710199267e-14 7.9952987644666953439e-06
1.0200000000000000178 1.70271320312003259e-14 5.9964740842392263561e-06
1.0300000000000000266 7.6922140994538404982e-15 9.9941234944183822322e-06
1.0400000000000000355 3.4318376395613631623e-15 9.9941234986787597512e-06
1.0500000000000000444 1.5120550843360365412e-15 9.9941235005985412914e-06
1.0600000000000000533 6.5792139015559324462e-16 7.9952988010305564136e-06
1.0700000000000000622 2.8271310778275037429e-16 1.1992948202250006991e-05
1.0800000000000000711 1.1997304794309781956e-16 1.5990597603256977659e-05
1.0900000000000000799 5.0279328805568586736e-17 3.9976494007939596698e-06
1.1000000000000000888 2.0810468007946503036e-17 -2.0810468007946503036e-17
1.1100000000000000977 8.5097118263594248071e-18 1.3991772902946331234e-05
1.1200000000000001066 3.447904162737109742e-18 1.1992948202529272059e-05
1.1300000000000001155 1.4169569977029172104e-18 5.9964741012649409616e-06
1.1400000000000001243 6.9432694919265337666e-19 7.9952988016877828299e-06
1.1500000000000001332 6.9981178343766353727e-19 7.9952988016877777478e-06
1.1599999999999999201 1.5967700481383243481e-18 7.9952988016868798928e-06
1.1699999999999999289 4.6310385640968459102e-18 5.9964741012617273186e-06
1.1799999999999999378 1.3705834996971391725e-17 7.9952988016747724039e-06
1.1899999999999999467 3.9998951645496709685e-17 7.9952988016484788071e-06
1.1999999999999999556 1.1460220425891904482e-16 1.199294820241811762e-05
1.2099999999999999645 3.2217913410046659273e-16 7.9952988013662982511e-06
1.2199999999999999734 8.8865146159233613646e-16 3.9976493999555876344e-06
1.2299999999999999822 2.4048680224631762968e-15 7.9952987992836085582e-06
1.2399999999999999911 6.3852260798986461043e-15 1.3991772896569614791e-05
1.25 1.6633609038175539352e-14 1.798942137767075948e-05
1.2600000000000000089 4.2513011601353553421e-14 -4.2513011601353553421e-14
1.2700000000000000178 1.0660619018973456962e-13 -1.0660619018973456962e-13
1.2800000000000000266 2.6228179362748588232e-13 3.9976491385624449214e-06
1.2900000000000000355 6.3310980085241669043e-13 1.3991772269845039573e-05
1.3000000000000000444 1.4993916856618591755e-12 3.9976479014525532617e-06
1.3100000000000000533 3.4839854276283463685e-12 1.1992944718547292329e-05
1.3200000000000000622 7.9426007283309982841e-12 9.9941155595098688994e-06
1.3300000000000000711 1.7765371866867249208e-11 1.1992930437160853423e-05
1.3400000000000000799 3.8986212341967280052e-11 7.9952598154761357992e-06
1.3500000000000000888 8.3940771221545485236e-11 5.9963901604951362598e-06
1.3600000000000000977 1.7732094459459424277e-10 9.9939461811660022149e-06
1.3700000000000001066 3.6751264557877413978e-10 1.3991405390309261743e-05
1.3800000000000001155 7.4732533937162011545e-10 1.3991025577615468848e-05
1.3900000000000001243 1.4909816511787655254e-09 9.9926325204594171851e-06
1.4000000000000001332 2.9185024319547002403e-09 3.994730898412284088e-06
1.4099999999999999201 5.6049660990503548111e-09 5.990869135167307697e-06
1.4199999999999999289 1.0561147075625351409e-08 7.9847376546128516072e-06
1.4299999999999999378 1.9524250051799003148e-08 3.9781251507924400229e-06
1.4399999999999999467 3.5413006691409055698e-08 7.95988579499706762e-06
1.4499999999999999556 6.3019711655413886594e-08 5.9334543896109441744e-06
1.4599999999999999645 1.1003103342098078951e-07 3.8876183674232582134e-06
1.4699999999999999734 1.8848601906798900591e-07 7.8068127826204884175e-06
1.4799999999999999822 3.1678766439851276538e-07 5.6796864368678449118e-06
1.4899999999999999911 5.2237520172685538853e-07 9.4717483003837420988e-06
1.5 8.4512706803099060924e-07 7.1501717336574868936e-06
1.5100000000000000089 1.3414875343280489569e-06 1.0651460668204669891e-05
1.5200000000000000178 2.0891827967022742773e-06 5.9061160049862031197e-06
1.5300000000000000266 3.192209682337736474e-06 -3.192209682337736474e-06
1.5400000000000000355 4.7855466040623046038e-06 7.2074015984704148797e-06
1.5500000000000000444 7.0387713768728113215e-06 -1.0422972756064532738e-06
1.5600000000000000533 1.0157511871263875453e-05 -2.1622130695753980563e-06
1.5700000000000000622 1.438146033265114299e-05 -8.3849862313847849424e-06
1.5800000000000000711 1.9977622703479243447e-05 -1.3981148602212885399e-05
1.5900000000000000799 2.7227627210113292583e-05 -1.5234679007580573099e-05
1.6000000000000000888 3.6408346412492239056e-05 -2.4415398209959519573e-05
1.6100000000000000977 4.7765825032708235896e-05 -4.1769350931441877849e-05
1.6200000000000001066 6.1483528324540739842e-05 -5.3488229522852262445e-05
1.6300000000000001155 7.764713766465220358e-05 -7.3649488263807964881e-05
1.6400000000000001243 9.6209351950634814277e-05 -9.2211702549790575578e-05
1.6500000000000001332 0.00011695917541423965513 -0.00011296152601339541643
1.6600000000000001421 0.00013950072866652452812 -0.00012950660516441393137
1.6699999999999999289 0.00016324647954046444132 -0.00015125353133793172523
1.6799999999999999378 0.00018742880771014598152 -0.00016943938631584160915
1.6899999999999999467 0.00021113198488267423034 -0.0001971402119797193949
1.6999999999999999556 0.00023334413446526264886 -0.00021535471307095827649
1.7099999999999999645 0.00025302586397006675105 -0.00024503056516837827365
1.7199999999999999734 0.00026918949903893260112 -0.00025519772613597776567
1.7299999999999999822 0.00028098069472174417227 -0.0002589936239265955612
1.7399999999999999911 0.00028775310565433653799 -0.00027176250805095958319
1.75 0.00028912705134531609943 -0.00027913292784320550268
1.7600000000000000089 0.00028502477041453147359 -0.0002730318222119987575
1.7700000000000000178 0.00027567770958320409478 -0.00025768828818889972241
1.7800000000000000266 0.00026160489687774408051 -0.00025161077337563348376
1.7900000000000000355 0.00024356521055010028009 -0.00023556991174841180269
1.8000000000000000444 0.00022248965025838961826 -0.00021249552675627902151
1.8100000000000000533 0.00019940201393375131468 -0.00019140671513206283729
1.8200000000000000622 0.00017533734949003968329 -0.0001673420506883512059
1.8300000000000000711 0.00015126710802561770756 -0.00014726945862477346886
1.8400000000000000799 0.00012803825325111340859 -0.00012004295444942493119
1.8500000000000000888 0.00010633106097524742972 -9.4338112772714713622e-05
1.8600000000000000977 8.6637462489787505954e-05 -8.4638637789365386605e-05
1.8700000000000001066 6.9259040439639249281e-05 -6.1263741637950771884e-05
1.8800000000000001155 5.4321579152593786068e-05 -4.6326280350905308671e-05
1.8900000000000001243 4.1801654639050814591e-05 -3.1807531136940217845e-05
1.9000000000000001332 3.1560198712304555156e-05 -2.9561374011882435807e-05
1.9100000000000001421 2.3378204595093551291e-05 -1.3384081092982954544e-05
1.9199999999999999289 1.6990562261410473659e-05 -1.0994088160144115611e-05
1.9299999999999999378 1.2115170122066992151e-05 1.8766027808878483764e-06
1.9399999999999999467 8.475717103382696165e-06 -2.4792430021163381173e-06
1.9499999999999999556 5.8176629752660024997e-06 -3.8188382748438839975e-06
1.9599999999999999645 3.9178322243503124961e-06 4.0774665773381649008e-06
1.9699999999999999734 2.5886198644595193289e-06 5.4066789372289576445e-06
1.9799999999999999822 1.6780924944687232121e-06 -1.6780924944687232121e-06
1.9899999999999999911 1.0673053350019612103e-06 6.9279934666865161866e-06
2 6.6601902568838879923e-07 9.3281044764222080529e-06
2.0100000000000002309 4.0776482607750799098e-07 5.5887092751888504803e-06
2.0200000000000000178 2.449390650291160343e-07 7.7503597366593609392e-06
2.0300000000000002487 1.4435489684176656408e-07 3.853294504002472055e-06
2.0400000000000000355 8.3469950429847392691e-08 9.9106535516807489432e-06
2.0499999999999998224 4.7353704572899760063e-08 7.9479450971155769752e-06
2.0600000000000000533 2.635742230918894394e-08 7.9689413793792889857e-06
2.0699999999999998401 1.439385355076466414e-08 5.9820802477155936549e-06
2.0800000000000000711 7.7121664484154900001e-09 3.98993723439582345e-06
2.0899999999999998579 4.0541599459413018114e-09 9.990069342164655829e-06
2.1000000000000000888 2.090983149203288918e-09 9.9920325189613940566e-06
2.1099999999999998757 1.0580966933608722957e-09 3.9965913041508775263e-06
2.1200000000000001066 5.2532171247442071084e-10 3.9971240791317644661e-06
2.1299999999999998934 2.5588835086493982936e-10 1.9985688120712538545e-06
2.1400000000000001243 1.2229278893232036602e-10 1.9987024076331867412e-06
2.1499999999999999112 5.7342464347204376804e-11 9.9940661596462492e-06
2.1600000000000001421 2.6380135808098306118e-11 1.9987983202863107666e-06
2.1699999999999999289 1.1907014176791792919e-11 7.9952868946743013538e-06
2.1800000000000001599 5.2729528058299981028e-12 1.7989416121351562306e-05
2.1899999999999999467 2.2910262635426640362e-12 1.9988224093958554525e-06
2.2000000000000001776 9.7663305942451299859e-13 9.9941225254775377217e-06
2.2099999999999999645 4.0846791126433204629e-13 5.9964736927984470973e-06
2.2200000000000001954 1.6761374814957639477e-13 1.7989421226690619632e-05
2.2299999999999999822 6.748177553827455196e-14 1.9988246329403431771e-06
2.2400000000000002132 2.6655604379427611493e-14 3.9976493741886344677e-06
2.25 1.033036667385782691e-14 -1.033036667385782691e-14
2.2600000000000002309 3.9279695265534129561e-15 3.9976493969162690953e-06
2.2700000000000000178 1.4653644545680536873e-15 1.9988246989567544681e-06
2.2800000000000002487 5.3635009923828282246e-16 9.9941235015742470137e-06
2.2900000000000000355 1.9260885429461896595e-16 9.9941235019179882303e-06
2.3000000000000002665 6.7862413394417228519e-17 1.9988247003542563401e-06
2.3100000000000000533 2.3458893457213565127e-17 7.9952988016650179725e-06
2.3199999999999998401 7.956295693074977348e-18 5.9964741012584018673e-06
2.3300000000000000711 2.6475213889416151741e-18 3.9976494008415908735e-06
2.3399999999999998579 8.6435711156562823316e-19 5.9964741012654940741e-06
2.3500000000000000888 2.76867584385547196e-19 9.9941235021103206135e-06
2.3599999999999998757 8.7011405431028303578e-20 7.9952988016883909996e-06
2.3700000000000001066 2.6829058066354206201e-20 3.9976494008442115934e-06
2.3799999999999998934 8.116332627576165134e-21 5.9964741012663495774e-06
2.3900000000000001243 2.4090145268190986753e-21 -2.4090145268190986753e-21
2.3999999999999999112 7.0152664446470268744e-22 9.9941235021105967462e-06
2.4100000000000001421 2.0043524533349678525e-22 7.995298801688477397e-06
2.4199999999999999289 5.6186138241059579856e-23 3.9976494008442386985e-06
2.4300000000000001599 1.5452880449750987163e-23 5.9964741012663580477e-06
2.4399999999999999467 4.1697966486540860934e-24 1.9988247004221189257e-06
2.4500000000000001776 1.103940018558441809e-24 3.9976494008442386985e-06
2.4599999999999999645 2.8674856165782341106e-25 5.9964741012663580477e-06
2.4700000000000001954 7.307724885978930042e-26 3.9976494008442386985e-06
2.4799999999999999822 1.8272093124179457052e-26 3.9976494008442386985e-06
2.4900000000000002132 4.4824925944969325459e-27 3.9976494008442386985e-06
2.5 1.0788871771399361063e-27 5.9964741012663580477e-06
2.5100000000000002309 2.5477549380796347625e-28 3.9976494008442386985e-06
2.5200000000000000178 5.9028866329071276962e-29 3.9976494008442386985e-06
2.5300000000000002487 1.3418266184405055882e-29 1.1992948202532719484e-05
2.5400000000000000355 2.9926335004104331808e-30 5.9964741012663580477e-06
2.5500000000000002665 6.5484095542457824622e-31 1.9988247004221189257e-06
2.5600000000000000533 1.4058639790541616935e-31 1.9988247004221189257e-06
2.5699999999999998401 2.961255931623496752e-32 1.9988247004221189257e-06
2.5800000000000000711 6.1197510232470649827e-33 5.9964741012663580477e-06
2.5899999999999998579 1.2408427097937039644e-33 3.9976494008442386985e-06
2.6000000000000000888 2.4684531176235336026e-34 3.9976494008442386985e-06
2.6099999999999998757 4.8179046743880165484e-35 7.995298801688477397e-06
2.6200000000000001066 9.2260688773708252571e-36 5.9964741012663580477e-06
2.6299999999999998934 1.7334062255932796556e-36 -1.7334062255932796556e-36
2.6400000000000001243 3.1952819155722311792e-37 3.9976494008442386985e-06
2.6499999999999999112 5.7788734056468008411e-38 1.9988247004221189257e-06
2.6600000000000001421 1.0254213368864122693e-38 5.9964741012663580477e-06
2.6699999999999999289 1.7851992228097250339e-39 7.995298801688477397e-06
2.6800000000000001599 3.0492722266143404423e-40 7.995298801688477397e-06
2.6899999999999999467 5.1101173923140922143e-41 7.995298801688477397e-06
2.7000000000000001776 8.4021557151272189808e-42 7.995298801688477397e-06
2.7099999999999999645 1.355425789738939275e-42 7.995298801688477397e-06
2.7200000000000001954 2.145289629730307815e-43 3.9976494008442386985e-06
2.7299999999999999822 3.3313578918529259126e-44 3.9976494008442386985e-06
2.7400000000000002132 5.0755349245035223097e-45 9.9941235021105967462e-06
2.75 7.5869551871827843697e-46 -7.5869551871827843697e-46
2.7600000000000002309 1.1127007664467288319e-46 5.9964741012663580477e-06
2.7700000000000000178 1.6010851350371334041e-47 7.995298801688477397e-06
2.7800000000000002487 2.2603496961280332815e-48 9.9941235021105967462e-06
2.7900000000000000355 3.1308482024849059049e-49 3.9976494008442386985e-06
2.8000000000000002665 4.2547452248012437826e-50 1.9988247004221189257e-06
2.8100000000000000533 5.6729672630904660156e-51 7.995298801688477397e-06
2.8199999999999998401 7.421166324121658806e-52 7.995298801688477397e-06
2.8300000000000000711 9.5248736386510421056e-53 1.3991772902954840527e-05
2.8399999999999998579 1.1994204532493115799e-53 9.9941235021105967462e-06
2.8500000000000000888 1.4818657073621738451e-54 7.995298801688477397e-06
2.8599999999999998757 1.7962691671177029438e-55 7.995298801688477397e-06
2.8700000000000001066 2.1362848107997855437e-56 7.995298801688477397e-06
2.8799999999999998934 2.4927117442391070697e-57 7.995298801688477397e-06
2.8900000000000001243 2.8537119703881503839e-58 1.9988247004221189257e-06
2.8999999999999999112 3.205334691848732563e-59 1.9988247004221189257e-06
2.9100000000000001421 3.5323343202140150538e-60 7.995298801688477397e-06
2.9199999999999999289 3.819226260326091832e-61 5.9964741012663580477e-06
2.9300000000000001599 4.0514841532212800387e-62 7.995298801688477397e-06
2.9399999999999999467 4.2167521131360660698e-63 7.995298801688477397e-06
2.9500000000000001776 4.305932007237236012e-64 5.9964741012663580477e-06
2.9599999999999999645 4.31401284923856102e-65 7.995298801688477397e-06
2.9700000000000001954 4.2405371346683695661e-66 5.9964741012663580477e-06
2.9799999999999999822 4.0896437393817772413e-67 9.9941235021105967462e-06
2.9900000000000002132 3.8696817851833453489e-68 3.9976494008442386985e-06
3 3.5924455914934533241e-69 9.9941235021105967462e-06
3.0100000000000002309 3.2721282351197977764e-70 3.9976494008442386985e-06
3.0200000000000000178 2.9241227612711290096e-71 5.9964741012663580477e-06
3.0300000000000002487 2.5638112989582375489e-72 7.995298801688477397e-06
3.0400000000000000355 2.2054726828395495328e-73 5.9964741012663580477e-06
3.0500000000000002665 1.8614118682036384561e-74 1.1992948202532719484e-05
3.0600000000000000533 1.541375473550576777e-75 9.9941235021105967462e-06
3.0700000000000002842 1.2522746225998885476e-76 3.9976494008442386985e-06
3.0800000000000000711 9.9819613756825019189e-78 7.995298801688477397e-06
3.0899999999999998579 7.8065179091357839019e-79 5.9964741012663580477e-06
3.1000000000000000888 5.9899611494078187531e-80 3.9976494008442386985e-06
3.1099999999999998757 4.5093694754439257094e-81 3.9976494008442386985e-06
3.1200000000000001066 3.3306792064406035534e-82 5.9964741012663580477e-06
3.1299999999999998934 2.4136537057420767676e-83 3.9976494008442386985e-06
3.1400000000000001243 1.7160987916952440258e-84 1.5990597603376951406e-05
3.1499999999999999112 1.1971119890717203737e-85 1.9988247004221190104e-05
3.1600000000000001421 8.1931790332227842194e-87 1.9988247004221189257e-06
3.1699999999999999289 5.501679405364282461e-88 5.9964741012663580477e-06
3.1800000000000001599 3.6246266895448377563e-89 5.9964741012663580477e-06
3.1899999999999999467 2.3429145983134029501e-90 9.9941235021105967462e-06
3.2000000000000001776 1.4858494342978959264e-91 1.1992948202532719484e-05
3.2099999999999999645 9.2452610448130822109e-93 7.995298801688477397e-06
3.2200000000000001954 5.6607900268348605063e-94 3.9976494008442386985e-06
3.2299999999999999822 1.803720409021644083e-94 5.9964741012663580477e-06
3.2400000000000002132 1.2198550892059702066e-92 1.3991772902954840527e-05
3.25 9.6751410882607862127e-91 5.9964741012663580477e-06
3.2600000000000002309 7.316385684698388085e-89 3.9976494008442386985e-06
3.2700000000000000178 5.2741997195367011526e-87 7.995298801688477397e-06
3.2800000000000002487 3.6244180398346001215e-85 7.995298801688477397e-06
3.2900000000000000355 2.3743396881655982077e-83 5.9964741012663580477e-06
3.3000000000000002665 1.482761975446472945e-81 1.9988247004221189257e-06
3.3100000000000000533 8.827246439291021518e-80 5.9964741012663580477e-06
3.3200000000000002842 5.0096286113604934043e-78 7.995298801688477397e-06
3.3300000000000000711 2.7102762995044283586e-76 1.1992948202532719484e-05
3.3399999999999998579 1.3978182195771395912e-74 1.1992948202532719484e-05
3.3500000000000000888 6.8725562494140156695e-73 1.9988247004221189257e-06
3.3599999999999998757 3.22120096344161702e-71 1.9988247004221189257e-06
3.3700000000000001066 1.4392980474423629104e-69 3.9976494008442386985e-06
3.3799999999999998934 6.1308204057614007471e-68 1.9988247004221189257e-06
3.3900000000000001243 2.4895622864645313454e-66 1.1992948202532719484e-05
3.3999999999999999112 9.6375269680943187461e-65 1.9988247004221190104e-05
3.4100000000000001421 3.556707514586618408e-63 5.9964741012663580477e-06
3.4199999999999999289 1.2513316563342018305e-61 1.7989421394304368982e-05
3.4300000000000001599 4.1970129750253482742e-60 9.9941235021105967462e-06
3.4399999999999999467 1.3420037747605794853e-58 3.9976494008442386985e-06
3.4500000000000001776 4.090861083095601668e-57 5.9964741012663580477e-06
3.4599999999999999645 1.1888454599204080313e-55 3.9976494008442386985e-06
3.4700000000000001954 3.2937296459966465155e-54 5.9964741012663580477e-06
3.4799999999999999822 8.6997076413027007205e-53 1.9988247004221189257e-06
3.4900000000000002132 2.1906748451763909119e-51 7.995298801688477397e-06
3.5 5.2590855223460752418e-50 1.9988247004221189257e-06
3.5100000000000002309 1.2036610292441334179e-48 9.9941235021105967462e-06
3.5200000000000000178 2.6264101264498132886e-47 9.9941235021105967462e-06
3.5300000000000002487 5.4637159819102393735e-46 9.9941235021105967462e-06
3.5400000000000000355 1.083637173536836066e-44 3.9976494008442386985e-06
3.5500000000000002665 2.0490521152840425428e-43 5.9964741012663580477e-06
3.5600000000000000533 3.694015521819906788e-42 7.995298801688477397e-06
3.5700000000000002842 6.349279730416810086e-41 7.995298801688477397e-06
3.5800000000000000711 1.0404802510864618851e-39 1.3991772902954840527e-05
3.5899999999999998579 1.6256634413913466519e-38 7.995298801688477397e-06
3.6000000000000000888 2.4216915728393197469e-37 3.9976494008442386985e-06
3.6099999999999998757 3.4395576879264868023e-36 5.9964741012663580477e-06
3.6200000000000001066 4.6578590759573381779e-35 7.995298801688477397e-06
3.6299999999999998934 6.0141563150044306963e-34 3.9976494008442386985e-06
3.6400000000000001243 7.4041054047128281902e-33 3.9976494008442386985e-06
3.6499999999999999112 8.691308270624008292e-32 1.3991772902954840527e-05
3.6600000000000001421 9.7278721649278466821e-31 -9.7278721649278466821e-31
3.6699999999999999289 1.0381891091023888936e-29 5.9964741012663580477e-06
3.6800000000000001599 1.0564941788661059227e-28 -1.0564941788661059227e-28
3.6899999999999999467 1.0251708594695830316e-27 7.995298801688477397e-06
3.7000000000000001776 9.4857303616555766342e-27 9.9941235021105967462e-06
3.7099999999999999645 8.3694703844559204282e-26 1.1992948202532719484e-05
3.7200000000000001954 7.0418313751089194949e-25 3.9976494008442386985e-06
3.7299999999999999822 5.649915773948649894e-24 9.9941235021105967462e-06
3.7400000000000002132 4.3229065291457474565e-23 9.9941235021105967462e-06
3.75 3.1542538385071604815e-22 3.9976494008442386985e-06
3.7600000000000002309 2.1948983382374947308e-21 7.9952988016884757029e-06
3.7700000000000000178 1.456598675502742612e-20 -1.456598675502742612e-20
3.7800000000000002487 9.2190182061970103762e-20 9.9941235021105052666e-06
3.7900000000000000355 5.5649474933459577494e-19 7.9952988016879217434e-06
3.8000000000000002665 3.2039255090326717444e-18 1.1992948202529516005e-05
3.8100000000000000533 1.7593936345849471603e-17 5.9964741012487643264e-06
3.8200000000000002842 9.215488079040009612e-17 7.9952988015963219064e-06
3.8300000000000000711 4.6043155742296574562e-16 3.9976494003838068349e-06
3.8399999999999998579 2.1944278682501507442e-15 1.1992948200338290898e-05
3.8500000000000000888 9.9771528456078057924e-15 1.9988246904449661209e-06
3.8599999999999998757 4.3275523147768614832e-14 3.9976493575687155595e-06
3.8700000000000001066 1.7908186346061646757e-13 5.9964739221844949463e-06
3.8799999999999998934 7.070656948624044162e-13 1.3991772195889146216e-05
3.8900000000000001243 2.6637562987302319537e-12 1.1992945538776420681e-05
3.8999999999999999112 9.5760435650741078058e-12 9.9941139260670321391e-06
3.9100000000000001421 3.2852466184343432622e-11 7.9952659492222923234e-06
3.9199999999999999289 1.0756644348260329496e-10 3.9975418344007560397e-06
3.9300000000000001599 3.3616553049975158974e-10 1.9984885348916191996e-06
3.9399999999999999467 1.0028639544226398521e-09 9.9931206381561748657e-06
3.9500000000000001776 2.8562304547221783943e-09 1.9959684699673966501e-06
3.9599999999999999645 7.7671636113065615979e-09 5.9887069376550512446e-06
3.9700000000000001954 2.0170273190553758564e-08 1.9786544272315650083e-06
3.9799999999999999822 5.0027739813690450734e-08 3.9476216610305480558e-06
3.9900000000000002132 1.1853268018969138469e-07 3.879116720654547605e-06
4 2.6833780526616439169e-07 1.1724610397266555198e-05
4.0099999999999997868 5.8055355658016894637e-07 1.3411219346374672428e-05
4.0200000000000004619 1.2006963329127163623e-06 7.9812836750940256341e-07
4.0300000000000002487 2.3745665543479078847e-06 -2.3745665543479078847e-06
4.0400000000000000355 4.4920477324571549824e-06 3.5032510692313224146e-06
4.0499999999999998224 8.1317483848563043266e-06 -2.1352742835899462788e-06
4.0600000000000004974 1.4092883066623896915e-05 -8.0964089653575388678e-06
4.0700000000000002842 2.3394821986075257984e-05 -1.3400698483964661238e-05
4.0800000000000000711 3.722268891454868215e-05 -2.9227390112860204753e-05
4.0899999999999998579 5.6802981444610818975e-05 -5.0806507343344460927e-05
4.0999999999999996447 8.3208597775270357597e-05 -7.721212367400399955e-05
4.1100000000000003197 0.00011711629523505891562 -0.00011311864583421467692
4.1200000000000001066 0.00015856496776249666739 -0.00015256849366123030934
4.1299999999999998934 0.0002067799662135738647 -0.000202782316812729626
4.1399999999999996803 0.00026012691162105079255 -0.0002501327881189401958
4.1500000000000003553 0.00031623341678510362819 -0.00031423459208468150885
4.1600000000000001421 0.00037227352548191216608 -0.00036827587608106792738
4.1699999999999999289 0.00042536135560538066791 -0.00042136370620453642922
4.1799999999999997158 0.00047296533162301360479 -0.00046297120812090300805
4.1900000000000003908 0.00051324659202688430182 -0.00050725011792561794377
4.2000000000000001776 0.00054524813525321771859 -0.00053925166115195136054
4.2099999999999999645 0.000568906094560381651 -0.00055891197105827105426
4.2199999999999997513 0.00058490408177380530646 -0.00057690878297211682906
4.2300000000000004263 0.00059442838281729742846 -0.00058643308401560895107
4.2400000000000002132 0.00059889553633349747533 -0.00058690258813096475923
4.25 0.00059971434513281707181 -0.00058972022163070647507
4.2599999999999997868 0.00059811991284848878541 -0.00058812578934637818866
4.2700000000000004619 0.00059508939492459089413 -0.00058709409612290241673
4.2800000000000002487 0.00059132733734765761946 -0.00058133321384554702271
4.2900000000000000355 0.00058729728649950041844 -0.00058329963709865617974
4.2999999999999998224 0.0005832752792425623025 -0.00057927762984171806381
4.3100000000000004974 0.00057940627533527354429 -0.00057340980123400718624
4.3200000000000002842 0.00057575235027831721518 -0.00056575822677620661843
4.3300000000000000711 0.00057232838422915943439 -0.00056633191012789307634
4.3399999999999998579 0.00056912559144822120593 -0.00056312911734695484788
4.3500000000000005329 0.00056612545003825287104 -0.00056612545003825287104
4.3600000000000003197 0.00056330706777002535583 -0.00054931529486707052039
4.3700000000000001066 0.00056065056542076781732 -0.00054865761721823510123
4.3799999999999998934 0.00055813830362263822278 -0.00054614535542010550669
4.3899999999999996803 0.00055575507955232241949 -0.00054576095605021182275
4.4000000000000003553 0.00055348790942403149149 -0.00054749143532276513344
4.4100000000000001421 0.00055132569486901223527 -0.00053733392196605739982
4.4199999999999999289 0.00054925889735901018383 -0.00054326242325774382579
4.4299999999999997158 0.00054727926077419110275 -0.00054328161137334686406
4.4400000000000003908 0.0005453795869584775061 -0.0005373842881567890287
4.4500000000000001776 0.00054355355716567601426 -0.00053555825836398753687
4.4599999999999999645 0.000541795590052572963 -0.00053979676535215084365
4.4699999999999997513 0.00054010072793631838314 -0.0005341042538350520251
4.4800000000000004263 0.00053846454480263854919 -0.00053646572010221642984
4.4900000000000002132 0.00053688307115407356198 -0.00053088659705280720393
4.5 0.00053535273203115271538 -0.00053535273203115271538
4.5099999999999997868 0.00053387029545461572519 -0.00053387029545461572519
4.5200000000000004619 0.00053243282920123621241 -0.00053243282920123621241
4.5300000000000002487 0.00053103766431026352794 -0.00051904471610773081185
4.5400000000000000355 0.00052968236407469797625 -0.00052168706527300949885
4.5499999999999998224 0.00052836469753849465546 -0.00052036939873680617807
4.5600000000000004974 0.00052708261672278374204 -0.00051109201911940678725
4.5700000000000002842 0.00052583423695893953802 -0.00051983776285767317998
4.5800000000000000711 0.00052461781982614588953 -0.00052062017042530165083
4.5899999999999998579 0.00052343175828482055127 -0.00052143293358439843192
4.6000000000000005329 0.00052227456367118295193 -0.00051028161546865023583
4.6100000000000003197 0.00052114485427707201142 -0.00051714720487622777272
4.6200000000000001066 0.00052004134528624290645 -0.00051204604648455442906
4.6299999999999998934 0.00051896283987641720226 -0.00051296636577515084422
4.6399999999999996803 0.0005179082213272518569 -0.00050791409782514126015
4.6500000000000003553 0.00051687644599963044559 -0.0005128787965987862069
4.6600000000000001421 0.00051586653707242865509 -0.00051586653707242865509
4.6699999999999999289 0.00051487757894003562467 -0.00051087992953919138597
4.6799999999999997158 0.00051390871218813267279 -0.00050991106278728843409
4.6900000000000003908 0.00051295912907709580609 -0.00050696265497582944804
4.7000000000000001776 0.00051202806947232718058 -0.00050203394597021658383
4.7099999999999999645 0.00051111481716916936681 -0.00050511834306790300876
4.7199999999999997513 0.0005102186965671251604 -0.00050022457306501456366
4.7300000000000004263 0.00050933906965408668084 -0.00050334259555282032279
4.7400000000000002132 0.00050847533326636934828 -0.00050447768386552510958
4.75 0.00050762691659469083485 -0.00050362926719384659615
4.7599999999999997868 0.0005067932789099617065 -0.00050079680480869534845
4.7700000000000004619 0.00050597390748595232578 -0.00049398095928341960968
4.7800000000000002487 0.00050516831569865792897 -0.00050117066629781369027
4.7900000000000000355 0.00050437604128456253044 -0.00049638074248287405305
4.7999999999999998224 0.00050359664474207400074 -0.00049760017064080764269
4.8100000000000004974 0.00050282970786219420047 -0.00048883793495923936502
4.8200000000000002842 0.00050207483237604659271 -0.00049208070887393599597
4.8300000000000000711 0.00050133163870825733256 -0.00049133751520614673582
4.8399999999999998579 0.00050059976482637617758 -0.00048460916722299922279
4.8500000000000005329 0.00049987886517756873438 -0.00049588121577672449568
4.8600000000000003197 0.00049916860970474494566 -0.00048317801210136799087
4.8700000000000001066 0.00049846868293508528585 -0.00048647573473255256975
4.8799999999999998934 0.00049777878313465753583 -0.00047579171233950892476
4.8899999999999996803 0.00049709862152344400175 -0.0004831068486204891663
4.9000000000000003553 0.00049642792154566196035 -0.00048043732394228500556
4.9100000000000001421 0.00049576641819076567707 -0.00047977582058738872228
4.9199999999999999289 0.00049511385736095050569 -0.00047712443596664613332
4.9299999999999997158 0.00049446999528139211778 -0.00047248292448624350671
4.9400000000000003908 0.00049383459794979185555 -0.00046585105214388218466
4.9500000000000001776 0.00049320744062212565524 -0.0004832133171200150585
4.9599999999999999645 0.00049258830733177295328 -0.00048059535912924023719
4.9699999999999997513 0.00049197699043945352249 -0.0004759863928360765677
4.9800000000000004263 0.00049137329021164022781 -0.00047138504320741903431
4.9900000000000002132 0.00049077701442529740334 -0.00046679111802023197115
5 0.00049018797799701030894 -0.00047019973099278911544
5.0099999999999997868 0.00048960600263470816732 -0.00047561422973175333188
5.0200000000000004619 0.00048903091651035697236 -0.00047104149511605259999
5.0300000000000002487 0.00048846255395211665359 -0.0004684743069478954601
5.0400000000000000355 0.00048790075515459747826 -0.00046991133376029310589
5.0499999999999998224 0.00048734536590594630667 -0.00047335359300299147123
5.0600000000000004974 0.00048679623733060683327 -0.00045881269152469716238
5.0700000000000002842 0.00048625322564668310927 -0.00046626497864246191577
5.0800000000000000711 0.00048571619193692698721 -0.00046972559433355003241
5.0899999999999998579 0.00048518500193243414972 -0.00046919440432905719493
5.1000000000000005329 0.00048465952580822028355 -0.00047066775290526544811
5.1100000000000003197 0.00048413963798989704439 -0.00045015961717322631368
5.1200000000000001066 0.00048362521697073440749 -0.00047363109346862381074
5.1299999999999998934 0.00048311614513844625173 -0.00047312202163633565498
5.1399999999999996803 0.00048261230861108774144 -0.00045662758841509489167
5.1500000000000003553 0.00048211359708149313132 -0.00045812770067642769913
5.1600000000000001421 0.00048161990366972712643 -0.00046363048227542275406
5.1699999999999999289 0.000481131124783060768 -0.00046114287777883957451
5.1799999999999997158 0.00048064715998301344412 -0.00046665538708005860867
5.1900000000000003908 0.00048016791185904095143 -0.00045218436605313128054
5.2000000000000001776 0.0004796932859084727897 -0.00046170386451416841733
5.2099999999999999645 0.00047922319042233445154 -0.00045323847022634160178
5.2199999999999997513 0.00047875753637671231632 -0.00045677046558156370526
5.2300000000000004263 0.00047829623732934770531 -0.00045630916653419909424
5.2400000000000002132 0.00047783920932117533243 -0.00045385331291610990024
5.25 0.00047738637078255786832 -0.00045539929998740925725
5.2599999999999997868 0.00047693764244404032639 -0.0004569493954398191329
5.2700000000000004619 0.00047649294725156317613 -0.00046050234964818622134
5.2800000000000002487 0.00047605221028636940123 -0.00044407101507961549165
5.2900000000000000355 0.00047561535869042906267 -0.00046162358578747422723
5.2999999999999998224 0.0004751823215995776349 -0.00044320112639282372531
5.3100000000000004974 0.00047475303008949313894 -0.00045476478308527194545
5.3200000000000002842 0.00047432741714597848612 -0.00046033564424302365068
5.3300000000000000711 0.00047390541768430554216 -0.0004519183468891569311
5.3399999999999998579 0.00047348696866977553564 -0.00044550342286386586475
5.3500000000000005329 0.00047307200944689091482 -0.00045708141184351396002
5.3600000000000003197 0.00047266048249345086422 -0.00044867458608838543203
5.3700000000000001066 0.00047225233502596171637 -0.0004462676148299688666
5.3799999999999998934 0.00047184752227868472082 -0.00044786162587361928863
5.3899999999999996803 0.00047144601400757974938 -0.00045145776700335855589
5.4000000000000003553 0.00047104780708056751643 -0.00045505720947719056164
5.4100000000000001421 0.00047065294931260075705 -0.00044666705290753532485
5.4199999999999999289 0.00047026158362967380739 -0.00045826863542714109129
5.4299999999999997158 0.00046987402817832637928 -0.00044388930798233352951
5.4400000000000003908 0.00046949091856886114452 -0.00045549914566590630908
5.4500000000000001776 0.00046911345505388168074 -0.00044312873485788883098
5.4599999999999999645 0.00046874382274761068959 -0.0004487555757433894961
5.4699999999999997513 0.00046838589025192939449 -0.00045839176674981879775
5.4800000000000004263 0.00046804634492342040309 -0.000456053396720887687
5.4900000000000002132 0.00046773649496126740209 -0.00043575529975451349251
5.5 0.00046747506175643050103 -0.00044348916535136506884
5.5099999999999997868 0.00046729239985735334826 -0.00044730415285313215477
5.5200000000000004619 0.00046723671057678068091 -0.00044724846357255948742
5.5300000000000002487 0.00046738294463928461943 -0.00043740057504244753096
5.5400000000000000355 0.0004678451940445922338 -0.00045385342114163739835
5.5499999999999998224 0.00046879341436725302994 -0.00044880516736303183644
5.5600000000000004974 0.00047047524218885250708 -0.00045448464458547555228
5.5700000000000002842 0.00047324341201770839856 -0.00045525399062340402619
5.5800000000000000711 0.00047758876135273366096 -0.00045560169055758504989
5.5899999999999998579 0.00048417797791186842219 -0.00046418973090764722869
5.6000000000000005329 0.0004938940536300539955 -0.00047190698283490538443
5.6100000000000003197 0.00050787588277193082987 -0.00047989233696602115898
5.6200000000000001066 0.00052755167281311296686 -0.00050756342580889177336
5.6299999999999998934 0.00055465902469638425024 -0.00053067312829131881805
5.6399999999999996803 0.00059124299269715902775 -0.00056325944689124935686
5.6500000000000003553 0.00063962256060678013714 -0.00059964606659833775016
5.6600000000000001421 0.0007023162329172922538 -0.00067833033651222682161
5.6699999999999999289 0.00078191927962644922588 -0.00074594043683784048114
5.6799999999999997158 0.0008809289091948296728 -0.00085094653959799258433
5.6900000000000003908 0.0010015193510760093867 -0.00094954991068402368713
5.7000000000000001776 0.0011452762301973273221 -0.0010973044373871964578
5.7099999999999999645 0.0013129080136391585963 -0.0012749303452406330305
5.7199999999999997513 0.0015039605907750778786 -0.0014479934991632585368
5.7300000000000004263 0.0017165677808319618116 -0.0016645983404399761121
5.7400000000000002132 0.0019472741971762852053 -0.0018833118067627773861
5.75 0.0021909660518006032238 -0.0021070154125638848076
5.7599999999999997868 0.002440939258163758209 -0.0023509921457352681365
5.7700000000000004619 0.0026891224644235251981 -0.0025392106128013609487
5.7800000000000002487 0.0029264562654553864275 -0.0027805420577770982062
5.7900000000000000355 0.0031434106269515645765 -0.0029974964192732763552
5.7999999999999998224 0.003330603129725951024 -0.0031926842244873300872
5.8100000000000004974 0.0034794640384344173618 -0.0032975709916054992028
5.8200000000000002842 0.0035828833317174137683 -0.0034169808752159149499
5.8300000000000000711 0.0036357719333925029269 -0.0034418859401800414553
5.8399999999999998579 0.0036354755220075049213 -0.0034395907068231054357
5.8500000000000005329 0.0035819940767642024365 -0.0034160916202627036181
5.8600000000000003197 0.0034779818775090530492 -0.0032820970623246535636
5.8700000000000001066 0.0033285279587908396526 -0.0031486337339338595076
5.8799999999999998934 0.0031407423002888170023 -0.0029968269291343820233
5.8899999999999996803 0.0029231945956015568423 -0.0027652874415397253084
5.9000000000000003553 0.002685267222085482245 -0.0025973189389048878008
5.9100000000000001421 0.0024364901721158063394 -0.0023445442377153782529
5.9199999999999999289 0.0021859228087623937264 -0.0021039709987735709384
5.9299999999999997158 0.0019416364416718207009 -0.0018756752292863748677
5.9400000000000003908 0.0017103351150291839881 -0.0016363786002040708704
5.9500000000000001776 0.0014971325743061137097 -0.0014431643083042111891
5.9599999999999999645 0.0013054841634007052775 -0.0012675064950021797117
5.9699999999999997513 0.0011372560201313381203 -0.0010952807005129789122
5.9800000000000004263 0.00099290221193013982089 -0.00096691749173414697112
5.9900000000000002132 0.00087171422826254362816 -0.00084572950806655077839
6 0.00077210640046630806075 -0.00074012520525955415116
6.0099999999999997868 0.00069190445505133051432 -0.00066392090924542084343
6.0200000000000004619 0.00062861113919744583591 -0.00061661819099491311982
6.0300000000000002487 0.00057963113820254277397 -0.00056364054059916581917
6.0400000000000000355 0.00054244590250325270143 -0.00052645530489987574663
6.0499999999999998224 0.00051473640284741559517 -0.00049474815584319440168
6.0600000000000004974 0.00049445753908624700927 -0.00047047164268118157708
6.0700000000000002842 0.00047987166396753203794 -0.00044789046876077812835
6.0800000000000000711 0.000469550523246114787 -0.00044756345245096617593
6.0899999999999998579 0.00046235517540311619946 -0.00044836340250016136402
6.1000000000000005329 0.00045740258073948659263 -0.00045140610663822023458
6.1100000000000003197 0.00045402600323751361646 -0.00044203305503498090036
6.1200000000000001066 0.00045173455653639099606 -0.00042774866013132556387
6.1299999999999998934 0.00045017545667664959951 -0.00042618956027158416732
6.1400000000000005684 0.00044910101700841158776 -0.00043311041940503463296
6.1500000000000003553 0.00044834123124304505305 -0.00043634828304051233696
6.1600000000000001421 0.00044778195599147647965 -0.00042979253459717210728
6.1699999999999999289 0.00044734818843419324377 -0.00043135759083081628897
6.1799999999999997158 0.00044699167442666950341 -0.00041700930482983241494
6.1900000000000003908 0.00044668200581963850293 -0.00042469493502448989186
6.2000000000000001776 0.00044640040681905826699 -0.00043840510801736978959
6.2099999999999999645 0.0004461355139861232044 -0.00043014491638274624961
6.2199999999999997513 0.00044588058385268360042 -0.00042988998624930664563
6.2300000000000004263 0.00044563169079675539952 -0.00042164579439168996733
6.2400000000000002132 0.00044538659173764324085 -0.00042339952094249462978
6.25 0.00044514402747074688794 -0.00042315695667559827687
6.2599999999999997868 0.00044490330240771146751 -0.00042891270480433451272
6.2700000000000004619 0.00044466403735589306095 -0.00042267696656074444988
6.2800000000000002487 0.0004444260272316125711 -0.00042643660583730819873
6.2900000000000000355 0.00044418916090550213723 -0.00041420679130866504877
6.2999999999999998224 0.00044395337699163926401 -0.00041796865679564641424
6.3100000000000004974 0.0004437186399638206615 -0.00043772216586255430345
6.3200000000000002842 0.00044348492751475099586 -0.00042949315461179616042
6.3300000000000000711 0.00044325222399954568222 -0.00042926045109659084677
6.3399999999999998579 0.00044302051710202669521 -0.00042702991949864974042
6.3500000000000005329 0.00044278979617242705076 -0.00042080272537727843969
6.3600000000000003197 0.0004425600514140644033 -0.0004225718044098432098
6.3700000000000001066 0.00044233127349245916597 -0.00041035007828570525638
6.3799999999999998934 0.00044210345335044887519 -0.00043410815454876039779
6.3900000000000005684 0.00044187658212175429237 -0.0004198895113266056813
6.4000000000000003553 0.00044165065109068958387 -0.00041566593089469673411
6.4100000000000001421 0.00044142565167308594641 -0.00041943858087793733534
6.4199999999999999289 0.00044120157540679871225 -0.00042321215401249433988
6.4299999999999997158 0.00044097841394646924333 -0.00041699251754140381114
6.4400000000000003908 0.00044075615906016059765 -0.00042076791205593940415
6.4500000000000001776 0.00044053480262683198873 -0.00041654890622176655654
6.4599999999999999645 0.00044031433663424269761 -0.00042232491523993832524
6.4699999999999997513 0.00044009475317728489509 -0.00041011238358044780662
6.4800000000000004263 0.00043987604445733127735 -0.00041389132426133842758
6.4900000000000002132 0.0004396582027848359585 -0.00040967583318799887003
6.5 0.00043944122059248671031 -0.00042145179919818233794
6.5099999999999997868 0.00043922509048115095662 -0.00041124154467524128573
6.5200000000000004619 0.00043900980536263733544 -0.00041902155835841614195
6.5300000000000002487 0.00043879535887315945005 -0.00042080593747885507768
6.5400000000000000355 0.00043858174650280776479 -0.00040859937690597067633
6.5499999999999998224 0.00043836896851432680415 -0.00040438894769765607344
6.5600000000000004974 0.00043815703708098292356 -0.00039618171746262371546
6.5700000000000002842 0.00043794599279604537467 -0.00041795774579182418118
6.5800000000000000711 0.00043773594075220603056 -0.00039975827235368046469
6.5899999999999998579 0.00043752712493929025095 -0.00041154240474329740118
6.6000000000000005329 0.00043732007274711442437 -0.00039534475312875521627
6.6100000000000003197 0.00043711585873724859239 -0.00040513466353049468281
6.6200000000000001066 0.00043691655578363062769 -0.0004049353605768767181
6.6299999999999998934 0.00043672595508206687705 -0.00037476238664049707191
6.6400000000000005684 0.00043655063210628936195 -0.00037058941972084352874
6.6500000000000003553 0.00043640139739372887017 -0.00039642490338528648319
6.6600000000000001421 0.00043629508491705880011 -0.00038832329210692793572
6.6699999999999999289 0.00043625649387892098717 -0.00040227647306225025646
6.6799999999999997158 0.00043632013135414459901 -0.0003703589189686987658
6.6900000000000003908 0.00043653125094714325879 -0.00038656063252709557329
6.7000000000000001776 0.00043694561670595165803 -0.00037498204826438185288
6.7099999999999999645 0.00043762751249278161389 -0.00032569332926914293033
6.7199999999999997513 0.00043864580125178636791 -0.00037668223281021656276
6.7300000000000004263 0.00044006828554665549606 -0.00037410707316120966285
6.7400000000000002132 0.00044195512140114023196 -0.00037799273098763241279
6.75 0.00044435242920766215889 -0.00036639826316271539896
6.7599999999999997868 0.00044728737058894379791 -0.0003473461337488484269
6.7700000000000004619 0.0004507657358364906418 -0.0003688139258476678538
6.7800000000000002487 0.00045477255178785270292 -0.00035083367100388130385
6.7900000000000000355 0.00045927553125967908064 -0.00034334369681620680904
6.7999999999999998224 0.00046423055875740757651 -0.00035429519750570690698
6.8100000000000004974 0.00046958803327824610255 -0.000357653850054607419
6.8200000000000002842 0.00047529885853865241766 -0.00034537525573969871107
6.8300000000000000711 0.00048131914929536113914 -0.00035139554649640743255
6.8399999999999998579 0.00048761317808268257431 -0.00032570838007697495813
6.8500000000000005329 0.00049415455512333576662 -0.00036023329382859085781
6.8600000000000003197 0.00050092598318440958397 -0.00036700472188966467516
6.8700000000000001066 0.00050791809733837477159 -0.00037999331651135913324
6.8799999999999998934 0.00051512789806961139637 -0.00036721486841938516098
6.8900000000000005684 0.00052255717277547772664 -0.00036065237476977016467
6.9000000000000003553 0.0005302111453777981747 -0.00038029929375563397949
6.9100000000000001421 0.00053809745166814512696 -0.00031422908522086775984
6.9199999999999999289 0.00054622543807599681972 -0.00035233944486353534816
6.9299999999999997158 0.00055460572859435174151 -0.00038670445012091490909
6.9400000000000003908 0.00056324998867137451939 -0.00034737692466376443676
6.9500000000000001776 0.00057217082116743449814 -0.00037228834748724381034
6.9599999999999999645 0.00058138174500922538187 -0.00036151102250582404282
6.9699999999999997513 0.00059089722353760406725 -0.00038901592788547525699
6.9800000000000004263 0.0006007327227748773639 -0.00039485378317887257979
6.9900000000000002132 0.00061090478899578624407 -0.00040502584939978145996
7 0.00062143114066413927907 -0.00042154866698394859127
7.0099999999999997868 0.00063233077304050981822 -0.0003644882504510200006
7.0200000000000004619 0.00064362407552958061235 -0.00038777451387554933565
7.0300000000000002487 0.00065533296279892891412 -0.0003874904402094390965
7.0400000000000000355 0.00066748102128289833745 -0.00040963263765692904672
7.0499999999999998224 0.00068009367311752384581 -0.00040825350658415805434
7.0600000000000004974 0.00069319835995553739493 -0.00042335701539410961749
7.0700000000000002842 0.00070682474954622521134 -0.00043298576104092129741
7.0800000000000000711 0.00072100496846913347208 -0.00044916480193576768061
7.0899999999999998579 0.00073577386500965668084 -0.00047992430335562540414
7.1000000000000005329 0.00075116930688446032546 -0.00040537264007789664466
7.1100000000000003197 0.00076723251939520183129 -0.00050738531379729452653
7.1200000000000001066 0.0007840084706472594386 -0.00043021648684911324495
7.1299999999999998934 0.00080154631176287168947 -0.00046174611087212199655
7.1400000000000005684 0.00081989988160574762445 -0.00042613142926501063924
7.1500000000000003553 0.00083912828749440303289 -0.00051531869148298790895
7.1600000000000001421 0.00085929657581629141118 -0.00050350577004620714928
7.1699999999999999289 0.00088047650949744915832 -0.00053667866466282343734
7.1799999999999997158 0.00090274747311059786673 -0.00053696255748082364311
7.1900000000000003908 0.00092619753125522462193 -0.00051643847403515306775
7.2000000000000001776 0.0009509246720372132233 -0.00056115386364035215773
7.2099999999999999645 0.00097703827545150877601 -0.00052330507664113999969
7.2199999999999997513 0.0010046608568366891586 -0.00058690648262503509157
7.2300000000000004263 0.0010339301491811944862 -0.00058619341628663975199
7.2400000000000002132 0.0010650016061523343708 -0.00059927544640650705354
7.25 0.0010980514321512458396 -0.00065031469925669110541
7.2599999999999997868 0.0011332802794965274491 -0.00066755411975070013189
7.2700000000000004619 0.0011709178016217161068 -0.00068320457108074017852
7.2800000000000002487 0.0012112283272541538547 -0.00072751274065705395441
7.2900000000000000355 0.0012545180552282679618 -0.00070084364140567665703
7.2999999999999998224 0.0013011444490481141861 -0.00074147354020587838246
7.3100000000000004974 0.0013515291753285270555 -0.00070390998330569680766
7.3200000000000002842 0.0014061776351747400527 -0.00075056315526415774871
7.3300000000000000711 0.0014657125702774826629 -0.00074413687798145452569
7.3399999999999998579 0.0015309404549753535645 -0.00077538470184488781853
7.3500000000000005329 0.0016029964659945480487 -0.00074949834892762824505
7.3600000000000003197 0.0016836750945326745856 -0.00068426271157980564711
7.3700000000000001066 0.001776182083575846395 -0.00061286612430107734878
7.3799999999999998934 0.0018867908944854891017 -0.0006035455004791180373
7.3900000000000005684 0.0020283165985223077302 -0.00052120279441291274616
7.4000000000000003553 0.0022269747757940015764 -0.00046601026110634465385
7.4100000000000001421 0.0025350190668097165141 -0.0004222614193996813807
7.4199999999999999289 0.0030522718930263699304 -0.00045579857170774396025
7.4299999999999997158 0.0039596364865474541206 -0.00088144657522664813729
7.4400000000000003908 0.0055658475732101126907 -0.0018360405930919576449
7.4500000000000001776 0.0083638405350495471924 -0.0035846507099915637939
7.4599999999999999645 0.013084462545384749343 -0.0075377241517799939419
7.4699999999999997513 0.020723747093590757368 -0.01393973594939973068
7.4800000000000004263 0.03250940129744033652 -0.024508106379082010562
7.4900000000000002132 0.049769377282722654376 -0.040672725944681825672
7.5 0.073678545563459318934 -0.063056791110873144923
7.5099999999999997868 0.10489362161085857839 -0.092736770021178860368
7.5200000000000004619 0.14313801679528168065 -0.12958398669726065022
7.5300000000000002487 0.18685134627980190536 -0.17155833856326538345
7.5400000000000000355 0.23304723579929140231 -0.21654493924722936771
7.5499999999999998224 0.27750250693446953942 -0.26038057539648373773
7.5600000000000004974 0.31532085100559142932 -0.29678375060109046801
7.5700000000000002842 0.34179193058194584642 -0.32313290142597622667
7.5800000000000000711 0.35334623391331249076 -0.33473517718316131431
7.5899999999999998579 0.34834064930479541333 -0.32992947488825336011
7.6000000000000005329 0.32743682277486657606 -0.30978720014081334577
7.6100000000000003197 0.29345262420844503426 -0.27636467104327150368
7.6200000000000001066 0.25073316465305856005 -0.23500041621911099687
7.6299999999999998934 0.20423545224057476632 -0.19003180415766279809
7.6400000000000005684 0.15859248596148692312 -0.14605985502617560567
7.6500000000000003553 0.11739669465680288574 -0.10627323487062620422
7.6600000000000001421 0.082840526232881905866 -0.073506015109284283948
7.6699999999999999289 0.055723342894731596464 -0.047941918335078791136
7.6799999999999997158 0.035730056021980066694 -0.029495721705875416196
7.6900000000000003908 0.021838776974081743065 -0.016683808269053447548
7.7000000000000001776 0.012723823059079278353 -0.0088820820485325940874
7.7099999999999999645 0.00706640979787753927 -0.0041801070286934267212
7.7199999999999997513 0.0037408437821619621409 -0.0013982212878369199363
7.7300000000000004263 0.0018876780013629146111 -0.00013870636029922464236
7.7400000000000002132 0.00090797142531182355868 0.00034928925395552351714
7.75 0.00041629476559473181218 0.0004392022025479564622
7.7599999999999997868 0.00018193363654567468526 0.00038773141126008164523
7.7700000000000004619 7.5789191738718912107e-05 0.0003219769336497246121
7.7800000000000002487 3.0094203742045807565e-05 0.00026773067753034469419
7.7900000000000000355 1.1390399100248906506e-05 0.00018449441608415061296
7.7999999999999998224 4.1093659952409499443e-06 0.00011981777088789866289
7.8100000000000004974 1.4131552564978721817e-06 4.8557463163549820099e-05
7.8200000000000002842 4.6321600306072759815e-07 4.750857680707013149e-05
7.8300000000000000711 1.4472893299420978233e-07 4.1830590685364998113e-05
7.8399999999999998579 4.3102737598555346895e-08 1.9945144266622634552e-05
7.8500000000000005329 1.2235779517783331363e-08 9.9818877225928140319e-06
7.8600000000000003197 3.3108184678946375265e-09 5.9931632827984632973e-06
7.8700000000000001066 8.5391710401662257417e-10 5.9956201841623416816e-06
7.8799999999999998934 2.0992897351544559246e-10 5.9962641722928427228e-06
7.8900000000000005684 4.9193204448624928748e-11 1.9987755072176701187e-06
7.9000000000000003553 1.0987873864338047746e-11 -1.0987873864338047746e-11
7.9100000000000001421 2.3393640816294444414e-12 -2.3393640816294444414e-12
7.9199999999999999289 4.7474168670885023127e-13 -4.7474168670885023127e-13
7.930000000000000604 9.183159615605818336e-14 1.998824608590522718e-06
7.9400000000000003908 1.6931753639460677888e-14 -1.6931753639460677888e-14
7.9500000000000001776 2.9756828001157702252e-15 -2.9756828001157702252e-15
7.9599999999999999645 4.984780848215400561e-16 -4.984780848215400561e-16
7.9699999999999997513 7.9593959788056905286e-17 1.9988247003425249337e-06
7.9800000000000004263 1.2114029727898466434e-17 -1.2114029727898466434e-17
7.9900000000000002132 1.7574036546105715689e-18 -1.7574036546105715689e-18
8 2.4301253395072662518e-19 -2.4301253395072662518e-19
8.0099999999999997868 3.2030224372514188943e-20 -3.2030224372514188943e-20
8.0199999999999995737 4.0240683837452602343e-21 -4.0240683837452602343e-21
8.0299999999999993605 4.8188643444611344773e-22 -4.8188643444611344773e-22
8.0400000000000009237 5.5004464860294161255e-23 -5.5004464860294161255e-23
8.0500000000000007105 5.9844604992431848295e-24 -5.9844604992431848295e-24
8.0600000000000004974 6.2062006341188998362e-25 -6.2062006341188998362e-25
8.0700000000000002842 6.1347984012833589257e-26 -6.1347984012833589257e-26
8.0800000000000000711 5.7802735792267767013e-27 -5.7802735792267767013e-27
8.0899999999999998579 5.1912273103437848022e-28 -5.1912273103437848022e-28
8.0999999999999996447 4.443909385383835295e-29 -4.443909385383835295e-29
8.1099999999999994316 3.6260499881793497282e-30 -3.6260499881793497282e-30
8.1200000000000009948 2.8201731382738905538e-31 -2.8201731382738905538e-31
8.1300000000000007816 2.090697024335695803e-32 -2.090697024335695803e-32
8.1400000000000005684 1.4773375268974487992e-33 -1.4773375268974487992e-33
8.1500000000000003553 9.9504246342028903599e-35 -9.9504246342028903599e-35
8.1600000000000001421 6.3881736760137907486e-36 -6.3881736760137907486e-36
8.1699999999999999289 3.9091739095283771895e-37 -3.9091739095283771895e-37
8.1799999999999997158 2.2801656974338866444e-38 -2.2801656974338866444e-38
8.1899999999999995026 1.2677129559267178852e-39 -1.2677129559267178852e-39
8.1999999999999992895 6.7181318159000405715e-41 -6.7181318159000405715e-41
8.2100000000000008527 3.3935101475223330762e-42 -3.3935101475223330762e-42
8.2200000000000006395 1.6338899162634090953e-43 1.9988247004221189257e-06
8.2300000000000004263 7.4984139636168161449e-45 -7.4984139636168161449e-45
8.2400000000000002132 3.2801143590963737264e-46 -3.2801143590963737264e-46
8.25 1.3676705138101693919e-47 -1.3676705138101693919e-47
8.2599999999999997868 5.4355924034193360653e-49 -5.4355924034193360653e-49
8.2699999999999995737 2.0591366027562309971e-50 -2.0591366027562309971e-50
8.2799999999999993605 7.4352621863506030515e-52 -7.4352621863506030515e-52
8.2900000000000009237 2.5590586973025044383e-53 -2.5590586973025044383e-53
8.3000000000000007105 8.3953154130302599867e-55 -8.3953154130302599867e-55
8.3100000000000004974 2.6252252731281974645e-56 -2.6252252731281974645e-56
8.3200000000000002842 7.8247218029022058953e-58 -7.8247218029022058953e-58
8.3300000000000000711 2.223023153512049063e-59 -2.223023153512049063e-59
8.3399999999999998579 6.0199349634957546864e-61 -6.0199349634957546864e-61
8.3499999999999996447 1.5538615790165700081e-62 -1.5538615790165700081e-62
8.3599999999999994316 3.823011077543240371e-64 -3.823011077543240371e-64
8.3700000000000009948 8.9654370886356300761e-66 -8.9654370886356300761e-66
8.3800000000000007816 2.0040568900808922101e-67 -2.0040568900808922101e-67
8.3900000000000005684 4.2699351281272936091e-69 -4.2699351281272936091e-69
8.4000000000000003553 8.6717179985362264466e-71 -8.6717179985362264466e-71
8.4100000000000001421 1.6786557409973285474e-72 -1.6786557409973285474e-72
8.4199999999999999289 3.0973532923092021127e-74 -3.0973532923092021127e-74
8.4299999999999997158 5.4474399071163825362e-76 -5.4474399071163825362e-76
8.4399999999999995026 9.1320175404104572191e-78 -9.1320175404104572191e-78
8.4499999999999992895 1.459195896722559548e-79 -1.459195896722559548e-79
8.4600000000000008527 2.2224552484328293472e-81 -2.2224552484328293472e-81
8.4700000000000006395 3.2264504569103314279e-83 -3.2264504569103314279e-83
8.4800000000000004263 4.4646715720212050645e-85 -4.4646715720212050645e-85
8.4900000000000002132 5.8887967233044680354e-87 -5.8887967233044680354e-87
8.5 7.4034837713005729595e-89 -7.4034837713005729595e-89
8.5099999999999997868 8.871931995613410422e-91 -8.871931995613410422e-91
8.5199999999999995737 1.0133810529625943434e-92 -1.0133810529625943434e-92
8.5299999999999993605 1.103315824348224599e-94 -1.103315824348224599e-94
8.5400000000000009237 1.1449839433156342278e-96 -1.1449839433156342278e-96
8.5500000000000007105 1.1325866006953400594e-98 -1.1325866006953400594e-98
8.5600000000000004974 1.0678639059482221368e-100 -1.0678639059482221368e-100
8.5700000000000002842 9.5969416188673072091e-103 -9.5969416188673072091e-103
8.5800000000000000711 8.2209545563961925895e-105 1.9988247004221189257e-06
8.5899999999999998579 6.7124966793025859252e-107 -6.7124966793025859252e-107
8.5999999999999996447 5.2241826733375529207e-109 -5.2241826733375529207e-109
8.6099999999999994316 3.8754760033346098004e-111 -3.8754760033346098004e-111
8.6200000000000009948 2.7403382321226121575e-113 -2.7403382321226121575e-113
8.6300000000000007816 1.8469523916243974827e-115 -1.8469523916243974827e-115
8.6400000000000005684 1.1865325007615275502e-117 -1.1865325007615275502e-117
8.6500000000000003553 7.2656751520844510763e-120 -7.2656751520844510763e-120
8.6600000000000001421 4.2407699007200679043e-122 -4.2407699007200679043e-122
8.6699999999999999289 2.359314456904346627e-124 -2.359314456904346627e-124
8.6799999999999997158 1.2511210499542083348e-126 -1.2511210499542083348e-126
8.6899999999999995026 6.3239031436360957818e-129 -6.3239031436360957818e-129
8.7000000000000010658 3.0467965775203426301e-131 -3.0467965775203426301e-131
8.7100000000000008527 1.3991815630176741256e-133 -1.3991815630176741256e-133
8.7200000000000006395 6.1245903907863456254e-136 -6.1245903907863456254e-136
8.7300000000000004263 2.5553616829603937481e-138 -2.5553616829603937481e-138
8.7400000000000002132 1.0162488285741559978e-140 -1.0162488285741559978e-140
8.75 3.852299839776097234e-143 -3.852299839776097234e-143
8.7599999999999997868 1.3919141425455098357e-145 -1.3919141425455098357e-145
8.7699999999999995737 4.7937695008243738471e-148 -4.7937695008243738471e-148
8.7799999999999993605 1.5736718621142684791e-150 -1.5736718621142684791e-150
8.7900000000000009237 4.9240622848777487489e-153 -4.9240622848777487489e-153
8.8000000000000007105 1.4686057296999645916e-155 -1.4686057296999645916e-155
8.8100000000000004974 4.1750263127068868563e-158 -4.1750263127068868563e-158
8.8200000000000002842 1.1313201687597087562e-160 -1.1313201687597087562e-160
8.8300000000000000711 2.9220265142934218909e-163 -2.9220265142934218909e-163
8.8399999999999998579 7.1937456978004596547e-166 -7.1937456978004596547e-166
8.8499999999999996447 1.6881005540863011418e-168 -1.6881005540863011418e-168
8.8599999999999994316 3.7758422540221961586e-171 -3.7758422540221961586e-171
8.8700000000000009948 8.0501072585722688489e-174 -8.0501072585722688489e-174
8.8800000000000007816 1.6359189492866315703e-176 -1.6359189492866315703e-176
8.8900000000000005684 3.1687953127767443735e-179 -3.1687953127767443735e-179
8.9000000000000003553 5.8505793712222868478e-182 -5.8505793712222868478e-182
8.9100000000000001421 1.0296173335130818196e-184 -1.0296173335130818196e-184
8.9199999999999999289 1.7271302588469233689e-187 -1.7271302588469233689e-187
8.9299999999999997158 2.7615099695562484215e-190 -2.7615099695562484215e-190
8.9399999999999995026 4.2086267343456562981e-193 -4.2086267343456562981e-193
8.9500000000000010658 6.1137330593675417589e-196 -6.1137330593675417589e-196
8.9600000000000008527 8.4653477042071046992e-199 -8.4653477042071046992e-199
8.9700000000000006395 1.1172629372505493229e-201 -1.1172629372505493229e-201
8.9800000000000004263 1.4055239277465268683e-204 -1.4055239277465268683e-204
8.9900000000000002132 1.6853625985552466688e-207 -1.6853625985552466688e-207
9 1.9262857624361659887e-210 -1.9262857624361659887e-210
9.0099999999999997868 2.0985548714001462904e-213 -2.0985548714001462904e-213
9.0199999999999995737 2.1791754271515977141e-216 -2.1791754271515977141e-216
9.0299999999999993605 2.156931254046065593e-219 -2.156931254046065593e-219
9.0400000000000009237 2.0349449166501215625e-222 -2.0349449166501215625e-222
9.0500000000000007105 1.8299585556300732289e-225 -1.8299585556300732289e-225
9.0600000000000004974 1.568563444277094674e-228 -1.568563444277094674e-228
9.0700000000000002842 1.2815488397067060509e-231 -1.2815488397067060509e-231
9.0800000000000000711 9.9802281313809329295e-235 -9.9802281313809329295e-235
9.0899999999999998579 7.4082905674361770044e-238 -7.4082905674361770044e-238
9.0999999999999996447 5.2416470880149834521e-241 -5.2416470880149834521e-241
9.1099999999999994316 3.5350029007965576577e-244 -3.5350029007965576577e-244
9.1200000000000009948 2.2723959031206493753e-247 -2.2723959031206493753e-247
9.1300000000000007816 1.3923564931487529541e-250 -1.3923564931487529541e-250
9.1400000000000005684 8.1318453925134091375e-254 -8.1318453925134091375e-254
9.1500000000000003553 4.5268906209774267471e-257 -4.5268906209774267471e-257
9.1600000000000001421 2.4020558839294999539e-260 -2.4020558839294999539e-260
9.1699999999999999289 1.214894116114935041e-263 -1.214894116114935041e-263
9.1799999999999997158 5.8568751217944264732e-267 -5.8568751217944264732e-267
9.1899999999999995026 2.6913223115693461792e-270 -2.6913223115693461792e-270
9.2000000000000010658 1.1787933292103182238e-273 -1.1787933292103182238e-273
9.2100000000000008527 4.9213226113961742318e-277 -4.9213226113961742318e-277
9.2200000000000006395 1.95838560560581837e-280 -1.95838560560581837e-280
9.2300000000000004263 7.4282546927312022413e-284 -7.4282546927312022413e-284
9.2400000000000002132 2.6856385785505899085e-287 -2.6856385785505899085e-287
9.25 9.2550879293155593101e-291 -9.2550879293155593101e-291
9.2599999999999997868 3.040085034359038131e-294 -3.040085034359038131e-294
9.2699999999999995737 9.5183815990114987075e-298 -9.5183815990114987075e-298
9.2799999999999993605 2.8406170487732531698e-301 -2.8406170487732531698e-301
9.2900000000000009237 8.0804298011503015416e-305 -8.0804298011503015416e-305
9.3000000000000007105 2.1909296247294434132e-308 -2.1909296247294434132e-308
9.3100000000000004974 5.66232230118460308e-312 -5.66232230118460308e-312
9.3200000000000002842 1.3948674305089994597e-315 -1.3948674305089994597e-315
9.3300000000000000711 3.2753093859753757153e-319 -3.2753093859753757153e-319
9.3399999999999998579 6.4228533959362050743e-323 -6.4228533959362050743e-323
9.3499999999999996447 0 0
9.3599999999999994316 0 0
9.3700000000000009948 0 0
9.3800000000000007816 0 0
9.3900000000000005684 0 0
9.4000000000000003553 0 0
9.4100000000000001421 0 0
9.4199999999999999289 0 0
9.4299999999999997158 0 0
9.4399999999999995026 0 0
9.4500000000000010658 0 0
9.4600000000000008527 0 0
9.4700000000000006395 0 0
9.4800000000000004263 0 0
9.4900000000000002132 0 0
9.5 0 0
9.5099999999999997868 0 0
9.5199999999999995737 0 0
9.5299999999999993605 0 0
9.5400000000000009237 0 0
9.5500000000000007105 0 0
9.5600000000000004974 0 0
9.5700000000000002842 0 0
9.5800000000000000711 0 0
9.5899999999999998579 0 0
9.5999999999999996447 0 0
9.6099999999999994316 0 0
9.6200000000000009948 0 0
9.6300000000000007816 0 0
9.6400000000000005684 0 0
9.6500000000000003553 0 0
9.6600000000000001421 0 0
9.6699999999999999289 0 0
9.6799999999999997158 0 0
9.6899999999999995026 0 0
9.7000000000000010658 0 0
9.7100000000000008527 0 0
9.7200000000000006395 0 0
9.7300000000000004263 0 0
9.7400000000000002132 0 0
9.75 0 0
9.7599999999999997868 0 0
9.7699999999999995737 0 0
9.7799999999999993605 0 0
9.7900000000000009237 0 0
9.8000000000000007105 0 0
9.8100000000000004974 0 0
9.8200000000000002842 0 0
9.8300000000000000711 0 0
9.8399999999999998579 0 0
9.8499999999999996447 0 0
9.8599999999999994316 0 0
9.8700000000000009948 0 0
9.8800000000000007816 0 0
9.8900000000000005684 0 0
9.9000000000000003553 0 0
9.9100000000000001421 0 0
9.9199999999999999289 0 0
9.9299999999999997158 0 0
9.9399999999999995026 0 0
9.9500000000000010658 0 0
9.9600000000000008527 0 0
9.9700000000000006395 0 0
9.9800000000000004263 0 0
9.9900000000000002132 0 0
10 0 0
10.009999999999999787 0 0
10.019999999999999574 0 0
10.029999999999999361 0 0
10.040000000000000924 0 0
10.050000000000000711 0 0
10.060000000000000497 0 0
10.070000000000000284 0 0
10.080000000000000071 0 0
10.089999999999999858 0 0
10.099999999999999645 0 0
10.109999999999999432 0 0
10.120000000000000995 0 0
10.130000000000000782 0 0
10.140000000000000568 0 0
10.150000000000000355 0 0
10.160000000000000142 0 0
10.169999999999999929 0 0
10.179999999999999716 0 0
10.189999999999999503 0 0
10.200000000000001066 0 0
10.210000000000000853 0 0
10.220000000000000639 0 0
10.230000000000000426 0 0
