0 2.9378182141144518664e-76 -2.9378182141144518664e-76
0.010000000000000000208 8.9873440550966874338e-75 -8.9873440550966874338e-75
0.020000000000000000416 2.6531557734066931713e-73 -2.6531557734066931713e-73
0.02999999999999999889 7.5582119009536239011e-72 -7.5582119009536239011e-72
0.040000000000000000833 2.0777835840775234599e-70 -2.0777835840775234599e-70
0.050000000000000002776 5.5119655011059028934e-69 -5.5119655011059028934e-69
0.05999999999999999778 1.4110344059534889564e-67 -1.4110344059534889564e-67
0.070000000000000006661 3.4857292369231733525e-66 -3.4857292369231733525e-66
0.080000000000000001665 8.3094949378042359086e-65 -8.3094949378042359086e-65
0.089999999999999996669 1.9115274495425745102e-63 -1.9115274495425745102e-63
0.10000000000000000555 4.2433747028519371454e-62 -4.2433747028519371454e-62
0.11000000000000000056 9.0900685830703241542e-61 -9.0900685830703241542e-61
0.11999999999999999556 1.8790912474752239067e-59 -1.8790912474752239067e-59
0.13000000000000000444 3.7484654500128615737e-58 -3.7484654500128615737e-58
0.14000000000000001332 7.2157933589588994126e-57 -7.2157933589588994126e-57
0.14999999999999999445 1.3404159775570080286e-55 7.3873088695108890533e-05
0.16000000000000000333 2.4028133542568802447e-54 7.7866228821221739054e-05
0.17000000000000001221 4.1564772796276826224e-53 7.1876514994073659182e-05
0.17999999999999999334 6.938342233556974475e-52 6.3890234741847962141e-05
0.19000000000000000222 1.1176632141256415729e-50 6.5886808442883193493e-05
0.2000000000000000111 1.7373652452654026809e-49 6.5886808442883193493e-05
0.20999999999999999223 2.6061309550382129331e-48 6.7883374867960810661e-05
0.22000000000000000111 3.7724741516021766378e-47 6.5886808442883193493e-05
0.23000000000000000999 5.2696435984944201137e-46 9.3838782049715518951e-05
0.23999999999999999112 7.1033161967309974154e-45 0.00011580105638131500646
0.25 9.2398726126418268096e-44 6.9879948568996042013e-05
0.26000000000000000888 1.1598337793053979534e-42 0.00011380448268027980221
0.27000000000000001776 1.4049163129231762064e-41 7.3873088695108890533e-05
0.28000000000000002665 1.6422152858061969994e-40 8.1859368947334587574e-05
0.28999999999999998002 1.8523995126056937176e-39 9.1842215624637901783e-05
0.2999999999999999889 2.0163418245315003524e-38 6.7883374867960810661e-05
0.30999999999999999778 2.1179640888412296802e-37 5.9897098253713920712e-05
0.32000000000000000666 2.1468314973620098246e-36 7.7866228821221739054e-05
0.33000000000000001554 2.0999176195417203353e-35 8.7849075498525053263e-05
0.34000000000000002442 1.98212705514746346e-34 6.1893668316770344973e-05
0.35000000000000003331 1.8054507842616029631e-33 7.1876514994073659182e-05
0.35999999999999998668 1.5869555110724615564e-32 6.5886808442883193493e-05
0.36999999999999999556 1.3460735243155856299e-31 7.3873088695108890533e-05
0.38000000000000000444 1.1017872580085816305e-30 7.5869655120186507702e-05
0.39000000000000001332 8.7026524851239769857e-30 8.5852501797489821911e-05
0.4000000000000000222 6.6333126954245204402e-29 6.3890234741847962141e-05
0.41000000000000003109 4.8790383552793718324e-28 6.9879948568996042013e-05
0.41999999999999998446 3.4630832099006742756e-27 8.1859368947334587574e-05
0.42999999999999999334 2.3720102104844027594e-26 8.7849075498525053263e-05
0.44000000000000000222 1.5678160798595702401e-25 9.9828495876863598824e-05
0.4500000000000000111 9.999967933842185996e-25 7.7866228821221739054e-05
0.46000000000000001998 6.1549854870690004339e-24 7.9862795246299356222e-05
0.47000000000000002887 3.6557828564887977574e-23 5.9897098253713920712e-05
0.47999999999999998224 2.0953601658374924679e-22 6.5886808442883193493e-05
0.48999999999999999112 1.1589425492119599447e-21 7.7866228821221739054e-05
0.5 6.1857172567078060524e-21 7.7866228821221739054e-05
0.51000000000000000888 3.1859808049808197843e-20 8.1859368947334560469e-05
0.52000000000000001776 1.5835113396416597249e-19 7.7866228821221576423e-05
0.53000000000000002665 7.5949362591049822544e-19 6.788337486796005172e-05
0.54000000000000003553 3.5152160445943634718e-18 8.3855935372408694638e-05
0.55000000000000004441 1.5700187648964824629e-17 0.00010781477612907360204
0.56000000000000005329 6.7667884173250200938e-17 8.1859368947266919806e-05
0.57000000000000006217 2.8143965141348940852e-16 9.783192217554692214e-05
0.57999999999999996003 1.129569361333678074e-15 7.9862795245169780189e-05
0.58999999999999996891 4.3748730639571387723e-15 7.9862795241924478483e-05
0.5999999999999999778 1.6350948174093742301e-14 0.00010581820241170315734
0.60999999999999998668 5.8971932566230744596e-14 9.5835355691778812185e-05
0.61999999999999999556 2.0524505922342602841e-13 8.9845641718357615538e-05
0.63000000000000000444 6.8932653285443349293e-13 9.3838781360388979851e-05
0.64000000000000001332 2.2340979598320924896e-12 9.5835353516652793215e-05
0.6500000000000000222 6.9872190963771206478e-12 7.9862788259080257558e-05
0.66000000000000003109 2.1087808249351087904e-11 8.5852480709681578048e-05
0.67000000000000003997 6.141627314754898164e-11 9.7831860759555217964e-05
0.68000000000000004885 1.7260779599893676896e-10 7.1876342386277655878e-05
0.69000000000000005773 4.6812548825967525514e-10 7.9862327120811099613e-05
0.70000000000000006661 1.2251495411489996465e-09 8.1858143797793443902e-05
0.70999999999999996447 3.0941463263589611506e-09 8.3852841226085843198e-05
0.71999999999999997335 7.5408018257153702143e-09 8.1851828145508874002e-05
0.72999999999999998224 1.7734507803212413735e-08 0.00010180732779413799352
0.73999999999999999112 4.0248127928738230007e-08 9.7791674047899634979e-05
0.75 8.8144894550045062945e-08 7.5781510225636465193e-05
0.76000000000000000888 1.8628315002693524013e-07 8.1673085797307655854e-05
0.77000000000000001776 3.7990491886057282829e-07 7.9482890327438776882e-05
0.78000000000000002665 7.4765491552576583386e-07 0.00011106026133967633715
0.79000000000000003553 1.4198824854026411821e-06 8.8425759438200024379e-05
0.80000000000000004441 2.6021273296992790282e-06 9.7226368547164324454e-05
0.81000000000000005329 4.6018199106652132426e-06 9.1233535840085531131e-05
0.82000000000000006217 7.8533621763121825351e-06 0.00010395455407888992119
0.83000000000000007105 1.2933217071893342664e-05 0.00011884039981387304263
0.83999999999999996891 2.0553341589143477421e-05 0.00015913794225806180923
0.8499999999999999778 3.151978498149130177e-05 0.00011223324500665598949
0.85999999999999998668 4.6645417556672023635e-05 0.00016499098729943608506
0.86999999999999999556 6.6613101808071542814e-05 0.0001570027307023327324
0.88000000000000000444 9.1798431638093178661e-05 0.00022565616837011138714
0.89000000000000001332 0.00012207754832729668447 0.00026725358850285436951
0.9000000000000000222 0.00015666113513059350603 0.00028657736793622938043
0.91000000000000003109 0.00019400444121431509141 0.00034107629202906092521
0.92000000000000003997 0.00023183927388336508465 0.00043701162811893973486
0.93000000000000004885 0.00026735436349461166395 0.00057320157120650328322
0.94000000000000005773 0.00029751747403252207496 0.00069477774180513537667
0.95000000000000006661 0.00031949393072742846228 0.00070873950986545660932
0.95999999999999996447 0.00033108360827810537656 0.00076702987547122461302
0.96999999999999997335 0.00033108360827810478025 0.00078100576768719222505
0.97999999999999998224 0.0003194939307274264023 0.00076264690520596060616
0.98999999999999999112 0.00029751747403251882235 0.00073271260574502017088
1 0.00026735436349460754398 0.00067901978091051908189
1.0100000000000000089 0.00023183927388336055811 0.0005188709825143635393
1.0200000000000000178 0.00019400444121431045645 0.00045088760547940204357
1.0300000000000000266 0.00015666113513058906081 0.00031452935609498132528
1.0400000000000000355 0.00012207754832729270002 0.0002353084674939555929
1.0500000000000000444 9.1798431638089763424e-05 0.00018372820068390870001
1.0600000000000000533 6.6613101808068778099e-05 0.00013504045637073602316
1.0700000000000000622 4.6645417556669909441e-05 7.1152205249722680304e-05
1.0800000000000000711 3.1519784981489722901e-05 0.00011023667858157997152
1.0900000000000000799 2.0553341589142366114e-05 6.130602735819222146e-05
1.1000000000000000888 1.2933217071892510878e-05 8.2902138678858232649e-05
1.1100000000000000977 7.8533621763116573747e-06 7.7999139621178167924e-05
1.1200000000000001066 4.6018199106649938611e-06 8.1250681886824833132e-05
1.1300000000000001155 2.602127329699774966e-06 8.1253808042712428929e-05
1.1400000000000001243 1.4198824854064259371e-06 9.4415473265344323096e-05
1.1500000000000001332 7.4765491554640082701e-07 7.5122000204640100628e-05
1.1599999999999999201 3.7990491896528293535e-07 5.5524053208635786028e-05
1.1699999999999999289 1.8628315053252137129e-07 7.5683371969653985404e-05
1.1799999999999999378 8.8144896878699928549e-08 7.9774650349420650735e-05
1.1899999999999999467 4.024813816237156571e-08 5.7860280052495128731e-05
1.1999999999999999556 1.7734550717869586445e-08 8.5834767246771952989e-05
1.2099999999999999645 7.5409735624755944126e-09 4.3916996775700049523e-05
1.2199999999999999734 3.0948022228427964974e-09 5.5900863325378230941e-05
1.2299999999999999822 1.2275404185958680361e-09 7.5868427579767910331e-05
1.2399999999999999911 4.7644443385555195577e-10 8.3855458927978345223e-05
1.25 2.0023971549923474682e-10 6.7883174628245309084e-05
1.2600000000000000089 1.4904224339838568515e-10 7.3872939652865486269e-05
1.2700000000000000178 2.8641746400336968937e-10 6.3889948324383956661e-05
1.2800000000000000266 7.7422094320747780773e-10 6.5886034221939991672e-05
1.2900000000000000355 2.1211936698032821858e-09 6.9877827375326232438e-05
1.3000000000000000444 5.5910806713857963366e-09 5.989150717304253589e-05
1.3100000000000000533 1.4091993899928148875e-08 6.3876142747948034032e-05
1.3200000000000000622 3.3945684715591000062e-08 4.7883732190659789095e-05
1.3300000000000000711 7.8162037301263067424e-08 6.7805212830659541598e-05
1.3400000000000000799 1.7207400425836444872e-07 7.5697581115928140897e-05
1.3500000000000000888 3.6230162672253803372e-07 7.9500493619576821365e-05
1.3600000000000000977 7.298037311926302924e-07 8.9115838192410041303e-05
1.3700000000000001066 1.4069797112647905729e-06 6.6476395156696025594e-05
1.3800000000000001155 2.5971918036272612565e-06 6.7282756765368778216e-05
1.3900000000000001243 4.5927233836183237783e-06 7.3273505437603420358e-05
1.4000000000000001332 7.7845587154674955133e-06 6.2095389853528549888e-05
1.4099999999999999201 1.2655507129238073141e-05 6.7207288117061277999e-05
1.4199999999999999289 1.974851840357407388e-05 5.6121136716612437211e-05
1.4299999999999999378 2.96057890086711782e-05 5.4250146363741023154e-05
1.4399999999999999467 4.2681698949144696389e-05 5.7146796927718902434e-05
1.4499999999999999556 5.924233037600502242e-05 1.6627324744181485282e-05
1.4599999999999999645 7.9273154445616084368e-05 2.6545047982438020801e-05
1.4699999999999999734 0.00010242046804693540898 1.5377154759457187542e-05
1.4799999999999999822 0.000127988264052480451 -4.2009274189397610537e-06
1.4899999999999999911 0.00015500007246147947076 -3.1212735827938780818e-05
1.5 0.00018231806998171239923 1.1349207944866691444e-05
1.5100000000000000089 0.00020879522944820908545 2.0810302337428027717e-05
1.5200000000000000178 0.00023342658052606408015 4.1652315117987300571e-06
1.5300000000000000266 0.00025546645671663378765 -1.7874644678770977438e-05
1.5400000000000000355 0.0002744894558315412892 -1.094222206000851523e-05
1.5500000000000000444 0.00029038941954080801965 -1.2866206241816697132e-05
1.5600000000000000533 0.0003033269118377442293 -6.573509979988141909e-05
1.5700000000000000622 0.00031364622303566485955 -5.2095570241124985328e-05
1.5800000000000000711 0.00032178550625662965872 -4.2265711980645436462e-05
1.5900000000000000799 0.00032819921074304697541 -9.2603965130261782371e-05
1.6000000000000000888 0.00033330365436130756111 -5.5780441062316238592e-05
1.6100000000000000977 0.00033744797431938948788 -0.00011183557538390758194
1.6200000000000001066 0.00034090640288126982738 -0.0001073077236935622244
1.6300000000000001155 0.000343884806479469716 -0.00012825525422129112427
1.6400000000000001243 0.0003465342825148322336 -0.00013489787765872413169
1.6500000000000001332 0.00034896619676982756995 -9.739839065259095572e-05
1.6600000000000001421 0.00035126520254310475725 -0.00011566995693031956421
1.6699999999999999289 0.0003534987174510859499 -0.00011191375801115264988
1.6799999999999999378 0.00035572270424976890069 -9.8165184305384206587e-05
1.6899999999999999467 0.0003579843940328016603 -0.0001303754286722421643
1.6999999999999999556 0.00036032293666032183792 -0.0001446933844021432462
1.7099999999999999645 0.00036276901121398518043 -0.00010321493939643809753
1.7199999999999999734 0.00036534428581111308898 -0.00012775247377325027877
1.7299999999999999822 0.00036806135336512734585 -9.2534721043128868867e-05
1.7399999999999999911 0.00037092444962082089582 -9.3401236321829573302e-05
1.75 0.00037393094790352186243 -0.00012036656080929234846
1.7600000000000000089 0.0003770733857404022526 -9.3560458614262850211e-05
1.7700000000000000178 0.00038034165622974461284 -0.00016271553754648840394
1.7800000000000000266 0.00038372500071978004645 -0.00014014347485476915636
1.7900000000000000355 0.00038721354090941742998 -0.00014562858146948412996
1.8000000000000000444 0.00039079923635539808632 -0.00018914567817659329861
1.8100000000000000533 0.0003944762939239569461 -0.00019881244957230023826
1.8200000000000000622 0.00039824115163915150975 -0.00018061503295589530086
1.8300000000000000711 0.00040209219780455187059 -0.00019245235937352135874
1.8400000000000000799 0.00040602937578339276395 -0.00017243069659568516097
1.8500000000000000888 0.00041005378552325198044 -0.00017246197348538917023
1.8600000000000000977 0.0004141673457894336067 -0.0001645961206491897838
1.8700000000000001066 0.00041837254095743436335 -0.00015282875531273914637
1.8800000000000001155 0.00042267224968457701778 -0.00020704269742639842605
1.8900000000000001243 0.00042706963975369644339 -0.00023939207565426543259
1.9000000000000001332 0.00043156811022578001318 -0.00021394199154252380429
1.9100000000000001421 0.00043617126436792746057 -0.00023451770618912267286
1.9199999999999999289 0.00044088290114764920255 -0.00020528765553486400951
1.9299999999999999378 0.00044570701732022022972 -0.00024205689271633782484
1.9399999999999999467 0.00045064781540440939549 -0.00021704913621670179251
1.9499999999999999556 0.00045570971501810472563 -0.00025006300943722944811
1.9599999999999999645 0.00046089736634292576434 -0.00019735013257139299037
1.9699999999999999734 0.00046621566519454909561 -0.00022263413932953820553
1.9799999999999999822 0.00047166976953454093453 -0.0002201019634173043203
1.9899999999999999911 0.00047726511743296064563 -0.00024765958564732350536
2 0.00048300744657453796105 -0.00024741220096175279512
2.0100000000000002309 0.00048890281544516531968 -0.00028525269084128288769
2.0200000000000000178 0.00049495762636410551866 -0.00026335551360147553285
2.0300000000000002487 0.00050117865055154722093 -0.00031749421930227141736
2.0400000000000000355 0.00050757305544568719936 -0.00029793321701465668751
2.0499999999999998224 0.00051414843451044322121 -0.00029851888225226462948
2.0600000000000000533 0.00052091283980531632829 -0.00027134161466507250539
2.0699999999999998401 0.00052787481762363698892 -0.0003062555660902255999
2.0800000000000000711 0.00053504344754523570048 -0.00030743448218467617737
2.0899999999999998579 0.0005424283852953120039 -0.00031282285350967486363
2.1000000000000000888 0.00055003990985402555994 -0.00027850641038218237151
2.1099999999999998757 0.00055788897532225219678 -0.00034625257046614406776
2.1200000000000001066 0.00056598726811953102653 -0.00034636458301119720047
2.1299999999999998934 0.00057434727017218942507 -0.00032477604503194560217
2.1400000000000001243 0.00058298232884512692 -0.00036136307731171553098
2.1499999999999999112 0.0005919067344822145308 -0.00038626002890133925328
2.1600000000000001421 0.00060113580655092569392 -0.00030564345177049007758
2.1699999999999999289 0.00061068598954029814328 -0.0003371559090914620551
2.1800000000000001599 0.00062057495994230981676 -0.00037699343407729889958
2.1899999999999999467 0.00063082174586081749511 -0.000403212780500257972
2.2000000000000001776 0.00064144686104635438573 -0.00035593735294322219201
2.2099999999999999645 0.00065247245545787602768 -0.00041687720984509080754
2.2200000000000001954 0.00066392248481477963463 -0.00042034095894976871745
2.2299999999999999822 0.00067582290203753404498 -0.00043423794259760074496
2.2400000000000002132 0.00068820187400004545226 -0.00041267524167804697528
2.25 0.00070109002765272507816 -0.00040360112099912707302
2.2600000000000002309 0.00071452073034940189692 -0.00043100780322326249453
2.2700000000000000178 0.00072853041015852651983 -0.00044701406400937990877
2.2800000000000002487 0.00074315892310461678216 -0.00046962884265578069398
2.2900000000000000355 0.00075844997572785247987 -0.00047893018145186825761
2.3000000000000002665 0.00077445161314485064935 -0.00049892498082285217237
2.3100000000000000533 0.00079121678504273315353 -0.00050171414408944567127
2.3199999999999998401 0.00080880400487642087164 -0.00051930136392313338937
2.3300000000000000711 0.00082727812114657939789 -0.00049784409348407865879
2.3399999999999998579 0.00084671122425923812417 -0.00055720858330595064191
2.3500000000000000888 0.00086718371844680443034 -0.00059165708612480595336
2.3599999999999998757 0.00088878559603692620407 -0.00056933441505172877918
2.3700000000000001066 0.00091161796166075361597 -0.00055423194583950532305
2.3799999999999998934 0.00093579486776275650015 -0.00055644657760990862486
2.3900000000000001243 0.00096144554144020919016 -0.00062602179995056037119
2.3999999999999999112 0.00098871710838136167912 -0.00062733795970995815186
2.4100000000000001421 0.0010177779559558143823 -0.00058651885143945719885
2.4199999999999999289 0.0010488219301750590674 -0.00063952509999030135793
2.4300000000000001599 0.0010820736407794473172 -0.00070272535062659955037
2.4399999999999999467 0.0011177952752469372082 -0.0006745567721801143217
2.4500000000000001776 0.0011562955365443283902 -0.00068111191246860271556
2.4599999999999999645 0.0011979417039151825462 -0.0006468884392711855922
2.4700000000000001954 0.0012431765385596568567 -0.00065618499095277142349
2.4799999999999999822 0.0012925431403416230355 -0.00068358931840313812839
2.4900000000000002132 0.0013467234858607166504 -0.00062995487324122721902
2.5 0.0014066011606340407362 -0.0005820178155412076941
2.5100000000000002309 0.0014733669429187702324 -0.0005649276624535249855
2.5200000000000000178 0.0015486984356424700598 -0.00046855412247841514602
2.5300000000000002487 0.0016350614784834066953 -0.000383212132620541681
2.5400000000000000355 0.0017361973871492411385 -0.00024675624380042808156
2.5500000000000002665 0.0018578648297704948057 -0.00011885240307377684978
2.5600000000000000533 0.0020088773031568889736 0.00024125694326695198283
2.5699999999999998401 0.0022023875675334192263 0.00082241590701205959449
2.5800000000000000711 0.0024571926345565674177 0.0010947051911166555578
2.5899999999999998579 0.0027985666186307440149 0.002354580419441603626
2.6000000000000000888 0.0032578313577662030426 0.0036782526556660612854
2.6099999999999998757 0.0038696847580147234434 0.0056819055505322960814
2.6200000000000001066 0.004666430750495762815 0.0084250784799391256752
2.6299999999999998934 0.0056688907141658135061 0.01237211464393412827
2.6400000000000001243 0.0068749771960101135199 0.017445241516081337607
2.6499999999999999112 0.0082484411354701130115 0.023626796687062533858
2.6600000000000001421 0.0097115911360842969297 0.02982448639310767563
2.6699999999999999289 0.011146064117220074591 0.037767902747127379826
2.6800000000000001599 0.012404398247122108007 0.04383697994101112827
2.6899999999999999467 0.013332202498253105036 0.048156161393586874309
2.7000000000000001776 0.01379693852266946491 0.052037956253674834406
2.7099999999999999645 0.013716190405858856571 0.053103015474306243526
2.7200000000000001954 0.013077303326850196405 0.051210247420544363628
2.7299999999999999822 0.01194219454365937419 0.046287765957534629524
2.7400000000000002132 0.010435500558083267431 0.041239722255999831935
2.75 0.0087193978933428166467 0.03455625269731536775
2.7600000000000002309 0.0069623792751821690292 0.027734013439795087569
2.7700000000000000178 0.0053104954423457096865 0.02133772236983480855
2.7800000000000002487 0.0038678312530274908468 0.014967808328056761424
2.7900000000000000355 0.0026892728509073020142 0.010827505275451686922
2.8000000000000002665 0.0017845979912582518763 0.0068565565140541913369
2.8100000000000000533 0.0011300706747729828781 0.0044323730770688017297
2.8199999999999998401 0.00068275696485768178155 0.0028451821219222703761
2.8300000000000000711 0.00039352180384803737111 0.0014952333230082296475
2.8399999999999998579 0.00021635614456969154526 0.00088575038471830238977
2.8500000000000000888 0.00011345670576495405315 0.0004855142694962275669
2.8599999999999998757 5.6744014792240543251e-05 0.00020879977085245466696
2.8700000000000001066 2.7065248338084707828e-05 0.00011668778165006257665
2.8799999999999998934 1.2310706337233274721e-05 5.5572668530727537635e-05
2.8900000000000001243 5.3396527849753335838e-06 3.2595174775117916879e-05
2.8999999999999999112 2.208436282321445199e-06 5.7778430604095496452e-06
2.9100000000000001421 8.7093041886317984199e-07 5.1187793155587423696e-06
2.9199999999999999289 3.2748811932878857929e-07 5.6622216150931328912e-06
2.9300000000000001599 1.1741118967955381006e-07 3.8757284816859436782e-06
2.9399999999999999467 4.0134232496231600298e-08 -4.0134232496231600298e-08
2.9500000000000001776 1.3079851150409593396e-08 1.9834899845323392731e-06
2.9599999999999999645 4.0641041252801293969e-09 -4.0641041252801293969e-09
2.9700000000000001954 1.203909133739822189e-09 -1.203909133739822189e-09
2.9799999999999999822 3.4000309141337040178e-10 -3.4000309141337040178e-10
2.9900000000000002132 9.1543256579669219562e-11 -9.1543256579669219562e-11
3 2.3497346179837151941e-11 -2.3497346179837151941e-11
3.0100000000000002309 5.7498347726177839313e-12 -5.7498347726177839313e-12
3.0200000000000000178 1.341317449273263192e-12 -1.341317449273263192e-12
3.0300000000000002487 2.9829323220511419325e-13 1.9965695373895165763e-06
3.0400000000000000355 6.3239313128409838968e-14 -6.3239313128409838968e-14
3.0500000000000002665 1.2780840567333860298e-14 -1.2780840567333860298e-14
3.0600000000000000533 2.4623915102728215167e-15 -2.4623915102728215167e-15
3.0700000000000002842 4.522487135055199136e-16 -4.522487135055199136e-16
3.0800000000000000711 7.9180360811520055697e-17 -7.9180360811520055697e-17
3.0899999999999998579 1.321524040578715546e-17 -1.321524040578715546e-17
3.1000000000000000888 2.102557343626977239e-18 1.9965698356806460576e-06
3.1099999999999998757 3.1888472596056884355e-19 -3.1888472596056884355e-19
3.1200000000000001066 4.6103162713634053272e-20 1.9965698356827026536e-06
3.1299999999999998934 6.3538511216594572254e-21 -6.3538511216594572254e-21
3.1400000000000001243 8.3473950352276743084e-22 -8.3473950352276743084e-22
3.1499999999999999112 1.0453721628642307212e-22 -1.0453721628642307212e-22
3.1600000000000001421 1.2479450010760196084e-23 -1.2479450010760196084e-23
3.1699999999999999289 1.4201137169970198897e-24 -1.4201137169970198897e-24
3.1800000000000001599 1.5404679214630470266e-25 -1.5404679214630470266e-25
3.1899999999999999467 1.5928791707529702726e-26 -1.5928791707529702726e-26
3.2000000000000001776 1.5700464289773903111e-27 1.9965698356827488169e-06
3.2099999999999999645 1.4751648768036533206e-28 -1.4751648768036533206e-28
3.2200000000000001954 1.3211922495757783833e-29 -1.3211922495757783833e-29
3.2299999999999999822 1.1279449261323113663e-30 -1.1279449261323113663e-30
3.2400000000000002132 9.1792096152672343202e-32 -9.1792096152672343202e-32
3.25 7.1206122238844900012e-33 1.9965698356827488169e-06
3.2600000000000002309 5.2653012713863309508e-34 -5.2653012713863309508e-34
3.2700000000000000178 3.711266897536780062e-35 -3.711266897536780062e-35
3.2800000000000002487 2.4935236486126802918e-36 -2.4935236486126802918e-36
3.2900000000000000355 1.5969688420874685433e-37 -1.5969688420874685433e-37
3.3000000000000002665 9.7492315132467472337e-39 1.9965698356827488169e-06
3.3100000000000000533 5.6732861303306850077e-40 -5.6732861303306850077e-40
3.3200000000000002842 3.1469421477021671382e-41 -3.1469421477021671382e-41
3.3300000000000000711 1.6639184244257469809e-42 -1.6639184244257469809e-42
3.3399999999999998579 8.3861757906378790178e-44 -8.3861757906378790178e-44
3.3500000000000000888 4.0288772615214429312e-45 -4.0288772615214429312e-45
3.3599999999999998757 1.8449804304558994777e-46 -1.8449804304558994777e-46
3.3700000000000001066 8.0535372741007202005e-48 1.9965698356827488169e-06
3.3799999999999998934 3.35095283439351671e-49 1.9965698356827488169e-06
3.3900000000000001243 1.32903451748113591e-50 -1.32903451748113591e-50
3.3999999999999999112 5.0244681602182657296e-52 -5.0244681602182657296e-52
3.4100000000000001421 1.8106288474786132629e-53 -1.8106288474786132629e-53
3.4199999999999999289 6.2194774033998382166e-55 1.9965698356827488169e-06
3.4300000000000001599 2.0364001186418029777e-56 -2.0364001186418029777e-56
3.4399999999999999467 6.3556027876381542806e-58 -6.3556027876381542806e-58
3.4500000000000001776 1.8907515325354226558e-59 -1.8907515325354226558e-59
3.4599999999999999645 5.3616188433030347591e-61 -5.3616188433030347591e-61
3.4700000000000001954 1.4492418509813711252e-62 -1.4492418509813711252e-62
3.4799999999999999822 3.7339539415645481603e-64 -3.7339539415645481603e-64
3.4900000000000002132 9.1702235235989302638e-66 -9.1702235235989302638e-66
3.5 2.146710542725728592e-67 -2.146710542725728592e-67
3.5100000000000002309 4.7901531193829571997e-69 -4.7901531193829571997e-69
3.5200000000000000178 1.0188432888926343867e-70 -1.0188432888926343867e-70
3.5300000000000002487 2.0656047531492461056e-72 -2.0656047531492461056e-72
3.5400000000000000355 3.9917990115718409734e-74 -3.9917990115718409734e-74
3.5500000000000002665 7.3531172013752309426e-76 -7.3531172013752309426e-76
3.5600000000000000533 1.2910868899811179358e-77 -1.2910868899811179358e-77
3.5700000000000002842 2.1608290202273548767e-79 -2.1608290202273548767e-79
3.5800000000000000711 3.4471968330744271959e-81 -3.4471968330744271959e-81
3.5899999999999998579 5.2419431763189727425e-83 -5.2419431763189727425e-83
3.6000000000000000888 7.5979930758482553006e-85 -7.5979930758482553006e-85
3.6099999999999998757 1.049749440466138855e-86 -1.049749440466138855e-86
3.6200000000000001066 1.3824594636046065496e-88 1.9965698356827488169e-06
3.6299999999999998934 1.7353975621725929459e-90 -1.7353975621725929459e-90
3.6400000000000001243 2.0764678757745520669e-92 -2.0764678757745520669e-92
3.6499999999999999112 2.3682685368702788922e-94 -2.3682685368702788922e-94
3.6600000000000001421 2.5746370368443862028e-96 3.9931396713654976338e-06
3.6699999999999999289 2.6679658511314867601e-98 -2.6679658511314867601e-98
3.6800000000000001599 2.6352605501150803508e-100 -2.6352605501150803508e-100
3.6899999999999999467 2.4811084772377696073e-102 -2.4811084772377696073e-102
3.7000000000000001776 2.226623068412649463e-104 -2.226623068412649463e-104
3.7099999999999999645 1.9046986826978914659e-106 1.9965698356827488169e-06
3.7200000000000001954 1.5530461253570896214e-108 -1.5530461253570896214e-108
3.7299999999999999822 1.2070375948541324257e-110 -1.2070375948541324257e-110
3.7400000000000002132 8.9420169069860165908e-113 -8.9420169069860165908e-113
3.75 6.3143449633743790615e-115 -6.3143449633743790615e-115
3.7600000000000002309 4.2500998645192353105e-117 -4.2500998645192353105e-117
3.7700000000000000178 2.7267659699246128642e-119 1.9965698356827488169e-06
3.7800000000000002487 1.6675328072154056946e-121 1.9965698356827488169e-06
3.7900000000000000355 9.7202759347458469813e-124 -9.7202759347458469813e-124
3.8000000000000002665 5.400828441301706069e-126 -5.400828441301706069e-126
3.8100000000000000533 2.8603531214277204468e-128 1.9965698356827488169e-06
3.8200000000000002842 1.4439637981442331117e-130 -1.4439637981442331117e-130
3.8300000000000000711 6.9481669811115210328e-133 -6.9481669811115210328e-133
3.8399999999999998579 3.1868482579180266594e-135 -3.1868482579180266594e-135
3.8500000000000000888 1.3932518514329758822e-137 3.9931396713654976338e-06
3.8599999999999998757 5.8059713817660632014e-140 -5.8059713817660632014e-140
3.8700000000000001066 2.3062006245316319045e-142 -2.3062006245316319045e-142
3.8799999999999998934 8.7316461842440617738e-145 1.9965698356827488169e-06
3.8900000000000001243 3.1511707843629367014e-147 -3.1511707843629367014e-147
3.8999999999999999112 1.0839879196272580574e-149 -1.0839879196272580574e-149
3.9100000000000001421 3.5542956909427337509e-152 -3.5542956909427337509e-152
3.9199999999999999289 1.1108596813039477378e-154 -1.1108596813039477378e-154
3.9300000000000001599 3.3093394517920725023e-157 1.9965698356827488169e-06
3.9399999999999999467 9.3972292239560849984e-160 -9.3972292239560849984e-160
3.9500000000000001776 2.543517008514819444e-162 -2.543517008514819444e-162
3.9599999999999999645 6.5621435266311061977e-165 -6.5621435266311061977e-165
3.9700000000000001954 1.6137378696009040193e-167 -1.6137378696009040193e-167
3.9799999999999999822 3.7826519104929543114e-170 1.9965698356827488169e-06
3.9900000000000002132 8.4515394700163681678e-173 -8.4515394700163681678e-173
4 1.799911973998619278e-175 -1.799911973998619278e-175
4.0099999999999997868 3.6537821009278177849e-178 -3.6537821009278177849e-178
4.0200000000000004619 7.0698450959723674142e-181 -7.0698450959723674142e-181
4.0300000000000002487 1.303926078437764268e-183 -1.303926078437764268e-183
4.0400000000000000355 2.2923018578765360938e-186 -2.2923018578765360938e-186
4.0499999999999998224 3.8411949422541460831e-189 -3.8411949422541460831e-189
4.0600000000000004974 6.1353104493089812439e-192 -6.1353104493089812439e-192
4.0700000000000002842 9.3407626726391465552e-195 -9.3407626726391465552e-195
4.0800000000000000711 1.3555129803261250318e-197 -1.3555129803261250318e-197
4.0899999999999998579 1.8749967587302327629e-200 -1.8749967587302327629e-200
4.0999999999999996447 2.4721385677620615399e-203 -2.4721385677620615399e-203
4.1100000000000003197 3.1068515220326622644e-206 -3.1068515220326622644e-206
4.1200000000000001066 3.7217186562702253001e-209 -3.7217186562702253001e-209
4.1299999999999998934 4.2495396560776450716e-212 1.9965698356827488169e-06
4.1399999999999996803 4.6250400072392099018e-215 -4.6250400072392099018e-215
4.1500000000000003553 4.7980450055477743158e-218 1.9965698356827488169e-06
4.1600000000000001421 4.7444766478109946446e-221 -4.7444766478109946446e-221
4.1699999999999999289 4.4718521812543216981e-224 -4.4718521812543216981e-224
4.1799999999999997158 4.0175533578429167281e-227 1.9965698356827488169e-06
4.1900000000000003908 3.4404156508678328074e-230 -3.4404156508678328074e-230
4.2000000000000001776 2.8082462198803083115e-233 -2.8082462198803083115e-233
4.2099999999999999645 2.184914360047943541e-236 -2.184914360047943541e-236
4.2199999999999997513 1.6203490704390705004e-239 -1.6203490704390705004e-239
4.2300000000000004263 1.145401219261431213e-242 -1.145401219261431213e-242
4.2400000000000002132 7.7175873255060787843e-246 -7.7175873255060787843e-246
4.25 4.95655901701765419e-249 -4.95655901701765419e-249
4.2599999999999997868 3.0342669977973406737e-252 -3.0342669977973406737e-252
4.2700000000000004619 1.7705249576390048233e-255 -1.7705249576390048233e-255
4.2800000000000002487 9.8474781518284502317e-259 -9.8474781518284502317e-259
4.2900000000000000355 5.2206271622353932584e-262 -5.2206271622353932584e-262
4.2999999999999998224 2.6381226227000947767e-265 -2.6381226227000947767e-265
4.3100000000000004974 1.2706966709945045579e-268 -1.2706966709945045579e-268
4.3200000000000002842 5.8339592182504452783e-272 -5.8339592182504452783e-272
4.3300000000000000711 2.5530506875660557356e-275 1.9965698356827488169e-06
4.3399999999999998579 1.064951934107259926e-278 -1.064951934107259926e-278
4.3500000000000005329 4.2342360657631809031e-282 -4.2342360657631809031e-282
4.3600000000000003197 1.6047027206086161875e-285 -1.6047027206086161875e-285
4.3700000000000001066 5.7968030263982972758e-289 -5.7968030263982972758e-289
4.3799999999999998934 1.9959832945228009385e-292 1.9965698356827488169e-06
4.3899999999999996803 6.5508798951311215349e-296 -6.5508798951311215349e-296
4.4000000000000003553 2.0493527596104454019e-299 1.9965698356827488169e-06
4.4100000000000001421 6.1109415058235731508e-303 3.9931396713654976338e-06
4.4199999999999999289 1.7368960515030753556e-306 -1.7368960515030753556e-306
4.4299999999999997158 4.7055869050996837396e-310 1.9965698356827488169e-06
4.4400000000000003908 1.2151447454321228178e-313 1.9965698356827488169e-06
4.4500000000000001776 2.991000298207322074e-317 -2.991000298207322074e-317
4.4599999999999999645 7.0157321709457009273e-321 -7.0157321709457009273e-321
4.4699999999999997513 0 0
4.4800000000000004263 0 0
4.4900000000000002132 0 0
4.5 0 0
4.5099999999999997868 0 0
4.5200000000000004619 0 0
4.5300000000000002487 0 0
4.5400000000000000355 0 0
4.5499999999999998224 0 0
4.5600000000000004974 0 0
4.5700000000000002842 0 0
4.5800000000000000711 0 0
4.5899999999999998579 0 1.9965698356827488169e-06
4.6000000000000005329 0 0
4.6100000000000003197 0 0
4.6200000000000001066 0 0
4.6299999999999998934 0 1.9965698356827488169e-06
4.6399999999999996803 0 0
4.6500000000000003553 0 0
4.6600000000000001421 0 0
4.6699999999999999289 0 0
4.6799999999999997158 0 0
4.6900000000000003908 0 0
4.7000000000000001776 0 0
4.7099999999999999645 0 1.9965698356827488169e-06
4.7199999999999997513 0 0
4.7300000000000004263 0 0
4.7400000000000002132 0 0
4.75 0 0
4.7599999999999997868 0 0
4.7700000000000004619 0 0
4.7800000000000002487 0 0
4.7900000000000000355 0 1.9965698356827488169e-06
4.7999999999999998224 0 0
4.8100000000000004974 0 0
4.8200000000000002842 0 0
4.8300000000000000711 0 0
4.8399999999999998579 0 0
4.8500000000000005329 0 1.9965698356827488169e-06
4.8600000000000003197 0 0
4.8700000000000001066 0 0
4.8799999999999998934 0 1.9965698356827488169e-06
4.8899999999999996803 0 0
4.9000000000000003553 0 0
4.9100000000000001421 0 0
4.9199999999999999289 0 0
4.9299999999999997158 0 0
4.9400000000000003908 0 0
4.9500000000000001776 0 1.9965698356827488169e-06
4.9599999999999999645 0 1.9965698356827488169e-06
4.9699999999999997513 0 0
4.9800000000000004263 0 0
4.9900000000000002132 0 0
5 0 0
5.0099999999999997868 0 1.9965698356827488169e-06
5.0200000000000004619 0 0
5.0300000000000002487 0 0
5.0400000000000000355 0 0
5.0499999999999998224 0 0
5.0600000000000004974 0 0
5.0700000000000002842 0 3.9931396713654976338e-06
5.0800000000000000711 0 0
5.0899999999999998579 0 0
5.1000000000000005329 0 0
5.1100000000000003197 0 0
5.1200000000000001066 0 1.9965698356827488169e-06
5.1299999999999998934 0 0
5.1399999999999996803 0 1.9965698356827488169e-06
5.1500000000000003553 0 1.9965698356827488169e-06
5.1600000000000001421 0 1.9965698356827488169e-06
5.1699999999999999289 0 1.9965698356827488169e-06
5.1799999999999997158 0 0
5.1900000000000003908 0 0
5.2000000000000001776 0 0
5.2099999999999999645 0 3.9931396713654976338e-06
5.2199999999999997513 0 1.9965698356827488169e-06
5.2300000000000004263 0 0
5.2400000000000002132 0 0
5.25 0 1.9965698356827488169e-06
5.2599999999999997868 0 1.9965698356827488169e-06
5.2700000000000004619 0 1.9965698356827488169e-06
5.2800000000000002487 0 7.9862793427309952676e-06
5.2900000000000000355 0 5.989709734421921894e-06
5.2999999999999998224 0 9.9828494057874195278e-06
5.3100000000000004974 0 9.9828494057874195278e-06
5.3200000000000002842 0 1.19794194688438404e-05
5.3300000000000000711 0 1.19794194688438404e-05
5.3399999999999998579 0 1.3975989531900269742e-05
5.3500000000000005329 0 1.3975989531900269742e-05
5.3600000000000003197 0 1.19794194688438404e-05
5.3700000000000001066 0 1.7969128748518411407e-05
5.3799999999999998934 0 1.7969128748518411407e-05
5.3899999999999996803 0 1.9965698811574839056e-05
5.4000000000000003553 0 3.9931397623149678111e-05
5.4100000000000001421 0 2.3958838937687690964e-05
5.4199999999999999289 0 2.3958838937687690964e-05
5.4299999999999997158 0 4.1927967686206102371e-05
5.4400000000000003908 0 2.1962268874631259928e-05
5.4500000000000001776 0 1.5972558685461990535e-05
5.4599999999999999645 0 1.5972558685461990535e-05
5.4699999999999997513 0 2.7951979063800539484e-05
5.4800000000000004263 0 2.3958838937687690964e-05
5.4900000000000002132 0 1.19794194688438404e-05
5.5 0 7.9862793427309952676e-06
5.5099999999999997868 0 1.19794194688438404e-05
5.5200000000000004619 0 1.9965698811574839056e-05
5.5300000000000002487 0 9.9828494057874195278e-06
5.5400000000000000355 0 5.989709734421921894e-06
5.5499999999999998224 0 5.989709734421921894e-06
5.5600000000000004974 0 0
5.5700000000000002842 0 1.9965698356827488169e-06
5.5800000000000000711 0 1.9965698356827488169e-06
5.5899999999999998579 0 0
5.6000000000000005329 0 1.9965698356827488169e-06
5.6100000000000003197 0 0
5.6200000000000001066 0 0
5.6299999999999998934 0 0
5.6399999999999996803 0 0
5.6500000000000003553 0 0
5.6600000000000001421 0 0
5.6699999999999999289 0 0
5.6799999999999997158 0 0
5.6900000000000003908 0 0
5.7000000000000001776 0 0
5.7099999999999999645 0 0
5.7199999999999997513 0 0
5.7300000000000004263 0 0
5.7400000000000002132 0 0
5.75 0 0
5.7599999999999997868 0 0
5.7700000000000004619 0 0
5.7800000000000002487 0 0
5.7900000000000000355 0 0
5.7999999999999998224 0 0
5.8100000000000004974 0 0
5.8200000000000002842 0 0
5.8300000000000000711 0 0
5.8399999999999998579 0 0
5.8500000000000005329 0 0
5.8600000000000003197 0 0
5.8700000000000001066 0 0
5.8799999999999998934 0 0
5.8899999999999996803 0 0
5.9000000000000003553 0 0
5.9100000000000001421 0 0
5.9199999999999999289 0 0
5.9299999999999997158 0 0
5.9400000000000003908 0 0
5.9500000000000001776 0 0
5.9599999999999999645 0 0
5.9699999999999997513 0 0
5.9800000000000004263 0 0
5.9900000000000002132 0 0
6 0 0
6.0099999999999997868 0 0
6.0200000000000004619 0 0
6.0300000000000002487 0 0
6.0400000000000000355 0 0
6.0499999999999998224 0 0
6.0600000000000004974 0 0
6.0700000000000002842 0 0
6.0800000000000000711 0 0
6.0899999999999998579 0 0
6.1000000000000005329 0 0
6.1100000000000003197 0 0
6.1200000000000001066 0 0
6.1299999999999998934 0 0
6.1400000000000005684 0 0
6.1500000000000003553 0 0
6.1600000000000001421 0 0
6.1699999999999999289 0 0
6.1799999999999997158 0 0
6.1900000000000003908 0 0
6.2000000000000001776 0 0
6.2099999999999999645 0 0
6.2199999999999997513 0 0
6.2300000000000004263 0 0
6.2400000000000002132 0 0
6.25 0 0
6.2599999999999997868 0 0
6.2700000000000004619 0 0
6.2800000000000002487 0 0
6.2900000000000000355 0 0
6.2999999999999998224 0 0
6.3100000000000004974 0 0
6.3200000000000002842 0 0
6.3300000000000000711 0 0
6.3399999999999998579 0 0
6.3500000000000005329 0 0
6.3600000000000003197 0 0
6.3700000000000001066 0 0
6.3799999999999998934 0 0
6.3900000000000005684 0 0
6.4000000000000003553 0 0
6.4100000000000001421 0 0
6.4199999999999999289 0 0
6.4299999999999997158 0 0
6.4400000000000003908 0 0
6.4500000000000001776 0 0
6.4599999999999999645 0 0
6.4699999999999997513 0 0
6.4800000000000004263 0 0
6.4900000000000002132 0 0
6.5 0 0
6.5099999999999997868 0 0
6.5200000000000004619 0 0
6.5300000000000002487 0 0
6.5400000000000000355 0 0
6.5499999999999998224 0 0
6.5600000000000004974 0 0
6.5700000000000002842 0 0
6.5800000000000000711 0 0
6.5899999999999998579 0 0
6.6000000000000005329 0 0
6.6100000000000003197 0 0
6.6200000000000001066 0 0
6.6299999999999998934 0 0
6.6400000000000005684 0 0
6.6500000000000003553 0 0
6.6600000000000001421 0 0
6.6699999999999999289 0 0
6.6799999999999997158 0 0
6.6900000000000003908 0 0
6.7000000000000001776 0 0
6.7099999999999999645 0 0
6.7199999999999997513 0 0
6.7300000000000004263 0 0
6.7400000000000002132 0 0
6.75 0 0
6.7599999999999997868 0 0
6.7700000000000004619 0 0
6.7800000000000002487 0 0
6.7900000000000000355 0 0
6.7999999999999998224 0 0
6.8100000000000004974 0 0
6.8200000000000002842 0 0
6.8300000000000000711 0 0
6.8399999999999998579 0 0
6.8500000000000005329 0 0
6.8600000000000003197 0 0
6.8700000000000001066 0 0
6.8799999999999998934 0 0
6.8900000000000005684 0 0
6.9000000000000003553 0 0
6.9100000000000001421 0 0
6.9199999999999999289 0 0
6.9299999999999997158 0 0
6.9400000000000003908 0 0
6.9500000000000001776 0 0
6.9599999999999999645 0 0
6.9699999999999997513 0 0
6.9800000000000004263 0 0
6.9900000000000002132 0 0
7 0 0
7.0099999999999997868 0 0
7.0200000000000004619 0 0
7.0300000000000002487 0 0
7.0400000000000000355 0 0
7.0499999999999998224 0 0
7.0600000000000004974 0 0
7.0700000000000002842 0 0
7.0800000000000000711 0 0
7.0899999999999998579 0 0
7.1000000000000005329 0 0
7.1100000000000003197 0 0
7.1200000000000001066 0 0
7.1299999999999998934 0 0
7.1400000000000005684 0 0
7.1500000000000003553 0 0
7.1600000000000001421 0 0
7.1699999999999999289 0 0
7.1799999999999997158 0 0
7.1900000000000003908 0 0
7.2000000000000001776 0 0
7.2099999999999999645 0 0
7.2199999999999997513 0 0
7.2300000000000004263 0 0
7.2400000000000002132 0 0
7.25 0 0
7.2599999999999997868 0 0
7.2700000000000004619 0 0
7.2800000000000002487 0 0
7.2900000000000000355 0 0
7.2999999999999998224 0 0
7.3100000000000004974 0 0
7.3200000000000002842 0 0
7.3300000000000000711 0 0
7.3399999999999998579 0 0
7.3500000000000005329 0 0
7.3600000000000003197 0 0
7.3700000000000001066 0 0
7.3799999999999998934 0 0
7.3900000000000005684 0 0
7.4000000000000003553 0 0
7.4100000000000001421 0 0
7.4199999999999999289 0 0
7.4299999999999997158 0 0
7.4400000000000003908 0 0
7.4500000000000001776 0 0
7.4599999999999999645 0 0
7.4699999999999997513 0 0
7.4800000000000004263 0 0
7.4900000000000002132 0 0
7.5 0 0
7.5099999999999997868 0 0
7.5200000000000004619 0 0
7.5300000000000002487 0 0
7.5400000000000000355 0 0
7.5499999999999998224 0 0
7.5600000000000004974 0 0
7.5700000000000002842 0 0
7.5800000000000000711 0 0
7.5899999999999998579 0 0
7.6000000000000005329 0 0
7.6100000000000003197 0 0
7.6200000000000001066 0 0
7.6299999999999998934 0 0
7.6400000000000005684 0 0
7.6500000000000003553 0 0
7.6600000000000001421 0 0
7.6699999999999999289 0 0
7.6799999999999997158 0 0
7.6900000000000003908 0 0
7.7000000000000001776 0 0
7.7099999999999999645 0 0
7.7199999999999997513 0 0
7.7300000000000004263 0 0
7.7400000000000002132 0 0
7.75 0 0
7.7599999999999997868 0 0
7.7700000000000004619 0 0
7.7800000000000002487 0 0
7.7900000000000000355 0 0
7.7999999999999998224 0 0
7.8100000000000004974 0 0
7.8200000000000002842 0 0
7.8300000000000000711 0 0
7.8399999999999998579 0 0
7.8500000000000005329 0 0
7.8600000000000003197 0 0
7.8700000000000001066 0 0
7.8799999999999998934 0 0
7.8900000000000005684 0 0
7.9000000000000003553 0 0
7.9100000000000001421 0 0
7.9199999999999999289 0 0
7.930000000000000604 0 0
7.9400000000000003908 0 0
7.9500000000000001776 0 0
7.9599999999999999645 0 0
7.9699999999999997513 0 0
7.9800000000000004263 0 0
7.9900000000000002132 0 0
8 0 0
8.0099999999999997868 0 0
8.0199999999999995737 0 0
8.0299999999999993605 0 0
8.0400000000000009237 0 0
8.0500000000000007105 0 0
8.0600000000000004974 0 0
8.0700000000000002842 0 0
8.0800000000000000711 0 0
8.0899999999999998579 0 0
8.0999999999999996447 0 0
8.1099999999999994316 0 0
8.1200000000000009948 0 0
8.1300000000000007816 0 0
8.1400000000000005684 0 0
8.1500000000000003553 0 0
8.1600000000000001421 0 0
8.1699999999999999289 0 0
8.1799999999999997158 0 0
8.1899999999999995026 0 0
8.1999999999999992895 0 0
8.2100000000000008527 0 0
8.2200000000000006395 0 0
8.2300000000000004263 0 0
8.2400000000000002132 0 0
8.25 0 0
8.2599999999999997868 0 0
8.2699999999999995737 0 0
8.2799999999999993605 0 0
8.2900000000000009237 0 0
8.3000000000000007105 0 0
8.3100000000000004974 0 0
8.3200000000000002842 0 0
8.3300000000000000711 0 0
8.3399999999999998579 0 0
8.3499999999999996447 0 0
8.3599999999999994316 0 0
8.3700000000000009948 0 0
8.3800000000000007816 0 0
8.3900000000000005684 0 0
8.4000000000000003553 0 0
8.4100000000000001421 0 0
8.4199999999999999289 0 0
8.4299999999999997158 0 0
8.4399999999999995026 0 0
8.4499999999999992895 0 0
8.4600000000000008527 0 0
8.4700000000000006395 0 0
8.4800000000000004263 0 0
8.4900000000000002132 0 0
8.5 0 0
8.5099999999999997868 0 0
8.5199999999999995737 0 0
8.5299999999999993605 0 0
8.5400000000000009237 0 0
8.5500000000000007105 0 0
8.5600000000000004974 0 0
8.5700000000000002842 0 0
8.5800000000000000711 0 0
8.5899999999999998579 0 0
8.5999999999999996447 0 0
8.6099999999999994316 0 0
8.6200000000000009948 0 0
8.6300000000000007816 0 0
8.6400000000000005684 0 0
8.6500000000000003553 0 0
8.6600000000000001421 0 0
8.6699999999999999289 0 0
8.6799999999999997158 0 0
8.6899999999999995026 0 0
8.7000000000000010658 0 0
8.7100000000000008527 0 0
8.7200000000000006395 0 0
8.7300000000000004263 0 0
8.7400000000000002132 0 0
8.75 0 0
8.7599999999999997868 0 0
8.7699999999999995737 0 0
8.7799999999999993605 0 0
8.7900000000000009237 0 0
8.8000000000000007105 0 0
8.8100000000000004974 0 0
8.8200000000000002842 0 0
8.8300000000000000711 0 0
8.8399999999999998579 0 0
8.8499999999999996447 0 0
8.8599999999999994316 0 0
8.8700000000000009948 0 0
8.8800000000000007816 0 0
8.8900000000000005684 0 0
8.9000000000000003553 0 0
8.9100000000000001421 0 0
8.9199999999999999289 0 0
8.9299999999999997158 0 0
8.9399999999999995026 0 0
8.9500000000000010658 0 0
8.9600000000000008527 0 0
8.9700000000000006395 0 0
8.9800000000000004263 0 0
8.9900000000000002132 0 0
9 0 0
9.0099999999999997868 0 0
9.0199999999999995737 0 0
9.0299999999999993605 0 0
9.0400000000000009237 0 0
9.0500000000000007105 0 0
9.0600000000000004974 0 0
9.0700000000000002842 0 0
9.0800000000000000711 0 0
9.0899999999999998579 0 0
9.0999999999999996447 0 0
9.1099999999999994316 0 0
9.1200000000000009948 0 0
9.1300000000000007816 0 0
9.1400000000000005684 0 0
9.1500000000000003553 0 0
9.1600000000000001421 0 0
9.1699999999999999289 0 0
9.1799999999999997158 0 0
9.1899999999999995026 0 0
9.2000000000000010658 0 0
9.2100000000000008527 0 0
9.2200000000000006395 0 0
9.2300000000000004263 0 0
9.2400000000000002132 0 0
9.25 0 0
9.2599999999999997868 0 0
9.2699999999999995737 0 0
9.2799999999999993605 0 0
9.2900000000000009237 0 0
9.3000000000000007105 0 0
9.3100000000000004974 0 0
9.3200000000000002842 0 0
9.3300000000000000711 0 0
9.3399999999999998579 0 0
9.3499999999999996447 0 0
9.3599999999999994316 0 0
9.3700000000000009948 0 0
9.3800000000000007816 0 0
9.3900000000000005684 0 0
9.4000000000000003553 0 0
9.4100000000000001421 0 0
9.4199999999999999289 0 0
9.4299999999999997158 0 0
9.4399999999999995026 0 0
9.4500000000000010658 0 0
9.4600000000000008527 0 0
9.4700000000000006395 0 0
9.4800000000000004263 0 0
9.4900000000000002132 0 0
9.5 0 0
9.5099999999999997868 0 0
9.5199999999999995737 0 0
9.5299999999999993605 0 0
9.5400000000000009237 0 0
9.5500000000000007105 0 0
9.5600000000000004974 0 0
9.5700000000000002842 0 0
9.5800000000000000711 0 0
9.5899999999999998579 0 0
9.5999999999999996447 0 0
9.6099999999999994316 0 0
9.6200000000000009948 0 0
9.6300000000000007816 0 0
9.6400000000000005684 0 0
9.6500000000000003553 0 0
9.6600000000000001421 0 0
9.6699999999999999289 0 0
9.6799999999999997158 0 0
9.6899999999999995026 0 0
9.7000000000000010658 0 0
9.7100000000000008527 0 0
9.7200000000000006395 0 0
9.7300000000000004263 0 0
9.7400000000000002132 0 0
9.75 0 0
9.7599999999999997868 0 0
9.7699999999999995737 0 0
9.7799999999999993605 0 0
9.7900000000000009237 0 0
9.8000000000000007105 0 0
9.8100000000000004974 0 0
9.8200000000000002842 0 0
9.8300000000000000711 0 0
9.8399999999999998579 0 0
9.8499999999999996447 0 0
9.8599999999999994316 0 0
9.8700000000000009948 0 0
9.8800000000000007816 0 0
9.8900000000000005684 0 0
9.9000000000000003553 0 0
9.9100000000000001421 0 0
9.9199999999999999289 0 0
9.9299999999999997158 0 0
9.9399999999999995026 0 0
9.9500000000000010658 0 0
9.9600000000000008527 0 0
9.9700000000000006395 0 0
9.9800000000000004263 0 0
9.9900000000000002132 0 0
10 0 0
10.009999999999999787 0 0
10.019999999999999574 0 0
10.029999999999999361 0 0
10.040000000000000924 0 0
10.050000000000000711 0 0
10.060000000000000497 0 0
10.070000000000000284 0 0
10.080000000000000071 0 0
10.089999999999999858 0 0
10.099999999999999645 0 0
10.109999999999999432 0 0
10.120000000000000995 0 0
10.130000000000000782 0 0
10.140000000000000568 0 0
10.150000000000000355 0 0
10.160000000000000142 0 0
10.169999999999999929 0 0
10.179999999999999716 0 0
10.189999999999999503 0 0
10.200000000000001066 0 0
10.210000000000000853 0 0
10.220000000000000639 0 0
10.230000000000000426 0 0
