0 0 0
0.010000000000000000208 0 0
0.020000000000000000416 0 0
0.02999999999999999889 0 0
0.040000000000000000833 0 0
0.050000000000000002776 0 0
0.05999999999999999778 0 0
0.070000000000000006661 0 0
0.080000000000000001665 0 0
0.089999999999999996669 0 0
0.10000000000000000555 0 0
0.11000000000000000056 0 0
0.11999999999999999556 0 0
0.13000000000000000444 0 0
0.14000000000000001332 0 0
0.14999999999999999445 0 7.0016103563830256462e-05
0.16000000000000000333 0 8.2018865214195102453e-05
0.17000000000000001221 0 6.8015644501429051161e-05
0.17999999999999999334 0 6.601518543902784586e-05
0.19000000000000000222 0 5.8013341913465410471e-05
0.2000000000000000111 0 5.0011502025881782174e-05
0.20999999999999999223 0 3.2007363188313320279e-05
0.22000000000000000111 0 2.4005521481740288436e-05
0.23000000000000000999 0 3.8008740375516942959e-05
0.23999999999999999112 0 2.4005521481740288436e-05
0.25 0 2.4005521481740288436e-05
0.26000000000000000888 0 1.600368159415666014e-05
0.27000000000000001776 0 1.4003220712766049598e-05
0.28000000000000002665 0 1.600368159415666014e-05
0.28999999999999998002 0 2.2005060600349679589e-05
0.2999999999999999889 0 2.2005060600349679589e-05
0.30999999999999999778 0 3.2007363188313320279e-05
0.32000000000000000666 0 2.600598054414149035e-05
0.33000000000000001554 0 2.600598054414149035e-05
0.34000000000000002442 0 3.2007363188313320279e-05
0.35000000000000003331 0 5.2011961088282987475e-05
0.35999999999999998668 0 4.6010583901079371572e-05
0.36999999999999999556 0 3.8008740375516942959e-05
0.38000000000000000444 0 3.0006902306922711432e-05
0.39000000000000001332 0 4.2009662138298147101e-05
0.4000000000000000222 0 3.0006902306922711432e-05
0.41000000000000003109 0 2.600598054414149035e-05
0.41999999999999998446 0 3.0006902306922711432e-05
0.42999999999999999334 0 3.0006902306922711432e-05
0.44000000000000000222 0 1.8004140656557868829e-05
0.4500000000000000111 0 3.0006902306922711432e-05
0.46000000000000001998 0 3.6008281313115730882e-05
0.47000000000000002887 0 3.0006902306922711432e-05
0.47999999999999998224 0 2.600598054414149035e-05
0.48999999999999999112 0 3.4007822250714532357e-05
0.5 0 3.6008281313115730882e-05
0.51000000000000000888 0 1.200276074087014083e-05
0.52000000000000001776 0 3.6008281313115730882e-05
0.53000000000000002665 0 2.600598054414149035e-05
0.54000000000000003553 0 2.2005060600349679589e-05
0.55000000000000004441 0 3.8008740375516942959e-05
0.56000000000000005329 0 1.4003220712766049598e-05
0.57000000000000006217 0 2.00046015379484709e-05
0.57999999999999996003 0 2.600598054414149035e-05
0.58999999999999996891 0 2.600598054414149035e-05
0.5999999999999999778 0 1.8004140656557868829e-05
0.60999999999999998668 0 2.4005521481740288436e-05
0.61999999999999999556 0 2.2005060600349679589e-05
0.63000000000000000444 0 3.2007363188313320279e-05
0.64000000000000001332 0 2.600598054414149035e-05
0.6500000000000000222 0 2.8006441425532099197e-05
0.66000000000000003109 0 1.600368159415666014e-05
0.67000000000000003997 0 2.4005521481740288436e-05
0.68000000000000004885 0 3.6008281313115730882e-05
0.69000000000000005773 0 3.0006902306922711432e-05
0.70000000000000006661 0 1.4003220712766049598e-05
0.70999999999999996447 0 1.600368159415666014e-05
0.71999999999999997335 0 2.00046015379484709e-05
0.72999999999999998224 0 2.00046015379484709e-05
0.73999999999999999112 9.8813129168249308835e-324 2.8006441425532099197e-05
0.75 1.9614406139897487804e-321 1.600368159415666014e-05
0.76000000000000000888 3.794177127237852836e-319 2.8006441425532099197e-05
0.77000000000000001776 7.1968843043872690202e-317 2.8006441425532099197e-05
0.78000000000000002665 1.3394195650993180655e-314 2.8006441425532099197e-05
0.79000000000000003553 2.4458794531667356135e-312 1.4003220712766049598e-05
0.80000000000000004441 4.382276159941460748e-310 1.600368159415666014e-05
0.81000000000000005329 7.703901455927662425e-308 3.0006902306922711432e-05
0.82000000000000006217 1.3288255769789317585e-305 1.600368159415666014e-05
0.83000000000000007105 2.2489071321248453697e-303 2.600598054414149035e-05
0.83999999999999996891 3.7344044162171634158e-301 2.00046015379484709e-05
0.8499999999999999778 6.0843957922251527377e-299 1.4003220712766049598e-05
0.85999999999999998668 9.7265729831325929504e-297 2.600598054414149035e-05
0.86999999999999999556 1.525627560235031761e-294 1.8004140656557868829e-05
0.88000000000000000444 2.3479210230070480715e-292 2.600598054414149035e-05
0.89000000000000001332 3.545395805243741021e-290 3.0006902306922711432e-05
0.9000000000000000222 5.2528167682818621184e-288 2.8006441425532099197e-05
0.91000000000000003109 7.6360024694915878331e-286 1.8004140656557868829e-05
0.92000000000000003997 1.0891461277318231049e-283 2.00046015379484709e-05
0.93000000000000004885 1.5242370942083733984e-281 2.4005521481740288436e-05
0.94000000000000005773 2.092980511331266195e-279 1.600368159415666014e-05
0.95000000000000006661 2.8198377843392333605e-277 2.00046015379484709e-05
0.95999999999999996447 3.7276004014772134434e-275 1.200276074087014083e-05
0.96999999999999997335 4.8348260931326357452e-273 2.8006441425532099197e-05
0.97999999999999998224 6.1528828734856121846e-271 3.0006902306922711432e-05
0.98999999999999999112 7.6828565033480327372e-269 1.200276074087014083e-05
1 9.4126753258393643724e-267 2.00046015379484709e-05
1.0100000000000000089 1.1314873915139508186e-264 1.600368159415666014e-05
1.0200000000000000178 1.3345432167158765563e-262 1.600368159415666014e-05
1.0300000000000000266 1.5444073103965948279e-260 1.200276074087014083e-05
1.0400000000000000355 1.7536274635744834916e-258 2.2005060600349679589e-05
1.0500000000000000444 1.9537055543402423296e-256 1.600368159415666014e-05
1.0600000000000000533 2.1356356761822080264e-254 1.8004140656557868829e-05
1.0700000000000000622 2.2905591246692615489e-252 1.200276074087014083e-05
1.0800000000000000711 2.4104722091750767714e-250 1.8004140656557868829e-05
1.0900000000000000799 2.4889090927611607042e-248 1.8004140656557868829e-05
1.1000000000000000888 2.5215188726195816085e-246 1.8004140656557868829e-05
1.1100000000000000977 2.5064652907464816877e-244 2.8006441425532099197e-05
1.1200000000000001066 2.4445979880554996256e-242 3.6008281313115730882e-05
1.1300000000000001155 2.3393730811510838939e-240 3.6008281313115730882e-05
1.1400000000000001243 2.1965333909379999588e-238 1.0002300768974240532e-05
1.1500000000000001332 2.0235894858204039979e-236 1.600368159415666014e-05
1.1599999999999999201 1.8291667654865349428e-234 1.4003220712766049598e-05
1.1699999999999999289 1.6222974028839908618e-232 2.2005060600349679589e-05
1.1799999999999999378 1.4117374219872417066e-230 1.4003220712766049598e-05
1.1899999999999999467 1.2053791203444628952e-228 1.4003220712766049598e-05
1.1999999999999999556 1.0098100410193865968e-226 2.4005521481740288436e-05
1.2099999999999999645 8.3004567005253415887e-225 2.00046015379484709e-05
1.2199999999999999734 6.6943833015325717279e-223 2.8006441425532099197e-05
1.2299999999999999822 5.2974326654385229029e-221 8.0018407970783300698e-06
1.2399999999999999911 4.1130747121470277196e-219 2.2005060600349679589e-05
1.25 3.1333869812904276367e-217 2.4005521481740288436e-05
1.2600000000000000089 2.3421125119989170732e-215 1.0002300768974240532e-05
1.2700000000000000178 1.7177017449907155822e-213 2.4005521481740288436e-05
1.2800000000000000266 1.2360443184693536975e-211 6.0013803704350721091e-06
1.2900000000000000355 8.7270328699446502135e-210 2.2005060600349679589e-05
1.3000000000000000444 6.0456842851748365894e-208 2.600598054414149035e-05
1.3100000000000000533 4.1093260314076180122e-206 2.00046015379484709e-05
1.3200000000000000622 2.7405770580280872591e-204 2.4005521481740288436e-05
1.3300000000000000711 1.7933279594830293829e-202 3.0006902306922711432e-05
1.3400000000000000799 1.151393317213320144e-200 2.4005521481740288436e-05
1.3500000000000000888 7.2532721430069567472e-199 3.6008281313115730882e-05
1.3600000000000000977 4.4832248798823886364e-197 1.200276074087014083e-05
1.3700000000000001066 2.718900772882863744e-195 1.8004140656557868829e-05
1.3800000000000001155 1.6178657299059032535e-193 1.600368159415666014e-05
1.3900000000000001243 9.4457810926247737107e-192 1.200276074087014083e-05
1.4000000000000001332 5.4110252490895813825e-190 2.00046015379484709e-05
1.4099999999999999201 3.041357883469204617e-188 2.8006441425532099197e-05
1.4199999999999999289 1.6772653604592825667e-186 3.2007363188313320279e-05
1.4299999999999999378 9.0757455483616089856e-185 2.2005060600349679589e-05
1.4399999999999999467 4.8184696510752196139e-183 1.4003220712766049598e-05
1.4499999999999999556 2.5100491623674218356e-181 2.4005521481740288436e-05
1.4599999999999999645 1.2829260118755487932e-179 2.600598054414149035e-05
1.4699999999999999734 6.4337958595943722238e-178 2.8006441425532099197e-05
1.4799999999999999822 3.1657690302928070847e-176 3.0006902306922711432e-05
1.4899999999999999911 1.5284015122385827486e-174 3.0006902306922711432e-05
1.5 7.2400568173288991815e-173 1.4003220712766049598e-05
1.5100000000000000089 3.3650596979725152391e-171 2.00046015379484709e-05
1.5200000000000000178 1.5345811359454995438e-169 1.8004140656557868829e-05
1.5300000000000000266 6.8664651545249396836e-168 1.200276074087014083e-05
1.5400000000000000355 3.0145526187792273081e-166 2.600598054414149035e-05
1.5500000000000000444 1.2985503702176631206e-164 2.8006441425532099197e-05
1.5600000000000000533 5.488340091585678607e-163 1.0002300768974240532e-05
1.5700000000000000622 2.2759856158557288789e-161 3.2007363188313320279e-05
1.5800000000000000711 9.2607102054200342751e-160 1.8004140656557868829e-05
1.5900000000000000799 3.6971354196654444834e-158 3.0006902306922711432e-05
1.6000000000000000888 1.4482138806594972802e-156 1.600368159415666014e-05
1.6100000000000000977 5.5660401702973703434e-155 1.4003220712766049598e-05
1.6200000000000001066 2.0989700904593949061e-153 1.8004140656557868829e-05
1.6300000000000001155 7.7662693204051701498e-152 3.4007822250714532357e-05
1.6400000000000001243 2.8194534401939939379e-150 3.6008281313115730882e-05
1.6500000000000001332 1.0043005266432669529e-148 2.2005060600349679589e-05
1.6600000000000001421 3.510013096432721085e-147 2.4005521481740288436e-05
1.6699999999999999289 1.2036495741729641831e-145 2.600598054414149035e-05
1.6799999999999999378 4.0498382634228370957e-144 2.2005060600349679589e-05
1.6899999999999999467 1.3369697321556299176e-142 2.00046015379484709e-05
1.6999999999999999556 4.3306367246575428957e-141 5.4012423788662999868e-05
1.7099999999999999645 1.3763478754260731985e-139 3.0006902306922711432e-05
1.7199999999999999734 4.291913517666544339e-138 4.2009662138298147101e-05
1.7299999999999999822 1.3131670928807593144e-136 1.8004140656557868829e-05
1.7399999999999999911 3.9421695892328338842e-135 5.8013341913465410471e-05
1.75 1.1611729287149115352e-133 5.6012882851064211946e-05
1.7600000000000000089 3.3558675468322077424e-132 4.4010121200699359179e-05
1.7700000000000000178 9.5161047178774187582e-131 2.8006441425532099197e-05
1.7800000000000000266 2.6476554632264938322e-129 4.6010583901079371572e-05
1.7900000000000000355 7.2280560532091316705e-128 2.2005060600349679589e-05
1.8000000000000000444 1.9364642526398320876e-126 3.0006902306922711432e-05
1.8100000000000000533 5.0969013694043687228e-125 2.00046015379484709e-05
1.8200000000000000622 1.3276741170230234617e-123 1.0002300768974240532e-05
1.8300000000000000711 3.580486312401475581e-122 1.200276074087014083e-05
1.8400000000000000799 1.2378901734455919825e-120 2.00046015379484709e-05
1.8500000000000000888 8.2606063204488194709e-119 2.8006441425532099197e-05
1.8600000000000000977 9.4870374124494732259e-117 1.4003220712766049598e-05
1.8700000000000001066 1.2480124683397295246e-114 2.8006441425532099197e-05
1.8800000000000001155 1.6213902397668731636e-112 3.0006902306922711432e-05
1.8900000000000001243 2.0204352327876777502e-110 2.00046015379484709e-05
1.9000000000000001332 2.4026360425640423741e-108 2.00046015379484709e-05
1.9100000000000001421 2.7241753923939950163e-106 3.4007822250714532357e-05
1.9199999999999999289 2.944551614269407421e-104 1.8004140656557868829e-05
1.9299999999999999378 3.0340931360086816372e-102 1.600368159415666014e-05
1.9399999999999999467 2.9803206500188964504e-100 1.4003220712766049598e-05
1.9499999999999999556 2.790757195193103205e-98 1.8004140656557868829e-05
1.9599999999999999645 2.4911915155401096874e-96 2.2005060600349679589e-05
1.9699999999999999734 2.1199192188361785015e-94 3.0006902306922711432e-05
1.9799999999999999822 1.7197282430415952077e-92 2.8006441425532099197e-05
1.9899999999999999911 1.3299333450664006103e-90 2.2005060600349679589e-05
2 9.8046192105477900354e-89 3.0006902306922711432e-05
2.0100000000000002309 6.8907056652767056787e-87 3.4007822250714532357e-05
2.0200000000000000178 4.6166838051431216623e-85 3.0006902306922711432e-05
2.0300000000000002487 2.9487056533556431512e-83 3.0006902306922711432e-05
2.0400000000000000355 1.7954322384761477962e-81 2.8006441425532099197e-05
2.0499999999999998224 1.0421840345246511924e-79 1.600368159415666014e-05
2.0600000000000000533 5.7671222870071232972e-78 8.0018407970783300698e-06
2.0699999999999998401 3.0423897917866616979e-76 1.200276074087014083e-05
2.0800000000000000711 1.5300765545129649107e-74 2.4005521481740288436e-05
2.0899999999999998579 7.3359404392215628858e-73 2.00046015379484709e-05
2.1000000000000000888 3.3530848808904090815e-71 2.8006441425532099197e-05
2.1099999999999998757 1.4611044484963206228e-69 2.2005060600349679589e-05
2.1200000000000001066 6.069708903790737721e-68 1.600368159415666014e-05
2.1299999999999998934 2.4038443388050029242e-66 3.4007822250714532357e-05
2.1400000000000001243 9.0760894526075679183e-65 8.0018407970783300698e-06
2.1499999999999999112 3.2669861459139246754e-63 1.4003220712766049598e-05
2.1600000000000001421 1.1211253005903974068e-61 2.8006441425532099197e-05
2.1699999999999999289 3.6679353784766878411e-60 3.0006902306922711432e-05
2.1800000000000001599 1.1440691637120237425e-58 2.2005060600349679589e-05
2.1899999999999999467 3.4021110637377424198e-57 1.600368159415666014e-05
2.2000000000000001776 9.6452374286061127532e-56 2.00046015379484709e-05
2.2099999999999999645 2.6070437745769362703e-54 1.600368159415666014e-05
2.2200000000000001954 6.718271389280963112e-53 3.0006902306922711432e-05
2.2299999999999999822 1.6506065396376176359e-51 2.8006441425532099197e-05
2.2400000000000002132 3.8664240820088259513e-50 2.4005521481740288436e-05
2.25 8.6349249984079882539e-49 2.8006441425532099197e-05
2.2600000000000002309 1.838629423308563174e-47 2.600598054414149035e-05
2.2700000000000000178 3.7326730278768709542e-46 2.00046015379484709e-05
2.2800000000000002487 7.2250277158592357535e-45 2.8006441425532099197e-05
2.2900000000000000355 1.3333888168189087338e-43 3.4007822250714532357e-05
2.3000000000000002665 2.3462587496657778599e-42 2.2005060600349679589e-05
2.3100000000000000533 3.9364169369369143245e-41 1.0002300768974240532e-05
2.3199999999999998401 6.2970459858157184525e-40 3.0006902306922711432e-05
2.3300000000000000711 9.6047916550441262094e-39 2.600598054414149035e-05
2.3399999999999998579 1.3968806775270727541e-37 2.600598054414149035e-05
2.3500000000000000888 1.9371184377677963509e-36 1.200276074087014083e-05
2.3599999999999998757 2.5614391710278755471e-35 1.8004140656557868829e-05
2.3700000000000001066 3.2295999249841370244e-34 1.8004140656557868829e-05
2.3799999999999998934 3.8829011346865605211e-33 2.8006441425532099197e-05
2.3900000000000001243 4.4515712344125362673e-32 2.4005521481740288436e-05
2.3999999999999999112 4.8666099392629827956e-31 2.600598054414149035e-05
2.4100000000000001421 5.0734477389331903279e-30 2.2005060600349679589e-05
2.4199999999999999289 5.0437196024338017352e-29 1.0002300768974240532e-05
2.4300000000000001599 4.7816510476374344385e-28 3.8008740375516942959e-05
2.4399999999999999467 4.3230736181276862592e-27 3.0006902306922711432e-05
2.4500000000000001776 3.7273856938048742103e-26 2.4005521481740288436e-05
2.4599999999999999645 3.0649451911535953021e-25 1.4003220712766049598e-05
2.4700000000000001954 2.4035774643979588061e-24 3.0006902306922711432e-05
2.4799999999999999822 1.7977181718276223843e-23 1.8004140656557868829e-05
2.4900000000000002132 1.2824042705701133556e-22 1.4003220712766049598e-05
2.5 8.7253080034951357251e-22 2.600598054414149035e-05
2.5100000000000002309 5.6624258839411556665e-21 2.2005060600349672813e-05
2.5200000000000000178 3.5051346678906016891e-20 1.2002760740870105255e-05
2.5300000000000002487 2.0696781961601378491e-19 4.0009203075896738512e-05
2.5400000000000000355 1.1657718701271085905e-18 2.0004601537947305383e-05
2.5500000000000002665 6.2640458396006785517e-18 1.8004140656551604173e-05
2.5600000000000000533 3.2110442010224323821e-17 1.6003681594124550815e-05
2.5699999999999998401 1.5703938920405815131e-16 1.8004140656400828921e-05
2.5800000000000000711 7.3276472368873542179e-16 2.0004601537215706085e-05
2.5899999999999998579 3.2624116263120233975e-15 1.4003220709503637827e-05
2.6000000000000000888 1.3859831193224218899e-14 1.800414064269803812e-05
2.6099999999999998757 5.6188989090818322217e-14 1.4003220656577060251e-05
2.6200000000000001066 2.1739540159729013784e-13 2.600598032674609003e-05
2.6299999999999998934 8.0276804915159966682e-13 2.2005059797581630614e-05
2.6400000000000001243 2.8294919411744536134e-12 1.4003217883274108964e-05
2.6499999999999999112 9.5202273231406718475e-12 1.8004131136330546556e-05
2.6600000000000001421 3.0581071668024985304e-11 1.4003190131694381428e-05
2.6699999999999999289 9.3794083939767394939e-11 1.2002666946786201194e-05
2.6800000000000001599 2.7470832928632219599e-10 3.200708847998403456e-05
2.6899999999999999467 7.684299794488527802e-10 1.8003372226578421135e-05
2.7000000000000001776 2.0532525630652045588e-09 2.4003468229177222663e-05
2.7099999999999999645 5.241597072492378887e-09 1.999935994087597972e-05
2.7200000000000001954 1.2786595634296040523e-08 1.5990894998522363877e-05
2.7299999999999999822 2.9813556565968670351e-08 1.1972947184304171458e-05
2.7400000000000002132 6.6458423640004659315e-08 3.9942744652256941733e-05
2.75 1.4167321820172245558e-07 3.5866608094914007553e-05
2.7600000000000002309 2.8891332702759036057e-07 2.3716608154712696699e-05
2.7700000000000000178 5.6383148980881915034e-07 2.5442149054332669823e-05
2.7800000000000002487 1.0534532231357105517e-06 2.2952068258604578943e-05
2.7900000000000000355 1.8852707699366686506e-06 2.8121631536986044052e-05
2.8000000000000002665 3.2334313393220602466e-06 2.4773010086210039797e-05
2.8100000000000000533 5.3181366035301018717e-06 2.0687843940611388478e-05
2.8199999999999998401 8.39416149721575159e-06 1.761181904692573876e-05
2.8300000000000000711 1.2725695413273606217e-05 9.2793651870760733726e-06
2.8399999999999998579 1.8547803240764057178e-05 -2.5441216466073970383e-06
2.8500000000000000888 2.6019264305912310033e-05 -1.4016503565042169203e-05
2.8599999999999998757 3.5176077680544705426e-05 -1.117055619880441699e-05
2.8700000000000001066 4.5897665413594075851e-05 -2.3892604813244396262e-05
2.8799999999999998934 5.7897085872752747609e-05 -1.988834549723580465e-05
2.8900000000000001243 7.0741789220242577013e-05 -3.0732586144345628437e-05
2.8999999999999999112 8.3903649118498169353e-05 -6.3899047580549695065e-05
2.9100000000000001421 9.6828698631288117314e-05 -8.4825937890417973095e-05
2.9199999999999999289 0.00010901120040008403637 -8.9006598862135562081e-05
2.9300000000000001599 0.00012005558837383472183 -9.6050066892094433397e-05
2.9399999999999999467 0.00012971379593554904666 -0.00011371011434139238652
2.9500000000000001776 0.00013789291567973768239 -0.00010588555249142436211
2.9599999999999999645 0.00014463620281925389341 -0.00011662976139372179083
2.9700000000000001954 0.00015008640093124175105 -0.00012808134033089207146
2.9799999999999999822 0.00015444267980746902115 -0.00012843669926332752741
2.9900000000000002132 0.00015792117114923052458 -0.00014391795043646447329
3 0.00016072545728221785972 -0.00013872039668186818013
3.0100000000000002309 0.00016302915354033561111 -0.00013502271211480350852
3.0200000000000000178 0.00016496934912216460779 -0.00013296198593385128751
3.0300000000000002487 0.00016664781840252206719 -0.00013063953708940633631
3.0400000000000000355 0.00016813653908827306291 -0.00014213055854413156917
3.0500000000000002665 0.00016948466595826831372 -0.0001574819052173981695
3.0600000000000000533 0.00017072512042941539838 -0.00015472143883525873824
3.0700000000000002842 0.0001718799177904366119 -0.00013787209553972208632
3.0800000000000000711 0.00017296404027348545335 -0.00014895851879174516492
3.0899999999999998579 0.00017398803928267807793 -0.00013597929890716114174
3.1000000000000000888 0.00017495968423822717028 -0.00014895370369408567654
3.1099999999999998757 0.00017588496790870320418 -0.00014587806560178049275
3.1200000000000001066 0.00017676871147840212545 -0.00014676180917147941402
3.1299999999999998934 0.00017761493807702167136 -0.00015160895753288017762
3.1400000000000001243 0.00017842712452254547769 -0.00016042298386598761225
3.1499999999999999112 0.00017920840373487561896 -0.00015120196230934351638
3.1600000000000001421 0.00017996177304405454431 -0.00015395579249991305057
3.1699999999999999289 0.00018069036307353841721 -0.00016068576153558994293
3.1800000000000001599 0.00018139783560070733208 -0.0001493904724123940118
3.1899999999999999467 0.00018208900580763047006 -0.00014608072449451473917
3.2000000000000001776 0.00018277082447454778358 -0.000154764383049015681
3.2099999999999999645 0.00018345390846825115395 -0.00014744562715513542307
3.2200000000000001954 0.00018415487126655408733 -0.00015214750807824076705
3.2299999999999999822 0.00018489977421700575172 -0.00013288781312872276425
3.2400000000000002132 0.00018572908437538605559 -0.00014371942223708790171
3.25 0.000186704570832218862 -0.00015469720764390554172
3.2600000000000002309 0.00018791857555369186322 -0.00013190569270262765805
3.2700000000000000178 0.00018950602501866442486 -0.00013949452299278264269
3.2800000000000002487 0.00019165936420236634723 -0.00010964049898817124478
3.2900000000000000355 0.00019464624762938911406 -0.0001266306031279600629
3.3000000000000002665 0.00019882926930177391802 -0.00013481454292514727746
3.3100000000000000533 0.00020468623017231806611 -0.00015667518720883748923
3.3200000000000002842 0.00021282844778862971928 -0.00016081648670034673181
3.3300000000000000711 0.00022401349614563259203 -0.00015999876976900595147
3.3399999999999998579 0.00023914770088332297005 -0.00018313481803225876488
3.3500000000000000888 0.00025927297090261379291 -0.00019325778546358594705
3.3599999999999998757 0.00028553245017120458364 -0.00021351588754497312188
3.3700000000000001066 0.00031911035639744822793 -0.00026309747354638402276
3.3799999999999998934 0.00036114349154109962005 -0.00028712646985246695298
3.3900000000000001243 0.00041260534338779923137 -0.00034659015794877138551
3.3999999999999999112 0.00047416826664451448316 -0.00037014434446794850821
3.4100000000000001421 0.00054605444221779062507 -0.00041402407133973493335
3.4199999999999999289 0.00062789136671083606387 -0.00049186007770797796155
3.4300000000000001599 0.00071859150601163242125 -0.00053855010308403268235
3.4399999999999999467 0.00081627739188320082124 -0.00061022999931651246246
3.4500000000000001776 0.00091827195932955092868 -0.0006902195098004916974
3.4599999999999999645 0.0010211688462815463919 -0.00078911547862768475006
3.4700000000000001954 0.0011209888611463721553 -0.00077690972779038210312
3.4799999999999999822 0.0012134177474678240188 -0.00085733584518551150637
3.4900000000000002132 0.0012941082891711316784 -0.00087601211957459373079
3.5 0.0013590187046059552106 -0.00095892668839890095323
3.5100000000000002309 0.0014047512577977322532 -0.00094664590695317019954
3.5200000000000000178 0.0014288518055148933649 -0.00099475196341914577484
3.5300000000000002487 0.0014300335770606922414 -0.00094392178479059808509
3.5400000000000000355 0.0014082967995918758541 -0.00097819789017284590298
3.5500000000000002665 0.0013649286969597660031 -0.00099684402575113103054
3.5600000000000000533 0.0013023838612717950416 -0.00096230563148869217166
3.5700000000000002842 0.0012240604673050066616 -0.00083997212359716204658
3.5800000000000000711 0.0011340007143107119509 -0.00086993997255460056746
3.5899999999999998579 0.0010365521944465043002 -0.00074048410769197363195
3.6000000000000000888 0.00093602946406756107767 -0.0006979747119505382057
3.6099999999999998757 0.00083641188352460407642 -0.00066637276863305264143
3.6200000000000001066 0.00074110577207957435957 -0.00058707034423914779536
3.6299999999999998934 0.00065278783288325395191 -0.00051675654388039584958
3.6400000000000001243 0.00057333472465720619962 -0.00047931309779264625118
3.6499999999999999112 0.00050383259181366291894 -0.00041381189034986299528
3.6600000000000001421 0.00044465186219017288974 -0.00037263529956394142797
3.6699999999999999289 0.00039556755665819332479 -0.00032155053496956065772
3.6800000000000001599 0.00035590387699256588634 -0.00029789053507910047587
3.6899999999999999467 0.0003246834729946135637 -0.00028667473261909662751
3.7000000000000001776 0.00030076564512626527241 -0.00026275690475074833623
3.7099999999999999645 0.00028296275303571109079 -0.0002449540126601941546
3.7200000000000001954 0.00027012926869393719164 -0.00019211132160454449979
3.7299999999999999822 0.00026122245185171037241 -0.00021321140888822979554
3.7400000000000002132 0.00025533705430805887565 -0.00020732601134457829877
3.75 0.00025171860307046477331 -0.00020370756010698419644
3.7600000000000002309 0.00024976074659534719825 -0.00020975154351945024967
3.7700000000000000178 0.00024899211318020676069 -0.00020498199197950740151
3.7800000000000002487 0.0002490574401983915837 -0.00021104869982287464752
3.7900000000000000355 0.00024969669884239556251 -0.00021168795846687862633
3.8000000000000002665 0.00025072481966367386914 -0.00020871515752537571527
3.8100000000000000533 0.00025201360019908567757 -0.00022600761965494418383
3.8200000000000002842 0.00025347654858271000339 -0.00020546550561922942652
3.8300000000000000711 0.00025505682079039081927 -0.00021304715865209266539
3.8399999999999998579 0.00025671803162358544127 -0.0002147083694852872874
3.8500000000000000888 0.00025843752162879650523 -0.00021842831855289955665
3.8599999999999998757 0.00026020159500736206358 -0.00023019469270043935215
3.8700000000000001066 0.000262002260233024694 -0.00019598707479399684814
3.8799999999999998934 0.00026383506697278774579 -0.00021782448307170837421
3.8900000000000001243 0.00026569771208275236958 -0.0002236880499444542157
3.8999999999999999112 0.00026758916618916967368 -0.0002275799631132727251
3.9100000000000001421 0.00026950914115980766301 -0.00022949993808391071443
3.9199999999999999289 0.00027145777394312336096 -0.00020944351390485553988
3.9300000000000001599 0.00027343544372972834917 -0.000217422560878664144
3.9399999999999999467 0.0002754426689680627852 -0.00023943438765494705431
3.9500000000000001776 0.00027748005092232379135 -0.00023146946702124441978
3.9599999999999999645 0.00027954824365305017001 -0.00023753858151475201613
3.9700000000000001954 0.00028164793862333400033 -0.00024363919824781706414
3.9799999999999999822 0.00028377985720774836836 -0.00024977203495703384278
3.9900000000000002132 0.00028594474737695724969 -0.00024593554430106030111
4 0.00028814338254665747361 -0.00023613142145837448613
4.0099999999999997868 0.00029037656153380861411 -0.00025436828022069288323
4.0200000000000004619 0.00029264510907919751188 -0.00024463406611571693501
4.0300000000000002487 0.00029494987666703131142 -0.00025294021452873315754
4.0400000000000000355 0.00029729174351154718072 -0.00024527978242326419324
4.0499999999999998224 0.0002996716176502636146 -0.00026566379539954908902
4.0600000000000004974 0.00030209043711752010721 -0.00026808261486680558163
4.0700000000000002842 0.00030454917118822168003 -0.00026253950904992352615
4.0800000000000000711 0.00030704882168936897639 -0.00026103823778828960482
4.0899999999999998579 0.00030959042438057001465 -0.00025557800059190701478
4.0999999999999996447 0.00031217505040647628703 -0.00027616676909336055614
4.1100000000000003197 0.00031480380782500637935 -0.00024878862238597853349
4.1200000000000001066 0.00031747784321579935888 -0.00028747094090887664744
4.1299999999999998934 0.00032019834337377982162 -0.00027218730041029924474
4.1399999999999996803 0.00032296653709310712849 -0.00028095687495480897462
4.1500000000000003553 0.00032578369704719292287 -0.0002797731131461135513
4.1600000000000001421 0.00032865114177088117567 -0.00029064240139536423949
4.1699999999999999289 0.00033157023775134947642 -0.00028355919478786889955
4.1799999999999997158 0.00033454240163475763414 -0.00028853181773367826256
4.1900000000000003908 0.00033756910255621739051 -0.00028355667876755439065
4.2000000000000001776 0.00034065186460121205147 -0.00030064266152531510289
4.2099999999999999645 0.00034379226940723067295 -0.00028577892749376526248
4.2199999999999997513 0.00034699195891503830129 -0.0003089832185395213651
4.2300000000000004263 0.00035025263827975717992 -0.00028423745284072933406
4.2400000000000002132 0.00035357607895271467736 -0.00030756549505163530579
4.25 0.00035696412194590246541 -0.00029695031733205704255
4.2599999999999997868 0.00036041868129182280667 -0.00029840442125355498559
4.2700000000000004619 0.00036394174771254292691 -0.00029792656227351508105
4.2800000000000002487 0.00036753539251291230663 -0.00029751928894908205017
4.2900000000000000355 0.00037120177171413246955 -0.00030918751167586464848
4.2999999999999998224 0.0003749431304452149373 -0.00031292887040694711623
4.3100000000000004974 0.00037876180761136073617 -0.00028874110614756081251
4.3200000000000002842 0.00038266024085990585791 -0.00030264183470811196076
4.3300000000000000711 0.00038664097186627620177 -0.00032662716725243077891
4.3399999999999998579 0.00039070665196433922812 -0.00030868778675014412567
4.3500000000000005329 0.00039486004814771072336 -0.0003208430264590780563
4.3600000000000003197 0.00039910404947093570905 -0.00030708288166877696591
4.3700000000000001066 0.000403441673882089279 -0.00031342097241828935535
4.3799999999999998934 0.0004078760755212128687 -0.00033785997195738261224
4.3899999999999996803 0.00041241055252220300189 -0.00030238524588247579685
4.4000000000000003553 0.00041704855535928367534 -0.00032702785389548375168
4.4100000000000001421 0.00042179369578308832222 -0.0002937642430298350411
4.4199999999999999289 0.00042664975639571930737 -0.00028861801560641761394
4.4299999999999997158 0.00043162070091892117477 -0.00032359585334159517503
4.4400000000000003908 0.0004367106852148547845 -0.00028467572371278709398
4.4500000000000001776 0.00044192406912487591395 -0.00031989600083478380872
4.4599999999999999645 0.00044726542919833737382 -0.00032123644278344285798
4.4699999999999997513 0.00045273957239077899711 -0.0002887018419623887922
4.4800000000000004263 0.00045835155081912589596 -0.00027831014789152610286
4.4900000000000002132 0.00046410667767069732669 -0.00030206941358066588706
4.5 0.00047001054437315699288 -0.00025596131555686381289
4.5099999999999997868 0.00047606903914409706051 -0.0002980280880029407501
4.5200000000000004619 0.00048228836705195278446 -0.00028224235894842570997
4.5300000000000002487 0.00048867507173457535793 -0.00031063412059341904753
4.5400000000000000355 0.00049523605893830304966 -0.00027118452753404622899
4.5499999999999998224 0.00050197862205897630754 -0.00029193031136748553815
4.5600000000000004974 0.00050891046988744417182 -0.00026085342973437288753
4.5700000000000002842 0.00051603975678597235974 -0.00029798960984487676915
4.5800000000000000711 0.00052337511554910562568 -0.00027731852718247793251
4.5899999999999998579 0.00053092569323335452643 -0.00025086127897803350058
4.6000000000000005329 0.00053870119027527485663 -0.00026263770869667146975
4.6100000000000003197 0.00054671190325761807871 -0.0002266382786504424901
4.6200000000000001066 0.00055496877172924959955 -0.00028690712640025097966
4.6299999999999998934 0.00056348342953717897672 -0.00032742914375851487003
4.6399999999999996803 0.00057226826118970562304 -0.00028820291425766690402
4.6500000000000003553 0.00058133646383947074412 -0.00024725961851952915843
4.6600000000000001421 0.00059070211555587110244 -0.00026862803916225192272
4.6699999999999999289 0.00060038025064967893117 -0.00025830156908013241586
4.6799999999999997158 0.00061038694292110987853 -0.0002883128665274906988
4.6900000000000003908 0.00062073939782879956027 -0.00029266393697201915046
4.7000000000000001776 0.00063145605472443295907 -0.0002493681628030319352
4.7099999999999999645 0.00064255670047026996854 -0.00028847524997440104726
4.7199999999999997513 0.00065406259595926898118 -0.00020795998493719887673
4.7300000000000004263 0.00066599661729610580389 -0.00027590688912510001303
4.7400000000000002132 0.00067838341367929867482 -0.00027028956122263959622
4.75 0.00069124958435902265907 -0.00019513550405288009049
4.7599999999999997868 0.00070462387744313977229 -0.00023851666124514249489
4.7700000000000004619 0.00071853741379943796095 -0.0002784361872405291408
4.7800000000000002487 0.00073302393987234289521 -0.00024291118582170064324
4.7900000000000000355 0.00074812011391925544411 -0.00033002394432271755067
4.7999999999999998224 0.00076386583100257932251 -0.00029175725944525121754
4.8100000000000004974 0.00078030459308337299634 -0.00026818678207035987187
4.8200000000000002842 0.00079748393179582949524 -0.00026336106382044549828
4.8300000000000000711 0.00081545589299573820533 -0.00033534545608497482241
4.8399999999999998579 0.00083427759404467306641 -0.00028615153446035347488
4.8500000000000005329 0.00085401186711156614959 -0.00034389453698882707297
4.8600000000000003197 0.00087472800467132297113 -0.00033260332955016460969
4.8700000000000001066 0.00089650262702450195761 -0.00025835585870042482824
4.8799999999999998934 0.00091942069627769522529 -0.00032528404187835984092
4.8899999999999996803 0.00094357670711526185885 -0.00034944005271592647448
4.9000000000000003553 0.00096907609227475459933 -0.00039494401394751603961
4.9100000000000001421 0.00099603689048545431158 -0.00040590113965900610944
4.9199999999999999289 0.0010245917375487720996 -0.0004004481608336305648
4.9299999999999997158 0.0010548902583848765967 -0.00039873933667131577704
4.9400000000000003908 0.0010871019609378523331 -0.00038093954083638853839
4.9500000000000001776 0.0011214197644239649009 -0.00039125180646985618579
4.9599999999999999645 0.0011580643388165111872 -0.00044390005336161211455
4.9699999999999997513 0.001197289497582579125 -0.00051913351890664743288
4.9800000000000004263 0.0012393889881007025093 -0.00044320585925948117675
4.9900000000000002132 0.0012847052029276238416 -0.00046251611355114445427
5 0.001333640688206817141 -0.00051945340597611211822
5.0099999999999997868 0.0013866741023180399577 -0.00042645322849651319183
5.0200000000000004619 0.0014443840951367749228 -0.00044615449185366764205
5.0300000000000002487 0.0015074888828638152282 -0.00044124362780332128213
5.0400000000000000355 0.0015769192431253319098 -0.00029662474469662998902
5.0499999999999998224 0.0016539645494787662619 -0.00020563140249687129196
5.0600000000000004974 0.0017405765301102718405 -9.2197389576764753397e-05
5.0700000000000002842 0.0018400008495421103262 -2.158257956513635889e-05
5.0800000000000000711 0.0019580528958723702679 0.00020244411388181064032
5.0899999999999998579 0.0021055738408137093624 0.00035899300463311566503
5.1000000000000005329 0.0023028746076460583636 0.00061979770506065054447
5.1100000000000003197 0.0025872007538069313748 0.0010016247104417254181
5.1200000000000001066 0.0030242092925949126334 0.0013928064126627415567
5.1299999999999998934 0.0037237818973949758303 0.0017334731605955751646
5.1399999999999996803 0.0048587977226463591879 0.0021128055367978775675
5.1500000000000003553 0.0066825304278027878799 0.002121494700680984398
5.1600000000000001421 0.009536472182563190958 0.001232004691073058239
5.1699999999999999289 0.013836940119921420714 -0.0004998727915279613937
5.1799999999999997158 0.020028126689305845304 -0.0035063263798862168152
5.1900000000000003908 0.028494027503325934647 -0.0085014301021838142858
5.2000000000000001776 0.039433520387404497054 -0.015393991123431257501
5.2099999999999999645 0.052720394235983999986 -0.024701949459448969276
5.2199999999999997513 0.067787821525732080974 -0.035318355197111170329
5.2300000000000004263 0.083585896431658548988 -0.048065726547692096127
5.2400000000000002132 0.098652996628822389735 -0.05942797338897139181
5.25 0.11131383358152809049 -0.070232386427244580807
5.2599999999999997868 0.11997534541389331952 -0.07737754864594326154
5.2700000000000004619 0.12345112963843582476 -0.080915347778084262265
5.2800000000000002487 0.12122405133788756448 -0.079210387539316931549
5.2900000000000000355 0.11356722620866969986 -0.073954113401395848992
5.2999999999999998224 0.10148478715230113689 -0.064144198284636799734
5.3100000000000004974 0.086490567177801846999 -0.053681022823124646681
5.3200000000000002842 0.070292449004066642759 -0.040919693565977272032
5.3300000000000000711 0.054473395346286014596 -0.029597674383403976134
5.3399999999999998579 0.04025020193231643173 -0.019971537626510271757
5.3500000000000005329 0.028355520666913935912 -0.012237813772039366628
5.3600000000000003197 0.019044771974409135246 -0.0061498062661533656886
5.3700000000000001066 0.012194629069450185418 -0.0026404319890168167356
5.3799999999999998934 0.0074439729714138695715 -0.00050837790233327836975
5.3899999999999996803 0.0043318668880159916582 0.00063927643591212609392
5.4000000000000003553 0.0024031002320008269975 0.001241737998683573041
5.4100000000000001421 0.0012708337640932937038 0.0012117371765353541005
5.4199999999999999289 0.00064064922247587655947 0.0009337128236094215019
5.4299999999999997158 0.00030786619220993656195 0.00077238231266715351268
5.4400000000000003908 0.00014102949148288082266 0.0005351260063027767945
5.4500000000000001776 6.1582990343386908531e-05 0.00031250303622457878319
5.4599999999999999645 2.5633718093300364855e-05 0.00022242332205977090927
5.4699999999999997513 1.0170912319662769193e-05 0.00016987049060793703238
5.4800000000000004263 3.8468343776525158929e-06 6.6169269186177738875e-05
5.4900000000000002132 1.3868848373575761881e-06 3.86223182385393726e-05
5.5 4.7661634672952440613e-07 2.3528905135010764771e-05
5.5099999999999997868 1.5613043517497101241e-07 7.8457103619033588456e-06
5.5200000000000004619 4.8752282987263992368e-08 1.39544684297787855e-05
5.5300000000000002487 1.4510750899862413436e-08 5.9868696195352098661e-06
5.5400000000000000355 4.1169090417245680426e-09 3.9968034894974402741e-06
5.5499999999999998224 1.1133664636011556134e-09 1.9993468328059816168e-06
5.5600000000000004974 2.8700508714101928917e-10 -2.8700508714101928917e-10
5.5700000000000002842 7.0522037116216057425e-11 2.0003896772324665783e-06
5.5800000000000000711 1.6517456475070337175e-11 4.0009038810826899922e-06
5.5899999999999998579 3.6876007800200179774e-12 2.0004565116688028723e-06
5.6000000000000005329 7.8474114625332914122e-13 -7.8474114625332914122e-13
5.6100000000000003197 1.5918062125766748509e-13 4.0009202393585434701e-06
5.6200000000000001066 3.0777596472818083767e-14 2.0004601684919864695e-06
5.6299999999999998934 5.6723036780448701925e-15 -5.6723036780448701925e-15
5.6399999999999996803 9.9646966017204234025e-16 2.0004601982731134765e-06
5.6500000000000003553 1.6685841792954950729e-16 -1.6685841792954950729e-16
5.6600000000000001421 2.6632456601501658285e-17 -2.6632456601501658285e-17
5.6699999999999999289 4.0518471767308648329e-18 -4.0518471767308648329e-18
5.6799999999999997158 5.8758850236416951312e-19 -5.8758850236416951312e-19
5.6900000000000003908 8.1221616501640033533e-20 2.0004601992695016258e-06
5.7000000000000001776 1.0701577454032418262e-20 2.000460199269572353e-06
5.7099999999999999645 1.3440070358040065161e-21 2.0004601992695816704e-06
5.7199999999999997513 1.6089132077990757316e-22 2.000460199269582941e-06
5.7300000000000004263 1.8358652320351572202e-23 -1.8358652320351572202e-23
5.7400000000000002132 1.9967600146354223663e-24 2.000460199269582941e-06
5.75 2.0700824355666487139e-25 2.000460199269582941e-06
5.7599999999999997868 2.0456245056451622303e-26 -2.0456245056451622303e-26
5.7700000000000004619 1.9268172565518331059e-27 2.000460199269582941e-06
5.7800000000000002487 1.7299410458775249959e-28 -1.7299410458775249959e-28
5.7900000000000000355 1.4804648117229446097e-29 -1.4804648117229446097e-29
5.7999999999999998224 1.2076490333741124607e-30 -1.2076490333741124607e-30
5.8100000000000004974 9.3898598417974889869e-32 -9.3898598417974889869e-32
5.8200000000000002842 6.9590999240002955447e-33 -6.9590999240002955447e-33
5.8300000000000000711 4.9161202917169895029e-34 -4.9161202917169895029e-34
5.8399999999999998579 3.3102994120285188112e-35 -3.3102994120285188112e-35
5.8500000000000005329 2.1246494614517425711e-36 -2.1246494614517425711e-36
5.8600000000000003197 1.2998176388503462716e-37 -1.2998176388503462716e-37
5.8700000000000001066 7.5797100224425446236e-39 2.000460199269582941e-06
5.8799999999999998934 4.2130604039726147827e-40 -4.2130604039726147827e-40
5.8899999999999996803 2.2321204079474248597e-41 -2.2321204079474248597e-41
5.9000000000000003553 1.1272293824614891448e-42 -1.1272293824614891448e-42
5.9100000000000001421 5.4260232393105500128e-44 -5.4260232393105500128e-44
5.9199999999999999289 2.4895771258011153504e-45 -2.4895771258011153504e-45
5.9299999999999997158 1.0887897684822019656e-46 -1.0887897684822019656e-46
5.9400000000000003908 4.5387568235568847983e-48 -4.5387568235568847983e-48
5.9500000000000001776 1.8034502513506099075e-49 -1.8034502513506099075e-49
5.9599999999999999645 6.8303934350731400479e-51 -6.8303934350731400479e-51
5.9699999999999997513 2.4658207969032852561e-52 -2.4658207969032852561e-52
5.9800000000000004263 8.4849928142894331667e-54 -8.4849928142894331667e-54
5.9900000000000002132 2.7830151125350502025e-55 -2.7830151125350502025e-55
6 8.7006903429234512289e-57 -8.7006903429234512289e-57
6.0099999999999997868 2.5927811949816686979e-58 -2.5927811949816686979e-58
6.0200000000000004619 7.3646477626660695648e-60 -7.3646477626660695648e-60
6.0300000000000002487 1.9939396005223106399e-61 -1.9939396005223106399e-61
6.0400000000000000355 5.1457167448608477854e-63 -5.1457167448608477854e-63
6.0499999999999998224 1.2657664087861666453e-64 -1.2657664087861666453e-64
6.0600000000000004974 2.967802693744920241e-66 2.000460199269582941e-06
6.0700000000000002842 6.6326977831966153148e-68 -6.6326977831966153148e-68
6.0800000000000000711 1.4129249000506848982e-69 -1.4129249000506848982e-69
6.0899999999999998579 2.8689408463380375093e-71 -2.8689408463380375093e-71
6.1000000000000005329 5.5526169709186736527e-73 -5.5526169709186736527e-73
6.1100000000000003197 1.0243477293983543946e-74 -1.0243477293983543946e-74
6.1200000000000001066 1.8012360786725068834e-76 -1.8012360786725068834e-76
6.1299999999999998934 3.0190295677362708262e-78 -3.0190295677362708262e-78
6.1400000000000005684 4.8232254622377772261e-80 -4.8232254622377772261e-80
6.1500000000000003553 7.3448206718805156932e-82 -7.3448206718805156932e-82
6.1600000000000001421 1.0661007161106302264e-83 -1.0661007161106302264e-83
6.1699999999999999289 1.4749885494756016377e-85 -1.4749885494756016377e-85
6.1799999999999997158 1.945146917077516545e-87 -1.945146917077516545e-87
6.1900000000000003908 2.4450598162520562637e-89 -2.4450598162520562637e-89
6.2000000000000001776 2.9295428783112914826e-91 -2.9295428783112914826e-91
6.2099999999999999645 3.345673028407739571e-93 -3.345673028407739571e-93
6.2199999999999997513 3.6420036086041851216e-95 2.000460199269582941e-06
6.2300000000000004263 3.7789440684362742919e-97 -3.7789440684362742919e-97
6.2400000000000002132 3.7374358602313063614e-99 -3.7374358602313063614e-99
6.25 3.5233046861627752164e-101 -3.5233046861627752164e-101
6.2599999999999997868 3.1659190144251963069e-103 -3.1659190144251963069e-103
6.2700000000000004619 2.7115806489591106682e-105 -2.7115806489591106682e-105
6.2800000000000002487 2.2136979074461291758e-107 -2.2136979074461291758e-107
6.2900000000000000355 1.7226112002880206675e-109 -1.7226112002880206675e-109
6.2999999999999998224 1.277701022733012257e-111 -1.277701022733012257e-111
6.3100000000000004974 9.0332548446452751485e-114 -9.0332548446452751485e-114
6.3200000000000002842 6.0874065690079434973e-116 -6.0874065690079434973e-116
6.3300000000000000711 3.9101494974099724294e-118 -3.9101494974099724294e-118
6.3399999999999998579 2.3940179681102589307e-120 -2.3940179681102589307e-120
6.3500000000000005329 1.3971222911069846546e-122 -1.3971222911069846546e-122
6.3600000000000003197 7.7716707666989654428e-125 -7.7716707666989654428e-125
6.3700000000000001066 4.1206649757450232946e-127 -4.1206649757450232946e-127
6.3799999999999998934 2.0825389963527574492e-129 -2.0825389963527574492e-129
6.3900000000000005684 1.0032100802736155728e-131 2.000460199269582941e-06
6.4000000000000003553 4.606419922259706245e-134 -4.606419922259706245e-134
6.4100000000000001421 2.0160813095326203077e-136 -2.0160813095326203077e-136
6.4199999999999999289 8.4105699269693380153e-139 -8.4105699269693380153e-139
6.4299999999999997158 3.3443803233641597878e-141 -3.3443803233641597878e-141
6.4400000000000003908 1.2675897853594162995e-143 -1.2675897853594162995e-143
6.4500000000000001776 4.5794637605314052501e-146 -4.5794637605314052501e-146
6.4599999999999999645 1.576969646170760411e-148 -1.576969646170760411e-148
6.4699999999999997513 5.1761260125340865228e-151 -5.1761260125340865228e-151
6.4800000000000004263 1.6194186419643929711e-153 -1.6194186419643929711e-153
6.4900000000000002132 4.8293224428624397364e-156 -4.8293224428624397364e-156
6.5 1.3727328786040485621e-158 -1.3727328786040485621e-158
6.5099999999999997868 3.7192778220780775129e-161 -3.7192778220780775129e-161
6.5200000000000004619 9.6051454659844600152e-164 -9.6051454659844600152e-164
6.5300000000000002487 2.3644057290034880288e-166 -2.3644057290034880288e-166
6.5400000000000000355 5.5476975929832962459e-169 -5.5476975929832962459e-169
6.5499999999999998224 1.2407270929429480269e-171 -1.2407270929429480269e-171
6.5600000000000004974 2.6449194583506660622e-174 -2.6449194583506660622e-174
6.5700000000000002842 5.3742928460659153139e-177 -5.3742928460659153139e-177
6.5800000000000000711 1.0408853203263513921e-179 -1.0408853203263513921e-179
6.5899999999999998579 1.9215739867862712941e-182 2.000460199269582941e-06
6.6000000000000005329 3.3813022995939299698e-185 -3.3813022995939299698e-185
6.6100000000000003197 5.6713120218422350899e-188 2.000460199269582941e-06
6.6200000000000001066 9.0668353220168646054e-191 -9.0668353220168646054e-191
6.6299999999999998934 1.3816579795115497507e-193 -1.3816579795115497507e-193
6.6400000000000005684 2.0068642590360770524e-196 -2.0068642590360770524e-196
6.6500000000000003553 2.7784850642939797334e-199 -2.7784850642939797334e-199
6.6600000000000001421 3.6666608858598836873e-202 -3.6666608858598836873e-202
6.6699999999999999289 4.6121776630529565109e-205 -4.6121776630529565109e-205
6.6799999999999997158 5.5298570689577524382e-208 -5.5298570689577524382e-208
6.6900000000000003908 6.3196695835479188216e-211 -6.3196695835479188216e-211
6.7000000000000001776 6.8841039443064039948e-214 -6.8841039443064039948e-214
6.7099999999999999645 7.1478106567649966354e-217 -7.1478106567649966354e-217
6.7199999999999997513 7.0741005200686963309e-220 -7.0741005200686963309e-220
6.7300000000000004263 6.673320347525026642e-223 -6.673320347525026642e-223
6.7400000000000002132 6.0004700562548918572e-226 -6.0004700562548918572e-226
6.75 5.1428175665045670545e-229 -5.1428175665045670545e-229
6.7599999999999997868 4.2013562073000567157e-232 -4.2013562073000567157e-232
6.7700000000000004619 3.2715263553170782317e-235 -3.2715263553170782317e-235
6.7800000000000002487 2.4281967279925144078e-238 -2.4281967279925144078e-238
6.7900000000000000355 1.717868186233077342e-241 -1.717868186233077342e-241
6.7999999999999998224 1.1584260614064794521e-244 -1.1584260614064794521e-244
6.8100000000000004974 7.4459362077981265721e-248 -7.4459362077981265721e-248
6.8200000000000002842 4.5618689640436824131e-251 -4.5618689640436824131e-251
6.8300000000000000711 2.6640280878978903781e-254 -2.6640280878978903781e-254
6.8399999999999998579 1.4828843606265437043e-257 -1.4828843606265437043e-257
6.8500000000000005329 7.8677084335835850733e-261 -7.8677084335835850733e-261
6.8600000000000003197 3.9788879681277891564e-264 2.000460199269582941e-06
6.8700000000000001066 1.9179957534911675089e-267 -1.9179957534911675089e-267
6.8799999999999998934 8.8126402708953875695e-271 -8.8126402708953875695e-271
6.8900000000000005684 3.8595521221892557137e-274 -3.8595521221892557137e-274
6.9000000000000003553 1.6111658169916550261e-277 -1.6111658169916550261e-277
6.9100000000000001421 6.41085603676198116e-281 -6.41085603676198116e-281
6.9199999999999999289 2.4314439424661416003e-284 -2.4314439424661416003e-284
6.9299999999999997158 8.7899204577388969844e-288 -8.7899204577388969844e-288
6.9400000000000003908 3.0288521286586885898e-291 -3.0288521286586885898e-291
6.9500000000000001776 9.9481800113222639272e-295 -9.9481800113222639272e-295
6.9599999999999999645 3.1144519331598036e-298 2.000460199269582941e-06
6.9699999999999997513 9.2937729657282084285e-302 -9.2937729657282084285e-302
6.9800000000000004263 2.6434731907753648886e-305 -2.6434731907753648886e-305
6.9900000000000002132 7.1668808133231522161e-309 -7.1668808133231522161e-309
7 1.8520720186589948814e-312 -1.8520720186589948814e-312
7.0099999999999997868 4.562028213184169886e-316 -4.562028213184169886e-316
7.0200000000000004619 1.0710849136192383831e-319 -1.0710849136192383831e-319
7.0300000000000002487 2.4703282292062327209e-323 -2.4703282292062327209e-323
7.0400000000000000355 0 0
7.0499999999999998224 0 2.000460199269582941e-06
7.0600000000000004974 0 0
7.0700000000000002842 0 0
7.0800000000000000711 0 0
7.0899999999999998579 0 2.000460199269582941e-06
7.1000000000000005329 0 0
7.1100000000000003197 0 0
7.1200000000000001066 0 0
7.1299999999999998934 0 0
7.1400000000000005684 0 0
7.1500000000000003553 0 0
7.1600000000000001421 0 0
7.1699999999999999289 0 0
7.1799999999999997158 0 0
7.1900000000000003908 0 0
7.2000000000000001776 0 2.000460199269582941e-06
7.2099999999999999645 0 0
7.2199999999999997513 0 0
7.2300000000000004263 0 2.000460199269582941e-06
7.2400000000000002132 0 0
7.25 0 0
7.2599999999999997868 0 0
7.2700000000000004619 0 0
7.2800000000000002487 0 0
7.2900000000000000355 0 0
7.2999999999999998224 0 0
7.3100000000000004974 0 0
7.3200000000000002842 0 0
7.3300000000000000711 0 0
7.3399999999999998579 0 2.000460199269582941e-06
7.3500000000000005329 0 0
7.3600000000000003197 0 0
7.3700000000000001066 0 0
7.3799999999999998934 0 0
7.3900000000000005684 0 0
7.4000000000000003553 0 0
7.4100000000000001421 0 0
7.4199999999999999289 0 0
7.4299999999999997158 0 0
7.4400000000000003908 0 0
7.4500000000000001776 0 2.000460199269582941e-06
7.4599999999999999645 0 0
7.4699999999999997513 0 0
7.4800000000000004263 0 0
7.4900000000000002132 0 2.000460199269582941e-06
7.5 0 0
7.5099999999999997868 0 2.000460199269582941e-06
7.5200000000000004619 0 0
7.5300000000000002487 0 0
7.5400000000000000355 0 0
7.5499999999999998224 0 0
7.5600000000000004974 0 0
7.5700000000000002842 0 0
7.5800000000000000711 0 0
7.5899999999999998579 0 0
7.6000000000000005329 0 0
7.6100000000000003197 0 0
7.6200000000000001066 0 0
7.6299999999999998934 0 0
7.6400000000000005684 0 0
7.6500000000000003553 0 0
7.6600000000000001421 0 0
7.6699999999999999289 0 0
7.6799999999999997158 0 0
7.6900000000000003908 0 0
7.7000000000000001776 0 0
7.7099999999999999645 0 0
7.7199999999999997513 0 0
7.7300000000000004263 0 0
7.7400000000000002132 0 0
7.75 0 2.000460199269582941e-06
7.7599999999999997868 0 0
7.7700000000000004619 0 0
7.7800000000000002487 0 0
7.7900000000000000355 0 0
7.7999999999999998224 0 0
7.8100000000000004974 0 0
7.8200000000000002842 0 2.000460199269582941e-06
7.8300000000000000711 0 0
7.8399999999999998579 0 0
7.8500000000000005329 0 0
7.8600000000000003197 0 0
7.8700000000000001066 0 0
7.8799999999999998934 0 0
7.8900000000000005684 0 0
7.9000000000000003553 0 0
7.9100000000000001421 0 0
7.9199999999999999289 0 0
7.930000000000000604 0 0
7.9400000000000003908 0 0
7.9500000000000001776 0 0
7.9599999999999999645 0 0
7.9699999999999997513 0 0
7.9800000000000004263 0 0
7.9900000000000002132 0 0
8 0 0
8.0099999999999997868 0 2.000460199269582941e-06
8.0199999999999995737 0 2.000460199269582941e-06
8.0299999999999993605 0 0
8.0400000000000009237 0 0
8.0500000000000007105 0 0
8.0600000000000004974 0 0
8.0700000000000002842 0 0
8.0800000000000000711 0 0
8.0899999999999998579 0 0
8.0999999999999996447 0 2.000460199269582941e-06
8.1099999999999994316 0 0
8.1200000000000009948 0 0
8.1300000000000007816 0 0
8.1400000000000005684 0 0
8.1500000000000003553 0 2.000460199269582941e-06
8.1600000000000001421 0 0
8.1699999999999999289 0 0
8.1799999999999997158 0 0
8.1899999999999995026 0 0
8.1999999999999992895 0 0
8.2100000000000008527 0 0
8.2200000000000006395 0 2.000460199269582941e-06
8.2300000000000004263 0 0
8.2400000000000002132 0 2.000460199269582941e-06
8.25 0 0
8.2599999999999997868 0 0
8.2699999999999995737 0 0
8.2799999999999993605 0 0
8.2900000000000009237 0 0
8.3000000000000007105 0 0
8.3100000000000004974 0 0
8.3200000000000002842 0 0
8.3300000000000000711 0 0
8.3399999999999998579 0 0
8.3499999999999996447 0 0
8.3599999999999994316 0 0
8.3700000000000009948 0 0
8.3800000000000007816 0 0
8.3900000000000005684 0 0
8.4000000000000003553 0 0
8.4100000000000001421 0 0
8.4199999999999999289 0 0
8.4299999999999997158 0 0
8.4399999999999995026 0 0
8.4499999999999992895 0 0
8.4600000000000008527 0 0
8.4700000000000006395 0 0
8.4800000000000004263 0 0
8.4900000000000002132 0 0
8.5 0 0
8.5099999999999997868 0 0
8.5199999999999995737 0 0
8.5299999999999993605 0 2.000460199269582941e-06
8.5400000000000009237 0 0
8.5500000000000007105 0 2.000460199269582941e-06
8.5600000000000004974 0 0
8.5700000000000002842 0 0
8.5800000000000000711 0 0
8.5899999999999998579 0 0
8.5999999999999996447 0 0
8.6099999999999994316 0 0
8.6200000000000009948 0 0
8.6300000000000007816 0 0
8.6400000000000005684 0 0
8.6500000000000003553 0 0
8.6600000000000001421 0 0
8.6699999999999999289 0 0
8.6799999999999997158 0 0
8.6899999999999995026 0 0
8.7000000000000010658 0 2.000460199269582941e-06
8.7100000000000008527 0 0
8.7200000000000006395 0 0
8.7300000000000004263 0 0
8.7400000000000002132 0 0
8.75 0 0
8.7599999999999997868 0 0
8.7699999999999995737 0 0
8.7799999999999993605 0 0
8.7900000000000009237 0 4.0009203985391650349e-06
8.8000000000000007105 0 0
8.8100000000000004974 0 0
8.8200000000000002842 0 2.000460199269582941e-06
8.8300000000000000711 0 0
8.8399999999999998579 0 0
8.8499999999999996447 0 2.000460199269582941e-06
8.8599999999999994316 0 2.000460199269582941e-06
8.8700000000000009948 0 0
8.8800000000000007816 0 0
8.8900000000000005684 0 0
8.9000000000000003553 0 0
8.9100000000000001421 0 0
8.9199999999999999289 0 0
8.9299999999999997158 0 0
8.9399999999999995026 0 0
8.9500000000000010658 0 0
8.9600000000000008527 0 0
8.9700000000000006395 0 0
8.9800000000000004263 0 0
8.9900000000000002132 0 0
9 0 0
9.0099999999999997868 0 0
9.0199999999999995737 0 0
9.0299999999999993605 0 2.000460199269582941e-06
9.0400000000000009237 0 2.000460199269582941e-06
9.0500000000000007105 0 2.000460199269582941e-06
9.0600000000000004974 0 0
9.0700000000000002842 0 0
9.0800000000000000711 0 0
9.0899999999999998579 0 0
9.0999999999999996447 0 0
9.1099999999999994316 0 0
9.1200000000000009948 0 0
9.1300000000000007816 0 2.000460199269582941e-06
9.1400000000000005684 0 0
9.1500000000000003553 0 0
9.1600000000000001421 0 0
9.1699999999999999289 0 0
9.1799999999999997158 0 0
9.1899999999999995026 0 0
9.2000000000000010658 0 0
9.2100000000000008527 0 0
9.2200000000000006395 0 0
9.2300000000000004263 0 0
9.2400000000000002132 0 0
9.25 0 0
9.2599999999999997868 0 0
9.2699999999999995737 0 0
9.2799999999999993605 0 0
9.2900000000000009237 0 0
9.3000000000000007105 0 0
9.3100000000000004974 0 0
9.3200000000000002842 0 0
9.3300000000000000711 0 0
9.3399999999999998579 0 0
9.3499999999999996447 0 0
9.3599999999999994316 0 0
9.3700000000000009948 0 0
9.3800000000000007816 0 0
9.3900000000000005684 0 0
9.4000000000000003553 0 0
9.4100000000000001421 0 0
9.4199999999999999289 0 2.000460199269582941e-06
9.4299999999999997158 0 0
9.4399999999999995026 0 0
9.4500000000000010658 0 0
9.4600000000000008527 0 0
9.4700000000000006395 0 0
9.4800000000000004263 0 0
9.4900000000000002132 0 0
9.5 0 0
9.5099999999999997868 0 0
9.5199999999999995737 0 2.000460199269582941e-06
9.5299999999999993605 0 0
9.5400000000000009237 0 0
9.5500000000000007105 0 0
9.5600000000000004974 0 0
9.5700000000000002842 0 0
9.5800000000000000711 0 0
9.5899999999999998579 0 0
9.5999999999999996447 0 0
9.6099999999999994316 0 0
9.6200000000000009948 0 0
9.6300000000000007816 0 0
9.6400000000000005684 0 0
9.6500000000000003553 0 0
9.6600000000000001421 0 0
9.6699999999999999289 0 0
9.6799999999999997158 0 0
9.6899999999999995026 0 0
9.7000000000000010658 0 0
9.7100000000000008527 0 2.000460199269582941e-06
9.7200000000000006395 0 0
9.7300000000000004263 0 0
9.7400000000000002132 0 0
9.75 0 0
9.7599999999999997868 0 0
9.7699999999999995737 0 0
9.7799999999999993605 0 0
9.7900000000000009237 0 2.000460199269582941e-06
9.8000000000000007105 0 0
9.8100000000000004974 0 0
9.8200000000000002842 0 0
9.8300000000000000711 0 4.0009203985391650349e-06
9.8399999999999998579 0 0
9.8499999999999996447 0 0
9.8599999999999994316 0 0
9.8700000000000009948 0 0
9.8800000000000007816 0 0
9.8900000000000005684 0 0
9.9000000000000003553 0 0
9.9100000000000001421 0 0
9.9199999999999999289 0 0
9.9299999999999997158 0 2.000460199269582941e-06
9.9399999999999995026 0 0
9.9500000000000010658 0 0
9.9600000000000008527 0 0
9.9700000000000006395 0 0
9.9800000000000004263 0 0
9.9900000000000002132 0 0
10 0 0
10.009999999999999787 0 0
10.019999999999999574 0 0
10.029999999999999361 0 0
10.040000000000000924 0 0
10.050000000000000711 0 0
10.060000000000000497 0 2.000460199269582941e-06
10.070000000000000284 0 2.000460199269582941e-06
10.080000000000000071 0 4.0009203985391650349e-06
10.089999999999999858 0 4.0009203985391650349e-06
10.099999999999999645 0 2.000460199269582941e-06
10.109999999999999432 0 0
10.120000000000000995 0 0
10.130000000000000782 0 0
10.140000000000000568 0 2.000460199269582941e-06
10.150000000000000355 0 0
10.160000000000000142 0 2.000460199269582941e-06
10.169999999999999929 0 0
10.179999999999999716 0 2.000460199269582941e-06
10.189999999999999503 0 0
10.200000000000001066 0 2.000460199269582941e-06
10.210000000000000853 0 0
10.220000000000000639 0 0
10.230000000000000426 0 0
