0 1.3448165864107604464e-61 -1.3448165864107604464e-61
0.010000000000000000208 2.9514904834465818787e-60 -2.9514904834465818787e-60
0.020000000000000000416 6.2451865809446256946e-59 -6.2451865809446256946e-59
0.02999999999999999889 1.2740167817914646921e-57 -1.2740167817914646921e-57
0.040000000000000000833 2.5057086936735755972e-56 -2.5057086936735755972e-56
0.050000000000000002776 4.7512918844944777245e-55 -4.7512918844944777245e-55
0.05999999999999999778 8.6859743521132144515e-54 -8.6859743521132144515e-54
0.070000000000000006661 1.5309149862668418342e-52 -1.5309149862668418342e-52
0.080000000000000001665 2.6014130013257152591e-51 -2.6014130013257152591e-51
0.089999999999999996669 4.2618017036782500793e-50 -4.2618017036782500793e-50
0.10000000000000000555 6.7313608284319096419e-49 -6.7313608284319096419e-49
0.11000000000000000056 1.0250338414483200588e-47 -1.0250338414483200588e-47
0.11999999999999999556 1.5048708741642725105e-46 -1.5048708741642725105e-46
0.13000000000000000444 2.1300312248020454024e-45 -2.1300312248020454024e-45
0.14000000000000001332 2.9066879040378266748e-44 -2.9066879040378266748e-44
0.14999999999999999445 3.8241642480769390059e-43 7.1918730100151151419e-05
0.16000000000000000333 4.8506548219520678341e-42 7.7911958214826881886e-05
0.17000000000000001221 5.9318465108323978853e-41 8.5902931459713727236e-05
0.17999999999999999334 6.9936700519257842493e-40 5.1941307901870459318e-05
0.19000000000000000222 7.9496145891017766349e-39 6.1930019001010805368e-05
0.2000000000000000111 8.7118965279736575685e-38 7.7911958214826881886e-05
0.20999999999999999223 9.2046026138763559671e-37 7.5914220360573381186e-05
0.22000000000000000111 9.3761183136368693077e-36 8.1907441199291497469e-05
0.23000000000000000999 9.2080318833287869019e-35 6.7923247115686535835e-05
0.23999999999999999112 8.7183891506520389809e-34 8.7900669313967227936e-05
0.25 7.95850303199677095e-33 8.5902931459713727236e-05
0.26000000000000000888 7.0040981328222610047e-32 8.1907441199291497469e-05
0.27000000000000001776 5.9429045997616992647e-31 7.7911958214826881886e-05
0.28000000000000002665 4.8615078944270070433e-30 6.7923247115686535835e-05
0.28999999999999998002 3.8341485240547386108e-29 0.00010588035365799440578
0.2999999999999999889 2.9153625410982156889e-28 8.7900669313967227936e-05
0.30999999999999999778 2.1371839630162995924e-27 7.9909703345037996769e-05
0.32000000000000000666 1.5104868343589591257e-26 8.1907441199291497469e-05
0.33000000000000001554 1.0292424313736643263e-25 8.5902931459713727236e-05
0.34000000000000002442 6.7615166234475902363e-25 8.7900669313967227936e-05
0.35000000000000003331 4.2824890223497546445e-24 6.7923247115686535835e-05
0.35999999999999998668 2.6150144732297714454e-23 0.00010188487067352980375
0.36999999999999999556 1.5394927061230741316e-22 5.9932277508778497577e-05
0.38000000000000000444 8.7378960652419690293e-22 7.1918730100151151419e-05
0.39000000000000001332 4.7814741676235663619e-21 6.3927764131221920252e-05
0.4000000000000000222 2.5225655084353548332e-20 7.9909703345037969664e-05
0.41000000000000003109 1.2830653977746229482e-19 5.5936790886334939376e-05
0.41999999999999998446 6.2918858200684383188e-19 0.00010588035365799378237
0.42999999999999999334 2.9746684889358344747e-18 6.9920992245894682715e-05
0.44000000000000000222 1.3558823684165145722e-17 7.5914220360559828658e-05
0.4500000000000000111 5.9584205650248324957e-17 7.5914220360513790724e-05
0.46000000000000001998 2.5244454740633739655e-16 7.7911958214574438962e-05
0.47000000000000002887 1.0311611348187270304e-15 7.9909703344006839188e-05
0.47999999999999998224 4.060811002290146461e-15 0.00011586906475307399457
0.48999999999999999112 1.541788203960341912e-14 8.3905186314084728911e-05
0.5 5.6436797315747875263e-14 6.7923247059249733447e-05
0.51000000000000000888 1.9917081585859859168e-13 6.9920992046726838497e-05
0.52000000000000001776 6.7766451437500654634e-13 8.5902930782049219068e-05
0.53000000000000002665 2.2229489386982944339e-12 0.00010787809656525655004
0.54000000000000003553 7.0302364128492132888e-12 9.9887118513082269813e-05
0.55000000000000004441 2.1435621143082550015e-11 7.9909681909416855716e-05
0.56000000000000005329 6.3012674886109143384e-11 7.5914157347898496373e-05
0.57000000000000006217 1.7858519781411093947e-10 8.5902752874515909314e-05
0.57999999999999996003 4.8796503379347397658e-10 7.5913732395539590815e-05
0.58999999999999996891 1.2854572754546591875e-09 8.1906155742016042813e-05
0.5999999999999999778 3.2647677423115003361e-09 8.789740454622491767e-05
0.60999999999999998668 7.9941562961999112645e-09 0.00010387462164744470428
0.61999999999999999556 1.8872032664609319704e-08 9.1877287541724847572e-05
0.63000000000000000444 4.2952695613034635787e-08 8.5859978764100697854e-05
0.64000000000000001332 9.4251412906675462335e-08 7.1824478687244474196e-05
0.6500000000000000222 1.9939350821723325325e-07 9.7689994180847949728e-05
0.66000000000000003109 4.0668659727594643452e-07 9.9480438946042737988e-05
0.67000000000000003997 7.9971346014168220523e-07 9.3094183968501280856e-05
0.68000000000000004885 1.5161237525038047725e-06 0.00012034616911930669637
0.69000000000000005773 2.7711535954235522078e-06 0.00012508437466702025187
0.70000000000000006661 4.8832869431612073861e-06 0.00010898803995972009711
0.70999999999999996447 8.2963982443714636241e-06 9.5586217559369434683e-05
0.71999999999999997335 1.3589160803898311963e-05 0.00011027087719812330216
0.72999999999999998224 2.1459588253979330143e-05 8.2423027549761578329e-05
0.73999999999999999112 3.2672008411223860678e-05 0.00012115416288821872722
0.75 4.7957438637129915795e-05 0.0001817829602988436607
0.76000000000000000888 6.7867496244074796211e-05 0.00021181647273951580666
0.77000000000000001776 9.2596245051468841652e-05 0.00021305835241720535479
0.78000000000000002665 0.00012180093547722682982 0.00032769113674366485717
0.79000000000000003553 0.00015446623901076508584 0.00034297165812753247199
0.80000000000000004441 0.00018886097224130572411 0.00043043920321688712832
0.81000000000000005329 0.0002226263520482779461 0.00054051129816213238331
0.82000000000000006217 0.00025300937814969818966 0.00057805154828022915943
0.83000000000000007105 0.00027721860172206694945 0.00081554652931189000088
0.83999999999999996891 0.00029284230614632733667 0.00077794768666296875131
0.8499999999999999778 0.00029824348685181261863 0.00076255783851408832051
0.85999999999999998668 0.00029284230614632663194 0.00087783482675820342749
0.86999999999999999556 0.00027721860172206537736 0.00081554652931189162719
0.88000000000000000444 0.00025300937814969602126 0.00070990255225118216974
0.89000000000000001332 0.00022262635204827539823 0.00062641422234589109845
0.9000000000000000222 0.00018886097224130306781 0.00048637600865514003367
0.91000000000000003109 0.00015446623901076248376 0.00036894228661261865409
0.92000000000000003997 0.00012180093547722440391 0.00031770244019644217895
0.93000000000000004885 9.2596245051466754563e-05 0.00020706514613040452686
0.94000000000000005773 6.7867496244073034382e-05 0.00020382549221867305475
0.95000000000000006661 4.7957438637128560542e-05 0.00010187325695380703274
0.95999999999999996447 3.2672008411222993316e-05 9.7181250429516699823e-05
0.96999999999999997335 2.145958825397869995e-05 9.8404966763578291815e-05
0.97999999999999998224 1.3589160803897883364e-05 5.6331831441999769049e-05
0.98999999999999999112 8.2963982443711790211e-06 5.5631365886850741231e-05
1 4.883286943160999016e-06 7.5026416401876991824e-05
1.0100000000000000089 2.7711535954234264234e-06 5.9158865405587379369e-05
1.0200000000000000178 1.5161237525037323512e-06 6.4409378232971689236e-05
1.0300000000000000266 7.9971346014164281819e-07 9.1096446114247820814e-05
1.0400000000000000355 4.0668659727593044677e-07 5.3532362796826836557e-05
1.0500000000000000444 1.9939350821725776427e-07 7.7712564706609629892e-05
1.0600000000000000533 9.4251412906886042666e-08 6.9826740832990770208e-05
1.0700000000000000622 4.295269561427371264e-08 6.9878039550283374505e-05
1.0800000000000000711 1.8872032671414084617e-08 9.1877287541718044204e-05
1.0900000000000000799 7.9941563317863858869e-09 5.9924283352446707841e-05
1.1000000000000000888 3.2647679198332684363e-09 7.19154653322313166e-05
1.1100000000000000977 1.2854581203365793004e-09 6.1928733542890472617e-05
1.1200000000000001066 4.8796887039718416412e-10 9.5891154589983670898e-05
1.1300000000000001155 1.7860182162461412967e-10 6.9920813644076031937e-05
1.1400000000000001243 6.3081409418025929153e-11 8.1907378117882084496e-05
1.1500000000000001332 2.1706834255882347847e-11 9.3893875721808698113e-05
1.1599999999999999201 8.0515780842136914137e-12 8.1907433147713416452e-05
1.1699999999999999289 5.8940184592762973004e-12 6.9920986351879195995e-05
1.1799999999999999378 1.3273165177801947218e-11 9.9887112270153515566e-05
1.1899999999999999467 4.1454838269746781216e-11 7.5914178905735107592e-05
1.1999999999999999556 1.2907309041289282507e-10 6.1929889927920387022e-05
1.2099999999999999645 3.8527695180389619305e-10 6.9920606968945842779e-05
1.2199999999999999734 1.0986881278943782511e-09 8.3904087641374722889e-05
1.2299999999999999822 2.9927034198024867951e-09 7.9906710641618200345e-05
1.2399999999999999911 7.7875634296323952663e-09 7.191094253672151678e-05
1.25 1.9362860436937993025e-08 9.3874534568206015046e-05
1.2600000000000000089 4.6010808201625564693e-08 6.9874981437696020992e-05
1.2700000000000000178 1.0451453784188830188e-07 9.9782611005476805756e-05
1.2800000000000000266 2.2700606355769922927e-07 8.7673663250409535324e-05
1.2900000000000000355 4.7160130235224651178e-07 7.1447128797798905436e-05
1.3000000000000000444 9.3743280902940540659e-07 8.2967753520473211393e-05
1.3100000000000000533 1.783629520702074796e-06 8.0123811678589417591e-05
1.3200000000000000622 3.2498596674630969683e-06 8.864629990692636497e-05
1.3300000000000000711 5.673415230149298184e-06 6.8243060000212972353e-05
1.3400000000000000799 9.4951604128788671158e-06 7.0414542932159131347e-05
1.3500000000000000888 1.5245242841357324273e-05 6.2666715373469554225e-05
1.3600000000000000977 2.3500785329645259523e-05 7.0393112098997702268e-05
1.3700000000000001066 3.4812923492038338525e-05 7.7060658280631757068e-05
1.3800000000000001155 4.9609326882810857271e-05 5.4273288920930047813e-05
1.3900000000000001243 6.8088667662477648439e-05 5.3773625209332847415e-05
1.4000000000000001332 9.0131670630678859717e-05 2.5737394126455946327e-05
1.4099999999999999201 0.00011525530742069321115 3.6573133300453578324e-05
1.4199999999999999289 0.00014262986579895761251 4.1162453349821275786e-05
1.4299999999999999378 0.00017116375476805133649 4.0596952547937475075e-05
1.4399999999999999467 0.00019964232818513890613 5.2073238079326599316e-05
1.4499999999999999556 0.00022689122178400704627 5.0795002069372441724e-05
1.4599999999999999645 0.00025192762432278421447 1.7856870718924058687e-06
1.4699999999999999734 0.00027406719570605424414 -6.3696975037303305706e-06
1.4799999999999999822 0.00029296817035946530862 -5.7234550584773520978e-05
1.4899999999999999911 0.00030861214506172651197 -5.2901088536838830959e-05
1.5 0.00032123670898165981044 -1.5978956015078233689e-06
1.5100000000000000089 0.00033124370937448005493 -2.9584573062397645071e-05
1.5200000000000000178 0.00033910718074353120299 -7.3407427671418404302e-05
1.5300000000000000266 0.00034529865610293360633 -6.9610177379765233226e-05
1.5400000000000000355 0.00035023836582314266932 -9.0531848141663161071e-05
1.5500000000000000444 0.00035427229924589047653 -0.00010655222324184725506
1.5600000000000000533 0.00035766949342536016182 -0.00010795167229110587967
1.5700000000000000622 0.00036063175471142495726 -0.00012689588006694436581
1.5800000000000000711 0.0003633085729328843611 -0.00012557720802798145857
1.5900000000000000799 0.00036581199658109820119 -9.8114498378774287618e-05
1.6000000000000000888 0.00036822856323745023575 -0.00010652430042575961261
1.6100000000000000977 0.00037062731881009556558 -0.00013689144416561497414
1.6200000000000001066 0.00037306424969393403145 -0.00014332385075796044141
1.6300000000000001155 0.00037558411975238719304 -0.00015183695620704689344
1.6400000000000001243 0.00037822089428366482836 -9.8536925300074225485e-05
1.6500000000000001332 0.00038099780392625049201 -0.00015325515012048798974
1.6600000000000001421 0.00038392778716825635759 -0.00019014675692033706903
1.6699999999999999289 0.00038701466345182573619 -0.00013729684231757145405
1.6799999999999999378 0.00039025502704197754036 -0.00016650786349663724076
1.6899999999999999467 0.00039364059107157179252 -0.00013193632825988116939
1.6999999999999999556 0.00039716059299526240353 -0.00014144953647037472252
1.7099999999999999645 0.00040080389489715657252 -0.00012511541617398819941
1.7199999999999999734 0.00040456053391256562371 -0.00016882691413787383606
1.7299999999999999822 0.00040842263881607049044 -0.00013872739548353551619
1.7399999999999999911 0.00041238477170663502373 -0.00012670759643624153294
1.75 0.00041644384325422790279 -0.0001587350415991291069
1.7600000000000000089 0.00042059877785002310838 -0.00018286741294512020586
1.7700000000000000178 0.00042485008429694659298 -0.00017513226316269231084
1.7800000000000000266 0.00042919944126463508306 -0.00021344324368822398751
1.7900000000000000355 0.00043364935627681673201 -0.00014397669074600101145
1.8000000000000000444 0.00043820291653299029387 -0.00021445575298764999427
1.8100000000000000533 0.00044286362461109916215 -0.00017916161666919747835
1.8200000000000000622 0.00044763530078021355378 -0.00025984750592292769119
1.8300000000000000711 0.00045252203192792218129 -0.00021678841215323039365
1.8400000000000000799 0.00045752815034536621673 -0.00023577873193023700491
1.8500000000000000888 0.00046265823037318647062 -0.00023691332169763508323
1.8600000000000000977 0.00046791709527260673829 -0.00023218347549791495065
1.8700000000000001066 0.00047330982992686160011 -0.00021360331224538209186
1.8800000000000001155 0.00047884179707939199689 -0.0002371149419140668917
1.8900000000000001243 0.00048451865604310956522 -0.00025477825710713597517
1.9000000000000001332 0.00049034638347536919998 -0.00025261501857046632456
1.9100000000000001421 0.00049633129614708539935 -0.00024861122014304217788
1.9199999999999999289 0.0005024800757986606697 -0.00025076450953419516425
1.9299999999999999378 0.00050879979625986001407 -0.00029903683407408229028
1.9399999999999999467 0.00051529795306174276236 -0.00025958689653685508136
1.9499999999999999556 0.0005219824958084039266 -0.00030223080797157062839
1.9599999999999999645 0.0005288618636144446503 -0.00025517113002148733786
1.9699999999999999734 0.00053594502395535388757 -0.00031819108124873170425
1.9799999999999999822 0.0005432415153245458107 -0.00026955078173158849826
1.9899999999999999911 0.00055076149414427333188 -0.00030104367301001904974
2 0.00055851578643935611678 -0.00028482505284639880435
2.0100000000000002309 0.00056651594485423886847 -0.00031080488832935118746
2.0200000000000000178 0.00057477431167708031325 -0.00030308132321433422411
2.0300000000000002487 0.0005833040886315730934 -0.00034956821398709250195
2.0400000000000000355 0.00059211941431061435384 -0.00037236772647378105563
2.0499999999999998224 0.00060123545025896453844 -0.0003315402069264295642
2.0600000000000000533 0.00061066847686855340888 -0.00036294840086451018741
2.0699999999999998401 0.00062043600043483991546 -0.00036072948275336040721
2.0800000000000000711 0.00063055687294150922391 -0.00036285937473918531034
2.0899999999999998579 0.00064105142640094332079 -0.00038134490871946381254
2.1000000000000000888 0.00065194162388843403602 -0.0003362983007687042245
2.1099999999999998757 0.0006632512297800686801 -0.00036358983859819738512
2.1200000000000001066 0.00067500600215181151987 -0.00039332428803800980211
2.1299999999999998934 0.0006872339108381019749 -0.00037159058771837216338
2.1400000000000001243 0.00069996538530491328456 -0.00040030399412304198958
2.1499999999999999112 0.00071323359729320683076 -0.00040158576443389935743
2.1600000000000001421 0.00072707478417108329077 -0.00048335019842746229906
2.1699999999999999289 0.00074152862014423086799 -0.00041789431650365665115
2.1800000000000001599 0.00075663864397677816839 -0.00047495692986297645063
2.1899999999999999467 0.00077245275375000140277 -0.00048278008821918568221
2.2000000000000001776 0.00078902378154283741608 -0.00050134886114223281041
2.2099999999999999645 0.00080641016390069208963 -0.00046479618319204829557
2.2200000000000001954 0.00082467672776347122118 -0.00047706951166419413668
2.2299999999999999822 0.00084389561641789437221 -0.00051426810649051726745
2.2400000000000002132 0.00086414738639366153825 -0.00051454245426800374139
2.25 0.0008855223145585753913 -0.00054990156924056505031
2.2600000000000002309 0.00090812196572770745306 -0.00057849445580033034831
2.2700000000000000178 0.0009320610859696352524 -0.00057646291845334421931
2.2800000000000002487 0.00095746990708982259756 -0.00064981756449093729978
2.2900000000000000355 0.00098449697600885648606 -0.00062090782797172088502
2.3000000000000002665 0.0010133126630087183929 -0.00062375285738266875515
2.3100000000000000533 0.0010441135621087266946 -0.00057464406768955428838
2.3199999999999998401 0.0010771280880176399477 -0.00057369695548870904521
2.3300000000000000711 0.00111262372212059279 -0.00062517455063335080657
2.3399999999999998579 0.0011509166147625044495 -0.00067145839469227646887
2.3500000000000000888 0.00119238471312380751 -0.00064700099106810410841
2.3599999999999998757 0.0012374864494068570954 -0.00069410047248136480871
2.3700000000000001066 0.0012867886533620713409 -0.00066549073277366740074
2.3799999999999998934 0.0013410103477105605498 -0.0005698817169793057337
2.3900000000000001243 0.0014010943057455355239 -0.00052608304465862456081
2.3999999999999999112 0.0014683266210485841369 -0.00049742376833452239988
2.4100000000000001421 0.0015445363599974615276 -0.00035987506938911549906
2.4199999999999999289 0.0016324208231381371736 -0.00025597623286016711955
2.4300000000000001599 0.0017360507251743067213 -0.00015184087418502480692
2.4399999999999999467 0.0018616003684268961262 0.00015811745528712174182
2.4500000000000001776 0.002018299646269046399 0.00033903658058170166312
2.4599999999999999645 0.0022194938286957894072 0.00089099132271431343705
2.4700000000000001954 0.0024835114647770001849 0.0015159690472161695997
2.4799999999999999822 0.0028338032928618170185 0.0026759704420951627331
2.4900000000000002132 0.0032976077925100356035 0.0043437574934527840159
2.5 0.0039023685378284499875 0.0069054185303597404727
2.5100000000000002309 0.0046694488331055676936 0.01005391356802225189
2.5200000000000000178 0.0056054704166909772797 0.015167057486627430474
2.5300000000000002487 0.0066927696667850831991 0.020078978771692436445
2.5400000000000000355 0.0078816700702476188284 0.027406455206317931195
2.5500000000000002665 0.0090879362309192381758 0.034291046462037677589
2.5600000000000000533 0.010198310085295012734 0.041820909760238361708
2.5699999999999998401 0.011085166361144132424 0.047848240707108427583
2.5800000000000000711 0.011628409734525968836 0.052339309939584445497
2.5899999999999998579 0.011739764413664284873 0.054823022284677086491
2.6000000000000000888 0.011382871927698708786 0.053701585469762225244
2.6099999999999998757 0.010583094609664689748 0.050985333221269829584
2.6200000000000001066 0.0094237192295111744944 0.046065578726717085201
2.6299999999999998934 0.0080294162419066016784 0.039670683405138539024
2.6400000000000001243 0.0065417171365248676443 0.031745017235852532322
2.6499999999999999112 0.0050933996951814403814 0.024313371368623187818
2.6600000000000001421 0.0037883051704750421267 0.018334696345390286837
2.6699999999999999289 0.0026906356840954836346 0.012186553266681566729
2.6800000000000001599 0.0018243936169935162823 0.0083021635841535636191
2.6899999999999999467 0.0011806999006072145704 0.0053139609611829660696
2.7000000000000001776 0.00072918730840992515823 0.0031564220221995155369
2.7099999999999999645 0.00042968713838659178521 0.001697908573112861131
2.7200000000000001954 0.00024156016941257105993 0.00096307857249788701194
2.7299999999999999822 0.00012954265741291977093 0.00058165367761966253919
2.7400000000000002132 6.62638426627559649e-05 0.00032729145322371594332
2.75 3.2328408636905901655e-05 0.00014147519941273270158
2.7600000000000002309 1.5042089509702336324e-05 7.4856324934476003107e-05
2.7700000000000000178 6.674584536910344669e-06 2.9284780513165237817e-05
2.7800000000000002487 2.8243065507913096623e-06 1.3157634482014170401e-05
2.7900000000000000355 1.1396012802857974378e-06 2.8558839779155725779e-06
2.8000000000000002665 4.3846178347186805834e-07 5.5547658764565118397e-06
2.8100000000000000533 1.6085494274617913781e-07 -1.6085494274617913781e-07
2.8199999999999998401 5.6266339595831987215e-08 -5.6266339595831987215e-08
2.8300000000000000711 1.8765650679213884512e-08 1.9789769784214710473e-06
2.8399999999999998579 5.9671865570196892711e-09 -5.9671865570196892711e-09
2.8500000000000000888 1.8090807971741001527e-09 1.9959335483035109224e-06
2.8599999999999998757 5.2290271554891459431e-10 -5.2290271554891459431e-10
2.8700000000000001066 1.4409583096590364353e-10 -1.4409583096590364353e-10
2.8799999999999998934 3.7856738586572445077e-11 -3.7856738586572445077e-11
2.8900000000000001243 9.4817938515547707106e-12 -9.4817938515547707106e-12
2.8999999999999999112 2.264061127473025463e-12 1.9977403650395574388e-06
2.9100000000000001421 5.1538452125463337861e-13 -5.1538452125463337861e-13
2.9199999999999999289 1.1184481226314946834e-13 -1.1184481226314946834e-13
2.9300000000000001599 2.3138627906402903767e-14 -2.3138627906402903767e-14
2.9399999999999999467 4.5634469029765017621e-15 -4.5634469029765017621e-15
2.9500000000000001776 8.5798302168390252682e-16 -8.5798302168390252682e-16
2.9599999999999999645 1.5377707316316831064e-16 -1.5377707316316831064e-16
2.9700000000000001954 2.627416000296382386e-17 -2.627416000296382386e-17
2.9799999999999999822 4.2794484882944719941e-18 -4.2794484882944719941e-18
2.9900000000000002132 6.6445570089216030206e-19 -6.6445570089216030206e-19
3 9.8347031039948711194e-20 -9.8347031039948711194e-20
3.0100000000000002309 1.3876225657031307278e-20 -1.3876225657031307278e-20
3.0200000000000000178 1.866355459845356684e-21 -1.866355459845356684e-21
3.0300000000000002487 2.3929214236535935597e-22 -2.3929214236535935597e-22
3.0400000000000000355 2.9246362849231845108e-23 -2.9246362849231845108e-23
3.0500000000000002665 3.407399303359711626e-24 -3.407399303359711626e-24
3.0600000000000000533 3.784255311367191639e-25 -3.784255311367191639e-25
3.0700000000000002842 4.0062924173686700912e-26 -4.0062924173686700912e-26
3.0800000000000000711 4.0430428848759275386e-27 -4.0430428848759275386e-27
3.0899999999999998579 3.8893433699968291258e-28 1.9977426291006850079e-06
3.1000000000000000888 3.5665250756546184569e-29 -3.5665250756546184569e-29
3.1099999999999998757 3.1175557066789625217e-30 -3.1175557066789625217e-30
3.1200000000000001066 2.5976585177591693221e-31 -2.5976585177591693221e-31
3.1299999999999998934 2.063230741560451175e-32 -2.063230741560451175e-32
3.1400000000000001243 1.5621060238135262234e-33 -1.5621060238135262234e-33
3.1499999999999999112 1.1273773159139506706e-34 -1.1273773159139506706e-34
3.1600000000000001421 7.7557412751866262329e-36 -7.7557412751866262329e-36
3.1699999999999999289 5.0859463078188070145e-37 -5.0859463078188070145e-37
3.1800000000000001599 3.1791711440922123189e-38 -3.1791711440922123189e-38
3.1899999999999999467 1.8943010622535794237e-39 -1.8943010622535794237e-39
3.2000000000000001776 1.0759110558708809793e-40 -1.0759110558708809793e-40
3.2099999999999999645 5.8249923291695388647e-42 -5.8249923291695388647e-42
3.2200000000000001954 3.0061132909160849082e-43 -3.0061132909160849082e-43
3.2299999999999999822 1.4787873797600560442e-44 -1.4787873797600560442e-44
3.2400000000000002132 6.9341936810123737215e-46 -6.9341936810123737215e-46
3.25 3.0993848152772125507e-47 -3.0993848152772125507e-47
3.2600000000000002309 1.3205164605452878634e-48 -1.3205164605452878634e-48
3.2700000000000000178 5.3629090210684281131e-50 -5.3629090210684281131e-50
3.2800000000000002487 2.0760837075232397817e-51 -2.0760837075232397817e-51
3.2900000000000000355 7.6608447294642304688e-53 -7.6608447294642304688e-53
3.3000000000000002665 2.6946067704953637637e-54 -2.6946067704953637637e-54
3.3100000000000000533 9.0344278821656974549e-56 -9.0344278821656974549e-56
3.3200000000000002842 2.8873008526596970147e-57 -2.8873008526596970147e-57
3.3300000000000000711 8.7956748476638242615e-59 -8.7956748476638242615e-59
3.3399999999999998579 2.5540633841113157464e-60 1.9977426291006850079e-06
3.3500000000000000888 7.0693454015603980093e-62 1.9977426291006850079e-06
3.3599999999999998757 1.8651399297053588043e-63 -1.8651399297053588043e-63
3.3700000000000001066 4.6905956993457685286e-65 1.9977426291006850079e-06
3.3799999999999998934 1.1244201834921628449e-66 1.9977426291006850079e-06
3.3900000000000001243 2.5692893323661621211e-68 -2.5692893323661621211e-68
3.3999999999999999112 5.5960405717100366586e-70 1.9977426291006850079e-06
3.4100000000000001421 1.1618013475528897808e-71 1.9977426291006850079e-06
3.4199999999999999289 2.2991420727113946299e-73 3.9954852582013700157e-06
3.4300000000000001599 4.3369298140629983258e-75 3.9954852582013700157e-06
3.4399999999999999467 7.7979667822278749043e-77 1.9977426291006850079e-06
3.4500000000000001776 1.3364801973950330571e-78 -1.3364801973950330571e-78
3.4599999999999999645 2.1833612728317739955e-80 -2.1833612728317739955e-80
3.4700000000000001954 3.3999331609493277063e-82 -3.3999331609493277063e-82
3.4799999999999999822 5.0465739357119583841e-84 -5.0465739357119583841e-84
3.4900000000000002132 7.1400980451391740353e-86 1.9977426291006850079e-06
3.5 9.6292570695080127343e-88 3.9954852582013700157e-06
3.5100000000000002309 1.2378335818514390664e-89 1.9977426291006850079e-06
3.5200000000000000178 1.5167444828832252193e-91 1.9977426291006850079e-06
3.5300000000000002487 1.7715078709398426594e-93 -1.7715078709398426594e-93
3.5400000000000000355 1.9722141456083015729e-95 -1.9722141456083015729e-95
3.5500000000000002665 2.0928842054740707469e-97 -2.0928842054740707469e-97
3.5600000000000000533 2.116977839694564781e-99 1.9977426291006850079e-06
3.5700000000000002842 2.041113904876829371e-101 -2.041113904876829371e-101
3.5800000000000000711 1.8758488063795528257e-103 1.9977426291006850079e-06
3.5899999999999998579 1.6432662251712496934e-105 -1.6432662251712496934e-105
3.6000000000000000888 1.372136719542640117e-107 1.9977426291006850079e-06
3.6099999999999998757 1.0921091857346922985e-109 -1.0921091857346922985e-109
3.6200000000000001066 8.2854062895442915324e-112 -8.2854062895442915324e-112
3.6299999999999998934 5.9915681037842041422e-114 -5.9915681037842041422e-114
3.6400000000000001243 4.1299614672393559766e-116 -4.1299614672393559766e-116
3.6499999999999999112 2.7135022148187338018e-118 -2.7135022148187338018e-118
3.6600000000000001421 1.6993894506310233667e-120 -1.6993894506310233667e-120
3.6699999999999999289 1.0144580469733224481e-122 1.9977426291006850079e-06
3.6800000000000001599 5.772362323763452467e-125 -5.772362323763452467e-125
3.6899999999999999467 3.1307708349258359896e-127 -3.1307708349258359896e-127
3.7000000000000001776 1.6185535341972256725e-129 -1.6185535341972256725e-129
3.7099999999999999645 7.9759209695006414648e-132 -7.9759209695006414648e-132
3.7200000000000001954 3.7463857688019765407e-134 -3.7463857688019765407e-134
3.7299999999999999822 1.6773431707509274891e-136 -1.6773431707509274891e-136
3.7400000000000002132 7.1582857594423241685e-139 -7.1582857594423241685e-139
3.75 2.9118816375871506705e-141 -2.9118816375871506705e-141
3.7600000000000002309 1.129057055156177774e-143 -1.129057055156177774e-143
3.7700000000000000178 4.1728757400292985014e-146 1.9977426291006850079e-06
3.7800000000000002487 1.4700507179361728199e-148 -1.4700507179361728199e-148
3.7900000000000000355 4.9363551662238360701e-151 -4.9363551662238360701e-151
3.8000000000000002665 1.5800018994558704443e-153 -1.5800018994558704443e-153
3.8100000000000000533 4.8204309309938754453e-156 1.9977426291006850079e-06
3.8200000000000002842 1.4018162308915070867e-158 -1.4018162308915070867e-158
3.8300000000000000711 3.8857350836214865526e-161 -3.8857350836214865526e-161
3.8399999999999998579 1.0266729037144625267e-163 -1.0266729037144625267e-163
3.8500000000000000888 2.5856381278771668211e-166 -2.5856381278771668211e-166
3.8599999999999998757 6.2069756839009519658e-169 -6.2069756839009519658e-169
3.8700000000000001066 1.4202635137739383043e-171 1.9977426291006850079e-06
3.8799999999999998934 3.0976641638957541887e-174 -3.0976641638957541887e-174
3.8900000000000001243 6.4398563362579016289e-177 -6.4398563362579016289e-177
3.8999999999999999112 1.2761284924557248388e-179 -1.2761284924557248388e-179
3.9100000000000001421 2.4103990360714822751e-182 -2.4103990360714822751e-182
3.9199999999999999289 4.3397002544266478679e-185 -4.3397002544266478679e-185
3.9300000000000001599 7.4474347757083677761e-188 -7.4474347757083677761e-188
3.9399999999999999467 1.2182314524532692094e-190 -1.2182314524532692094e-190
3.9500000000000001776 1.8994548392101839743e-193 -1.8994548392101839743e-193
3.9599999999999999645 2.8229562196122992521e-196 -2.8229562196122992521e-196
3.9700000000000001954 3.9990355234629141829e-199 -3.9990355234629141829e-199
3.9799999999999999822 5.3998571827197045965e-202 -5.3998571827197045965e-202
3.9900000000000002132 6.9500050910587699335e-205 1.9977426291006850079e-06
4 8.526361768200629982e-208 -8.526361768200629982e-208
4.0099999999999997868 9.9705271268404633376e-211 -9.9705271268404633376e-211
4.0200000000000004619 1.1113431136894397877e-213 -1.1113431136894397877e-213
4.0300000000000002487 1.1807388012609876835e-216 -1.1807388012609876835e-216
4.0400000000000000355 1.1957354010805812883e-219 -1.1957354010805812883e-219
4.0499999999999998224 1.154228704119724194e-222 1.9977426291006850079e-06
4.0600000000000004974 1.0619990724814472893e-225 -1.0619990724814472893e-225
4.0700000000000002842 9.3139058131076830925e-229 -9.3139058131076830925e-229
4.0800000000000000711 7.7860096568359839963e-232 -7.7860096568359839963e-232
4.0899999999999998579 6.2040227472041679791e-235 -6.2040227472041679791e-235
4.0999999999999996447 4.7120200366845924881e-238 1.9977426291006850079e-06
4.1100000000000003197 3.4112703245515462447e-241 -3.4112703245515462447e-241
4.1200000000000001066 2.3539669591204539273e-244 -2.3539669591204539273e-244
4.1299999999999998934 1.5483165880420103125e-247 -1.5483165880420103125e-247
4.1399999999999996803 9.7072073812363455098e-251 -9.7072073812363455098e-251
4.1500000000000003553 5.8010144406427829305e-254 -5.8010144406427829305e-254
4.1600000000000001421 3.3043697980560966564e-257 -3.3043697980560966564e-257
4.1699999999999999289 1.7941070889048505849e-260 1.9977426291006850079e-06
4.1799999999999997158 9.2850247047857917876e-264 -9.2850247047857917876e-264
4.1900000000000003908 4.5802872105574256376e-267 -4.5802872105574256376e-267
4.2000000000000001776 2.153660636418773945e-270 1.9977426291006850079e-06
4.2099999999999999645 9.6524309667146523813e-274 -9.6524309667146523813e-274
4.2199999999999997513 4.1235472839818356294e-277 -4.1235472839818356294e-277
4.2300000000000004263 1.6791135263639026632e-280 -1.6791135263639026632e-280
4.2400000000000002132 6.517243005806761014e-284 -6.517243005806761014e-284
4.25 2.4111404534647410581e-287 -2.4111404534647410581e-287
4.2599999999999997868 8.5026795713815244662e-291 1.9977426291006850079e-06
4.2700000000000004619 2.8580103188818628277e-294 -2.8580103188818628277e-294
4.2800000000000002487 9.1568567001455285649e-298 -9.1568567001455285649e-298
4.2900000000000000355 2.7964281036551420622e-301 -2.7964281036551420622e-301
4.2999999999999998224 8.1402076479326588237e-305 1.9977426291006850079e-06
4.3100000000000004974 2.2586132124611210581e-308 -2.2586132124611210581e-308
4.3200000000000002842 5.9734161520292256265e-312 -5.9734161520292256265e-312
4.3300000000000000711 1.5058377415257332759e-315 1.9977426291006850079e-06
4.3399999999999998579 3.6183391638829531909e-319 -3.6183391638829531909e-319
4.3500000000000005329 8.399115979301191251e-323 -8.399115979301191251e-323
4.3600000000000003197 0 1.9977426291006850079e-06
4.3700000000000001066 0 0
4.3799999999999998934 0 0
4.3899999999999996803 0 0
4.4000000000000003553 0 0
4.4100000000000001421 0 1.9977426291006850079e-06
4.4199999999999999289 0 1.9977426291006850079e-06
4.4299999999999997158 0 0
4.4400000000000003908 0 0
4.4500000000000001776 0 0
4.4599999999999999645 0 1.9977426291006850079e-06
4.4699999999999997513 0 1.9977426291006850079e-06
4.4800000000000004263 0 0
4.4900000000000002132 0 0
4.5 0 0
4.5099999999999997868 0 0
4.5200000000000004619 0 0
4.5300000000000002487 0 0
4.5400000000000000355 0 1.9977426291006850079e-06
4.5499999999999998224 0 0
4.5600000000000004974 0 0
4.5700000000000002842 0 1.9977426291006850079e-06
4.5800000000000000711 0 0
4.5899999999999998579 0 0
4.6000000000000005329 0 0
4.6100000000000003197 0 0
4.6200000000000001066 0 0
4.6299999999999998934 0 0
4.6399999999999996803 0 1.9977426291006850079e-06
4.6500000000000003553 0 1.9977426291006850079e-06
4.6600000000000001421 0 1.9977426291006850079e-06
4.6699999999999999289 0 0
4.6799999999999997158 0 0
4.6900000000000003908 0 0
4.7000000000000001776 0 0
4.7099999999999999645 0 0
4.7199999999999997513 0 0
4.7300000000000004263 0 0
4.7400000000000002132 0 1.9977426291006850079e-06
4.75 0 0
4.7599999999999997868 0 0
4.7700000000000004619 0 0
4.7800000000000002487 0 0
4.7900000000000000355 0 0
4.7999999999999998224 0 0
4.8100000000000004974 0 0
4.8200000000000002842 0 1.9977426291006850079e-06
4.8300000000000000711 0 0
4.8399999999999998579 0 1.9977426291006850079e-06
4.8500000000000005329 0 1.9977426291006850079e-06
4.8600000000000003197 0 0
4.8700000000000001066 0 0
4.8799999999999998934 0 1.9977426291006850079e-06
4.8899999999999996803 0 1.9977426291006850079e-06
4.9000000000000003553 0 0
4.9100000000000001421 0 1.9977426291006850079e-06
4.9199999999999999289 0 0
4.9299999999999997158 0 0
4.9400000000000003908 0 1.9977426291006850079e-06
4.9500000000000001776 0 0
4.9599999999999999645 0 0
4.9699999999999997513 0 0
4.9800000000000004263 0 0
4.9900000000000002132 0 1.9977426291006850079e-06
5 0 1.9977426291006850079e-06
5.0099999999999997868 0 3.9954852582013700157e-06
5.0200000000000004619 0 0
5.0300000000000002487 0 1.9977426291006850079e-06
5.0400000000000000355 0 1.9977426291006850079e-06
5.0499999999999998224 0 1.9977426291006850079e-06
5.0600000000000004974 0 7.9909705164027400315e-06
5.0700000000000002842 0 3.9954852582013700157e-06
5.0800000000000000711 0 3.9954852582013700157e-06
5.0899999999999998579 0 3.9954852582013700157e-06
5.1000000000000005329 0 9.9887129181297495961e-06
5.1100000000000003197 0 1.7979682525037791243e-05
5.1200000000000001066 0 1.5981941032805480063e-05
5.1299999999999998934 0 9.9887129181297495961e-06
5.1399999999999996803 0 1.7979682525037791243e-05
5.1500000000000003553 0 2.3972910639713518322e-05
5.1600000000000001421 0 2.5970653950935229659e-05
5.1699999999999999289 0 3.5959365050075582486e-05
5.1799999999999997158 0 2.5970653950935229659e-05
5.1900000000000003908 0 1.5981941032805480063e-05
5.2000000000000001776 0 2.3972910639713518322e-05
5.2099999999999999645 0 1.7979682525037791243e-05
5.2199999999999997513 0 4.3950334656983607192e-05
5.2300000000000004263 0 1.5981941032805480063e-05
5.2400000000000002132 0 1.3984197721583770419e-05
5.25 0 1.1986455319856759161e-05
5.2599999999999997868 0 1.5981941032805480063e-05
5.2700000000000004619 0 1.5981941032805480063e-05
5.2800000000000002487 0 5.9932276599283795804e-06
5.2900000000000000355 0 5.9932276599283795804e-06
5.2999999999999998224 0 7.9909705164027400315e-06
5.3100000000000004974 0 1.9977426291006850079e-06
5.3200000000000002842 0 1.9977426291006850079e-06
5.3300000000000000711 0 1.9977426291006850079e-06
5.3399999999999998579 0 3.9954852582013700157e-06
5.3500000000000005329 0 0
5.3600000000000003197 0 0
5.3700000000000001066 0 1.9977426291006850079e-06
5.3799999999999998934 0 0
5.3899999999999996803 0 0
5.4000000000000003553 0 0
5.4100000000000001421 0 0
5.4199999999999999289 0 0
5.4299999999999997158 0 0
5.4400000000000003908 0 0
5.4500000000000001776 0 0
5.4599999999999999645 0 0
5.4699999999999997513 0 0
5.4800000000000004263 0 0
5.4900000000000002132 0 0
5.5 0 0
5.5099999999999997868 0 0
5.5200000000000004619 0 0
5.5300000000000002487 0 0
5.5400000000000000355 0 0
5.5499999999999998224 0 0
5.5600000000000004974 0 0
5.5700000000000002842 0 0
5.5800000000000000711 0 0
5.5899999999999998579 0 0
5.6000000000000005329 0 0
5.6100000000000003197 0 0
5.6200000000000001066 0 0
5.6299999999999998934 0 0
5.6399999999999996803 0 0
5.6500000000000003553 0 0
5.6600000000000001421 0 0
5.6699999999999999289 0 0
5.6799999999999997158 0 0
5.6900000000000003908 0 0
5.7000000000000001776 0 0
5.7099999999999999645 0 0
5.7199999999999997513 0 0
5.7300000000000004263 0 0
5.7400000000000002132 0 0
5.75 0 0
5.7599999999999997868 0 0
5.7700000000000004619 0 0
5.7800000000000002487 0 0
5.7900000000000000355 0 0
5.7999999999999998224 0 0
5.8100000000000004974 0 0
5.8200000000000002842 0 0
5.8300000000000000711 0 0
5.8399999999999998579 0 0
5.8500000000000005329 0 0
5.8600000000000003197 0 0
5.8700000000000001066 0 0
5.8799999999999998934 0 0
5.8899999999999996803 0 0
5.9000000000000003553 0 0
5.9100000000000001421 0 0
5.9199999999999999289 0 0
5.9299999999999997158 0 0
5.9400000000000003908 0 0
5.9500000000000001776 0 0
5.9599999999999999645 0 0
5.9699999999999997513 0 0
5.9800000000000004263 0 0
5.9900000000000002132 0 0
6 0 0
6.0099999999999997868 0 0
6.0200000000000004619 0 0
6.0300000000000002487 0 0
6.0400000000000000355 0 0
6.0499999999999998224 0 0
6.0600000000000004974 0 0
6.0700000000000002842 0 0
6.0800000000000000711 0 0
6.0899999999999998579 0 0
6.1000000000000005329 0 0
6.1100000000000003197 0 0
6.1200000000000001066 0 0
6.1299999999999998934 0 0
6.1400000000000005684 0 0
6.1500000000000003553 0 0
6.1600000000000001421 0 0
6.1699999999999999289 0 0
6.1799999999999997158 0 0
6.1900000000000003908 0 0
6.2000000000000001776 0 0
6.2099999999999999645 0 0
6.2199999999999997513 0 0
6.2300000000000004263 0 0
6.2400000000000002132 0 0
6.25 0 0
6.2599999999999997868 0 0
6.2700000000000004619 0 0
6.2800000000000002487 0 0
6.2900000000000000355 0 0
6.2999999999999998224 0 0
6.3100000000000004974 0 0
6.3200000000000002842 0 0
6.3300000000000000711 0 0
6.3399999999999998579 0 0
6.3500000000000005329 0 0
6.3600000000000003197 0 0
6.3700000000000001066 0 0
6.3799999999999998934 0 0
6.3900000000000005684 0 0
6.4000000000000003553 0 0
6.4100000000000001421 0 0
6.4199999999999999289 0 0
6.4299999999999997158 0 0
6.4400000000000003908 0 0
6.4500000000000001776 0 0
6.4599999999999999645 0 0
6.4699999999999997513 0 0
6.4800000000000004263 0 0
6.4900000000000002132 0 0
6.5 0 0
6.5099999999999997868 0 0
6.5200000000000004619 0 0
6.5300000000000002487 0 0
6.5400000000000000355 0 0
6.5499999999999998224 0 0
6.5600000000000004974 0 0
6.5700000000000002842 0 0
6.5800000000000000711 0 0
6.5899999999999998579 0 0
6.6000000000000005329 0 0
6.6100000000000003197 0 0
6.6200000000000001066 0 0
6.6299999999999998934 0 0
6.6400000000000005684 0 0
6.6500000000000003553 0 0
6.6600000000000001421 0 0
6.6699999999999999289 0 0
6.6799999999999997158 0 0
6.6900000000000003908 0 0
6.7000000000000001776 0 0
6.7099999999999999645 0 0
6.7199999999999997513 0 0
6.7300000000000004263 0 0
6.7400000000000002132 0 0
6.75 0 0
6.7599999999999997868 0 0
6.7700000000000004619 0 0
6.7800000000000002487 0 0
6.7900000000000000355 0 0
6.7999999999999998224 0 0
6.8100000000000004974 0 0
6.8200000000000002842 0 0
6.8300000000000000711 0 0
6.8399999999999998579 0 0
6.8500000000000005329 0 0
6.8600000000000003197 0 0
6.8700000000000001066 0 0
6.8799999999999998934 0 0
6.8900000000000005684 0 0
6.9000000000000003553 0 0
6.9100000000000001421 0 0
6.9199999999999999289 0 0
6.9299999999999997158 0 0
6.9400000000000003908 0 0
6.9500000000000001776 0 0
6.9599999999999999645 0 0
6.9699999999999997513 0 0
6.9800000000000004263 0 0
6.9900000000000002132 0 0
7 0 0
7.0099999999999997868 0 0
7.0200000000000004619 0 0
7.0300000000000002487 0 0
7.0400000000000000355 0 0
7.0499999999999998224 0 0
7.0600000000000004974 0 0
7.0700000000000002842 0 0
7.0800000000000000711 0 0
7.0899999999999998579 0 0
7.1000000000000005329 0 0
7.1100000000000003197 0 0
7.1200000000000001066 0 0
7.1299999999999998934 0 0
7.1400000000000005684 0 0
7.1500000000000003553 0 0
7.1600000000000001421 0 0
7.1699999999999999289 0 0
7.1799999999999997158 0 0
7.1900000000000003908 0 0
7.2000000000000001776 0 0
7.2099999999999999645 0 0
7.2199999999999997513 0 0
7.2300000000000004263 0 0
7.2400000000000002132 0 0
7.25 0 0
7.2599999999999997868 0 0
7.2700000000000004619 0 0
7.2800000000000002487 0 0
7.2900000000000000355 0 0
7.2999999999999998224 0 0
7.3100000000000004974 0 0
7.3200000000000002842 0 0
7.3300000000000000711 0 0
7.3399999999999998579 0 0
7.3500000000000005329 0 0
7.3600000000000003197 0 0
7.3700000000000001066 0 0
7.3799999999999998934 0 0
7.3900000000000005684 0 0
7.4000000000000003553 0 0
7.4100000000000001421 0 0
7.4199999999999999289 0 0
7.4299999999999997158 0 0
7.4400000000000003908 0 0
7.4500000000000001776 0 0
7.4599999999999999645 0 0
7.4699999999999997513 0 0
7.4800000000000004263 0 0
7.4900000000000002132 0 0
7.5 0 0
7.5099999999999997868 0 0
7.5200000000000004619 0 0
7.5300000000000002487 0 0
7.5400000000000000355 0 0
7.5499999999999998224 0 0
7.5600000000000004974 0 0
7.5700000000000002842 0 0
7.5800000000000000711 0 0
7.5899999999999998579 0 0
7.6000000000000005329 0 0
7.6100000000000003197 0 0
7.6200000000000001066 0 0
7.6299999999999998934 0 0
7.6400000000000005684 0 0
7.6500000000000003553 0 0
7.6600000000000001421 0 0
7.6699999999999999289 0 0
7.6799999999999997158 0 0
7.6900000000000003908 0 0
7.7000000000000001776 0 0
7.7099999999999999645 0 0
7.7199999999999997513 0 0
7.7300000000000004263 0 0
7.7400000000000002132 0 0
7.75 0 0
7.7599999999999997868 0 0
7.7700000000000004619 0 0
7.7800000000000002487 0 0
7.7900000000000000355 0 0
7.7999999999999998224 0 0
7.8100000000000004974 0 0
7.8200000000000002842 0 0
7.8300000000000000711 0 0
7.8399999999999998579 0 0
7.8500000000000005329 0 0
7.8600000000000003197 0 0
7.8700000000000001066 0 0
7.8799999999999998934 0 0
7.8900000000000005684 0 0
7.9000000000000003553 0 0
7.9100000000000001421 0 0
7.9199999999999999289 0 0
7.930000000000000604 0 0
7.9400000000000003908 0 0
7.9500000000000001776 0 0
7.9599999999999999645 0 0
7.9699999999999997513 0 0
7.9800000000000004263 0 0
7.9900000000000002132 0 0
8 0 0
8.0099999999999997868 0 0
8.0199999999999995737 0 0
8.0299999999999993605 0 0
8.0400000000000009237 0 0
8.0500000000000007105 0 0
8.0600000000000004974 0 0
8.0700000000000002842 0 0
8.0800000000000000711 0 0
8.0899999999999998579 0 0
8.0999999999999996447 0 0
8.1099999999999994316 0 0
8.1200000000000009948 0 0
8.1300000000000007816 0 0
8.1400000000000005684 0 0
8.1500000000000003553 0 0
8.1600000000000001421 0 0
8.1699999999999999289 0 0
8.1799999999999997158 0 0
8.1899999999999995026 0 0
8.1999999999999992895 0 0
8.2100000000000008527 0 0
8.2200000000000006395 0 0
8.2300000000000004263 0 0
8.2400000000000002132 0 0
8.25 0 0
8.2599999999999997868 0 0
8.2699999999999995737 0 0
8.2799999999999993605 0 0
8.2900000000000009237 0 0
8.3000000000000007105 0 0
8.3100000000000004974 0 0
8.3200000000000002842 0 0
8.3300000000000000711 0 0
8.3399999999999998579 0 0
8.3499999999999996447 0 0
8.3599999999999994316 0 0
8.3700000000000009948 0 0
8.3800000000000007816 0 0
8.3900000000000005684 0 0
8.4000000000000003553 0 0
8.4100000000000001421 0 0
8.4199999999999999289 0 0
8.4299999999999997158 0 0
8.4399999999999995026 0 0
8.4499999999999992895 0 0
8.4600000000000008527 0 0
8.4700000000000006395 0 0
8.4800000000000004263 0 0
8.4900000000000002132 0 0
8.5 0 0
8.5099999999999997868 0 0
8.5199999999999995737 0 0
8.5299999999999993605 0 0
8.5400000000000009237 0 0
8.5500000000000007105 0 0
8.5600000000000004974 0 0
8.5700000000000002842 0 0
8.5800000000000000711 0 0
8.5899999999999998579 0 0
8.5999999999999996447 0 0
8.6099999999999994316 0 0
8.6200000000000009948 0 0
8.6300000000000007816 0 0
8.6400000000000005684 0 0
8.6500000000000003553 0 0
8.6600000000000001421 0 0
8.6699999999999999289 0 0
8.6799999999999997158 0 0
8.6899999999999995026 0 0
8.7000000000000010658 0 0
8.7100000000000008527 0 0
8.7200000000000006395 0 0
8.7300000000000004263 0 0
8.7400000000000002132 0 0
8.75 0 0
8.7599999999999997868 0 0
8.7699999999999995737 0 0
8.7799999999999993605 0 0
8.7900000000000009237 0 0
8.8000000000000007105 0 0
8.8100000000000004974 0 0
8.8200000000000002842 0 0
8.8300000000000000711 0 0
8.8399999999999998579 0 0
8.8499999999999996447 0 0
8.8599999999999994316 0 0
8.8700000000000009948 0 0
8.8800000000000007816 0 0
8.8900000000000005684 0 0
8.9000000000000003553 0 0
8.9100000000000001421 0 0
8.9199999999999999289 0 0
8.9299999999999997158 0 0
8.9399999999999995026 0 0
8.9500000000000010658 0 0
8.9600000000000008527 0 0
8.9700000000000006395 0 0
8.9800000000000004263 0 0
8.9900000000000002132 0 0
9 0 0
9.0099999999999997868 0 0
9.0199999999999995737 0 0
9.0299999999999993605 0 0
9.0400000000000009237 0 0
9.0500000000000007105 0 0
9.0600000000000004974 0 0
9.0700000000000002842 0 0
9.0800000000000000711 0 0
9.0899999999999998579 0 0
9.0999999999999996447 0 0
9.1099999999999994316 0 0
9.1200000000000009948 0 0
9.1300000000000007816 0 0
9.1400000000000005684 0 0
9.1500000000000003553 0 0
9.1600000000000001421 0 0
9.1699999999999999289 0 0
9.1799999999999997158 0 0
9.1899999999999995026 0 0
9.2000000000000010658 0 0
9.2100000000000008527 0 0
9.2200000000000006395 0 0
9.2300000000000004263 0 0
9.2400000000000002132 0 0
9.25 0 0
9.2599999999999997868 0 0
9.2699999999999995737 0 0
9.2799999999999993605 0 0
9.2900000000000009237 0 0
9.3000000000000007105 0 0
9.3100000000000004974 0 0
9.3200000000000002842 0 0
9.3300000000000000711 0 0
9.3399999999999998579 0 0
9.3499999999999996447 0 0
9.3599999999999994316 0 0
9.3700000000000009948 0 0
9.3800000000000007816 0 0
9.3900000000000005684 0 0
9.4000000000000003553 0 0
9.4100000000000001421 0 0
9.4199999999999999289 0 0
9.4299999999999997158 0 0
9.4399999999999995026 0 0
9.4500000000000010658 0 0
9.4600000000000008527 0 0
9.4700000000000006395 0 0
9.4800000000000004263 0 0
9.4900000000000002132 0 0
9.5 0 0
9.5099999999999997868 0 0
9.5199999999999995737 0 0
9.5299999999999993605 0 0
9.5400000000000009237 0 0
9.5500000000000007105 0 0
9.5600000000000004974 0 0
9.5700000000000002842 0 0
9.5800000000000000711 0 0
9.5899999999999998579 0 0
9.5999999999999996447 0 0
9.6099999999999994316 0 0
9.6200000000000009948 0 0
9.6300000000000007816 0 0
9.6400000000000005684 0 0
9.6500000000000003553 0 0
9.6600000000000001421 0 0
9.6699999999999999289 0 0
9.6799999999999997158 0 0
9.6899999999999995026 0 0
9.7000000000000010658 0 0
9.7100000000000008527 0 0
9.7200000000000006395 0 0
9.7300000000000004263 0 0
9.7400000000000002132 0 0
9.75 0 0
9.7599999999999997868 0 0
9.7699999999999995737 0 0
9.7799999999999993605 0 0
9.7900000000000009237 0 0
9.8000000000000007105 0 0
9.8100000000000004974 0 0
9.8200000000000002842 0 0
9.8300000000000000711 0 0
9.8399999999999998579 0 0
9.8499999999999996447 0 0
9.8599999999999994316 0 0
9.8700000000000009948 0 0
9.8800000000000007816 0 0
9.8900000000000005684 0 0
9.9000000000000003553 0 0
9.9100000000000001421 0 0
9.9199999999999999289 0 0
9.9299999999999997158 0 0
9.9399999999999995026 0 0
9.9500000000000010658 0 0
9.9600000000000008527 0 0
9.9700000000000006395 0 0
9.9800000000000004263 0 0
9.9900000000000002132 0 0
10 0 0
10.009999999999999787 0 0
10.019999999999999574 0 0
10.029999999999999361 0 0
10.040000000000000924 0 0
10.050000000000000711 0 0
10.060000000000000497 0 0
10.070000000000000284 0 0
10.080000000000000071 0 0
10.089999999999999858 0 0
10.099999999999999645 0 0
10.109999999999999432 0 0
10.120000000000000995 0 0
10.130000000000000782 0 0
10.140000000000000568 0 0
10.150000000000000355 0 0
10.160000000000000142 0 0
10.169999999999999929 0 0
10.179999999999999716 0 0
10.189999999999999503 0 0
10.200000000000001066 0 0
10.210000000000000853 0 0
10.220000000000000639 0 0
10.230000000000000426 0 0
