0 1.0773969870897482139e-275 -1.0773969870897482139e-275
0.010000000000000000208 2.1667251534184137365e-273 -2.1667251534184137365e-273
0.020000000000000000416 4.2602008220124729472e-271 -4.2602008220124729472e-271
0.02999999999999999889 8.189445499507506371e-269 -8.189445499507506371e-269
0.040000000000000000833 1.539136369793281274e-266 -1.539136369793281274e-266
0.050000000000000002776 2.8281203235131696152e-264 -2.8281203235131696152e-264
0.05999999999999999778 5.0806215180125202736e-262 -5.0806215180125202736e-262
0.070000000000000006661 8.9234744026613955315e-260 -8.9234744026613955315e-260
0.080000000000000001665 1.5323193983723140974e-257 -1.5323193983723140974e-257
0.089999999999999996669 2.5725439041912326696e-255 -2.5725439041912326696e-255
0.10000000000000000555 4.2225467794455334063e-253 -4.2225467794455334063e-253
0.11000000000000000056 6.7761704565384046576e-251 -6.7761704565384046576e-251
0.11999999999999999556 1.0631446385187238038e-248 -1.0631446385187238038e-248
0.13000000000000000444 1.6307919646352963506e-246 -1.6307919646352963506e-246
0.14000000000000001332 2.4456986896117590016e-244 -2.4456986896117590016e-244
0.14999999999999999445 3.5859606307696329756e-242 4.9937978474190458655e-05
0.16000000000000000333 5.1405106362650942178e-240 5.7928053138311952353e-05
0.17000000000000001221 7.2045222235530341338e-238 4.7940458898665376682e-05
0.17999999999999999334 9.8719349973185176236e-236 3.9950380596565082669e-05
0.19000000000000000222 1.3225057446209013354e-233 5.1935494411736726761e-05
0.2000000000000000111 1.7321720464365054955e-231 3.7952861021040007472e-05
0.20999999999999999223 2.2181078699538778165e-229 5.3933013987261801958e-05
0.22000000000000000111 2.7769782493200876771e-227 4.9937978474190458655e-05
0.23000000000000000999 3.3990728452377595618e-225 5.1935494411736726761e-05
0.23999999999999999112 4.0676787279350379855e-223 5.1935494411736726761e-05
0.25 4.7591675532807862152e-221 5.5930533562786877155e-05
0.26000000000000000888 5.4439424339312825957e-219 3.5955345083493739367e-05
0.27000000000000001776 6.0882745935694731537e-217 3.5955345083493739367e-05
0.28000000000000002665 6.65691662736961502e-215 4.5942939323140308261e-05
0.28999999999999998002 7.1162333754093883651e-213 3.9950380596565082669e-05
0.2999999999999999889 7.4374733937904733742e-211 5.3933013987261801958e-05
0.30999999999999999778 7.5997419575287517568e-209 4.9937978474190458655e-05
0.32000000000000000666 7.5922490552814879524e-207 4.7940458898665376682e-05
0.33000000000000001554 7.4154963314162966859e-205 5.1935494411736726761e-05
0.34000000000000002442 7.081221527840634212e-203 3.5955345083493739367e-05
0.35000000000000003331 6.611108976299205622e-201 3.1960305932443588972e-05
0.35999999999999998668 6.034463010434482682e-199 3.5955345083493739367e-05
0.36999999999999999556 5.3851911257339580294e-197 4.3945419747615233064e-05
0.38000000000000000444 4.6985277024537704782e-195 5.1935494411736726761e-05
0.39000000000000001332 4.0079347320897924409e-193 5.1935494411736726761e-05
0.4000000000000000222 3.3425481170327616777e-191 3.7952861021040007472e-05
0.41000000000000003109 2.7254164533578608768e-189 4.9937978474190458655e-05
0.41999999999999998446 2.1726324286039646461e-187 3.9950380596565082669e-05
0.42999999999999999334 1.693315251428222818e-185 6.5918131440412253141e-05
0.44000000000000000222 1.2902906819636707311e-183 6.1923092289362102747e-05
0.4500000000000000111 9.6124806890086387215e-182 4.5942939323140308261e-05
0.46000000000000001998 7.0013466050455507002e-180 3.9950380596565082669e-05
0.47000000000000002887 4.9856966918812443486e-178 5.7928053138311952353e-05
0.47999999999999998224 3.4711094589718657792e-176 5.1935494411736726761e-05
0.48999999999999999112 2.3627019632227994939e-174 2.9962786356918510387e-05
0.5 1.572344673191245812e-172 4.3945419747615233064e-05
0.51000000000000000888 1.0230214591358365966e-170 3.7952861021040007472e-05
0.52000000000000001776 6.5075859385931359594e-169 4.7940458898665376682e-05
0.53000000000000002665 4.0471868835742477093e-167 3.7952861021040007472e-05
0.54000000000000003553 2.4608479708451683692e-165 3.9950380596565082669e-05
0.55000000000000004441 1.4628994878872484356e-163 3.7952861021040007472e-05
0.56000000000000005329 8.5024163918970483131e-162 6.1923092289362102747e-05
0.57000000000000006217 4.8313492227350491665e-160 2.9962786356918510387e-05
0.57999999999999996003 2.6840627790738026965e-158 4.1947900172090157866e-05
0.58999999999999996891 1.4578575388648849696e-156 2.9962786356918510387e-05
0.5999999999999999778 7.7416883237851616208e-155 5.1935494411736726761e-05
0.60999999999999998668 4.0193373347571041346e-153 5.5930533562786877155e-05
0.61999999999999999556 2.0401937363737059187e-151 5.7928053138311952353e-05
0.63000000000000000444 1.0124802049561702981e-149 3.3957825507968657393e-05
0.64000000000000001332 4.9124693151950753265e-148 3.5955345083493739367e-05
0.6500000000000000222 2.3302973359784548288e-146 3.5955345083493739367e-05
0.66000000000000003109 1.0807394510580871822e-144 4.5942939323140308261e-05
0.67000000000000003997 4.9003697469923427581e-143 4.9937978474190458655e-05
0.68000000000000004885 2.1723753858133844356e-141 6.9913170591462403536e-05
0.69000000000000005773 9.4154065035186084771e-140 5.5930533562786877155e-05
0.70000000000000006661 3.9897111577757636473e-138 4.3945419747615233064e-05
0.70999999999999996447 1.6528826231408027469e-136 3.7952861021040007472e-05
0.71999999999999997335 6.6948484586895700049e-135 4.1947900172090157866e-05
0.72999999999999998224 2.6511705478113039467e-133 4.5942939323140308261e-05
0.73999999999999999112 1.0264380912496668753e-131 4.5942939323140308261e-05
0.75 3.8853131925619589748e-130 4.9937978474190458655e-05
0.76000000000000000888 1.4378629179362895478e-128 3.9950380596565082669e-05
0.77000000000000001776 5.2024403902025344009e-127 3.3957825507968657393e-05
0.78000000000000002665 1.8403266718579288469e-125 5.992557271383702755e-05
0.79000000000000003553 6.3647435038482077826e-124 5.3933013987261801958e-05
0.80000000000000004441 2.1521130005147230944e-122 3.7952861021040007472e-05
0.81000000000000005329 7.1145496407301604201e-121 4.3945419747615233064e-05
0.82000000000000006217 2.299470992203291483e-119 3.3957825507968657393e-05
0.83000000000000007105 7.2661880811644109584e-118 2.7965266781393438578e-05
0.83999999999999996891 2.2448302880779661106e-116 3.5955345083493739367e-05
0.8499999999999999778 6.7804508165115784205e-115 2.3970229449332688341e-05
0.85999999999999998668 2.0023122538001977116e-113 4.1947900172090157866e-05
0.86999999999999999556 5.7810033190805903243e-112 2.9962786356918510387e-05
0.88000000000000000444 1.631822100564221505e-110 5.3933013987261801958e-05
0.89000000000000001332 4.5034005974897200192e-109 3.5955345083493739367e-05
0.9000000000000000222 1.2150846372139719762e-107 6.1923092289362102747e-05
0.91000000000000003109 3.2053145667227694924e-106 4.7940458898665376682e-05
0.92000000000000003997 8.2667149544460900008e-105 4.3945419747615233064e-05
0.93000000000000004885 2.0844594311075193052e-103 4.1947900172090157866e-05
0.94000000000000005773 5.1386863402685115795e-102 5.7928053138311952353e-05
0.95000000000000006661 1.2385369014234597665e-100 4.1947900172090157866e-05
0.95999999999999996447 2.9185287113087093504e-99 5.1935494411736726761e-05
0.96999999999999997335 6.7238368648535950941e-98 5.3933013987261801958e-05
0.97999999999999998224 1.5144974423883025533e-96 4.9937978474190458655e-05
0.98999999999999999112 3.3351709472724788242e-95 4.7940458898665376682e-05
1 7.180684280814245166e-94 4.3945419747615233064e-05
1.0100000000000000089 1.5115125023394616063e-92 3.9950380596565082669e-05
1.0200000000000000178 3.1106835588364720145e-91 5.3933013987261801958e-05
1.0300000000000000266 6.2589012895062594748e-90 3.9950380596565082669e-05
1.0400000000000000355 1.2312281862567208258e-88 3.1960305932443588972e-05
1.0500000000000000444 2.3679753352780979605e-87 3.5955345083493739367e-05
1.0600000000000000533 4.4526030375447194741e-86 4.9937978474190458655e-05
1.0700000000000000622 8.1855706344197891259e-85 5.7928053138311952353e-05
1.0800000000000000711 1.4712352474765463869e-83 5.1935494411736726761e-05
1.0900000000000000799 2.5853149652401198949e-82 3.5955345083493739367e-05
1.1000000000000000888 4.4416361346139792938e-81 3.5955345083493739367e-05
1.1100000000000000977 7.4605470492142112661e-80 4.1947900172090157866e-05
1.1200000000000001066 1.2251705471512784582e-78 4.7940458898665376682e-05
1.1300000000000001155 1.9670735588782774283e-77 2.197270987380761992e-05
1.1400000000000001243 3.0877549877879151992e-76 5.3933013987261801958e-05
1.1500000000000001332 4.7387439348825452886e-75 3.9950380596565082669e-05
1.1599999999999999201 7.1102002074544675396e-74 4.3945419747615233064e-05
1.1699999999999999289 1.0430343140088181921e-72 4.9937978474190458655e-05
1.1799999999999999378 1.4959378168423272006e-71 5.7928053138311952353e-05
1.1899999999999999467 2.0976192723039068335e-70 4.3945419747615233064e-05
1.1999999999999999556 2.8756628463110986478e-69 4.5942939323140308261e-05
1.2099999999999999645 3.8543171426670622635e-68 5.992557271383702755e-05
1.2199999999999999734 5.0507410773986846283e-67 2.3970229449332688341e-05
1.2299999999999999822 6.4708441860891101322e-66 2.7965266781393438578e-05
1.2399999999999999911 8.1052228098216112698e-65 4.7940458898665376682e-05
1.25 9.9258372950874780874e-64 4.5942939323140308261e-05
1.2600000000000000089 1.1884133570129291261e-62 5.5930533562786877155e-05
1.2700000000000000178 1.3911247430429323079e-61 2.5967747205868359992e-05
1.2800000000000000266 1.5920723668266194167e-60 5.992557271383702755e-05
1.2900000000000000355 1.7813846765277266531e-59 5.3933013987261801958e-05
1.3000000000000000444 1.9487260842101284174e-58 3.9950380596565082669e-05
1.3100000000000000533 2.0842128200091945827e-57 4.5942939323140308261e-05
1.3200000000000000622 2.1793726976932966983e-56 3.7952861021040007472e-05
1.3300000000000000711 2.2280202173815358004e-55 5.1935494411736726761e-05
1.3400000000000000799 2.2269215975385384625e-54 3.9950380596565082669e-05
1.3500000000000000888 2.1761503907488830661e-53 3.5955345083493739367e-05
1.3600000000000000977 2.0790793375290721941e-52 4.5942939323140308261e-05
1.3700000000000001066 1.9420097119260112094e-51 4.9937978474190458655e-05
1.3800000000000001155 1.7734947658817013457e-50 3.5955345083493739367e-05
1.3900000000000001243 1.5834581989987571462e-49 3.9950380596565082669e-05
1.4000000000000001332 1.3822336884316943205e-48 4.3945419747615233064e-05
1.4099999999999999201 1.1796536681612708011e-47 5.1935494411736726761e-05
1.4199999999999999289 9.8429606711000436079e-47 5.3933013987261801958e-05
1.4299999999999999378 8.0296230085270921151e-46 4.7940458898665376682e-05
1.4399999999999999467 6.4041683478521283145e-45 3.9950380596565082669e-05
1.4499999999999999556 4.9937696139255996305e-44 4.7940458898665376682e-05
1.4599999999999999645 3.8070838619094555593e-43 3.1960305932443588972e-05
1.4699999999999999734 2.8376221336030361639e-42 3.5955345083493739367e-05
1.4799999999999999822 2.0678301388655712559e-41 5.5930533562786877155e-05
1.4899999999999999911 1.4732394416452453064e-40 4.5942939323140308261e-05
1.5 1.0261952311129991823e-39 4.1947900172090157866e-05
1.5100000000000000089 6.988513771487058154e-39 5.1935494411736726761e-05
1.5200000000000000178 4.6530512605338163373e-38 4.7940458898665376682e-05
1.5300000000000000266 3.0289285380278505255e-37 5.3933013987261801958e-05
1.5400000000000000355 1.9276953315607813554e-36 4.5942939323140308261e-05
1.5500000000000000444 1.1994604778577376632e-35 5.1935494411736726761e-05
1.5600000000000000533 7.2967869828707907095e-35 5.7928053138311952353e-05
1.5700000000000000622 4.3398585210161164881e-34 5.1935494411736726761e-05
1.5800000000000000711 2.5235833538893014623e-33 4.7940458898665376682e-05
1.5900000000000000799 1.4346894830397649861e-32 4.9937978474190458655e-05
1.6000000000000000888 7.9743694745566024091e-32 2.7965266781393438578e-05
1.6100000000000000977 4.3334418322758611401e-31 3.7952861021040007472e-05
1.6200000000000001066 2.3023310331588349541e-30 6.5918131440412253141e-05
1.6300000000000001155 1.1959161804407955249e-29 4.9937978474190458655e-05
1.6400000000000001243 6.0734001336087017222e-29 5.7928053138311952353e-05
1.6500000000000001332 3.0155131450287730848e-28 6.5918131440412253141e-05
1.6600000000000001421 1.4638235697785528924e-27 5.1935494411736726761e-05
1.6699999999999999289 6.9472739371827429136e-27 6.3920611864887177944e-05
1.6799999999999999378 3.2235787959860928452e-26 4.7940458898665376682e-05
1.6899999999999999467 1.462380325129570962e-25 5.992557271383702755e-05
1.6999999999999999556 6.4860539818382165285e-25 8.1898280768655240536e-05
1.7099999999999999645 2.8125416387962323905e-24 6.5918131440412253141e-05
1.7199999999999999734 1.1923823561071704935e-23 4.7940458898665376682e-05
1.7299999999999999822 4.942313611427354119e-23 6.5918131440412253141e-05
1.7399999999999999911 2.0028260755829695605e-22 6.3920611864887177944e-05
1.75 7.935135600638728169e-22 6.3920611864887177944e-05
1.7600000000000000089 3.0737153556847119583e-21 5.1935494411736726761e-05
1.7700000000000000178 1.1640486177119382466e-20 7.1910690166987465181e-05
1.7800000000000000266 4.3099950453446004023e-20 6.3920611864887137287e-05
1.7900000000000000355 1.5602011785952539241e-19 7.5905722042079852314e-05
1.8000000000000000444 5.521824672001942306e-19 8.1898280768654684882e-05
1.8100000000000000533 1.9106573421863553366e-18 5.7928053138310041446e-05
1.8200000000000000622 6.4637000146488778916e-18 3.9950380596558618114e-05
1.8300000000000000711 2.137852716332140288e-17 2.9962786356897131275e-05
1.8400000000000000799 6.9130963308335970885e-17 5.5930533562717745714e-05
1.8500000000000000888 2.1855751297946657649e-16 4.7940458898446821853e-05
1.8600000000000000977 6.7554971519648104755e-16 4.7940458897989823861e-05
1.8700000000000001066 2.0414916641311064574e-15 4.5942939321098816556e-05
1.8800000000000001155 6.0316643213474311154e-15 4.3945419741583565656e-05
1.8900000000000001243 1.7423162399188601397e-14 5.5930533545363714362e-05
1.9000000000000001332 4.9206097479558296128e-14 4.7940458849459281212e-05
1.9100000000000001421 1.3586771267301890383e-13 4.1947900036222447826e-05
1.9199999999999999289 3.66796073692628388e-13 4.1947899805294086811e-05
1.9299999999999999378 9.6817452936928986159e-13 5.9925571745662498829e-05
1.9399999999999999467 2.4987257166340004519e-12 3.9950378097839369025e-05
1.9499999999999999556 6.3058507393050549701e-12 3.9950374290714343634e-05
1.9599999999999999645 1.5562013480866990776e-11 5.3932998425248318553e-05
1.9699999999999999734 3.7561164829235856435e-11 5.7928015577147121237e-05
1.9799999999999999822 8.8682987875999012373e-11 4.5942850640152434454e-05
1.9899999999999999911 2.0486816220768424112e-10 2.7965061913231229341e-05
2 4.6321097337605032507e-10 4.5942476112166932313e-05
2.0100000000000002309 1.0254748663662110348e-09 3.9949355121698716675e-05
2.0200000000000000178 2.2239052508594011185e-09 4.1945676266839300212e-05
2.0300000000000002487 4.7269222734832522128e-09 4.3940692825341750509e-05
2.0400000000000000355 9.8524197453629579426e-09 5.592068114304151274e-05
2.0499999999999998224 2.0147498886385934146e-08 3.9930233097678697251e-05
2.0600000000000000533 4.043646102904654345e-08 3.9909944135536034855e-05
2.0699999999999998401 7.9666081266738043105e-08 4.5863273241873569596e-05
2.0800000000000000711 1.5405702302240851312e-07 5.1781437388714315548e-05
2.0899999999999998579 2.9229598887844092408e-07 5.1643198422858283296e-05
2.1000000000000000888 5.4373449927870176578e-07 4.9394243974911754031e-05
2.1099999999999998757 9.907010316823245633e-07 5.2942312955579476548e-05
2.1200000000000001066 1.7659177594439751219e-06 4.0181982412646181262e-05
2.1299999999999998934 3.0754200189882979312e-06 5.0857593968273502756e-05
2.1400000000000001243 5.2260957829889397424e-06 5.2701957355323010069e-05
2.1499999999999999112 8.6549227099729173223e-06 4.5278091277288884636e-05
2.1600000000000001421 1.3954410381743858439e-05 3.198852894139645321e-05
2.1699999999999999289 2.1886297190509486257e-05 5.6016944427095603884e-05
2.1800000000000001599 3.3374214171038491287e-05 3.6538956420423912249e-05
2.1899999999999999467 4.9466897840281102744e-05 3.0433863352849062594e-05
2.2000000000000001776 7.126727097103453118e-05 -9.3441786816724284326e-06
2.2099999999999999645 9.982903265273082962e-05 -1.5933232308550513887e-05
2.2200000000000001954 0.00013602986862765309027 -3.2158879804179596094e-05
2.2299999999999999822 0.00018043675709732999706 -7.8563280573423991001e-05
2.2400000000000002132 0.00023318192463823547342 -8.7363032004693082049e-05
2.25 0.000293866750603086408 -0.00012407762306324311426
2.2600000000000002309 0.00036150602976300357612 -0.00014976901296500646447
2.2700000000000000178 0.00043451867582898609293 -0.00016884863776776961935
2.2800000000000002487 0.00051076573869465345321 -0.00023710562233133667884
2.2900000000000000355 0.00058763402471871705509 -0.00022208802243316205002
2.3000000000000002665 0.00066216325893124483581 -0.00024867681593691842853
2.3100000000000000533 0.00073121457246315315747 -0.00025580504445542237004
2.3199999999999998401 0.00079167572438964574615 -0.00021639020305374591629
2.3300000000000000711 0.00084069264718967466176 -0.00020148655764463333905
2.3399999999999998579 0.00087590854787677097266 -0.00022471732632666397041
2.3500000000000000888 0.00089568374936597138468 -0.0001605967201957264525
2.3599999999999998757 0.0008992652781469167439 -0.00019014602528637063183
2.3700000000000001066 0.0008868775692361997344 -0.00022370121568102705259
2.3799999999999998934 0.00085971516861337872982 -0.00021251897166240664959
2.3900000000000001243 0.00081983320777909466596 -0.00023855514954449245305
2.3999999999999999112 0.00076994822067480666976 -0.00025658581345614178519
2.4100000000000001421 0.00071317655169809307004 -0.00028770497669870109163
2.4199999999999999289 0.00065274684884834323351 -0.00031716364747162191636
2.4300000000000001599 0.00059172519832297184542 -0.00027012461214705326632
2.4399999999999999467 0.00053278644387908511738 -0.00027310897182040153779
2.4500000000000001776 0.00047805485223229314583 -0.00027031287458534623879
2.4599999999999999645 0.00042902420590870107755 -0.00024125740946508966701
2.4700000000000001954 0.00038655449348625619838 -0.0002367405617016636024
2.4799999999999999822 0.00035093200114820428731 -0.00019312799106151139054
2.4900000000000002132 0.00032197323351812646855 -0.00018014938003563417336
2.5 0.00029915107832449619029 -0.00015333218569095379892
2.5100000000000002309 0.0002817234168006795816 -0.00018784001857887388989
2.5200000000000000178 0.00026884879761449877959 -0.0001330174955826240687
2.5300000000000002487 0.0002596794430830909068 -0.00017378612316338551587
2.5400000000000000355 0.00025342747209208024272 -0.00013757136581545633802
2.5500000000000002665 0.00024940488390156744392 -0.00013354877762494353922
2.5600000000000000533 0.00024704106587926160862 -0.00014117255748026310701
2.5699999999999998401 0.00024588328190387211646 -0.00013601973435382341024
2.5800000000000000711 0.00024558597368851429804 -0.00012773234783636531814
2.5899999999999998579 0.00024589412917896898191 -0.00015201073095716329019
2.6000000000000000888 0.0002466248441578132878 -0.00013676129660776458158
2.6099999999999998757 0.00024764988457246075787 -0.00016974664295485566773
2.6200000000000001066 0.00024888081764135646518 -0.00014900486069297554786
2.6299999999999998934 0.00025025728536765597804 -0.00015637388714585028632
2.6400000000000001243 0.00025173831363848182515 -0.00016584499371877643422
2.6499999999999999112 0.00025329617526635180144 -0.00014543014729182819752
2.6600000000000001421 0.00025491219681064930871 -0.0001450486492606006025
2.6699999999999999289 0.00025657393426642616978 -0.00016269053604462047806
2.6800000000000001599 0.00025827326031983572751 -0.00014441467361873692511
2.6899999999999999467 0.00026000504232876695812 -0.0001481439752031931496
2.7000000000000001776 0.00026176620702839461814 -0.00016388776965553877602
2.7099999999999999645 0.00026355507020041460701 -0.00017766175028070921608
2.7200000000000001954 0.00026537085862489813914 -0.00015950235022589963753
2.7299999999999999822 0.00026721337691192542175 -0.00013537711403110091546
2.7400000000000002132 0.00026908278373359730386 -0.00015722171660802349534
2.75 0.00027097944833460644145 -0.00018708364799042612571
2.7600000000000002309 0.00027290386320018831558 -0.00018701054328048292465
2.7700000000000000178 0.00027485659381340624184 -0.00016299552668783243332
2.7800000000000002487 0.00027683825145158943038 -0.00017696229450320851307
2.7900000000000000355 0.00027884947943428753077 -0.00020294375739220751583
2.8000000000000002665 0.00028089094676123153556 -0.00018101498981285061825
2.8100000000000000533 0.00028296334558017163753 -0.00018108986905626564502
2.8199999999999998401 0.00028506739053599965735 -0.00018119640171252614962
2.8300000000000000711 0.00028720381900443900988 -0.00018732786205605809256
2.8399999999999998579 0.00028937339173290836832 -0.00020547759138872805258
2.8500000000000000888 0.00029157689367437510412 -0.0001956959758770443372
2.8599999999999998757 0.00029381513492454674639 -0.00018994414610107323866
2.8700000000000001066 0.00029608895172799384703 -0.00019221796290452033929
2.8799999999999998934 0.00029839920754187905516 -0.00017854806211420494585
2.8900000000000001243 0.00030074679415512941758 -0.00021485347423542402664
2.8999999999999999112 0.00030313263286441588561 -0.00021923683252023556988
2.9100000000000001421 0.00030555767570967498278 -0.00021966435578996959185
2.9199999999999999289 0.00030802290677251967363 -0.00019216680049589576892
2.9300000000000001599 0.00031052934354126204191 -0.00020266331556673843799
2.9399999999999999467 0.00031307803834655341738 -0.00021120456182264742487
2.9500000000000001776 0.00031567007987195604569 -0.00020181149317085724328
2.9599999999999999645 0.00031830659474405611229 -0.00021443560592058260456
2.9700000000000001954 0.00032098874920706533479 -0.00023110039013630979347
2.9799999999999999822 0.00032371775088720961986 -0.00023183187224092900334
2.9900000000000002132 0.00032649485065258676292 -0.00027056431708979988577
3 0.00032932134457459746575 -0.00022545035575112395802
3.0100000000000002309 0.00033219857599749575945 -0.00025429533437989066931
3.0200000000000000178 0.00033512793772310284007 -0.00023125694889962933234
3.0300000000000002487 0.00033811087431825345749 -0.00024822251524749791617
3.0400000000000000355 0.00034114888455311510179 -0.00024526796675578433488
3.0500000000000002665 0.00034424352397916251241 -0.00024836260618183174549
3.0600000000000000533 0.00034739640765624413494 -0.00025950556816101366881
3.0700000000000002842 0.00035060921303894915626 -0.00022276798930917474616
3.0800000000000000711 0.00035388368303325732711 -0.00022404494700391553732
3.0899999999999998579 0.00035722162923536304735 -0.00023137793235707135374
3.1000000000000000888 0.00036062493536550145178 -0.00025675394654202794405
3.1099999999999998757 0.00036409556091066653605 -0.00027021216268886084433
3.1200000000000001066 0.00036763554499124901503 -0.00024179184811295732142
3.1299999999999998934 0.00037124701046787646208 -0.00027336857309502061997
3.1400000000000001243 0.00037493216830611375036 -0.00027705373093325790824
3.1499999999999999112 0.00037869332221817752875 -0.00026083969636602854884
3.1600000000000001421 0.00038253287360247637244 -0.00027666436520347784372
3.1699999999999999289 0.00038645332680359908289 -0.00027059722052697517819
3.1800000000000001599 0.00039045729471735694284 -0.00026261607098758253274
3.1899999999999999467 0.00039454750476769408912 -0.00027869139849107018442
3.2000000000000001776 0.00039872680528467923473 -0.00028686573815910542621
3.2099999999999999645 0.00040299817231546783631 -0.0002851445464633188564
3.2200000000000001954 0.0004073647169030572752 -0.0002655408634205649529
3.2299999999999999822 0.00041182969287091347917 -0.0002400430530315026702
3.2400000000000002132 0.00041639650515514783045 -0.00028256272997475586316
3.25 0.0004210687187298948011 -0.00028124237754696999403
3.2600000000000002309 0.00042585006817598896689 -0.00029800884444621455679
3.2700000000000000178 0.00043074446794792432781 -0.00027094294556166405134
3.2800000000000002487 0.00043575602339956893755 -0.00029193464306559392587
3.2900000000000000355 0.00044088904263516170414 -0.00029507015000161933987
3.3000000000000002665 0.00044614804925894257191 -0.00026437381881786408246
3.3100000000000000533 0.0004515377961042952356 -0.00025977596050963370176
3.3200000000000002842 0.00045706328003180260802 -0.00031923446570036049033
3.3300000000000000711 0.00046272975789506815003 -0.00032090590441257588195
3.3399999999999998579 0.00046854276378381935417 -0.00029675612394440857231
3.3500000000000000888 0.0004745081276657550336 -0.00032669172273264515411
3.3599999999999998757 0.00048063199556205594412 -0.00030884535572264510805
3.3700000000000001066 0.00048692085140663422067 -0.00027718134690820462425
3.3799999999999998934 0.00049338154075631601193 -0.0003016197051616544781
3.3900000000000001243 0.00050002129653849950071 -0.00031025698779532071047
3.3999999999999999112 0.00050684776704476239024 -0.00033506112720535160838
3.4100000000000001421 0.00051386904640376778689 -0.00033009728911120655385
3.4199999999999999289 0.00052109370779512430207 -0.00031734675474731231706
3.4300000000000001599 0.00052853083969808996052 -0.00030281117859545976252
3.4399999999999999467 0.00053619008550581204013 -0.00024455230023872725738
3.4500000000000001776 0.00054408168687791974658 -0.00030038435687152148599
3.4599999999999999645 0.00055221653125254544035 -0.00033049190930096544695
3.4700000000000001954 0.00056060620399434925049 -0.00033288903059215153727
3.4799999999999999822 0.00056926304571900537832 -0.00032556571571260711773
3.4900000000000002132 0.000578200215408394857 -0.00029255499614384285981
3.5 0.00058743176001612904501 -0.00034373443000973078441
3.5100000000000002309 0.00059697269136212171604 -0.00033330016560047270348
3.5200000000000000178 0.00060683907123020919879 -0.00031919631056225928386
3.5300000000000002487 0.00061704810571734203077 -0.00032740783274982465482
3.5400000000000000355 0.00062761825004027963978 -0.00029403256096312583787
3.5500000000000002665 0.00063856932519046859242 -0.00034093897392085091569
3.5600000000000000533 0.00064992264804531265938 -0.00033631214017149438106
3.5700000000000002842 0.00066170117680101620938 -0.00033810307832553022347
3.5800000000000000711 0.00067392967389675153059 -0.00035432662912423081502
3.5899999999999998579 0.00068663488896226912515 -0.0003949971036951843424
3.6000000000000000888 0.00069984576475371005743 -0.00035227743137192316916
3.6099999999999998757 0.00071359366956107888637 -0.0003939906247885581708
3.6200000000000001066 0.00072791266019522546642 -0.00033240388610466717594
3.6299999999999998934 0.00074283978041704958137 -0.00039726898843866055664
3.6400000000000001243 0.00075841540058860137507 -0.00040685204260767945635
3.6499999999999999112 0.00077468360544477588014 -0.00041313265686218625383
3.6600000000000001421 0.00079169263825729020885 -0.00041216402077093251995
3.6699999999999999289 0.00080949541135596819654 -0.00035605857685114028531
3.6800000000000001599 0.00082815009507348547914 -0.0003807058265711904619
3.6899999999999999467 0.00084772079980238550234 -0.00043223684450849168825
3.7000000000000001776 0.00086827836914908282633 -0.00042283161294635521589
3.7099999999999999645 0.00088990130634061727789 -0.00046243221904165778425
3.7200000000000001954 0.00091267686135943989784 -0.00047122515885967772038
3.7299999999999999822 0.00093670231312181003337 -0.00040735974929894454722
3.7400000000000002132 0.00096208648989199493495 -0.0005146422213896999177
3.75 0.00098895158275865064669 -0.00045960901893578516055
3.7600000000000002309 0.0010174353224207705482 -0.00051006545210080804671
3.7700000000000000178 0.0010476936102376513578 -0.00054032373991768885627
3.7800000000000002487 0.0010799037227466029131 -0.00051860084571533622382
3.7900000000000000355 0.0011142682482089855556 -0.00058093065978698514747
3.8000000000000002665 0.0011510199702801690146 -0.00063965507536107159108
3.8100000000000000533 0.0011904279990254378746 -0.00055921195867866639595
3.8200000000000002842 0.0012328055870636563801 -0.00063354985992528610461
3.8300000000000000711 0.0012785203126264613974 -0.00059736629016752065303
3.8399999999999998579 0.0013280077889124255932 -0.00061289594094551618463
3.8500000000000000888 0.0013817910682993395435 -0.0005568156946102542984
3.8599999999999998757 0.0014405101236399421322 -0.00054362407433578463674
3.8700000000000001066 0.0015049706342665167009 -0.00055814660285018993964
3.8799999999999998934 0.0015762315623669153914 -0.00033776974568350335952
3.8900000000000001243 0.0016557715213841345432 -0.00025750813865871649555
3.8999999999999999112 0.0017458119281113342047 -0.00023968253196330821519
3.9100000000000001421 0.0018499386174452461633 -3.019868431957122186e-05
3.9199999999999999289 0.0019742570063232913781 0.00023300147707168861883
3.9300000000000001599 0.002129427362881871396 0.00052128036441626956349
3.9399999999999999467 0.0023340107955799162601 0.00077013391174220484012
3.9500000000000001776 0.0026195150728427632827 0.0012876322564578787308
3.9599999999999999645 0.0030372085274982378068 0.001998536918140657228
3.9700000000000001954 0.003666000457135707314 0.0028459117583653627086
3.9799999999999999822 0.0046193890003014747778 0.0038720647143672759852
3.9900000000000002132 0.0060478324796849865577 0.0049784726668303828576
4 0.0081315045016682012402 0.006198697280617969374
4.0099999999999997868 0.011058267571935179868 0.0071750857001452415795
4.0200000000000004619 0.014983988556695547467 0.0081432878937000331698
4.0300000000000002487 0.019977635321979908545 0.0089224701842018118436
4.0400000000000000355 0.025961223972278436867 0.0089014768774930627671
4.0499999999999998224 0.032662142002612117031 0.0081511662065687148782
4.0600000000000004974 0.039598851262623357972 0.0069093864569124696651
4.0700000000000002842 0.04611693864677689908 0.0061081966200039541914
4.0800000000000000711 0.051479848631562068195 0.0043128555930244186212
4.0899999999999998579 0.055000357319403316014 0.0035748928889745221205
4.0999999999999996447 0.056181627351833261785 0.0021399380377999169256
4.1100000000000003197 0.054828331672535736419 0.0021708748704330135815
4.1200000000000001066 0.05109388291637001478 0.0028710933049529985261
4.1299999999999998934 0.045448448101301351654 0.003624603559951630749
4.1399999999999996803 0.0385772946943897313 0.0043513860831600054135
4.1500000000000003553 0.031240207114520635034 0.0054841814848751169187
4.1600000000000001421 0.024132054928350712281 0.0057688088383195182396
4.1699999999999999289 0.017779429973955457323 0.0060849305522486518694
4.1799999999999997158 0.012492265274566368566 0.0054494517838538127086
4.1900000000000003908 0.0083700873417725581843 0.0053009336354265211566
4.2000000000000001776 0.0053475707522136371394 0.0041006949046152431707
4.2099999999999999645 0.0032576045034095838654 0.0034320869470372602356
4.2199999999999997513 0.0018920690378213312656 0.0025643960947131726712
4.2300000000000004263 0.0010477486419119155878 0.0018426614926568944414
4.2400000000000002132 0.00055315386595793504618 0.0012286331588529748535
4.25 0.0002784150708613840992 0.00077228000758607681219
4.2599999999999997868 0.00013359442179209710783 0.0004956241062551068827
4.2700000000000004619 6.1111773253860117265e-05 0.00031641933193293005641
4.2800000000000002487 2.6649906855711419997e-05 0.0001711044801895676812
4.2900000000000000355 1.1078856321784490767e-05 9.8784691228264210369e-05
4.2999999999999998224 4.3905357705073097251e-06 2.7569770161936280094e-05
4.3100000000000004974 1.6586663238497589291e-06 4.0289233848240400208e-05
4.3200000000000002842 5.9733168209269084459e-07 1.7380340859654178309e-05
4.3300000000000000711 2.0506126884532485741e-07 1.1780053455821025136e-05
4.3399999999999998579 6.7105827795299973194e-08 3.9279324137601483969e-06
4.3500000000000005329 2.0933537114930236559e-08 3.974104704440518021e-06
4.3600000000000003197 6.22484207274960719e-09 3.9888133994826993435e-06
4.3700000000000001066 1.7644737888987113124e-09 3.9932737677665501821e-06
4.3799999999999998934 4.7676159683954451402e-10 -4.7676159683954451402e-10
4.3899999999999996803 1.2279614092469189418e-10 -1.2279614092469189418e-10
4.4000000000000003553 3.0148378190458447192e-11 -3.0148378190458447192e-11
4.4100000000000001421 7.0556577323348457079e-12 -7.0556577323348457079e-12
4.4199999999999999289 1.573997476808567113e-12 -1.573997476808567113e-12
4.4299999999999997158 3.3470508570987451164e-13 -3.3470508570987451164e-13
4.4400000000000003908 6.784396525064481681e-14 -6.784396525064481681e-14
4.4500000000000001776 1.3108401586844511691e-14 3.9950382284470470977e-06
4.4599999999999999645 2.4142203640199487392e-15 1.9975191183635033812e-06
4.4699999999999997513 4.2383016444423511316e-16 1.9975191203538935879e-06
4.4800000000000004263 7.0924093257907092375e-17 -7.0924093257907092375e-17
4.4900000000000002132 1.1313108444800014368e-17 -1.1313108444800014368e-17
4.5 1.7201077143661087396e-18 -1.7201077143661087396e-18
4.5099999999999997868 2.4929537898287342947e-19 -2.4929537898287342947e-19
4.5200000000000004619 3.4439521208206778062e-20 -3.4439521208206778062e-20
4.5300000000000002487 4.5350670770206053827e-21 -4.5350670770206053827e-21
4.5400000000000000355 5.6923754413409880534e-22 1.9975191207777234637e-06
4.5499999999999998224 6.8106110896048826929e-23 -6.8106110896048826929e-23
4.5600000000000004974 7.7671357019540103972e-24 -7.7671357019540103972e-24
4.5700000000000002842 8.4434034787200190206e-25 -8.4434034787200190206e-25
4.5800000000000000711 8.7489438565352328244e-26 -8.7489438565352328244e-26
4.5899999999999998579 8.6412142757329870881e-27 -8.6412142757329870881e-27
4.6000000000000005329 8.1353196518155012341e-28 -8.1353196518155012341e-28
4.6100000000000003197 7.3005375075294576196e-29 -7.3005375075294576196e-29
4.6200000000000001066 6.2447506564905067433e-30 -6.2447506564905067433e-30
4.6299999999999998934 5.0916098799273633331e-31 -5.0916098799273633331e-31
4.6399999999999996803 3.957077980856340942e-32 -3.957077980856340942e-32
4.6500000000000003553 2.931387962552780342e-33 -2.931387962552780342e-33
4.6600000000000001421 2.0699075152116167714e-34 -2.0699075152116167714e-34
4.6699999999999999289 1.3931801966491990712e-35 -1.3931801966491990712e-35
4.6799999999999997158 8.9380365470044036398e-37 -8.9380365470044036398e-37
4.6900000000000003908 5.4658187463965513699e-38 1.9975191207777238872e-06
4.7000000000000001776 3.1860045091214641922e-39 -3.1860045091214641922e-39
4.7099999999999999645 1.7701717738092837182e-40 -1.7701717738092837182e-40
4.7199999999999997513 9.3748022508562411096e-42 -9.3748022508562411096e-42
4.7300000000000004263 4.732453128049177844e-43 -4.732453128049177844e-43
4.7400000000000002132 2.2771301793005947574e-44 1.9975191207777238872e-06
4.75 1.0443992898538706761e-45 -1.0443992898538706761e-45
4.7599999999999997868 4.5658568708366135418e-47 -4.5658568708366135418e-47
4.7700000000000004619 1.9026323993963402785e-48 -1.9026323993963402785e-48
4.7800000000000002487 7.5572573411882188834e-50 -7.5572573411882188834e-50
4.7900000000000000355 2.8612125942870311065e-51 -2.8612125942870311065e-51
4.7999999999999998224 1.0325533725141965012e-52 -1.0325533725141965012e-52
4.8100000000000004974 3.5518223194634255391e-54 -3.5518223194634255391e-54
4.8200000000000002842 1.1645715517464385098e-55 -1.1645715517464385098e-55
4.8300000000000000711 3.6396299541432602897e-57 -3.6396299541432602897e-57
4.8399999999999998579 1.0842371505847882372e-58 1.9975191207777238872e-06
4.8500000000000005329 3.0786990114776727428e-60 -3.0786990114776727428e-60
4.8600000000000003197 8.3327043832672826049e-62 1.9975191207777238872e-06
4.8700000000000001066 2.1497126634925011539e-63 -2.1497126634925011539e-63
4.8799999999999998934 5.2862836087610566729e-65 -5.2862836087610566729e-65
4.8899999999999996803 1.2390705039084534012e-66 1.9975191207777238872e-06
4.9000000000000003553 2.7683245674921405327e-68 -2.7683245674921405327e-68
4.9100000000000001421 5.8954008646941887821e-70 1.9975191207777238872e-06
4.9199999999999999289 1.1966990340277300479e-71 -1.1966990340277300479e-71
4.9299999999999997158 2.3154303883613462659e-73 1.9975191207777238872e-06
4.9400000000000003908 4.2702532453881947074e-75 -4.2702532453881947074e-75
4.9500000000000001776 7.5067262153190849083e-77 -7.5067262153190849083e-77
4.9599999999999999645 1.2578315825011901562e-78 1.9975191207777238872e-06
4.9699999999999997513 2.0089508887729941074e-80 -2.0089508887729941074e-80
4.9800000000000004263 3.0583767733676535371e-82 -3.0583767733676535371e-82
4.9900000000000002132 4.438001380675735462e-84 -4.438001380675735462e-84
5 6.1384482414885971217e-86 -6.1384482414885971217e-86
5.0099999999999997868 8.0929046627050001019e-88 -8.0929046627050001019e-88
5.0200000000000004619 1.0170091365320344991e-89 1.9975191207777238872e-06
5.0300000000000002487 1.2182034759894532378e-91 -1.2182034759894532378e-91
5.0400000000000000355 1.390878874719564787e-93 -1.390878874719564787e-93
5.0499999999999998224 1.5136770730562071291e-95 -1.5136770730562071291e-95
5.0600000000000004974 1.5701876267673069817e-97 -1.5701876267673069817e-97
5.0700000000000002842 1.5525450692941487208e-99 -1.5525450692941487208e-99
5.0800000000000000711 1.4632252365990786532e-101 -1.4632252365990786532e-101
5.0899999999999998579 1.3144752261284429004e-103 -1.3144752261284429004e-103
5.1000000000000005329 1.1255578982276539585e-105 -1.1255578982276539585e-105
5.1100000000000003197 9.1866557767814874993e-108 -9.1866557767814874993e-108
5.1200000000000001066 7.1469571070561295453e-110 -7.1469571070561295453e-110
5.1299999999999998934 5.2997940787230276563e-112 -5.2997940787230276563e-112
5.1399999999999996803 3.7460266659049335411e-114 -3.7460266659049335411e-114
5.1500000000000003553 2.5238105106396618398e-116 -2.5238105106396618398e-116
5.1600000000000001421 1.6207521231748775462e-118 -1.6207521231748775462e-118
5.1699999999999999289 9.920884472659211866e-121 -9.920884472659211866e-121
5.1799999999999997158 5.7883940631702327044e-123 -5.7883940631702327044e-123
5.1900000000000003908 3.2191384586642193677e-125 -3.2191384586642193677e-125
5.2000000000000001776 1.7064558672299014483e-127 -1.7064558672299014483e-127
5.2099999999999999645 8.6223226552807073537e-130 -8.6223226552807073537e-130
5.2199999999999997513 4.1526684106459418129e-132 -4.1526684106459418129e-132
5.2300000000000004263 1.9063558948225779715e-134 -1.9063558948225779715e-134
5.2400000000000002132 8.3416972448850723368e-137 -8.3416972448850723368e-137
5.25 3.4791932391124024539e-139 -3.4791932391124024539e-139
5.2599999999999997868 1.3831724674330430648e-141 -1.3831724674330430648e-141
5.2700000000000004619 5.2414053862370344484e-144 -5.2414053862370344484e-144
5.2800000000000002487 1.8931837559377741284e-146 -1.8931837559377741284e-146
5.2900000000000000355 6.5179551233873580358e-149 -6.5179551233873580358e-149
5.2999999999999998224 2.1389641961819823307e-151 -2.1389641961819823307e-151
5.3100000000000004974 6.690663560263382e-154 -6.690663560263382e-154
5.3200000000000002842 1.9948413995522603028e-156 -1.9948413995522603028e-156
5.3300000000000000711 5.6691902794841084834e-159 -5.6691902794841084834e-159
5.3399999999999998579 1.5357027162360653586e-161 -1.5357027162360653586e-161
5.3500000000000005329 3.9652146877632428685e-164 -3.9652146877632428685e-164
5.3600000000000003197 9.7588731604302933809e-167 -9.7588731604302933809e-167
5.3700000000000001066 2.289317523603777445e-169 1.9975191207777238872e-06
5.3799999999999998934 5.1190074680982156045e-172 -5.1190074680982156045e-172
5.3899999999999996803 1.0910354066407771914e-174 -1.0910354066407771914e-174
5.4000000000000003553 2.216487351900401111e-177 -2.216487351900401111e-177
5.4100000000000001421 4.2920520683460872963e-180 -4.2920520683460872963e-180
5.4199999999999999289 7.9220576637107753109e-183 -7.9220576637107753109e-183
5.4299999999999997158 1.3937481083750722411e-185 -1.3937481083750722411e-185
5.4400000000000003908 2.3372428447839498228e-188 1.9975191207777238872e-06
5.4500000000000001776 3.735911893449200344e-191 1.9975191207777238872e-06
5.4599999999999999645 5.691970402960882251e-194 -5.691970402960882251e-194
5.4699999999999997513 8.2661226568773022899e-197 -8.2661226568773022899e-197
5.4800000000000004263 1.1442324107759544934e-199 -1.1442324107759544934e-199
5.4900000000000002132 1.5097318478221458315e-202 -1.5097318478221458315e-202
5.5 1.8987095893201851686e-205 -1.8987095893201851686e-205
5.5099999999999997868 2.2760951385092807522e-208 -2.2760951385092807522e-208
5.5200000000000004619 2.6007308158030543978e-211 -2.6007308158030543978e-211
5.5300000000000002487 2.8325233992248737188e-214 -2.8325233992248737188e-214
5.5400000000000000355 2.940523837872502202e-217 -2.940523837872502202e-217
5.5499999999999998224 2.909705158635195314e-220 -2.909705158635195314e-220
5.5600000000000004974 2.7443931773935819599e-223 -2.7443931773935819599e-223
5.5700000000000002842 2.4672703044455545769e-226 -2.4672703044455545769e-226
5.5800000000000000711 2.1142686622808737081e-229 -2.1142686622808737081e-229
5.5899999999999998579 1.7269375825078685068e-232 -1.7269375825078685068e-232
5.6000000000000005329 1.3445164604416457976e-235 -1.3445164604416457976e-235
5.6100000000000003197 9.9776578635473046219e-239 -9.9776578635473046219e-239
5.6200000000000001066 7.0577144223014478312e-242 -7.0577144223014478312e-242
5.6299999999999998934 4.7585269394815171254e-245 -4.7585269394815171254e-245
5.6399999999999996803 3.0581159549690914806e-248 -3.0581159549690914806e-248
5.6500000000000003553 1.8733042506302816884e-251 -1.8733042506302816884e-251
5.6600000000000001421 1.0937942369844970729e-254 -1.0937942369844970729e-254
5.6699999999999999289 6.0874565466473438498e-258 -6.0874565466473438498e-258
5.6799999999999997158 3.2293047960900037973e-261 -3.2293047960900037973e-261
5.6900000000000003908 1.6328831605716806368e-264 1.9975191207777238872e-06
5.7000000000000001776 7.8699882101094195015e-268 -7.8699882101094195015e-268
5.7099999999999999645 3.6154798173097240671e-271 -3.6154798173097240671e-271
5.7199999999999997513 1.5831814017845013486e-274 -1.5831814017845013486e-274
5.7300000000000004263 6.6079733899924383747e-278 1.9975191207777238872e-06
5.7400000000000002132 2.628928349665822723e-281 -2.628928349665822723e-281
5.75 9.9692402612852810473e-285 -9.9692402612852810473e-285
5.7599999999999997868 3.6034476316102533309e-288 1.9975191207777238872e-06
5.7700000000000004619 1.2415013523333459616e-291 -1.2415013523333459616e-291
5.7800000000000002487 4.0770778084302931558e-295 -4.0770778084302931558e-295
5.7900000000000000355 1.2762143228225314755e-298 -1.2762143228225314755e-298
5.7999999999999998224 3.8077728409149110684e-302 -3.8077728409149110684e-302
5.8100000000000004974 1.0829072063487052666e-305 -1.0829072063487052666e-305
5.8200000000000002842 2.9355145780973554668e-309 -2.9355145780973554668e-309
5.8300000000000000711 7.5849027458161685929e-313 -7.5849027458161685929e-313
5.8399999999999998579 1.8680502505371238254e-316 -1.8680502505371238254e-316
5.8500000000000005329 4.3853266724869043261e-320 -4.3853266724869043261e-320
5.8600000000000003197 9.8813129168249308835e-324 -9.8813129168249308835e-324
5.8700000000000001066 0 0
5.8799999999999998934 0 0
5.8899999999999996803 0 0
5.9000000000000003553 0 0
5.9100000000000001421 0 0
5.9199999999999999289 0 0
5.9299999999999997158 0 0
5.9400000000000003908 0 0
5.9500000000000001776 0 0
5.9599999999999999645 0 0
5.9699999999999997513 0 0
5.9800000000000004263 0 0
5.9900000000000002132 0 0
6 0 0
6.0099999999999997868 0 0
6.0200000000000004619 0 1.9975191207777238872e-06
6.0300000000000002487 0 0
6.0400000000000000355 0 0
6.0499999999999998224 0 0
6.0600000000000004974 0 0
6.0700000000000002842 0 0
6.0800000000000000711 0 0
6.0899999999999998579 0 0
6.1000000000000005329 0 0
6.1100000000000003197 0 0
6.1200000000000001066 0 0
6.1299999999999998934 0 0
6.1400000000000005684 0 0
6.1500000000000003553 0 0
6.1600000000000001421 0 0
6.1699999999999999289 0 0
6.1799999999999997158 0 0
6.1900000000000003908 0 0
6.2000000000000001776 0 0
6.2099999999999999645 0 0
6.2199999999999997513 0 1.9975191207777238872e-06
6.2300000000000004263 0 1.9975191207777238872e-06
6.2400000000000002132 0 0
6.25 0 0
6.2599999999999997868 0 0
6.2700000000000004619 0 0
6.2800000000000002487 0 0
6.2900000000000000355 0 0
6.2999999999999998224 0 3.9950382415554486215e-06
6.3100000000000004974 0 0
6.3200000000000002842 0 0
6.3300000000000000711 0 0
6.3399999999999998579 0 0
6.3500000000000005329 0 1.9975191207777238872e-06
6.3600000000000003197 0 0
6.3700000000000001066 0 0
6.3799999999999998934 0 0
6.3900000000000005684 0 1.9975191207777238872e-06
6.4000000000000003553 0 0
6.4100000000000001421 0 0
6.4199999999999999289 0 0
6.4299999999999997158 0 0
6.4400000000000003908 0 1.9975191207777238872e-06
6.4500000000000001776 0 0
6.4599999999999999645 0 0
6.4699999999999997513 0 1.9975191207777238872e-06
6.4800000000000004263 0 0
6.4900000000000002132 0 0
6.5 0 0
6.5099999999999997868 0 1.9975191207777238872e-06
6.5200000000000004619 0 0
6.5300000000000002487 0 1.9975191207777238872e-06
6.5400000000000000355 0 1.9975191207777238872e-06
6.5499999999999998224 0 1.9975191207777238872e-06
6.5600000000000004974 0 0
6.5700000000000002842 0 0
6.5800000000000000711 0 0
6.5899999999999998579 0 0
6.6000000000000005329 0 0
6.6100000000000003197 0 0
6.6200000000000001066 0 0
6.6299999999999998934 0 0
6.6400000000000005684 0 0
6.6500000000000003553 0 0
6.6600000000000001421 0 0
6.6699999999999999289 0 0
6.6799999999999997158 0 0
6.6900000000000003908 0 0
6.7000000000000001776 0 0
6.7099999999999999645 0 3.9950382415554486215e-06
6.7199999999999997513 0 0
6.7300000000000004263 0 0
6.7400000000000002132 0 0
6.75 0 0
6.7599999999999997868 0 0
6.7700000000000004619 0 1.9975191207777238872e-06
6.7800000000000002487 0 0
6.7900000000000000355 0 0
6.7999999999999998224 0 0
6.8100000000000004974 0 1.9975191207777238872e-06
6.8200000000000002842 0 0
6.8300000000000000711 0 0
6.8399999999999998579 0 0
6.8500000000000005329 0 0
6.8600000000000003197 0 0
6.8700000000000001066 0 0
6.8799999999999998934 0 1.9975191207777238872e-06
6.8900000000000005684 0 1.9975191207777238872e-06
6.9000000000000003553 0 0
6.9100000000000001421 0 0
6.9199999999999999289 0 0
6.9299999999999997158 0 0
6.9400000000000003908 0 0
6.9500000000000001776 0 1.9975191207777238872e-06
6.9599999999999999645 0 0
6.9699999999999997513 0 0
6.9800000000000004263 0 0
6.9900000000000002132 0 0
7 0 0
7.0099999999999997868 0 0
7.0200000000000004619 0 0
7.0300000000000002487 0 0
7.0400000000000000355 0 0
7.0499999999999998224 0 0
7.0600000000000004974 0 0
7.0700000000000002842 0 0
7.0800000000000000711 0 0
7.0899999999999998579 0 0
7.1000000000000005329 0 0
7.1100000000000003197 0 0
7.1200000000000001066 0 0
7.1299999999999998934 0 0
7.1400000000000005684 0 0
7.1500000000000003553 0 0
7.1600000000000001421 0 1.9975191207777238872e-06
7.1699999999999999289 0 0
7.1799999999999997158 0 0
7.1900000000000003908 0 0
7.2000000000000001776 0 0
7.2099999999999999645 0 0
7.2199999999999997513 0 0
7.2300000000000004263 0 0
7.2400000000000002132 0 0
7.25 0 0
7.2599999999999997868 0 0
7.2700000000000004619 0 0
7.2800000000000002487 0 0
7.2900000000000000355 0 0
7.2999999999999998224 0 0
7.3100000000000004974 0 0
7.3200000000000002842 0 0
7.3300000000000000711 0 0
7.3399999999999998579 0 0
7.3500000000000005329 0 0
7.3600000000000003197 0 0
7.3700000000000001066 0 0
7.3799999999999998934 0 0
7.3900000000000005684 0 0
7.4000000000000003553 0 0
7.4100000000000001421 0 1.9975191207777238872e-06
7.4199999999999999289 0 0
7.4299999999999997158 0 0
7.4400000000000003908 0 1.9975191207777238872e-06
7.4500000000000001776 0 1.9975191207777238872e-06
7.4599999999999999645 0 1.9975191207777238872e-06
7.4699999999999997513 0 0
7.4800000000000004263 0 0
7.4900000000000002132 0 0
7.5 0 0
7.5099999999999997868 0 0
7.5200000000000004619 0 0
7.5300000000000002487 0 0
7.5400000000000000355 0 0
7.5499999999999998224 0 1.9975191207777238872e-06
7.5600000000000004974 0 0
7.5700000000000002842 0 0
7.5800000000000000711 0 1.9975191207777238872e-06
7.5899999999999998579 0 0
7.6000000000000005329 0 0
7.6100000000000003197 0 0
7.6200000000000001066 0 0
7.6299999999999998934 0 1.9975191207777238872e-06
7.6400000000000005684 0 0
7.6500000000000003553 0 0
7.6600000000000001421 0 0
7.6699999999999999289 0 0
7.6799999999999997158 0 0
7.6900000000000003908 0 0
7.7000000000000001776 0 1.9975191207777238872e-06
7.7099999999999999645 0 1.9975191207777238872e-06
7.7199999999999997513 0 0
7.7300000000000004263 0 0
7.7400000000000002132 0 0
7.75 0 0
7.7599999999999997868 0 1.9975191207777238872e-06
7.7700000000000004619 0 0
7.7800000000000002487 0 0
7.7900000000000000355 0 0
7.7999999999999998224 0 0
7.8100000000000004974 0 1.9975191207777238872e-06
7.8200000000000002842 0 0
7.8300000000000000711 0 3.9950382415554486215e-06
7.8399999999999998579 0 0
7.8500000000000005329 0 0
7.8600000000000003197 0 0
7.8700000000000001066 0 0
7.8799999999999998934 0 1.9975191207777238872e-06
7.8900000000000005684 0 0
7.9000000000000003553 0 0
7.9100000000000001421 0 0
7.9199999999999999289 0 0
7.930000000000000604 0 0
7.9400000000000003908 0 0
7.9500000000000001776 0 1.9975191207777238872e-06
7.9599999999999999645 0 0
7.9699999999999997513 0 1.9975191207777238872e-06
7.9800000000000004263 0 1.9975191207777238872e-06
7.9900000000000002132 0 3.9950382415554486215e-06
8 0 0
8.0099999999999997868 0 3.9950382415554486215e-06
8.0199999999999995737 0 1.9975191207777238872e-06
8.0299999999999993605 0 0
8.0400000000000009237 0 1.9975191207777238872e-06
8.0500000000000007105 0 5.9925573623331729323e-06
8.0600000000000004974 0 9.9875951491412706673e-06
8.0700000000000002842 0 1.9975191207777238872e-06
8.0800000000000000711 0 1.9975190298282541335e-05
8.0899999999999998579 0 9.9875951491412706673e-06
8.0999999999999996447 0 9.9875951491412706673e-06
8.1099999999999994316 0 2.197270987380761992e-05
8.1200000000000009948 0 5.9925573623331729323e-06
8.1300000000000007816 0 2.197270987380761992e-05
8.1400000000000005684 0 1.7977672541746869683e-05
8.1500000000000003553 0 1.9975190298282541335e-05
8.1600000000000001421 0 2.3970229449332688341e-05
8.1699999999999999289 0 2.3970229449332688341e-05
8.1799999999999997158 0 2.197270987380761992e-05
8.1899999999999995026 0 1.9975190298282541335e-05
8.1999999999999992895 0 1.1985114724666349253e-05
8.2100000000000008527 0 2.5967747205868359992e-05
8.2200000000000006395 0 3.1960305932443588972e-05
8.2300000000000004263 0 1.7977672541746869683e-05
8.2400000000000002132 0 2.7965266781393438578e-05
8.25 0 7.990076483110897243e-06
8.2599999999999997868 0 1.3982633390696719289e-05
8.2699999999999995737 0 1.3982633390696719289e-05
8.2799999999999993605 0 1.1985114724666349253e-05
8.2900000000000009237 0 1.7977672541746869683e-05
8.3000000000000007105 0 3.9950382415554486215e-06
8.3100000000000004974 0 5.9925573623331729323e-06
8.3200000000000002842 0 1.9975191207777238872e-06
8.3300000000000000711 0 0
8.3399999999999998579 0 1.9975191207777238872e-06
8.3499999999999996447 0 0
8.3599999999999994316 0 1.9975191207777238872e-06
8.3700000000000009948 0 1.9975191207777238872e-06
8.3800000000000007816 0 0
8.3900000000000005684 0 0
8.4000000000000003553 0 0
8.4100000000000001421 0 0
8.4199999999999999289 0 0
8.4299999999999997158 0 0
8.4399999999999995026 0 0
8.4499999999999992895 0 0
8.4600000000000008527 0 0
8.4700000000000006395 0 0
8.4800000000000004263 0 0
8.4900000000000002132 0 0
8.5 0 0
8.5099999999999997868 0 0
8.5199999999999995737 0 0
8.5299999999999993605 0 0
8.5400000000000009237 0 0
8.5500000000000007105 0 0
8.5600000000000004974 0 0
8.5700000000000002842 0 0
8.5800000000000000711 0 0
8.5899999999999998579 0 0
8.5999999999999996447 0 0
8.6099999999999994316 0 0
8.6200000000000009948 0 0
8.6300000000000007816 0 0
8.6400000000000005684 0 0
8.6500000000000003553 0 0
8.6600000000000001421 0 0
8.6699999999999999289 0 0
8.6799999999999997158 0 0
8.6899999999999995026 0 0
8.7000000000000010658 0 0
8.7100000000000008527 0 0
8.7200000000000006395 0 0
8.7300000000000004263 0 0
8.7400000000000002132 0 0
8.75 0 0
8.7599999999999997868 0 0
8.7699999999999995737 0 0
8.7799999999999993605 0 0
8.7900000000000009237 0 0
8.8000000000000007105 0 0
8.8100000000000004974 0 0
8.8200000000000002842 0 0
8.8300000000000000711 0 0
8.8399999999999998579 0 0
8.8499999999999996447 0 0
8.8599999999999994316 0 0
8.8700000000000009948 0 0
8.8800000000000007816 0 0
8.8900000000000005684 0 0
8.9000000000000003553 0 0
8.9100000000000001421 0 0
8.9199999999999999289 0 0
8.9299999999999997158 0 0
8.9399999999999995026 0 0
8.9500000000000010658 0 0
8.9600000000000008527 0 0
8.9700000000000006395 0 0
8.9800000000000004263 0 0
8.9900000000000002132 0 0
9 0 0
9.0099999999999997868 0 0
9.0199999999999995737 0 0
9.0299999999999993605 0 0
9.0400000000000009237 0 0
9.0500000000000007105 0 0
9.0600000000000004974 0 0
9.0700000000000002842 0 0
9.0800000000000000711 0 0
9.0899999999999998579 0 0
9.0999999999999996447 0 0
9.1099999999999994316 0 0
9.1200000000000009948 0 0
9.1300000000000007816 0 0
9.1400000000000005684 0 0
9.1500000000000003553 0 0
9.1600000000000001421 0 0
9.1699999999999999289 0 0
9.1799999999999997158 0 0
9.1899999999999995026 0 0
9.2000000000000010658 0 0
9.2100000000000008527 0 0
9.2200000000000006395 0 0
9.2300000000000004263 0 0
9.2400000000000002132 0 0
9.25 0 0
9.2599999999999997868 0 0
9.2699999999999995737 0 0
9.2799999999999993605 0 0
9.2900000000000009237 0 0
9.3000000000000007105 0 0
9.3100000000000004974 0 0
9.3200000000000002842 0 0
9.3300000000000000711 0 0
9.3399999999999998579 0 0
9.3499999999999996447 0 0
9.3599999999999994316 0 0
9.3700000000000009948 0 0
9.3800000000000007816 0 0
9.3900000000000005684 0 0
9.4000000000000003553 0 0
9.4100000000000001421 0 0
9.4199999999999999289 0 0
9.4299999999999997158 0 0
9.4399999999999995026 0 0
9.4500000000000010658 0 0
9.4600000000000008527 0 0
9.4700000000000006395 0 0
9.4800000000000004263 0 0
9.4900000000000002132 0 0
9.5 0 0
9.5099999999999997868 0 0
9.5199999999999995737 0 0
9.5299999999999993605 0 0
9.5400000000000009237 0 0
9.5500000000000007105 0 0
9.5600000000000004974 0 0
9.5700000000000002842 0 0
9.5800000000000000711 0 0
9.5899999999999998579 0 0
9.5999999999999996447 0 0
9.6099999999999994316 0 0
9.6200000000000009948 0 0
9.6300000000000007816 0 0
9.6400000000000005684 0 0
9.6500000000000003553 0 0
9.6600000000000001421 0 0
9.6699999999999999289 0 0
9.6799999999999997158 0 0
9.6899999999999995026 0 0
9.7000000000000010658 0 0
9.7100000000000008527 0 0
9.7200000000000006395 0 0
9.7300000000000004263 0 0
9.7400000000000002132 0 0
9.75 0 0
9.7599999999999997868 0 0
9.7699999999999995737 0 0
9.7799999999999993605 0 0
9.7900000000000009237 0 0
9.8000000000000007105 0 0
9.8100000000000004974 0 0
9.8200000000000002842 0 0
9.8300000000000000711 0 0
9.8399999999999998579 0 0
9.8499999999999996447 0 0
9.8599999999999994316 0 0
9.8700000000000009948 0 0
9.8800000000000007816 0 0
9.8900000000000005684 0 0
9.9000000000000003553 0 0
9.9100000000000001421 0 0
9.9199999999999999289 0 0
9.9299999999999997158 0 0
9.9399999999999995026 0 0
9.9500000000000010658 0 0
9.9600000000000008527 0 0
9.9700000000000006395 0 0
9.9800000000000004263 0 0
9.9900000000000002132 0 0
10 0 0
10.009999999999999787 0 0
10.019999999999999574 0 0
10.029999999999999361 0 0
10.040000000000000924 0 0
10.050000000000000711 0 0
10.060000000000000497 0 0
10.070000000000000284 0 0
10.080000000000000071 0 0
10.089999999999999858 0 0
10.099999999999999645 0 0
10.109999999999999432 0 0
10.120000000000000995 0 0
10.130000000000000782 0 0
10.140000000000000568 0 0
10.150000000000000355 0 0
10.160000000000000142 0 0
10.169999999999999929 0 0
10.179999999999999716 0 0
10.189999999999999503 0 0
10.200000000000001066 0 0
10.210000000000000853 0 0
10.220000000000000639 0 0
10.230000000000000426 0 0
