0 9.239935067539607128e-46 -9.239935067539607128e-46
0.010000000000000000208 1.2637280671202812843e-44 -1.2637280671202812843e-44
0.020000000000000000416 1.6667128265455556952e-43 -1.6667128265455556952e-43
0.02999999999999999889 2.1197778931623689329e-42 -2.1197778931623689329e-42
0.040000000000000000833 2.5998145754137130476e-41 -2.5998145754137130476e-41
0.050000000000000002776 3.0747996598238718906e-40 -3.0747996598238718906e-40
0.05999999999999999778 3.5068218918201406287e-39 -3.5068218918201406287e-39
0.070000000000000006661 3.8568524829912225432e-38 -3.8568524829912225432e-38
0.080000000000000001665 4.0904847895078145255e-37 -4.0904847895078145255e-37
0.089999999999999996669 4.1834922658492511906e-36 -4.1834922658492511906e-36
0.10000000000000000555 4.1259655106398297287e-35 -4.1259655106398297287e-35
0.11000000000000000056 3.9240510690206543368e-34 -3.9240510690206543368e-34
0.11999999999999999556 3.5988698647658596222e-33 -3.5988698647658596222e-33
0.13000000000000000444 3.1828785645110079303e-32 -3.1828785645110079303e-32
0.14000000000000001332 2.7145411562778877475e-31 -2.7145411562778877475e-31
0.14999999999999999445 2.2325193217386004539e-30 7.8016229963395744562e-05
0.16000000000000000333 1.770583678493200574e-29 9.0018722403328865767e-05
0.17000000000000001221 1.3541292565793582177e-28 5.6011649576248601079e-05
0.17999999999999999334 9.9867969667965771993e-28 7.4015391874127089977e-05
0.19000000000000000222 7.1025574394425978885e-27 0.00010202122211921960115
0.2000000000000000111 4.8710851688829759385e-26 8.2017060776706784964e-05
0.20999999999999999223 3.2215073469572283614e-25 9.8020391305908560753e-05
0.22000000000000000111 2.0545417160149492111e-24 9.8020391305908560753e-05
0.23000000000000000999 1.2635523385954823495e-23 8.6017891590017825365e-05
0.23999999999999999112 7.493659276336683695e-23 0.00010202122211921960115
0.25 4.2856537855774423168e-22 8.4017476183362305164e-05
0.26000000000000000888 2.3635383840952685518e-21 0.00010202122211921960115
0.27000000000000001776 1.2569866639954672452e-20 6.6013730247504995622e-05
0.28000000000000002665 6.4464573692612218018e-20 6.4013314840849421211e-05
0.28999999999999998002 3.1881151163188097619e-19 0.00010802246833918587715
0.2999999999999999889 1.5204400769089440686e-18 0.00010002080671256257662
0.30999999999999999778 6.9924127680186070867e-18 9.6019968623288433265e-05
0.32000000000000000666 3.1010390869099332647e-17 0.00010202122211918859297
0.33000000000000001554 1.3262025481937195657e-16 7.6015814556607599331e-05
0.34000000000000002442 5.4693398527665368429e-16 9.8020391305361621414e-05
0.35000000000000003331 2.1751158703274680789e-15 0.00010802246833701108957
0.35999999999999998668 8.3416568154959912909e-15 7.8016229955054082782e-05
0.36999999999999999556 3.0849254579412766492e-14 9.201913777913513432e-05
0.38000000000000000444 1.1001691559094791041e-13 9.8020391195891638965e-05
0.39000000000000001332 3.7835257153548655366e-13 0.00010402163714752252579
0.4000000000000000222 1.2547475307284342184e-12 0.00010602205167778307432
0.41000000000000003109 4.0127161870003034545e-12 0.00010402163351315890953
0.41999999999999998446 1.2374936314827853526e-11 0.00010002079433762777307
0.42999999999999999334 3.6801874153125594993e-11 9.8020354504034404135e-05
0.44000000000000000222 1.0554054530220040986e-10 0.00011002277820529639816
0.4500000000000000111 2.9187114789555320908e-10 0.00011802426077727350736
0.46000000000000001998 7.783688245246429895e-10 0.00010402085915705056745
0.47000000000000002887 2.0017144977154242334e-09 8.6015889875520109425e-05
0.47999999999999998224 4.9641085622289849128e-09 0.00011801958853985917769
0.48999999999999999112 1.1871424678028265395e-08 9.6008097198617393074e-05
0.5 2.7377062442908926495e-08 9.5992591560852520509e-05
0.51000000000000000888 6.0882613389111559358e-08 9.5959086009906317165e-05
0.52000000000000001776 1.3056361331864426836e-07 9.9890243099245453308e-05
0.53000000000000002665 2.7000603382051099884e-07 0.00012375579283456739034
0.54000000000000003553 5.3845227082202163569e-07 0.00011348526228833067785
0.55000000000000004441 1.0354839955743740389e-06 0.00012499072300351142463
0.56000000000000005329 1.9202687013485764265e-06 0.00010010095341787102685
0.57000000000000006217 3.4340218206601910571e-06 0.00012459260786103882289
0.57999999999999996003 5.9219744878866797003e-06 0.00012210465519381231265
0.58999999999999996891 9.848099964260865894e-06 0.00012217936053074911857
0.5999999999999999778 1.5792860494216402593e-05 0.00013823917674996201313
0.60999999999999998668 2.4422582446232883894e-05 0.00013761111642456751777
0.61999999999999999556 3.6420407796760092005e-05 0.00015161869863651971355
0.63000000000000000444 5.2374568587801980572e-05 0.00020767953614082225087
0.64000000000000001332 7.2630418679702060452e-05 0.00023143283954725883699
0.6500000000000000222 9.7126797937618694341e-05 0.00023694268411321737838
0.66000000000000003109 0.00012525123861415539579 0.00033484446498768181662
0.67000000000000003997 0.00015575694556771083185 0.00040435954291881756476
0.68000000000000004885 0.00018678209797917861863 0.00060938351035610776023
0.69000000000000005773 0.0002159959017111427325 0.00057816928394153056618
0.70000000000000006661 0.00024086750124170934906 0.00069532722921520912895
0.70999999999999996447 0.0002590200233412586644 0.00082120461639485732228
0.71999999999999997335 0.00026860302762601808053 0.00084162789414163395423
0.72999999999999998224 0.00026860302762601775527 0.0009716549610578611865
0.73999999999999999112 0.00025902002334125774283 0.00078919796988837030011
0.75 0.00024086750124170766855 0.00072533345303908594408
0.76000000000000000888 0.00021599590171114064542 0.00073420172931640888692
0.77000000000000001776 0.00018678209797917626049 0.00056737475043655615035
0.78000000000000002665 0.0001557569455677084195 0.00050838117316873751139
0.79000000000000003553 0.00012525123861415314607 0.00038685528011264279282
0.80000000000000004441 9.7126797937616634357e-05 0.00017092896841762965756
0.81000000000000005329 7.2630418679700312176e-05 0.00019542534767554600684
0.82000000000000006217 5.2374568587800577886e-05 0.00015366828378133651689
0.83000000000000007105 3.6420407796759007803e-05 0.00011361079863410827265
0.83999999999999996891 2.4422582446232185939e-05 9.1601547519576015963e-05
0.8499999999999999778 1.5792860494215921478e-05 0.00010023126947159228042
0.85999999999999998668 9.8480999642605423274e-06 6.8168129999135197153e-05
0.86999999999999999556 5.9219744878864721772e-06 9.6099247631333125589e-05
0.88000000000000000444 3.4340218206600377442e-06 8.0583454362702272079e-05
0.89000000000000001332 1.920268701348485794e-06 8.8098453701980386325e-05
0.9000000000000000222 1.0354839955743236404e-06 9.4984484627721102305e-05
0.91000000000000003109 5.3845227082199336597e-07 7.7477777692573754267e-05
0.92000000000000003997 2.7000603382049591106e-07 8.5747885556197332366e-05
0.93000000000000004885 1.305636133186366186e-07 8.9888158790010224569e-05
0.94000000000000005773 6.0882613389107893293e-08 6.9953678447426940372e-05
0.95000000000000006661 2.7377062442907268825e-08 8.9991345340885959907e-05
0.95999999999999996447 1.1871424678028270358e-08 8.0004773945373231468e-05
0.96999999999999997335 4.9641085622332233863e-09 7.2010012358909329861e-05
0.97999999999999998224 2.0017144977440959678e-09 0.00010201922040472185811
0.98999999999999999112 7.783688246993166515e-10 8.6017113221193122383e-05
1 2.9187114890659963159e-10 8.4017184312213392039e-05
1.0100000000000000089 1.0554055088326756719e-10 9.6019863082744545376e-05
1.0200000000000000178 3.6801903542735971439e-11 8.6017854788114286868e-05
1.0300000000000000266 1.2375083962979277332e-11 7.8016217588311781894e-05
1.0400000000000000355 4.0134238751502478798e-12 7.6015810543316353776e-05
1.0500000000000000444 1.2579839070323929936e-12 9.0018721145344955041e-05
1.0600000000000000533 3.9247484787839150344e-13 9.4019552824165062311e-05
1.0700000000000000622 1.688208856872843655e-13 9.2019137641163496082e-05
1.0800000000000000711 2.645149548828346156e-13 7.6015814292225265488e-05
1.0900000000000000799 8.9448210844277668605e-13 9.8020390411426454097e-05
1.1000000000000000888 3.209666068799932898e-12 9.8020388096242493754e-05
1.1100000000000000977 1.1082673319299307066e-11 7.8016218880722431966e-05
1.1200000000000001066 3.6552791122658200428e-11 8.6017855037226703761e-05
1.1300000000000001155 1.1510681602441330618e-10 0.00010002069160574807508
1.1400000000000001243 3.4611616057552372853e-10 0.0001100225376296811152
1.1500000000000001332 9.9389481296425206993e-10 8.6016897695204857805e-05
1.1599999999999999201 2.7259740622965951493e-09 6.2010173460131672485e-05
1.1699999999999999289 7.1423038970494290107e-09 5.8004922679007073433e-05
1.1799999999999999378 1.7880157168987813433e-08 0.00010600417277536161424
1.1899999999999999467 4.2777128002536924161e-08 8.7975529868670814763e-05
1.1999999999999999556 9.7827592411506217995e-08 8.7920479404261838038e-05
1.2099999999999999645 2.1391230255737589638e-07 8.1803148474149413858e-05
1.2199999999999999734 4.4736821213455032429e-07 0.00010357426931374054684
1.2299999999999999822 8.9515303821535264844e-07 9.7125238267693203022e-05
1.2399999999999999911 1.7143540694074609496e-06 8.4303537520610360816e-05
1.25 3.1438865591997419444e-06 8.6874835844129121281e-05
1.2600000000000000089 5.5235226113245683075e-06 9.0496446011970854673e-05
1.2700000000000000178 9.3025189650737888044e-06 6.6713295591666442333e-05
1.2800000000000000266 1.5028312756123793728e-05 8.4992493956440300779e-05
1.2900000000000000355 2.3306619535295163031e-05 9.6718348519781737502e-05
1.3000000000000000444 3.4729069104681021933e-05 4.7287991672025763031e-05
1.3100000000000000533 4.9773294345764300807e-05 8.2254166149245690437e-05
1.3200000000000000622 6.8691265191435783616e-05 7.3338279612809422815e-05
1.3300000000000000711 9.1410915743458392318e-05 0.00012863485174822498515
1.3400000000000000799 0.0001174793705991693314 8.6563073639269870908e-05
1.3500000000000000888 0.00014607029424409804282 9.3979641866055751466e-05
1.3600000000000000977 0.00017606324576613729765 0.00012199874441298419665
1.3700000000000001066 0.00020618347419256181832 5.5871024114845083998e-05
1.3800000000000001155 0.00023517302233654817194 9.4895643452892102301e-05
1.3900000000000001243 0.00026195486928699319735 7.6115458129069211903e-05
1.4000000000000001332 0.00028575458749651659303 1.8308670730444304414e-05
1.4099999999999999201 0.00030615738651151592478 2.1910856595311160866e-05
1.4199999999999999289 0.00032309718072399674872 -1.103226087041377047e-05
1.4299999999999999378 0.00033679161660157196046 1.3281188702508233204e-05
1.4399999999999999467 0.00034764741320390942989 -4.3584154976948532439e-05
1.4499999999999999556 0.00035616188255967580695 -6.4101131324563313287e-05
1.4599999999999999645 0.00036284062596443134637 -6.8779452046705664113e-05
1.4699999999999999734 0.00036814184019501631443 -0.00010408691920499633194
1.4799999999999999822 0.00037244832835929379822 -0.00010039174574265168072
1.4899999999999999911 0.00037606183086852753347 -7.7999840689406039172e-05
1.5 0.00037921150456909458008 -0.00010115368300844346195
1.5100000000000000089 0.00038206866162339300991 -6.4002502825801085243e-05
1.5200000000000000178 0.00038476193285318582241 -7.0696619420820112304e-05
1.5300000000000000266 0.00038738957197332837433 -4.9319244557265965075e-05
1.5400000000000000355 0.00039002781665143385287 -0.00010196791078154757377
1.5500000000000000444 0.00039273569917244564734 -9.2673286310711072873e-05
1.5600000000000000533 0.00039555743190155444539 -8.7493357413197735909e-05
1.5700000000000000622 0.00039852363577019730414 -0.00012646705315355518664
1.5800000000000000711 0.00040165244088625877156 -0.00017560541989865125997
1.5900000000000000799 0.00040495106438345079315 -9.6886989895094083672e-05
1.6000000000000000888 0.00040841802554796708107 -0.00012635935862208980259
1.6100000000000000977 0.00041204581091881738219 -0.00016999546667796568188
1.6200000000000001066 0.00041582361682051415972 -0.00012176244290278847747
1.6300000000000001155 0.00041973978009014089501 -0.00015368443641750766972
1.6400000000000001243 0.00042378361754378515627 -0.00011371912037281536661
1.6500000000000001332 0.0004279465628512862615 -0.00012988457267216476721
1.6600000000000001421 0.00043222264902415327833 -0.00017216854429552905367
1.6699999999999999289 0.00043660849114226407035 -0.00016055106316039568408
1.6799999999999999378 0.00044110296315128904969 -0.0001670459578520337436
1.6899999999999999467 0.00044570674581079612825 -0.00015564641725829671476
1.6999999999999999556 0.00045042187432313971537 -0.00014635861609617881792
1.7099999999999999645 0.00045525135824750874794 -0.00015318852270316093067
1.7199999999999999734 0.00046019889974381963807 -0.0001781402328179423596
1.7299999999999999822 0.00046526870599469181662 -0.00024122210768969741231
1.7399999999999999911 0.00047046537721774915912 -0.00019240755565709804099
1.75 0.00047579384851731279862 -0.00017773185833819130433
1.7600000000000000089 0.00048125936677959708573 -0.00018319737660047559144
1.7700000000000000178 0.00048686748889180647259 -0.00019280631497408079033
1.7800000000000000266 0.00049262409243221421794 -0.0001885608342052533205
1.7900000000000000355 0.00049853539368901295895 -0.00023448047269899297647
1.8000000000000000444 0.00050460797031720474714 -0.00022855054233533636087
1.8100000000000000533 0.00051084878739910658148 -0.00019278262860151465681
1.8200000000000000622 0.00051726522647084895255 -0.00021920323629172745825
1.8300000000000000711 0.0005238651174893193662 -0.00025580935113407306074
1.8400000000000000799 0.00053065677392447150196 -0.00025059852968120730366
1.8500000000000000888 0.0005376490312775506061 -0.0002055799719093276
1.8600000000000000977 0.00054485128940252836819 -0.00023278636954894538994
1.8700000000000001066 0.0005522735590731922984 -0.00026821446946470177712
1.8800000000000001155 0.00055992651330466502741 -0.00026986618475216561392
1.8900000000000001243 0.00056782154401171451141 -0.00025975746952335780193
1.9000000000000001332 0.00057597082467079928954 -0.00027790883449167779525
1.9100000000000001421 0.00058438737975107250735 -0.00024431665875622752887
1.9199999999999999289 0.00059308516179456291333 -0.00029702359429805449921
1.9299999999999999378 0.00060207913716071349841 -0.00032002047023483621993
1.9399999999999999467 0.00061138538160944856485 -0.0002993204617558655866
1.9499999999999999556 0.00062102118708488689147 -0.00036096708235626266681
1.9599999999999999645 0.000631005181284716209 -0.00030493736086050220353
1.9699999999999999734 0.00064135746186565320472 -0.00035529794957454960327
1.9799999999999999822 0.00065209974745261071582 -0.00033203316597240560256
1.9899999999999999911 0.00066325554799981389399 -0.00037719603570871029254
2 0.00067485035751087404585 -0.0003627854376572910676
2.0100000000000002309 0.00068691187268015015902 -0.00037684737550918036937
2.0200000000000000178 0.00069947024169325167173 -0.0003774032375304334783
2.0300000000000002487 0.00071255834825032654273 -0.00041049551270597872546
2.0400000000000000355 0.00072621213689072461848 -0.0004101464007757458282
2.0499999999999998224 0.00074047098695209244337 -0.00041840398278927424993
2.0600000000000000533 0.00075537814405687636263 -0.00042530947826743608839
2.0699999999999998401 0.00077098121997155660487 -0.00043891216060333359877
2.0800000000000000711 0.00078733277414437725407 -0.00042125661648322233364
2.0899999999999998579 0.00080449099335136540091 -0.00049042567991899963659
2.1000000000000000888 0.00082252048987930973054 -0.00048445016246324732129
2.1099999999999998757 0.00084149324383825266447 -0.00047741750885971098685
2.1200000000000001066 0.00086148972192945231282 -0.00049541356426829733818
2.1299999999999998934 0.00088260021386929129496 -0.00049852033937610958948
2.1400000000000001243 0.00090492643950899442733 -0.00051684571965058645308
2.1499999999999999112 0.00092858349570690767397 -0.00053250111422187751051
2.1600000000000001421 0.00095370223404405134876 -0.00057762402117749172409
2.1699999999999999289 0.00098043219142350318193 -0.00055234316343198480367
2.1800000000000001599 0.0010089452402631182357 -0.00059485911284223088463
2.1899999999999999467 0.0010394401918159470056 -0.00053133451845437736256
2.2000000000000001776 0.0010721486908402881686 -0.00052603510292439079922
2.2099999999999999645 0.0011073429129496354696 -0.0005692309575565297243
2.2200000000000001954 0.0011453458780684049653 -0.00057122648901124554142
2.2299999999999999822 0.0011865457430732357594 -0.00058642091734976650209
2.2400000000000002132 0.001231416455984181554 -0.00053927247789881268235
2.25 0.0012805490275086251189 -0.00056039924828199419275
2.2600000000000002309 0.0013347009913144474921 -0.00057254245216826257087
2.2700000000000000178 0.0013948771072311086372 -0.00046868443197959491764
2.2800000000000002487 0.0014624625234286583661 -0.00039624078426317346086
2.2900000000000000355 0.0015394398694329237444 -0.00028117813481318663926
2.3000000000000002665 0.0016287308222917881544 -0.00018643078294825225424
2.3100000000000000533 0.0017347025195165186387 6.5671957653889350207e-05
2.3199999999999998401 0.001863855544240767886 0.0001145560278132610587
2.3300000000000000711 0.0020256443226764342391 0.00054689074884556277897
2.3399999999999998579 0.0022332572776776853096 0.0011674501068937477577
2.3500000000000000888 0.002504006855273329616 0.0018248936272322303052
2.3599999999999998757 0.0028587921668516225529 0.0031764631013645105648
2.3700000000000001066 0.0033199960233218413913 0.00536180978104999241
2.3799999999999998934 0.0039073004237445245479 0.0084392680936423852822
2.3900000000000001243 0.0046313727202253645102 0.011822049885765996413
2.3999999999999999112 0.0054862050700529452901 0.017208514885272183093
2.4100000000000001421 0.0064419018624603321954 0.0233422932626426681
2.4199999999999999289 0.0074405051945512987177 0.030817451310270478626
2.4300000000000001599 0.0083975215260835602005 0.038350200205579193513
2.4399999999999999467 0.0092107926938019661633 0.045734635230592637911
2.4500000000000001776 0.0097762818105247371175 0.050688294076201644012
2.4599999999999999645 0.010007810062342754887 0.054685648315972217037
2.4700000000000001954 0.0098557836408863196132 0.055561826467966063392
2.4799999999999999822 0.0093194743529061620929 0.054465795503546778067
2.4900000000000002132 0.0084489112066521952771 0.049685178948710884139
2.5 0.0073355013749873921799 0.043175005701991286955
2.5100000000000002309 0.0060939832632629798576 0.035396646052113303615
2.5200000000000000178 0.0048408507719314422188 0.027505878417226049815
2.5300000000000002487 0.003675029706610963981 0.020205938163743684954
2.5400000000000000355 0.0026652398851750814732 0.014614353388822227953
2.5500000000000002665 0.0018458742892433978484 0.0096725212166021527771
2.5600000000000000533 0.0012205075705058732443 0.0062010362511865932747
2.5699999999999998401 0.00077029195338644042019 0.003850669425873384441
2.5800000000000000711 0.00046394643604336880402 0.0021846043481719623278
2.5899999999999998579 0.00026663213675363141341 0.0012356803502376547017
2.6000000000000000888 0.00014619571342358998506 0.00064996989491169642091
2.6099999999999998757 7.6469500128171572352e-05 0.0003496191342845641147
2.6200000000000001066 3.8153492770692067949e-05 0.00015788728984112503323
2.6299999999999998934 1.8156806950637584112e-05 9.3866492201859618046e-05
2.6400000000000001243 8.2409097519833422106e-06 2.5766163075096914007e-05
2.6499999999999999112 3.5671109815498561317e-06 1.4436633135318033348e-05
2.6600000000000001421 1.4724561885687370765e-06 2.5283759889843559843e-06
2.6699999999999999289 5.7960706817456633543e-07 3.4212251093785266195e-06
2.6800000000000001599 2.1755748208892733751e-07 -2.1755748208892733751e-07
2.6899999999999999467 7.7866187173113729024e-08 -7.7866187173113729024e-08
2.7000000000000001776 2.6573298449908651926e-08 -2.6573298449908651926e-08
2.7099999999999999645 8.6467370241863906779e-09 -8.6467370241863906779e-09
2.7200000000000001954 2.682619348892643994e-09 -2.682619348892643994e-09
2.7299999999999999822 7.9351788371132472936e-10 -7.9351788371132472936e-10
2.7400000000000002132 2.237881165578691213e-10 -2.237881165578691213e-10
2.75 6.0171735326955800669e-11 2.0003559170412200234e-06
2.7600000000000002309 1.5424693694104721233e-11 -1.5424693694104721233e-11
2.7700000000000000178 3.7696667747821099916e-12 -3.7696667747821099916e-12
2.7800000000000002487 8.7830676844061069502e-13 -8.7830676844061069502e-13
2.7900000000000000355 1.9509282189464353823e-13 -1.9509282189464353823e-13
2.8000000000000002665 4.1312693919659884666e-14 -4.1312693919659884666e-14
2.8100000000000000533 8.3400500949787262818e-15 -8.3400500949787262818e-15
2.8199999999999998401 1.605065727143223306e-15 -1.605065727143223306e-15
2.8300000000000000711 2.9447769789125432612e-16 -2.9447769789125432612e-16
2.8399999999999998579 5.1504373378984584653e-17 -5.1504373378984584653e-17
2.8500000000000000888 8.5874624526826058105e-18 -8.5874624526826058105e-18
2.8599999999999998757 1.3649344642235175024e-18 -1.3649344642235175024e-18
2.8700000000000001066 2.068151349766329273e-19 -2.068151349766329273e-19
2.8799999999999998934 2.9872664074864887119e-20 4.0008321775530634147e-06
2.8900000000000001243 4.1132435972115617467e-21 -4.1132435972115617467e-21
2.8999999999999999112 5.3989787168308273613e-22 -5.3989787168308273613e-22
2.9100000000000001421 6.7554381630226796946e-23 -6.7554381630226796946e-23
2.9199999999999999289 8.057648045764012613e-24 -8.057648045764012613e-24
2.9300000000000001599 9.1616603298059720441e-25 -9.1616603298059720441e-25
2.9399999999999999467 9.9300072833267094817e-26 -9.9300072833267094817e-26
2.9500000000000001776 1.0259658427990670405e-26 -1.0259658427990670405e-26
2.9599999999999999645 1.0104684292114987676e-27 -1.0104684292114987676e-27
2.9700000000000001954 9.4867564177968308585e-29 -9.4867564177968308585e-29
2.9799999999999999822 8.4901746517647220779e-30 -8.4901746517647220779e-30
2.9900000000000002132 7.2429946553315332701e-31 -7.2429946553315332701e-31
3 5.8900805018489842263e-32 -5.8900805018489842263e-32
3.0100000000000002309 4.5658826241777470657e-33 -4.5658826241777470657e-33
3.0200000000000000178 3.3738648432972573897e-34 -3.3738648432972573897e-34
3.0300000000000002487 2.3764521665548635514e-35 2.0004160887765469539e-06
3.0400000000000000355 1.5956146489584243888e-36 -1.5956146489584243888e-36
3.0500000000000002665 1.0212301382761310493e-37 -1.0212301382761310493e-37
3.0600000000000000533 6.2303877383081641296e-39 -6.2303877383081641296e-39
3.0700000000000002842 3.6232773961023192257e-40 -3.6232773961023192257e-40
3.0800000000000000711 2.0085488725279287174e-41 -2.0085488725279287174e-41
3.0899999999999998579 1.0613455893741789222e-42 -1.0613455893741789222e-42
3.1000000000000000888 5.3459409016190489127e-44 -5.3459409016190489127e-44
3.1099999999999998757 2.5667511065039828777e-45 -2.5667511065039828777e-45
3.1200000000000001066 1.1747217641295949517e-46 2.0004160887765469539e-06
3.1299999999999998934 5.1248048759998971604e-48 2.0004160887765469539e-06
3.1400000000000001243 2.1311310288896136049e-49 2.0004160887765469539e-06
3.1499999999999999112 8.4475919785596184347e-51 2.0004160887765469539e-06
3.1600000000000001421 3.1918696596684586984e-52 2.0004160887765469539e-06
3.1699999999999999289 1.1495988387271542286e-53 -1.1495988387271542286e-53
3.1800000000000001599 3.9467167518723497661e-55 -3.9467167518723497661e-55
3.1899999999999999467 1.2915571334248081624e-56 -1.2915571334248081624e-56
3.2000000000000001776 4.0288293380938472537e-58 -4.0288293380938472537e-58
3.2099999999999999645 1.1979295739941305931e-59 -1.1979295739941305931e-59
3.2200000000000001954 3.395239917514584785e-61 2.0004160887765469539e-06
3.2299999999999999822 9.1726754978516423e-63 2.0004160887765469539e-06
3.2400000000000002132 2.3621506961819555227e-64 -2.3621506961819555227e-64
3.25 5.7983553029881865368e-66 -5.7983553029881865368e-66
3.2600000000000002309 1.3567110329408843795e-67 -1.3567110329408843795e-67
3.2700000000000000178 3.0259020718188850973e-69 -3.0259020718188850973e-69
3.2800000000000002487 6.4329035734495438804e-71 -6.4329035734495438804e-71
3.2900000000000000355 1.3035976492761997583e-72 2.0004160887765469539e-06
3.3000000000000002665 2.518048868771684614e-74 -2.518048868771684614e-74
3.3100000000000000533 4.6362677990638518939e-76 -4.6362677990638518939e-76
3.3200000000000002842 8.1368511489675959957e-78 2.0004160887765469539e-06
3.3300000000000000711 1.3612173059617022903e-79 -1.3612173059617022903e-79
3.3399999999999998579 2.1706086478325083145e-81 -2.1706086478325083145e-81
3.3500000000000000888 3.2992735450277814024e-83 -3.2992735450277814024e-83
3.3599999999999998757 4.7801069076397557025e-85 -4.7801069076397557025e-85
3.3700000000000001066 6.6014471796101017014e-87 -6.6014471796101017014e-87
3.3799999999999998934 8.6900590915939332535e-89 -8.6900590915939332535e-89
3.3900000000000001243 1.0904057273213000625e-90 2.0004160887765469539e-06
3.3999999999999999112 1.3041727633582513348e-92 -1.3041727633582513348e-92
3.4100000000000001421 1.4868375922801157418e-94 -1.4868375922801157418e-94
3.4199999999999999289 1.6157462185493493631e-96 -1.6157462185493493631e-96
3.4300000000000001599 1.67364668323012194e-98 2.0004160887765469539e-06
3.4399999999999999467 1.6524763301486785147e-100 -1.6524763301486785147e-100
3.4500000000000001776 1.5552040120946408598e-102 -1.5552040120946408598e-102
3.4599999999999999645 1.3951469991281718019e-104 -1.3951469991281718019e-104
3.4700000000000001954 1.1929792312882664632e-106 -1.1929792312882664632e-106
3.4799999999999999822 9.7235744974881122721e-109 -9.7235744974881122721e-109
3.4900000000000002132 7.5543829989912703301e-111 -7.5543829989912703301e-111
3.5 5.5943790554565531598e-113 -5.5943790554565531598e-113
3.5100000000000002309 3.9489757459984634216e-115 -3.9489757459984634216e-115
3.5200000000000000178 2.6570307788992263562e-117 -2.6570307788992263562e-117
3.5300000000000002487 1.7040726449249949211e-119 -1.7040726449249949211e-119
3.5400000000000000355 1.0417389151851700681e-121 -1.0417389151851700681e-121
3.5500000000000002665 6.070281078812194057e-124 2.0004160887765469539e-06
3.5600000000000000533 3.3716129613738516541e-126 -3.3716129613738516541e-126
3.5700000000000002842 1.7850299301341688168e-128 -1.7850299301341688168e-128
3.5800000000000000711 9.0080759997275052276e-131 -9.0080759997275052276e-131
3.5899999999999998579 4.3330850416584880571e-133 -4.3330850416584880571e-133
3.6000000000000000888 1.9867393755910935382e-135 -1.9867393755910935382e-135
3.6099999999999998757 8.6828637884451238231e-138 -8.6828637884451238231e-138
3.6200000000000001066 3.6171237647136599939e-140 -3.6171237647136599939e-140
3.6299999999999998934 1.4362893305256433312e-142 -1.4362893305256433312e-142
3.6400000000000001243 5.4362394701373861408e-145 -5.4362394701373861408e-145
3.6499999999999999112 1.9612511095860585057e-147 -1.9612511095860585057e-147
3.6600000000000001421 6.7444370171540608675e-150 -6.7444370171540608675e-150
3.6699999999999999289 2.2107314300645661944e-152 -2.2107314300645661944e-152
3.6800000000000001599 6.9072305887957068838e-155 -6.9072305887957068838e-155
3.6899999999999999467 2.0570721188357121278e-157 -2.0570721188357121278e-157
3.7000000000000001776 5.8394586232016483344e-160 -5.8394586232016483344e-160
3.7099999999999999645 1.5800581472496225946e-162 -1.5800581472496225946e-162
3.7200000000000001954 4.075218361774853165e-165 -4.075218361774853165e-165
3.7299999999999999822 1.0018574829643724118e-167 2.0004160887765469539e-06
3.7400000000000002132 2.3476760718147319571e-170 -2.3476760718147319571e-170
3.75 5.243816505942233321e-173 -5.243816505942233321e-173
3.7600000000000002309 1.1164359343625884829e-175 -1.1164359343625884829e-175
3.7700000000000000178 2.2656721080633907454e-178 -2.2656721080633907454e-178
3.7800000000000002487 4.38265381263667483e-181 -4.38265381263667483e-181
3.7900000000000000355 8.0807944518079318453e-184 -8.0807944518079318453e-184
3.8000000000000002665 1.4201939757511654694e-186 2.0004160887765469539e-06
3.8100000000000000533 2.3791285903792101594e-189 -2.3791285903792101594e-189
3.8200000000000002842 3.7989601826996121849e-192 -3.7989601826996121849e-192
3.8300000000000000711 5.7821329955097035524e-195 4.0008321775530930609e-06
3.8399999999999998579 8.3885685152768513661e-198 2.0004160887765469539e-06
3.8500000000000000888 1.1600160981340215232e-200 -1.1600160981340215232e-200
3.8599999999999998757 1.5290317195677113515e-203 -1.5290317195677113515e-203
3.8700000000000001066 1.9210790295513430053e-206 -1.9210790295513430053e-206
3.8799999999999998934 2.3006479431193232208e-209 -2.3006479431193232208e-209
3.8900000000000001243 2.6262208208183617657e-212 -2.6262208208183617657e-212
3.8999999999999999112 2.8575141995084759037e-215 2.0004160887765469539e-06
3.9100000000000001421 2.9636136131627242979e-218 -2.9636136131627242979e-218
3.9199999999999999289 2.9297511739172364321e-221 -2.9297511739172364321e-221
3.9300000000000001599 2.7606783622140931418e-224 -2.7606783622140931418e-224
3.9399999999999999467 2.4795721604578067801e-227 2.0004160887765469539e-06
3.9500000000000001776 2.1228216412365579393e-230 -2.1228216412365579393e-230
3.9599999999999999645 1.7323116467142208446e-233 2.0004160887765469539e-06
3.9700000000000001954 1.3474549641407117736e-236 -1.3474549641407117736e-236
3.9799999999999999822 9.9902914537902633083e-240 -9.9902914537902633083e-240
3.9900000000000002132 7.060210940001050389e-243 -7.060210940001050389e-243
4 4.7559005807796319183e-246 -4.7559005807796319183e-246
4.0099999999999997868 3.0536790143891604322e-249 2.0004160887765469539e-06
4.0200000000000004619 1.8689147149090960868e-252 -1.8689147149090960868e-252
4.0300000000000002487 1.0902623636731690638e-255 -1.0902623636731690638e-255
4.0400000000000000355 6.0624469601766614689e-259 -6.0624469601766614689e-259
4.0499999999999998224 3.2132183344425957928e-262 -3.2132183344425957928e-262
4.0600000000000004974 1.6233338020214697336e-265 -1.6233338020214697336e-265
4.0700000000000002842 7.8171905427337324937e-269 -7.8171905427337324937e-269
4.0800000000000000711 3.5881351657128974203e-272 -3.5881351657128974203e-272
4.0899999999999998579 1.5698641895208070959e-275 -1.5698641895208070959e-275
4.0999999999999996447 6.546821861903210838e-279 -6.546821861903210838e-279
4.1100000000000003197 2.602400181027611592e-282 2.0004160887765469539e-06
4.1200000000000001066 9.8603587281236158994e-286 -9.8603587281236158994e-286
4.1299999999999998934 3.5611182237850149848e-289 -3.5611182237850149848e-289
4.1399999999999996803 1.2259000834241266323e-292 -1.2259000834241266323e-292
4.1500000000000003553 4.0225247823176063091e-296 -4.0225247823176063091e-296
4.1600000000000001421 1.2581062471004704257e-299 -1.2581062471004704257e-299
4.1699999999999999289 3.7506869033608421925e-303 -3.7506869033608421925e-303
4.1799999999999997158 1.0658084881204884536e-306 -1.0658084881204884536e-306
4.1900000000000003908 2.8868377390320556824e-310 -2.8868377390320556824e-310
4.2000000000000001776 7.4531588628589284585e-314 2.0004160887765469539e-06
4.2099999999999999645 1.8341426240761682433e-317 -1.8341426240761682433e-317
4.2199999999999997513 4.3033117752772573998e-321 -4.3033117752772573998e-321
4.2300000000000004263 0 2.0004160887765469539e-06
4.2400000000000002132 0 2.0004160887765469539e-06
4.25 0 2.0004160887765469539e-06
4.2599999999999997868 0 4.0008321775530930609e-06
4.2700000000000004619 0 0
4.2800000000000002487 0 0
4.2900000000000000355 0 0
4.2999999999999998224 0 0
4.3100000000000004974 0 2.0004160887765469539e-06
4.3200000000000002842 0 0
4.3300000000000000711 0 0
4.3399999999999998579 0 0
4.3500000000000005329 0 0
4.3600000000000003197 0 0
4.3700000000000001066 0 2.0004160887765469539e-06
4.3799999999999998934 0 0
4.3899999999999996803 0 2.0004160887765469539e-06
4.4000000000000003553 0 0
4.4100000000000001421 0 0
4.4199999999999999289 0 0
4.4299999999999997158 0 0
4.4400000000000003908 0 0
4.4500000000000001776 0 0
4.4599999999999999645 0 0
4.4699999999999997513 0 0
4.4800000000000004263 0 0
4.4900000000000002132 0 2.0004160887765469539e-06
4.5 0 0
4.5099999999999997868 0 0
4.5200000000000004619 0 2.0004160887765469539e-06
4.5300000000000002487 0 0
4.5400000000000000355 0 2.0004160887765469539e-06
4.5499999999999998224 0 0
4.5600000000000004974 0 0
4.5700000000000002842 0 0
4.5800000000000000711 0 0
4.5899999999999998579 0 0
4.6000000000000005329 0 0
4.6100000000000003197 0 0
4.6200000000000001066 0 2.0004160887765469539e-06
4.6299999999999998934 0 0
4.6399999999999996803 0 0
4.6500000000000003553 0 0
4.6600000000000001421 0 0
4.6699999999999999289 0 0
4.6799999999999997158 0 0
4.6900000000000003908 0 0
4.7000000000000001776 0 0
4.7099999999999999645 0 2.0004160887765469539e-06
4.7199999999999997513 0 0
4.7300000000000004263 0 2.0004160887765469539e-06
4.7400000000000002132 0 2.0004160887765469539e-06
4.75 0 2.0004160887765469539e-06
4.7599999999999997868 0 8.0016643551061861217e-06
4.7700000000000004619 0 0
4.7800000000000002487 0 2.0004160887765469539e-06
4.7900000000000000355 0 2.0004160887765469539e-06
4.7999999999999998224 0 4.0008321775530930609e-06
4.8100000000000004974 0 4.0008321775530930609e-06
4.8200000000000002842 0 2.0004160887765469539e-06
4.8300000000000000711 0 6.001248038955964148e-06
4.8399999999999998579 0 1.0002080671256409789e-05
4.8500000000000005329 0 6.001248038955964148e-06
4.8600000000000003197 0 1.0002080671256409789e-05
4.8700000000000001066 0 1.6003328710212368855e-05
4.8799999999999998934 0 1.6003328710212368855e-05
4.8899999999999996803 0 1.0002080671256409789e-05
4.9000000000000003553 0 2.6005409381468780339e-05
4.9100000000000001421 0 2.8005824788124300539e-05
4.9199999999999999289 0 2.8005824788124300539e-05
4.9299999999999997158 0 2.200457674916833978e-05
4.9400000000000003908 0 2.0004161342512819579e-05
4.9500000000000001776 0 2.400499215582385998e-05
4.9599999999999999645 0 2.0004161342512819579e-05
4.9699999999999997513 0 2.8005824788124300539e-05
4.9800000000000004263 0 2.200457674916833978e-05
4.9900000000000002132 0 1.400291239406215027e-05
5 0 1.0002080671256409789e-05
5.0099999999999997868 0 1.400291239406215027e-05
5.0200000000000004619 0 1.200249607791192999e-05
5.0300000000000002487 0 1.400291239406215027e-05
5.0400000000000000355 0 4.0008321775530930609e-06
5.0499999999999998224 0 6.001248038955964148e-06
5.0600000000000004974 0 2.0004160887765469539e-06
5.0700000000000002842 0 4.0008321775530930609e-06
5.0800000000000000711 0 2.0004160887765469539e-06
5.0899999999999998579 0 2.0004160887765469539e-06
5.1000000000000005329 0 0
5.1100000000000003197 0 0
5.1200000000000001066 0 0
5.1299999999999998934 0 0
5.1399999999999996803 0 0
5.1500000000000003553 0 0
5.1600000000000001421 0 0
5.1699999999999999289 0 0
5.1799999999999997158 0 0
5.1900000000000003908 0 0
5.2000000000000001776 0 0
5.2099999999999999645 0 0
5.2199999999999997513 0 0
5.2300000000000004263 0 0
5.2400000000000002132 0 0
5.25 0 0
5.2599999999999997868 0 0
5.2700000000000004619 0 0
5.2800000000000002487 0 0
5.2900000000000000355 0 0
5.2999999999999998224 0 0
5.3100000000000004974 0 0
5.3200000000000002842 0 0
5.3300000000000000711 0 0
5.3399999999999998579 0 0
5.3500000000000005329 0 0
5.3600000000000003197 0 0
5.3700000000000001066 0 0
5.3799999999999998934 0 0
5.3899999999999996803 0 0
5.4000000000000003553 0 0
5.4100000000000001421 0 0
5.4199999999999999289 0 0
5.4299999999999997158 0 0
5.4400000000000003908 0 0
5.4500000000000001776 0 0
5.4599999999999999645 0 0
5.4699999999999997513 0 0
5.4800000000000004263 0 0
5.4900000000000002132 0 0
5.5 0 0
5.5099999999999997868 0 0
5.5200000000000004619 0 0
5.5300000000000002487 0 0
5.5400000000000000355 0 0
5.5499999999999998224 0 0
5.5600000000000004974 0 0
5.5700000000000002842 0 0
5.5800000000000000711 0 0
5.5899999999999998579 0 0
5.6000000000000005329 0 0
5.6100000000000003197 0 0
5.6200000000000001066 0 0
5.6299999999999998934 0 0
5.6399999999999996803 0 0
5.6500000000000003553 0 0
5.6600000000000001421 0 0
5.6699999999999999289 0 0
5.6799999999999997158 0 0
5.6900000000000003908 0 0
5.7000000000000001776 0 0
5.7099999999999999645 0 0
5.7199999999999997513 0 0
5.7300000000000004263 0 0
5.7400000000000002132 0 0
5.75 0 0
5.7599999999999997868 0 0
5.7700000000000004619 0 0
5.7800000000000002487 0 0
5.7900000000000000355 0 0
5.7999999999999998224 0 0
5.8100000000000004974 0 0
5.8200000000000002842 0 0
5.8300000000000000711 0 0
5.8399999999999998579 0 0
5.8500000000000005329 0 0
5.8600000000000003197 0 0
5.8700000000000001066 0 0
5.8799999999999998934 0 0
5.8899999999999996803 0 0
5.9000000000000003553 0 0
5.9100000000000001421 0 0
5.9199999999999999289 0 0
5.9299999999999997158 0 0
5.9400000000000003908 0 0
5.9500000000000001776 0 0
5.9599999999999999645 0 0
5.9699999999999997513 0 0
5.9800000000000004263 0 0
5.9900000000000002132 0 0
6 0 0
6.0099999999999997868 0 0
6.0200000000000004619 0 0
6.0300000000000002487 0 0
6.0400000000000000355 0 0
6.0499999999999998224 0 0
6.0600000000000004974 0 0
6.0700000000000002842 0 0
6.0800000000000000711 0 0
6.0899999999999998579 0 0
6.1000000000000005329 0 0
6.1100000000000003197 0 0
6.1200000000000001066 0 0
6.1299999999999998934 0 0
6.1400000000000005684 0 0
6.1500000000000003553 0 0
6.1600000000000001421 0 0
6.1699999999999999289 0 0
6.1799999999999997158 0 0
6.1900000000000003908 0 0
6.2000000000000001776 0 0
6.2099999999999999645 0 0
6.2199999999999997513 0 0
6.2300000000000004263 0 0
6.2400000000000002132 0 0
6.25 0 0
6.2599999999999997868 0 0
6.2700000000000004619 0 0
6.2800000000000002487 0 0
6.2900000000000000355 0 0
6.2999999999999998224 0 0
6.3100000000000004974 0 0
6.3200000000000002842 0 0
6.3300000000000000711 0 0
6.3399999999999998579 0 0
6.3500000000000005329 0 0
6.3600000000000003197 0 0
6.3700000000000001066 0 0
6.3799999999999998934 0 0
6.3900000000000005684 0 0
6.4000000000000003553 0 0
6.4100000000000001421 0 0
6.4199999999999999289 0 0
6.4299999999999997158 0 0
6.4400000000000003908 0 0
6.4500000000000001776 0 0
6.4599999999999999645 0 0
6.4699999999999997513 0 0
6.4800000000000004263 0 0
6.4900000000000002132 0 0
6.5 0 0
6.5099999999999997868 0 0
6.5200000000000004619 0 0
6.5300000000000002487 0 0
6.5400000000000000355 0 0
6.5499999999999998224 0 0
6.5600000000000004974 0 0
6.5700000000000002842 0 0
6.5800000000000000711 0 0
6.5899999999999998579 0 0
6.6000000000000005329 0 0
6.6100000000000003197 0 0
6.6200000000000001066 0 0
6.6299999999999998934 0 0
6.6400000000000005684 0 0
6.6500000000000003553 0 0
6.6600000000000001421 0 0
6.6699999999999999289 0 0
6.6799999999999997158 0 0
6.6900000000000003908 0 0
6.7000000000000001776 0 0
6.7099999999999999645 0 0
6.7199999999999997513 0 0
6.7300000000000004263 0 0
6.7400000000000002132 0 0
6.75 0 0
6.7599999999999997868 0 0
6.7700000000000004619 0 0
6.7800000000000002487 0 0
6.7900000000000000355 0 0
6.7999999999999998224 0 0
6.8100000000000004974 0 0
6.8200000000000002842 0 0
6.8300000000000000711 0 0
6.8399999999999998579 0 0
6.8500000000000005329 0 0
6.8600000000000003197 0 0
6.8700000000000001066 0 0
6.8799999999999998934 0 0
6.8900000000000005684 0 0
6.9000000000000003553 0 0
6.9100000000000001421 0 0
6.9199999999999999289 0 0
6.9299999999999997158 0 0
6.9400000000000003908 0 0
6.9500000000000001776 0 0
6.9599999999999999645 0 0
6.9699999999999997513 0 0
6.9800000000000004263 0 0
6.9900000000000002132 0 0
7 0 0
7.0099999999999997868 0 0
7.0200000000000004619 0 0
7.0300000000000002487 0 0
7.0400000000000000355 0 0
7.0499999999999998224 0 0
7.0600000000000004974 0 0
7.0700000000000002842 0 0
7.0800000000000000711 0 0
7.0899999999999998579 0 0
7.1000000000000005329 0 0
7.1100000000000003197 0 0
7.1200000000000001066 0 0
7.1299999999999998934 0 0
7.1400000000000005684 0 0
7.1500000000000003553 0 0
7.1600000000000001421 0 0
7.1699999999999999289 0 0
7.1799999999999997158 0 0
7.1900000000000003908 0 0
7.2000000000000001776 0 0
7.2099999999999999645 0 0
7.2199999999999997513 0 0
7.2300000000000004263 0 0
7.2400000000000002132 0 0
7.25 0 0
7.2599999999999997868 0 0
7.2700000000000004619 0 0
7.2800000000000002487 0 0
7.2900000000000000355 0 0
7.2999999999999998224 0 0
7.3100000000000004974 0 0
7.3200000000000002842 0 0
7.3300000000000000711 0 0
7.3399999999999998579 0 0
7.3500000000000005329 0 0
7.3600000000000003197 0 0
7.3700000000000001066 0 0
7.3799999999999998934 0 0
7.3900000000000005684 0 0
7.4000000000000003553 0 0
7.4100000000000001421 0 0
7.4199999999999999289 0 0
7.4299999999999997158 0 0
7.4400000000000003908 0 0
7.4500000000000001776 0 0
7.4599999999999999645 0 0
7.4699999999999997513 0 0
7.4800000000000004263 0 0
7.4900000000000002132 0 0
7.5 0 0
7.5099999999999997868 0 0
7.5200000000000004619 0 0
7.5300000000000002487 0 0
7.5400000000000000355 0 0
7.5499999999999998224 0 0
7.5600000000000004974 0 0
7.5700000000000002842 0 0
7.5800000000000000711 0 0
7.5899999999999998579 0 0
7.6000000000000005329 0 0
7.6100000000000003197 0 0
7.6200000000000001066 0 0
7.6299999999999998934 0 0
7.6400000000000005684 0 0
7.6500000000000003553 0 0
7.6600000000000001421 0 0
7.6699999999999999289 0 0
7.6799999999999997158 0 0
7.6900000000000003908 0 0
7.7000000000000001776 0 0
7.7099999999999999645 0 0
7.7199999999999997513 0 0
7.7300000000000004263 0 0
7.7400000000000002132 0 0
7.75 0 0
7.7599999999999997868 0 0
7.7700000000000004619 0 0
7.7800000000000002487 0 0
7.7900000000000000355 0 0
7.7999999999999998224 0 0
7.8100000000000004974 0 0
7.8200000000000002842 0 0
7.8300000000000000711 0 0
7.8399999999999998579 0 0
7.8500000000000005329 0 0
7.8600000000000003197 0 0
7.8700000000000001066 0 0
7.8799999999999998934 0 0
7.8900000000000005684 0 0
7.9000000000000003553 0 0
7.9100000000000001421 0 0
7.9199999999999999289 0 0
7.930000000000000604 0 0
7.9400000000000003908 0 0
7.9500000000000001776 0 0
7.9599999999999999645 0 0
7.9699999999999997513 0 0
7.9800000000000004263 0 0
7.9900000000000002132 0 0
8 0 0
8.0099999999999997868 0 0
8.0199999999999995737 0 0
8.0299999999999993605 0 0
8.0400000000000009237 0 0
8.0500000000000007105 0 0
8.0600000000000004974 0 0
8.0700000000000002842 0 0
8.0800000000000000711 0 0
8.0899999999999998579 0 0
8.0999999999999996447 0 0
8.1099999999999994316 0 0
8.1200000000000009948 0 0
8.1300000000000007816 0 0
8.1400000000000005684 0 0
8.1500000000000003553 0 0
8.1600000000000001421 0 0
8.1699999999999999289 0 0
8.1799999999999997158 0 0
8.1899999999999995026 0 0
8.1999999999999992895 0 0
8.2100000000000008527 0 0
8.2200000000000006395 0 0
8.2300000000000004263 0 0
8.2400000000000002132 0 0
8.25 0 0
8.2599999999999997868 0 0
8.2699999999999995737 0 0
8.2799999999999993605 0 0
8.2900000000000009237 0 0
8.3000000000000007105 0 0
8.3100000000000004974 0 0
8.3200000000000002842 0 0
8.3300000000000000711 0 0
8.3399999999999998579 0 0
8.3499999999999996447 0 0
8.3599999999999994316 0 0
8.3700000000000009948 0 0
8.3800000000000007816 0 0
8.3900000000000005684 0 0
8.4000000000000003553 0 0
8.4100000000000001421 0 0
8.4199999999999999289 0 0
8.4299999999999997158 0 0
8.4399999999999995026 0 0
8.4499999999999992895 0 0
8.4600000000000008527 0 0
8.4700000000000006395 0 0
8.4800000000000004263 0 0
8.4900000000000002132 0 0
8.5 0 0
8.5099999999999997868 0 0
8.5199999999999995737 0 0
8.5299999999999993605 0 0
8.5400000000000009237 0 0
8.5500000000000007105 0 0
8.5600000000000004974 0 0
8.5700000000000002842 0 0
8.5800000000000000711 0 0
8.5899999999999998579 0 0
8.5999999999999996447 0 0
8.6099999999999994316 0 0
8.6200000000000009948 0 0
8.6300000000000007816 0 0
8.6400000000000005684 0 0
8.6500000000000003553 0 0
8.6600000000000001421 0 0
8.6699999999999999289 0 0
8.6799999999999997158 0 0
8.6899999999999995026 0 0
8.7000000000000010658 0 0
8.7100000000000008527 0 0
8.7200000000000006395 0 0
8.7300000000000004263 0 0
8.7400000000000002132 0 0
8.75 0 0
8.7599999999999997868 0 0
8.7699999999999995737 0 0
8.7799999999999993605 0 0
8.7900000000000009237 0 0
8.8000000000000007105 0 0
8.8100000000000004974 0 0
8.8200000000000002842 0 0
8.8300000000000000711 0 0
8.8399999999999998579 0 0
8.8499999999999996447 0 0
8.8599999999999994316 0 0
8.8700000000000009948 0 0
8.8800000000000007816 0 0
8.8900000000000005684 0 0
8.9000000000000003553 0 0
8.9100000000000001421 0 0
8.9199999999999999289 0 0
8.9299999999999997158 0 0
8.9399999999999995026 0 0
8.9500000000000010658 0 0
8.9600000000000008527 0 0
8.9700000000000006395 0 0
8.9800000000000004263 0 0
8.9900000000000002132 0 0
9 0 0
9.0099999999999997868 0 0
9.0199999999999995737 0 0
9.0299999999999993605 0 0
9.0400000000000009237 0 0
9.0500000000000007105 0 0
9.0600000000000004974 0 0
9.0700000000000002842 0 0
9.0800000000000000711 0 0
9.0899999999999998579 0 0
9.0999999999999996447 0 0
9.1099999999999994316 0 0
9.1200000000000009948 0 0
9.1300000000000007816 0 0
9.1400000000000005684 0 0
9.1500000000000003553 0 0
9.1600000000000001421 0 0
9.1699999999999999289 0 0
9.1799999999999997158 0 0
9.1899999999999995026 0 0
9.2000000000000010658 0 0
9.2100000000000008527 0 0
9.2200000000000006395 0 0
9.2300000000000004263 0 0
9.2400000000000002132 0 0
9.25 0 0
9.2599999999999997868 0 0
9.2699999999999995737 0 0
9.2799999999999993605 0 0
9.2900000000000009237 0 0
9.3000000000000007105 0 0
9.3100000000000004974 0 0
9.3200000000000002842 0 0
9.3300000000000000711 0 0
9.3399999999999998579 0 0
9.3499999999999996447 0 0
9.3599999999999994316 0 0
9.3700000000000009948 0 0
9.3800000000000007816 0 0
9.3900000000000005684 0 0
9.4000000000000003553 0 0
9.4100000000000001421 0 0
9.4199999999999999289 0 0
9.4299999999999997158 0 0
9.4399999999999995026 0 0
9.4500000000000010658 0 0
9.4600000000000008527 0 0
9.4700000000000006395 0 0
9.4800000000000004263 0 0
9.4900000000000002132 0 0
9.5 0 0
9.5099999999999997868 0 0
9.5199999999999995737 0 0
9.5299999999999993605 0 0
9.5400000000000009237 0 0
9.5500000000000007105 0 0
9.5600000000000004974 0 0
9.5700000000000002842 0 0
9.5800000000000000711 0 0
9.5899999999999998579 0 0
9.5999999999999996447 0 0
9.6099999999999994316 0 0
9.6200000000000009948 0 0
9.6300000000000007816 0 0
9.6400000000000005684 0 0
9.6500000000000003553 0 0
9.6600000000000001421 0 0
9.6699999999999999289 0 0
9.6799999999999997158 0 0
9.6899999999999995026 0 0
9.7000000000000010658 0 0
9.7100000000000008527 0 0
9.7200000000000006395 0 0
9.7300000000000004263 0 0
9.7400000000000002132 0 0
9.75 0 0
9.7599999999999997868 0 0
9.7699999999999995737 0 0
9.7799999999999993605 0 0
9.7900000000000009237 0 0
9.8000000000000007105 0 0
9.8100000000000004974 0 0
9.8200000000000002842 0 0
9.8300000000000000711 0 0
9.8399999999999998579 0 0
9.8499999999999996447 0 0
9.8599999999999994316 0 0
9.8700000000000009948 0 0
9.8800000000000007816 0 0
9.8900000000000005684 0 0
9.9000000000000003553 0 0
9.9100000000000001421 0 0
9.9199999999999999289 0 0
9.9299999999999997158 0 0
9.9399999999999995026 0 0
9.9500000000000010658 0 0
9.9600000000000008527 0 0
9.9700000000000006395 0 0
9.9800000000000004263 0 0
9.9900000000000002132 0 0
10 0 0
10.009999999999999787 0 0
10.019999999999999574 0 0
10.029999999999999361 0 0
10.040000000000000924 0 0
10.050000000000000711 0 0
10.060000000000000497 0 0
10.070000000000000284 0 0
10.080000000000000071 0 0
10.089999999999999858 0 0
10.099999999999999645 0 0
10.109999999999999432 0 0
10.120000000000000995 0 0
10.130000000000000782 0 0
10.140000000000000568 0 0
10.150000000000000355 0 0
10.160000000000000142 0 0
10.169999999999999929 0 0
10.179999999999999716 0 0
10.189999999999999503 0 0
10.200000000000001066 0 0
10.210000000000000853 0 0
10.220000000000000639 0 0
10.230000000000000426 0 0
