0 1.9927897743205772857e-120 -1.9927897743205772857e-120
0.010000000000000000208 1.1703256535184770819e-118 -1.1703256535184770819e-118
0.020000000000000000416 6.6618920960172587067e-117 -6.6618920960172587067e-117
0.02999999999999999889 3.6756495174914583315e-115 -3.6756495174914583315e-115
0.040000000000000000833 1.9656954097503849245e-113 -1.9656954097503849245e-113
0.050000000000000002776 1.0189291426067809759e-111 -1.0189291426067809759e-111
0.05999999999999999778 5.1193800817143204012e-110 -5.1193800817143204012e-110
0.070000000000000006661 2.4930810368205827219e-108 -2.4930810368205827219e-108
0.080000000000000001665 1.1767956291217554863e-106 -1.1767956291217554863e-106
0.089999999999999996669 5.3840778186638835385e-105 -5.3840778186638835385e-105
0.10000000000000000555 2.3876311726238325655e-103 -2.3876311726238325655e-103
0.11000000000000000056 1.026286893682445254e-101 -1.026286893682445254e-101
0.11999999999999999556 4.275785945928158732e-100 -4.275785945928158732e-100
0.13000000000000000444 1.7266676746260141494e-98 -1.7266676746260141494e-98
0.14000000000000001332 6.7584513511065738546e-97 -6.7584513511065738546e-97
0.14999999999999999445 2.5640781379753791097e-95 8.5763123934157192707e-05
0.16000000000000000333 9.4288982666197311124e-94 7.1801681770011782646e-05
0.17000000000000001221 3.3607505194422710184e-92 5.9834736021002747793e-05
0.17999999999999999334 1.1610668599760620648e-90 7.1801681770011782646e-05
0.19000000000000000222 3.887978140308797878e-89 9.7730066045187413692e-05
0.2000000000000000111 1.2619322230044599597e-87 7.7785160101484507322e-05
0.20999999999999999223 3.9700307989227975194e-86 8.5763123934157192707e-05
0.22000000000000000111 1.2105907529253130127e-84 8.3768631156999617815e-05
0.23000000000000000999 3.5780504425625241843e-83 8.5763123934157192707e-05
0.23999999999999999112 1.0250409032652240547e-81 5.9834736021002747793e-05
0.25 2.8463058353738336519e-80 7.1801681770011782646e-05
0.26000000000000000888 7.6606842224133477952e-79 8.9752102212514728308e-05
0.27000000000000001776 1.9984771585662816752e-77 7.1801681770011782646e-05
0.28000000000000002665 5.0533158879807720421e-76 7.579066732432693243e-05
0.28999999999999998002 1.2385094824112350436e-74 7.9779645602684468031e-05
0.2999999999999999889 2.9421706250602870563e-73 7.7785160101484507322e-05
0.30999999999999999778 6.7745742115021848322e-72 4.9862279411172487516e-05
0.32000000000000000666 1.5119651617096449387e-70 4.9862279411172487516e-05
0.33000000000000001554 3.2707488287503930987e-69 7.7785160101484507322e-05
0.34000000000000002442 6.8580119109396287914e-68 6.3823717937339097261e-05
0.35000000000000003331 1.3937821745951674222e-66 6.5818210714496672153e-05
0.35999999999999998668 2.7455996268681155343e-65 8.5763123934157192707e-05
0.36999999999999999556 5.2423394491233872468e-64 5.9834736021002747793e-05
0.38000000000000000444 9.7019425952443328843e-63 8.9752102212514728308e-05
0.39000000000000001332 1.7403551908671941087e-61 9.17465949896723032e-05
0.4000000000000000222 3.0259567444832959692e-60 7.7785160101484507322e-05
0.41000000000000003109 5.0995654321696369061e-59 7.9779645602684468031e-05
0.41999999999999998446 8.3300815271595813542e-58 7.3796174547169357538e-05
0.42999999999999999334 1.3188972587381667356e-56 6.5818210714496672153e-05
0.44000000000000000222 2.0240363586032719219e-55 6.1829225160181522369e-05
0.4500000000000000111 3.0107263535070474135e-54 7.9779645602684468031e-05
0.46000000000000001998 4.3408011233906348814e-53 6.5818210714496672153e-05
0.47000000000000002887 6.0661636724442899414e-52 6.1829225160181522369e-05
0.47999999999999998224 8.2168240884145940179e-51 6.9807188992854207754e-05
0.48999999999999999112 1.0787963917752145312e-49 8.5763123934157192707e-05
0.5 1.3728421710111893052e-48 7.7785160101484507322e-05
0.51000000000000000888 1.693352479090163074e-47 9.17465949896723032e-05
0.52000000000000001776 2.0245092005157538633e-46 6.1829225160181522369e-05
0.53000000000000002665 2.3460527457142835265e-45 6.3823717937339097261e-05
0.54000000000000003553 2.6351262034834198863e-44 7.7785160101484507322e-05
0.55000000000000004441 2.8688688669990950203e-43 6.5818210714496672153e-05
0.56000000000000005329 3.0273707174041170736e-42 6.9807188992854207754e-05
0.57000000000000006217 3.0964647792994103247e-41 8.3768631156999617815e-05
0.57999999999999996003 3.0698157750661537639e-40 7.1801681770011782646e-05
0.58999999999999996891 2.9498783932888862866e-39 6.5818210714496672153e-05
0.5999999999999999778 2.7475243026004033384e-38 7.9779645602684468031e-05
0.60999999999999998668 2.4804164484296867012e-37 7.9779645602684468031e-05
0.61999999999999999556 2.1704675291498987156e-36 7.3796174547169357538e-05
0.63000000000000000444 1.8408890473002831716e-35 6.9807188992854207754e-05
0.64000000000000001332 1.5133785178621049978e-34 7.1801681770011782646e-05
0.6500000000000000222 1.2059051403846771538e-33 7.1801681770011782646e-05
0.66000000000000003109 9.3137453215755067223e-33 5.5845754104666411877e-05
0.67000000000000003997 6.9723824399268221304e-32 7.3796174547169357538e-05
0.68000000000000004885 5.0592212567254261942e-31 6.3823717937339097261e-05
0.69000000000000005773 3.5582116385008141494e-30 6.5818210714496672153e-05
0.70000000000000006661 2.4256353272702285602e-29 9.3741087766829878092e-05
0.70999999999999996447 1.6027466312138201018e-28 9.5735580543987452984e-05
0.71999999999999997335 1.0264785220840327697e-27 8.3768631156999617815e-05
0.72999999999999998224 6.3720693091053647473e-27 8.5763123934157192707e-05
0.73999999999999999112 3.8340409370803041249e-26 6.1829225160181522369e-05
0.75 2.2360351725265504875e-25 6.3823717937339097261e-05
0.76000000000000000888 1.2639972993326273167e-24 9.17465949896723032e-05
0.77000000000000001776 6.9256300955345842438e-24 8.1774138379842042923e-05
0.78000000000000002665 3.6780537180641028585e-23 7.9779645602684468031e-05
0.79000000000000003553 1.8933132501143431117e-22 7.7785160101484507322e-05
0.80000000000000004441 9.4465344137247107068e-22 7.7785160101484507322e-05
0.81000000000000005329 4.5684426586398910766e-21 8.1774138379842042923e-05
0.82000000000000006217 2.1414575788583814436e-20 8.1774138379842015818e-05
0.83000000000000007105 9.7296317555256979053e-20 5.5845754104666317009e-05
0.83999999999999996891 4.284784277249522486e-19 0.00010171905159950217045
0.8499999999999999778 1.8289723934310866461e-18 7.3796174547167527947e-05
0.85999999999999998668 7.5671260648931294043e-18 8.9752102212507165998e-05
0.86999999999999999556 3.0345927676796334564e-17 7.7785160101454163214e-05
0.88000000000000000444 1.1795476726775210501e-16 6.1829225160063561173e-05
0.89000000000000001332 4.444022079635552573e-16 7.5790667323882531512e-05
0.9000000000000000222 1.6228655766832819396e-15 7.9779645601061607114e-05
0.91000000000000003109 5.744265688109227164e-15 7.9779645596940202291e-05
0.92000000000000003997 1.9707526537570370742e-14 9.5735580524279923647e-05
0.93000000000000004885 6.5535308992515158082e-14 0.00010770252258948239603
0.94000000000000005773 2.1123418973644989187e-13 7.5790667113092744737e-05
0.95000000000000006661 6.599312668282439798e-13 6.5818210054565401824e-05
0.95999999999999996447 1.9983834653869053647e-12 8.5763121935773732585e-05
0.96999999999999997335 5.8654938057799039855e-12 8.7757610845820967303e-05
0.97999999999999998224 1.6686911538337314089e-11 9.5735563857075916183e-05
0.98999999999999999112 4.6014316688466638774e-11 9.1746548975355610872e-05
1 1.2298598421863587047e-10 9.1746472003688086432e-05
1.0100000000000000089 3.1861329592779725418e-10 7.5790348711031002528e-05
1.0200000000000000178 8.0005123469580356849e-10 6.9806388941619514055e-05
1.0300000000000000266 1.9472303712792496029e-09 9.1744647759301026268e-05
1.0400000000000000355 4.5936986311610256059e-09 6.5813617015865512609e-05
1.0500000000000000444 1.0503965716414176626e-08 7.9769141636968051768e-05
1.0600000000000000533 2.3280361595458580049e-08 8.3745350795404164168e-05
1.0700000000000000622 5.00117184895851304e-08 9.1696583271182719962e-05
1.0800000000000000711 1.0413565777518210702e-07 8.7653481053539582051e-05
1.0900000000000000799 2.1017099565639409211e-07 7.5580496328670536909e-05
1.1000000000000000888 4.111418910037059725e-07 6.3412576046335396795e-05
1.1100000000000000977 7.7957213405861727122e-07 8.099456624578342057e-05
1.1200000000000001066 1.432737126469798414e-06 0.00010028631447303280064
1.1300000000000001155 2.5522449510519714031e-06 0.00010315579220276573254
1.1400000000000001243 4.4068048847892757054e-06 9.7312246714713335205e-05
1.1500000000000001332 7.3751510810009580197e-06 0.00010631084990548944147
1.1599999999999999201 1.1963648669633090581e-05 9.7733366762542097294e-05
1.1699999999999999289 1.8810572378898246585e-05 0.00011083136354889516751
1.1799999999999999378 2.8667247829406521087e-05 0.0001209195867661321818
1.1899999999999999467 4.2346314781054084661e-05 9.7268063204654310518e-05
1.1999999999999999556 6.0630461289031326293e-05 0.00013682417085445866306
1.2099999999999999645 8.4141791345129242742e-05 0.00011929631185387585711
1.2199999999999999734 0.00011318223492571080364 0.00013214018021381527092
1.2299999999999999822 0.00014756739384517259884 0.00021941898611351661396
1.2399999999999999911 0.00018648683560945045179 0.00017651057334683883959
1.25 0.00022842918087008636874 0.00028016607712742644864
1.2600000000000000089 0.0002712068256181048259 0.00034509094048251043709
1.2700000000000000178 0.00031210108529759674357 0.00038198184818046064092
1.2800000000000000266 0.00034812528867102064548 0.00049354997934946027993
1.2900000000000000355 0.00037637563111632985156 0.00049721152133867221792
1.3000000000000000444 0.0003944146621474525858 0.00055895214318619156589
1.3100000000000000533 0.0004006177947997460677 0.00058665538046961929718
1.3200000000000000622 0.00039441466214745215212 0.0005350182589641315576
1.3300000000000000711 0.00037637563111633174891 0.00058297463072091233911
1.3400000000000000799 0.00034812528867103891429 0.00052346737828276319448
1.3500000000000000888 0.00031210108529770006804 0.00047771744327625999781
1.3600000000000000977 0.0002712068256186142925 0.00037700282491652216876
1.3700000000000001066 0.00022842918087243605169 0.00028614953362867664782
1.3800000000000001155 0.00018648683561974335222 0.00022238385627946686239
1.3900000000000001243 0.00014756739388815549581 0.00016955670302138241561
1.4000000000000001332 0.00011318223509696640503 0.0001062117957673840927
1.4099999999999999201 8.4141791996296120865e-05 9.1373441426333387228e-05
1.4199999999999999289 6.0630463652166370658e-05 5.5050030111481629985e-05
1.4299999999999999378 4.2346322967158548224e-05 7.9317641852004542582e-05
1.4399999999999999467 2.866727490028619799e-05 6.5073812866543680102e-05
1.4499999999999999556 1.8810657848487846657e-05 6.695246608566934605e-05
1.4599999999999999645 1.1963906336020249205e-05 5.9837775433991530053e-05
1.4699999999999999734 7.3758929021648493991e-06 6.4425788867846934941e-05
1.4799999999999999822 4.4088447470850199186e-06 8.1354279187072177024e-05
1.4899999999999999911 2.5576033487114006857e-06 8.1211027808288216282e-05
1.5 1.4461858865982280969e-06 6.6366517605056019372e-05
1.5100000000000000089 8.1182982476536338811e-07 6.8995359168088837907e-05
1.5200000000000000178 4.851006721895313762e-07 5.3366160655319306032e-05
1.5300000000000000266 3.7230210749558556903e-07 6.7440401384158662535e-05
1.5400000000000000355 4.4406827742704794125e-07 9.1302526712245258276e-05
1.5500000000000000444 7.3190490805539780634e-07 6.1097320252126129645e-05
1.5600000000000000533 1.332475438582095652e-06 0.00010038657616092051166
1.5700000000000000622 2.417348302657387576e-06 6.9384333467354395494e-05
1.5800000000000000711 4.2436190904496482002e-06 5.9580098846889449908e-05
1.5900000000000000799 7.1585910171121034111e-06 8.0599025694202670964e-05
1.6000000000000000888 1.1590355706025761733e-05 6.0211326063986022608e-05
1.6100000000000000977 1.8016828689356866218e-05 5.577934585781249132e-05
1.6200000000000001066 2.6909554157557819763e-05 4.2897634835296384603e-05
1.6300000000000001155 3.8655494633199987656e-05 4.7107629300957205051e-05
1.6400000000000001243 5.3468672022030190518e-05 1.0355045915308906744e-05
1.6500000000000001332 7.1311063431245616528e-05 1.2457567725754001287e-05
1.6600000000000001421 9.1845120022556291507e-05 -8.076488865556673692e-06
1.6699999999999999289 0.00011443616736173854937 -1.4711608539393560783e-05
1.6799999999999999378 0.00013821173565797589735 -1.2558785284497690641e-05
1.6899999999999999467 0.00016216959917185434239 -7.640647523769714968e-05
1.6999999999999999556 0.00018531218942392460201 -6.9631695660276601368e-05
1.7099999999999999645 0.00020677733463542595266 -7.5140913206432662563e-05
1.7199999999999999734 0.0002259368859095387482 -3.6460224874679058411e-05
1.7299999999999999822 0.00024244496226115950545 -7.291321444596030911e-05
1.7399999999999999911 0.00025623225359392928519 -3.4843722676463598394e-05
1.75 0.00026745667252219148223 -5.8035098267671271889e-05
1.7600000000000000089 0.00027642925490913190789 -2.3128868660975533764e-05
1.7700000000000000178 0.00028353580994518342 -5.0180336916687512221e-05
1.7800000000000000266 0.00028917048031103611324 -5.1826021728225001462e-05
1.7900000000000000355 0.00029368995108208252858 -7.0306934663416935285e-05
1.8000000000000000444 0.0002973896564222533131 -7.999011105910280319e-05
1.8100000000000000533 0.00030049812064601038892 -9.7060017447005289071e-05
1.8200000000000000622 0.00030318324709829500528 -0.000107723115007920205
1.8300000000000000711 0.00030556446628539758563 -9.0159420975362291901e-05
1.8400000000000000799 0.00030772613793207925217 -9.830456367755904183e-05
1.8500000000000000888 0.00030972945284173884067 -0.00017210956035723033166
1.8600000000000000977 0.00031162163579509950112 -0.00012214497476023981133
1.8700000000000001066 0.0003134422592748889241 -9.6042713911738414193e-05
1.8800000000000001155 0.00031522698569214692996 -0.00010381091138451153054
1.8900000000000001243 0.00031700924011799101526 -0.00012952706458433120486
1.9000000000000001332 0.00031882035252781481486 -0.00012336022043744001458
1.9100000000000001421 0.00032068870680621665336 -9.9300175888750966558e-05
1.9199999999999999289 0.00032263842535531329176 -0.00012119480765750809841
1.9299999999999999378 0.00032468808531788080412 -9.3327097790584911258e-05
1.9399999999999999467 0.00032684987555136425308 -0.00010546134463389856628
1.9499999999999999556 0.00032912945205022250354 -0.00013566380546104760975
1.9599999999999999645 0.00033152655498894879676 -0.00014404437945528898637
1.9699999999999999734 0.00033403625929980706099 -0.0001585210258771775529
1.9799999999999999822 0.00033665059339260666868 -0.00013919596124911667932
1.9899999999999999911 0.00033936021007802732443 -0.00013392762137782223677
2 0.00034215583217617065795 -0.00016863509880665636604
2.0100000000000002309 0.00034502929616493340425 -0.00016951406274230389616
2.0200000000000000178 0.00034797413907342901462 -0.00010464620943510281946
2.0300000000000002487 0.00035098577775417166835 -0.00015153666010948166408
2.0400000000000000355 0.00035406139225832090108 -0.00014065083244948551385
2.0499999999999998224 0.00035719964219450844748 -0.00014378908238567306025
2.0600000000000000533 0.00036040032744161188891 -0.00018887407957329747639
2.0699999999999998401 0.000363664069550289769 -0.00015823148085008468134
2.0800000000000000711 0.000366992053279041944 -0.00019945479096504273547
2.0899999999999998579 0.00037038583878842449909 -0.00017692019219924960531
2.1000000000000000888 0.0003738472374338814349 -0.00016642014868056113105
2.1099999999999998757 0.00037737823661860583034 -0.00016795666236408562
2.1200000000000001066 0.00038098095848235278681 -0.00019150429744749309703
2.1299999999999998934 0.00038465763991579006225 -0.0001872030077723000729
2.1400000000000001243 0.00038841062504139716935 -0.00017300557973136187562
2.1499999999999999112 0.00039224236455302644109 -0.0002027657035181667513
2.1600000000000001421 0.00039615541868369326959 -0.00021266222870434866319
2.1699999999999999289 0.00040015246209376990547 -0.00022663172872425561355
2.1800000000000001599 0.00040423628985081228038 -0.0002087761577604374801
2.1899999999999999467 0.00040840982413739438175 -0.00019699374982975898234
2.2000000000000001776 0.00041267612155169503723 -0.00019128759063422935043
2.2099999999999999645 0.00041703838097105250292 -0.00022157824888067770264
2.2200000000000001954 0.00042149995199570469088 -0.00023401777646204488048
2.2299999999999999822 0.00042606434401130314615 -0.0002246207263134979528
2.2400000000000002132 0.00043073523591993610879 -0.00020934670500247042199
2.25 0.00043551648659693879048 -0.00021213347017827319718
2.2600000000000002309 0.00044041214613744925294 -0.00023497955743724416528
2.2700000000000000178 0.00044542646796352075838 -0.00025395530687554585241
2.2800000000000002487 0.00045056392187009069701 -0.00025111480422540066564
2.2900000000000000355 0.00045582920809642929168 -0.00025438559039862407123
2.3000000000000002665 0.00046122727251900663605 -0.00024781671271017124882
2.3100000000000000533 0.00046676332307218080034 -0.00026133073437197571268
2.3199999999999998401 0.00047244284751489176331 -0.00029293864308986225248
2.3300000000000000711 0.00047827163267479872897 -0.00028480598608562380809
2.3399999999999998579 0.00048425578531628824018 -0.00033865792172314943161
2.3500000000000000888 0.00049040175479571367946 -0.000292947122652223663
2.3599999999999998757 0.00049671635768641154204 -0.00030524519659843663607
2.3700000000000001066 0.00050320680457783325146 -0.00031771911454537345599
2.3799999999999998934 0.00050988072927787657634 -0.00032439303924541678086
2.3900000000000001243 0.00051674622067575675007 -0.00030732464642123651262
2.3999999999999999112 0.00052381185755494275025 -0.00035228560968662836483
2.4100000000000001421 0.0005310867466825900567 -0.00034559905665013026122
2.4199999999999999289 0.00053858056454415262002 -0.00030323060601445675152
2.4300000000000001599 0.00054630360314047836118 -0.00035283795655130349451
2.4399999999999999467 0.00055426682032063041578 -0.00038872404350783114086
2.4500000000000001776 0.00056248189518836276546 -0.00039095564732004838004
2.4599999999999999645 0.00057096128919498397025 -0.00034159480172080315804
2.4700000000000001954 0.00057971831361821289652 -0.00037029673936369265907
2.4799999999999999822 0.0005887672042277377173 -0.00037136765886458718029
2.4900000000000002132 0.00059812320405618470218 -0.00037274570213631909397
2.5 0.00060780265533231874441 -0.00043428192196280445249
2.5100000000000002309 0.00061782310179551178184 -0.00041837398415082180467
2.5200000000000000178 0.00062820340280152903167 -0.00042675978510372386543
2.5300000000000002487 0.00063896386085550752575 -0.0004375202431577023595
2.5400000000000000355 0.00065012636447574169082 -0.00043671580466690630359
2.5500000000000002665 0.00066171454861067315317 -0.00041439764796994706369
2.5600000000000000533 0.00067375397521229278119 -0.00046632688645897250445
2.5699999999999998401 0.00068627233702608534879 -0.00049879016149242559261
2.5800000000000000711 0.00069929968820803311072 -0.00043403235984884651561
2.5899999999999998579 0.00071286870604526171753 -0.00048948568962659607003
2.6000000000000000888 0.00072701498886664709786 -0.00045177520389763018826
2.6099999999999998757 0.00074177739621899413391 -0.00051241090874481337591
2.6200000000000001066 0.00075719843859947601628 -0.0004859476246328590281
2.6299999999999998934 0.00077332472553562976898 -0.00051404085368004300179
2.6400000000000001243 0.00079020748266854328162 -0.00055086853858453226334
2.6499999999999999112 0.0008079031508257270228 -0.00052069642374568000064
2.6600000000000001421 0.00082647408300415953729 -0.00057317369675600310895
2.6699999999999999289 0.0008459893589041281043 -0.00056077711732528093443
2.6800000000000001599 0.00086652574140884907044 -0.00054940164449931115902
2.6899999999999999467 0.00088816880553308744269 -0.00059697307834680993395
2.7000000000000001776 0.0009110142783376823589 -0.00059588466692934429977
2.7099999999999999645 0.00093516963878978844396 -0.00062203451288265045396
2.7200000000000001954 0.00096075604049213937392 -0.00063764845797517101522
2.7299999999999999822 0.00098791063900149781243 -0.00067278102759315986173
2.7400000000000002132 0.001016789431207982446 -0.00064780856574809327249
2.75 0.0010475707502555760362 -0.00067061191368705656314
2.7600000000000002309 0.0010804596112495533367 -0.00067158891935034312204
2.7700000000000000178 0.0011156931803691456841 -0.00073673985829942625035
2.7800000000000002487 0.0011535477620498275301 -0.00070079824360506589621
2.7900000000000000355 0.0011943479049331059971 -0.0007974441551449260035
2.8000000000000002665 0.0012384786011125966526 -0.00077575662605800475846
2.8100000000000000533 0.0012864022731597780751 -0.00069603287678242321476
2.8199999999999998401 0.0013386836760429096042 -0.00068648505450537322149
2.8300000000000000711 0.0013960286932253522345 -0.00064410550558951324904
2.8399999999999998579 0.0014593485182121980481 -0.00054587153931787493755
2.8500000000000000888 0.0015298707797961454222 -0.00055456457574164078929
2.8599999999999998757 0.0016093360878327437388 -0.00037275158462911372505
2.8700000000000001066 0.0017003437473573402867 -0.00041589135929426734525
2.8799999999999998934 0.0018069418419873069757 -0.00023328829955064807333
2.8900000000000001243 0.0019355837461626889794 -4.9161930656788869337e-06
2.8999999999999999112 0.0020965700963516335602 0.00030878628659950640989
2.9100000000000001421 0.0023060196233404802249 0.00057003673487771282929
2.9199999999999999289 0.0025882114364503068689 0.0012691345823259911341
2.9300000000000001599 0.0029777793014626571973 0.0020044597996194302332
2.9399999999999999467 0.0035207431012073122853 0.0033602517849525845653
2.9500000000000001776 0.0042728799157109968732 0.0053246115572485215595
2.9599999999999999645 0.0052937536978484673808 0.0075886652326820824496
2.9700000000000001954 0.0066352061692445101632 0.011113771819713848601
2.9799999999999999822 0.0083245375449188842298 0.015011010572837955868
2.9900000000000002132 0.010344904158505216149 0.019596397634354813244
3 0.012618013589236146826 0.025031997890618429975
3.0100000000000002309 0.014995873669207116646 0.030207275649487951713
3.0200000000000000178 0.017267893431683591088 0.036074773045281359474
3.0300000000000002487 0.019186339581791427705 0.039752871488746135964
3.0400000000000000355 0.020507513362605655355 0.043645293634693535512
3.0500000000000002665 0.021039873793861268991 0.044951855704048276907
3.0600000000000000533 0.020686290378861257877 0.045189761404700448666
3.0700000000000002842 0.019467807027094080619 0.042824142960317418405
3.0800000000000000711 0.017521230702205153884 0.038896942312912498319
3.0899999999999998579 0.015070887970437570405 0.033219733518848854059
3.1000000000000000888 0.012382893817373554976 0.028591935528567979929
3.1099999999999998757 0.0097150997406892994346 0.022793113332325913578
3.1200000000000001066 0.0072758551048375781981 0.017435891617622212291
3.1299999999999998934 0.0052003195127563323075 0.012498795465557117207
3.1400000000000001243 0.0035465301112625638273 0.008919040010740996241
3.1499999999999999112 0.0023074870293037829175 0.0059157998005850377307
3.1600000000000001421 0.0014321335309199765325 0.0040926070234723610497
3.1699999999999999289 0.00084779838429484505411 0.0025308697172096001303
3.1800000000000001599 0.0004786633856224516083 0.0015277947329354784386
3.1899999999999999467 0.00025773066172396535056 0.00089109624659622355125
3.2000000000000001776 0.00013233500074734958277 0.00045603991012880531683
3.2099999999999999645 6.4793954802678369368e-05 0.00024834117110445960708
3.2200000000000001954 3.0250107102754548804e-05 0.00011534775649038425639
3.2299999999999999822 1.3465923385306164e-05 8.8253128214196445217e-05
3.2400000000000002132 5.715423762907285746e-06 3.2179909899256185551e-05
3.25 2.3128734884468122991e-06 1.5637546954056135904e-05
3.2600000000000002309 8.9235166305683010463e-07 9.0801040372787287169e-06
3.2700000000000000178 3.2824018927181094423e-07 1.6662509962700359511e-06
3.2800000000000002487 1.1510944107901877744e-07 9.8573462592565398455e-06
3.2900000000000000355 3.8484552789253765686e-08 -3.8484552789253765686e-08
3.3000000000000002665 1.226625174707980971e-08 5.9712075322521357735e-06
3.3100000000000000533 3.7271900255331317981e-09 -3.7271900255331317981e-09
3.3200000000000002842 1.0796682208485245466e-09 -1.0796682208485245466e-09
3.3300000000000000711 2.9814918392317331933e-10 -2.9814918392317331933e-10
3.3399999999999998579 7.8488730232157966893e-11 -7.8488730232157966893e-11
3.3500000000000000888 1.969734056670040667e-11 -1.969734056670040667e-11
3.3599999999999998757 4.7122799421440114312e-12 1.9944864732619047894e-06
3.3700000000000001066 1.0746688481855410032e-12 1.994490110872998785e-06
3.3799999999999998934 2.3363369996199437328e-13 1.9944909519081468209e-06
3.3900000000000001243 4.8418459100713799258e-14 -4.8418459100713799258e-14
3.3999999999999999112 9.5653024626063118211e-15 -9.5653024626063118211e-15
3.4100000000000001421 1.801343446038972382e-15 1.9944911837405033251e-06
3.4199999999999999289 3.2337198504168163956e-16 -3.2337198504168163956e-16
3.4300000000000001599 5.5336851799063044015e-17 -5.5336851799063044015e-17
3.4399999999999999467 9.0267406101004176688e-18 -9.0267406101004176688e-18
3.4500000000000001776 1.4036225520208409238e-18 -1.4036225520208409238e-18
3.4599999999999999645 2.0805161211456199827e-19 -2.0805161211456199827e-19
3.4700000000000001954 2.9396242697748308034e-20 -2.9396242697748308034e-20
3.4799999999999999822 3.9592348760137162935e-21 -3.9592348760137162935e-21
3.4900000000000002132 5.0830948065437962754e-22 -5.0830948065437962754e-22
3.5 6.2207325761613333196e-23 -6.2207325761613333196e-23
3.5100000000000002309 7.2568839984999469555e-24 -7.2568839984999469555e-24
3.5200000000000000178 8.0696216376590198793e-25 1.9944911855418467894e-06
3.5300000000000002487 8.5536126960336928899e-26 -8.5536126960336928899e-26
3.5400000000000000355 8.6424831317722469971e-27 -8.6424831317722469971e-27
3.5500000000000002665 8.3237539108478066182e-28 -8.3237539108478066182e-28
3.5600000000000000533 7.6417158771548488644e-29 -7.6417158771548488644e-29
3.5700000000000002842 6.6873303600682515971e-30 -6.6873303600682515971e-30
3.5800000000000000711 5.5783302608777244619e-31 -5.5783302608777244619e-31
3.5899999999999998579 4.4355203154095930608e-32 -4.4355203154095930608e-32
3.6000000000000000888 3.361810396917960571e-33 -3.361810396917960571e-33
3.6099999999999998757 2.4287878010888794194e-34 -2.4287878010888794194e-34
3.6200000000000001066 1.6726038582389548641e-35 -1.6726038582389548641e-35
3.6299999999999998934 1.0979517591838915895e-36 1.9944911855418467894e-06
3.6400000000000001243 6.8700448473820152914e-38 1.9944911855418467894e-06
3.6499999999999999112 4.097524545622704487e-39 -4.097524545622704487e-39
3.6600000000000001421 2.3295325702391990826e-40 -2.3295325702391990826e-40
3.6699999999999999289 1.2624111327126358737e-41 -1.2624111327126358737e-41
3.6800000000000001599 6.5210457188660161265e-43 1.9944911855418467894e-06
3.6899999999999999467 3.2108327814662603963e-44 -3.2108327814662603963e-44
3.7000000000000001776 1.5069601809908356787e-45 -1.5069601809908356787e-45
3.7099999999999999645 6.7416959027615047447e-47 -6.7416959027615047447e-47
3.7200000000000001954 2.8748785207789124638e-48 -2.8748785207789124638e-48
3.7299999999999999822 1.1685639198375598274e-49 -1.1685639198375598274e-49
3.7400000000000002132 4.5275971337207759803e-51 3.9889823710836935788e-06
3.75 1.672111037230335762e-52 -1.672111037230335762e-52
3.7600000000000002309 5.8863245384510381394e-54 -5.8863245384510381394e-54
3.7700000000000000178 1.9751713355612632606e-55 -1.9751713355612632606e-55
3.7800000000000002487 6.317519173079011933e-57 -6.317519173079011933e-57
3.7900000000000000355 1.9260578949586984268e-58 1.9944911855418467894e-06
3.8000000000000002665 5.5972259874050619792e-60 1.9944911855418467894e-06
3.8100000000000000533 1.5504467427123935713e-61 -1.5504467427123935713e-61
3.8200000000000002842 4.0937484268677468615e-63 -4.0937484268677468615e-63
3.8300000000000000711 1.0303043240580917611e-64 -1.0303043240580917611e-64
3.8399999999999998579 2.4716658971416513656e-66 1.9944911855418467894e-06
3.8500000000000000888 5.6518897701946813143e-68 -5.6518897701946813143e-68
3.8599999999999998757 1.2319046281133739968e-69 -1.2319046281133739968e-69
3.8700000000000001066 2.5594095998905233822e-71 1.9944911855418467894e-06
3.8799999999999998934 5.0685254453790480334e-73 -5.0685254453790480334e-73
3.8900000000000001243 9.5675871617948819256e-75 -9.5675871617948819256e-75
3.8999999999999999112 1.7214801540401909503e-76 -1.7214801540401909503e-76
3.9100000000000001421 2.9524343713045589997e-78 -2.9524343713045589997e-78
3.9199999999999999289 4.8265518081213711939e-80 -4.8265518081213711939e-80
3.9300000000000001599 7.5209384165549532388e-82 -7.5209384165549532388e-82
3.9399999999999999467 1.1170826118225278477e-83 -1.1170826118225278477e-83
3.9500000000000001776 1.5815270078578734393e-85 -1.5815270078578734393e-85
3.9599999999999999645 2.134252816171768409e-87 -2.134252816171768409e-87
3.9700000000000001954 2.7453196250209557022e-89 -2.7453196250209557022e-89
3.9799999999999999822 3.3660273719750130269e-91 -3.3660273719750130269e-91
3.9900000000000002132 3.9338693201499035907e-93 -3.9338693201499035907e-93
4 4.3822752834736044917e-95 -4.3822752834736044917e-95
4.0099999999999997868 4.6532534709854212743e-97 -4.6532534709854212743e-97
4.0200000000000004619 4.7096754853732328194e-99 -4.7096754853732328194e-99
4.0300000000000002487 4.5436238497413611453e-101 -4.5436238497413611453e-101
4.0400000000000000355 4.1782148484065738429e-103 1.9944911855418467894e-06
4.0499999999999998224 3.6623182145880186926e-105 -3.6623182145880186926e-105
4.0600000000000004974 3.0598363561727230432e-107 -3.0598363561727230432e-107
4.0700000000000002842 2.4367840599802693229e-109 -2.4367840599802693229e-109
4.0800000000000000711 1.8497478015645187699e-111 -1.8497478015645187699e-111
4.0899999999999998579 1.3383957115475067872e-113 -1.3383957115475067872e-113
4.0999999999999996447 9.2306654089393575832e-116 -9.2306654089393575832e-116
4.1100000000000003197 6.0681716120767028621e-118 -6.0681716120767028621e-118
4.1200000000000001066 3.8024104215596867108e-120 -3.8024104215596867108e-120
4.1299999999999998934 2.2711004418916600025e-122 -2.2711004418916600025e-122
4.1399999999999996803 1.2929741089691494391e-124 -1.2929741089691494391e-124
4.1500000000000003553 7.0164813827398459467e-127 -7.0164813827398459467e-127
4.1600000000000001421 3.6293171048731814065e-129 -3.6293171048731814065e-129
4.1699999999999999289 1.7893956324269852728e-131 -1.7893956324269852728e-131
4.1799999999999997158 8.4093742541776568464e-134 1.9944911855418467894e-06
4.1900000000000003908 3.7670099955632149885e-136 -3.7670099955632149885e-136
4.2000000000000001776 1.6084426589573352632e-138 -1.6084426589573352632e-138
4.2099999999999999645 6.5462117381662598269e-141 -6.5462117381662598269e-141
4.2199999999999997513 2.5395110548184705432e-143 -2.5395110548184705432e-143
4.2300000000000004263 9.3904347718176130491e-146 -9.3904347718176130491e-146
4.2400000000000002132 3.3097620174254434979e-148 -3.3097620174254434979e-148
4.25 1.1119448628545973636e-150 1.9944911855418467894e-06
4.2599999999999997868 3.5607796534098804447e-153 -3.5607796534098804447e-153
4.2700000000000004619 1.0868816439947616009e-155 -1.0868816439947616009e-155
4.2800000000000002487 3.1622388004076833472e-158 -3.1622388004076833472e-158
4.2900000000000000355 8.7696502828001978832e-161 1.9944911855418467894e-06
4.2999999999999998224 2.3181687064021091951e-163 -2.3181687064021091951e-163
4.3100000000000004974 5.8409421628606987994e-166 -5.8409421628606987994e-166
4.3200000000000002842 1.4028002277855780893e-168 -1.4028002277855780893e-168
4.3300000000000000711 3.2113212821278647419e-171 -3.2113212821278647419e-171
4.3399999999999998579 7.007234461767618618e-174 -7.007234461767618618e-174
4.3500000000000005329 1.4574191043832890728e-176 -1.4574191043832890728e-176
4.3600000000000003197 2.8893299567626030465e-179 -2.8893299567626030465e-179
4.3700000000000001066 5.4598995566537724438e-182 -5.4598995566537724438e-182
4.3799999999999998934 9.8343793086667223228e-185 1.9944911855418467894e-06
4.3899999999999996803 1.688433671049679921e-187 -1.688433671049679921e-187
4.4000000000000003553 2.7630946484962046344e-190 1.9944911855418467894e-06
4.4100000000000001421 4.3100488046702857955e-193 -4.3100488046702857955e-193
4.4199999999999999289 6.4083060487623188001e-196 -6.4083060487623188001e-196
4.4299999999999997158 9.0819455670640811941e-199 -9.0819455670640811941e-199
4.4400000000000003908 1.2268433160101812902e-201 -1.2268433160101812902e-201
4.4500000000000001776 1.57969712782120741e-204 3.9889823710836935788e-06
4.4599999999999999645 1.9388001366164517411e-207 -1.9388001366164517411e-207
4.4699999999999997513 2.2681235414870513737e-210 -2.2681235414870513737e-210
4.4800000000000004263 2.5291511726757171703e-213 -2.5291511726757171703e-213
4.4900000000000002132 2.6881732580244602921e-216 -2.6881732580244602921e-216
4.5 2.7234165787207693831e-219 -2.7234165787207693831e-219
4.5099999999999997868 2.6299362346545166211e-222 -2.6299362346545166211e-222
4.5200000000000004619 2.4207539604907164786e-225 1.9944911855418467894e-06
4.5300000000000002487 2.1238818012769988175e-228 1.9944911855418467894e-06
4.5400000000000000355 1.7761689219032692685e-231 -1.7761689219032692685e-231
4.5499999999999998224 1.4158341769766362639e-234 -1.4158341769766362639e-234
4.5600000000000004974 1.0757582602187505475e-237 1.9944911855418467894e-06
4.5700000000000002842 7.7909628346730201182e-241 1.9944911855418467894e-06
4.5800000000000000711 5.3782587648408409369e-244 -5.3782587648408409369e-244
4.5899999999999998579 3.5388841506910766452e-247 -3.5388841506910766452e-247
4.6000000000000005329 2.2195506633221505718e-250 -2.2195506633221505718e-250
4.6100000000000003197 1.3268988526526106708e-253 -1.3268988526526106708e-253
4.6200000000000001066 7.5610931456558242758e-257 -7.5610931456558242758e-257
4.6299999999999998934 4.1068169590226459487e-260 -4.1068169590226459487e-260
4.6399999999999996803 2.1261802021782545171e-263 -2.1261802021782545171e-263
4.6500000000000003553 1.0492252507062726863e-266 -1.0492252507062726863e-266
4.6600000000000001421 4.9352745207058285673e-270 -4.9352745207058285673e-270
4.6699999999999999289 2.2127267718299955072e-273 -2.2127267718299955072e-273
4.6799999999999997158 9.4562324122059031856e-277 -9.4562324122059031856e-277
4.6900000000000003908 3.851965018038638295e-280 -3.851965018038638295e-280
4.7000000000000001776 1.4956168830720832036e-283 -1.4956168830720832036e-283
4.7099999999999999645 5.5351856292622302771e-287 -5.5351856292622302771e-287
4.7199999999999997513 1.9526203296314377513e-290 -1.9526203296314377513e-290
4.7300000000000004263 6.5656418420702273735e-294 -6.5656418420702273735e-294
4.7400000000000002132 2.1043128843934310121e-297 -2.1043128843934310121e-297
4.75 6.4286112699965673283e-301 -6.4286112699965673283e-301
4.7599999999999997868 1.8719649875828387893e-304 1.9944911855418467894e-06
4.7700000000000004619 5.195794478384315149e-308 -5.195794478384315149e-308
4.7800000000000002487 1.3746111862839164461e-311 -1.3746111862839164461e-311
4.7900000000000000355 3.4664220014128583404e-315 -3.4664220014128583404e-315
4.7999999999999998224 8.3321700842897023443e-319 -8.3321700842897023443e-319
4.8100000000000004974 1.9268560187808615223e-322 -1.9268560187808615223e-322
4.8200000000000002842 0 0
4.8300000000000000711 0 0
4.8399999999999998579 0 0
4.8500000000000005329 0 1.9944911855418467894e-06
4.8600000000000003197 0 0
4.8700000000000001066 0 0
4.8799999999999998934 0 0
4.8899999999999996803 0 0
4.9000000000000003553 0 0
4.9100000000000001421 0 0
4.9199999999999999289 0 0
4.9299999999999997158 0 0
4.9400000000000003908 0 0
4.9500000000000001776 0 0
4.9599999999999999645 0 0
4.9699999999999997513 0 0
4.9800000000000004263 0 1.9944911855418467894e-06
4.9900000000000002132 0 0
5 0 0
5.0099999999999997868 0 0
5.0200000000000004619 0 0
5.0300000000000002487 0 0
5.0400000000000000355 0 0
5.0499999999999998224 0 0
5.0600000000000004974 0 1.9944911855418467894e-06
5.0700000000000002842 0 1.9944911855418467894e-06
5.0800000000000000711 0 0
5.0899999999999998579 0 0
5.1000000000000005329 0 0
5.1100000000000003197 0 0
5.1200000000000001066 0 0
5.1299999999999998934 0 0
5.1399999999999996803 0 0
5.1500000000000003553 0 1.9944911855418467894e-06
5.1600000000000001421 0 0
5.1699999999999999289 0 0
5.1799999999999997158 0 0
5.1900000000000003908 0 1.9944911855418467894e-06
5.2000000000000001776 0 0
5.2099999999999999645 0 1.9944911855418467894e-06
5.2199999999999997513 0 0
5.2300000000000004263 0 0
5.2400000000000002132 0 0
5.25 0 0
5.2599999999999997868 0 1.9944911855418467894e-06
5.2700000000000004619 0 0
5.2800000000000002487 0 0
5.2900000000000000355 0 0
5.2999999999999998224 0 0
5.3100000000000004974 0 0
5.3200000000000002842 0 1.9944911855418467894e-06
5.3300000000000000711 0 1.9944911855418467894e-06
5.3399999999999998579 0 0
5.3500000000000005329 0 0
5.3600000000000003197 0 0
5.3700000000000001066 0 0
5.3799999999999998934 0 0
5.3899999999999996803 0 0
5.4000000000000003553 0 0
5.4100000000000001421 0 1.9944911855418467894e-06
5.4199999999999999289 0 0
5.4299999999999997158 0 0
5.4400000000000003908 0 1.9944911855418467894e-06
5.4500000000000001776 0 0
5.4599999999999999645 0 0
5.4699999999999997513 0 0
5.4800000000000004263 0 0
5.4900000000000002132 0 0
5.5 0 0
5.5099999999999997868 0 0
5.5200000000000004619 0 0
5.5300000000000002487 0 0
5.5400000000000000355 0 1.9944911855418467894e-06
5.5499999999999998224 0 0
5.5600000000000004974 0 1.9944911855418467894e-06
5.5700000000000002842 0 1.9944911855418467894e-06
5.5800000000000000711 0 1.9944911855418467894e-06
5.5899999999999998579 0 0
5.6000000000000005329 0 0
5.6100000000000003197 0 0
5.6200000000000001066 0 1.9944911855418467894e-06
5.6299999999999998934 0 0
5.6399999999999996803 0 0
5.6500000000000003553 0 0
5.6600000000000001421 0 0
5.6699999999999999289 0 1.9944911855418467894e-06
5.6799999999999997158 0 0
5.6900000000000003908 0 0
5.7000000000000001776 0 1.9944911855418467894e-06
5.7099999999999999645 0 0
5.7199999999999997513 0 1.9944911855418467894e-06
5.7300000000000004263 0 0
5.7400000000000002132 0 1.9944911855418467894e-06
5.75 0 0
5.7599999999999997868 0 1.9944911855418467894e-06
5.7700000000000004619 0 0
5.7800000000000002487 0 0
5.7900000000000000355 0 0
5.7999999999999998224 0 0
5.8100000000000004974 0 0
5.8200000000000002842 0 1.9944911855418467894e-06
5.8300000000000000711 0 0
5.8399999999999998579 0 0
5.8500000000000005329 0 0
5.8600000000000003197 0 1.9944911855418467894e-06
5.8700000000000001066 0 0
5.8799999999999998934 0 1.9944911855418467894e-06
5.8899999999999996803 0 0
5.9000000000000003553 0 1.9944911855418467894e-06
5.9100000000000001421 0 0
5.9199999999999999289 0 1.9944911855418467894e-06
5.9299999999999997158 0 1.9944911855418467894e-06
5.9400000000000003908 0 5.9834737839992158115e-06
5.9500000000000001776 0 1.9944911855418467894e-06
5.9599999999999999645 0 1.1966947567998429929e-05
5.9699999999999997513 0 5.9834737839992158115e-06
5.9800000000000004263 0 5.9834737839992158115e-06
5.9900000000000002132 0 5.9834737839992158115e-06
6 0 1.9944911855418467894e-06
6.0099999999999997868 0 7.9779647421673871577e-06
6.0200000000000004619 0 1.9944911855418467894e-06
6.0300000000000002487 0 1.1966947567998429929e-05
6.0400000000000000355 0 1.3961438526166599581e-05
6.0499999999999998224 0 1.795042044250294905e-05
6.0600000000000004974 0 3.1911858968669548631e-05
6.0700000000000002842 0 2.9917368010501380673e-05
6.0800000000000000711 0 2.3933895135996859858e-05
6.0899999999999998579 0 2.5928386094165031204e-05
6.1000000000000005329 0 4.1884315578499808908e-05
6.1100000000000003197 0 3.3906351745827116746e-05
6.1200000000000001066 0 1.795042044250294905e-05
6.1299999999999998934 0 2.5928386094165031204e-05
6.1400000000000005684 0 1.9944911400671120396e-05
6.1500000000000003553 0 2.5928386094165031204e-05
6.1600000000000001421 0 3.3906351745827116746e-05
6.1699999999999999289 0 2.1939404177828688512e-05
6.1799999999999997158 0 1.9944911400671120396e-05
6.1900000000000003908 0 1.1966947567998429929e-05
6.2000000000000001776 0 7.9779647421673871577e-06
6.2099999999999999645 0 9.9724557003355585039e-06
6.2199999999999997513 0 9.9724557003355585039e-06
6.2300000000000004263 0 7.9779647421673871577e-06
6.2400000000000002132 0 5.9834737839992158115e-06
6.25 0 3.9889823710836935788e-06
6.2599999999999997868 0 1.9944911855418467894e-06
6.2700000000000004619 0 0
6.2800000000000002487 0 0
6.2900000000000000355 0 0
6.2999999999999998224 0 0
6.3100000000000004974 0 0
6.3200000000000002842 0 0
6.3300000000000000711 0 0
6.3399999999999998579 0 0
6.3500000000000005329 0 0
6.3600000000000003197 0 0
6.3700000000000001066 0 0
6.3799999999999998934 0 0
6.3900000000000005684 0 0
6.4000000000000003553 0 0
6.4100000000000001421 0 0
6.4199999999999999289 0 0
6.4299999999999997158 0 0
6.4400000000000003908 0 0
6.4500000000000001776 0 0
6.4599999999999999645 0 0
6.4699999999999997513 0 0
6.4800000000000004263 0 0
6.4900000000000002132 0 0
6.5 0 0
6.5099999999999997868 0 0
6.5200000000000004619 0 0
6.5300000000000002487 0 0
6.5400000000000000355 0 0
6.5499999999999998224 0 0
6.5600000000000004974 0 0
6.5700000000000002842 0 0
6.5800000000000000711 0 0
6.5899999999999998579 0 0
6.6000000000000005329 0 0
6.6100000000000003197 0 0
6.6200000000000001066 0 0
6.6299999999999998934 0 0
6.6400000000000005684 0 0
6.6500000000000003553 0 0
6.6600000000000001421 0 0
6.6699999999999999289 0 0
6.6799999999999997158 0 0
6.6900000000000003908 0 0
6.7000000000000001776 0 0
6.7099999999999999645 0 0
6.7199999999999997513 0 0
6.7300000000000004263 0 0
6.7400000000000002132 0 0
6.75 0 0
6.7599999999999997868 0 0
6.7700000000000004619 0 0
6.7800000000000002487 0 0
6.7900000000000000355 0 0
6.7999999999999998224 0 0
6.8100000000000004974 0 0
6.8200000000000002842 0 0
6.8300000000000000711 0 0
6.8399999999999998579 0 0
6.8500000000000005329 0 0
6.8600000000000003197 0 0
6.8700000000000001066 0 0
6.8799999999999998934 0 0
6.8900000000000005684 0 0
6.9000000000000003553 0 0
6.9100000000000001421 0 0
6.9199999999999999289 0 0
6.9299999999999997158 0 0
6.9400000000000003908 0 0
6.9500000000000001776 0 0
6.9599999999999999645 0 0
6.9699999999999997513 0 0
6.9800000000000004263 0 0
6.9900000000000002132 0 0
7 0 0
7.0099999999999997868 0 0
7.0200000000000004619 0 0
7.0300000000000002487 0 0
7.0400000000000000355 0 0
7.0499999999999998224 0 0
7.0600000000000004974 0 0
7.0700000000000002842 0 0
7.0800000000000000711 0 0
7.0899999999999998579 0 0
7.1000000000000005329 0 0
7.1100000000000003197 0 0
7.1200000000000001066 0 0
7.1299999999999998934 0 0
7.1400000000000005684 0 0
7.1500000000000003553 0 0
7.1600000000000001421 0 0
7.1699999999999999289 0 0
7.1799999999999997158 0 0
7.1900000000000003908 0 0
7.2000000000000001776 0 0
7.2099999999999999645 0 0
7.2199999999999997513 0 0
7.2300000000000004263 0 0
7.2400000000000002132 0 0
7.25 0 0
7.2599999999999997868 0 0
7.2700000000000004619 0 0
7.2800000000000002487 0 0
7.2900000000000000355 0 0
7.2999999999999998224 0 0
7.3100000000000004974 0 0
7.3200000000000002842 0 0
7.3300000000000000711 0 0
7.3399999999999998579 0 0
7.3500000000000005329 0 0
7.3600000000000003197 0 0
7.3700000000000001066 0 0
7.3799999999999998934 0 0
7.3900000000000005684 0 0
7.4000000000000003553 0 0
7.4100000000000001421 0 0
7.4199999999999999289 0 0
7.4299999999999997158 0 0
7.4400000000000003908 0 0
7.4500000000000001776 0 0
7.4599999999999999645 0 0
7.4699999999999997513 0 0
7.4800000000000004263 0 0
7.4900000000000002132 0 0
7.5 0 0
7.5099999999999997868 0 0
7.5200000000000004619 0 0
7.5300000000000002487 0 0
7.5400000000000000355 0 0
7.5499999999999998224 0 0
7.5600000000000004974 0 0
7.5700000000000002842 0 0
7.5800000000000000711 0 0
7.5899999999999998579 0 0
7.6000000000000005329 0 0
7.6100000000000003197 0 0
7.6200000000000001066 0 0
7.6299999999999998934 0 0
7.6400000000000005684 0 0
7.6500000000000003553 0 0
7.6600000000000001421 0 0
7.6699999999999999289 0 0
7.6799999999999997158 0 0
7.6900000000000003908 0 0
7.7000000000000001776 0 0
7.7099999999999999645 0 0
7.7199999999999997513 0 0
7.7300000000000004263 0 0
7.7400000000000002132 0 0
7.75 0 0
7.7599999999999997868 0 0
7.7700000000000004619 0 0
7.7800000000000002487 0 0
7.7900000000000000355 0 0
7.7999999999999998224 0 0
7.8100000000000004974 0 0
7.8200000000000002842 0 0
7.8300000000000000711 0 0
7.8399999999999998579 0 0
7.8500000000000005329 0 0
7.8600000000000003197 0 0
7.8700000000000001066 0 0
7.8799999999999998934 0 0
7.8900000000000005684 0 0
7.9000000000000003553 0 0
7.9100000000000001421 0 0
7.9199999999999999289 0 0
7.930000000000000604 0 0
7.9400000000000003908 0 0
7.9500000000000001776 0 0
7.9599999999999999645 0 0
7.9699999999999997513 0 0
7.9800000000000004263 0 0
7.9900000000000002132 0 0
8 0 0
8.0099999999999997868 0 0
8.0199999999999995737 0 0
8.0299999999999993605 0 0
8.0400000000000009237 0 0
8.0500000000000007105 0 0
8.0600000000000004974 0 0
8.0700000000000002842 0 0
8.0800000000000000711 0 0
8.0899999999999998579 0 0
8.0999999999999996447 0 0
8.1099999999999994316 0 0
8.1200000000000009948 0 0
8.1300000000000007816 0 0
8.1400000000000005684 0 0
8.1500000000000003553 0 0
8.1600000000000001421 0 0
8.1699999999999999289 0 0
8.1799999999999997158 0 0
8.1899999999999995026 0 0
8.1999999999999992895 0 0
8.2100000000000008527 0 0
8.2200000000000006395 0 0
8.2300000000000004263 0 0
8.2400000000000002132 0 0
8.25 0 0
8.2599999999999997868 0 0
8.2699999999999995737 0 0
8.2799999999999993605 0 0
8.2900000000000009237 0 0
8.3000000000000007105 0 0
8.3100000000000004974 0 0
8.3200000000000002842 0 0
8.3300000000000000711 0 0
8.3399999999999998579 0 0
8.3499999999999996447 0 0
8.3599999999999994316 0 0
8.3700000000000009948 0 0
8.3800000000000007816 0 0
8.3900000000000005684 0 0
8.4000000000000003553 0 0
8.4100000000000001421 0 0
8.4199999999999999289 0 0
8.4299999999999997158 0 0
8.4399999999999995026 0 0
8.4499999999999992895 0 0
8.4600000000000008527 0 0
8.4700000000000006395 0 0
8.4800000000000004263 0 0
8.4900000000000002132 0 0
8.5 0 0
8.5099999999999997868 0 0
8.5199999999999995737 0 0
8.5299999999999993605 0 0
8.5400000000000009237 0 0
8.5500000000000007105 0 0
8.5600000000000004974 0 0
8.5700000000000002842 0 0
8.5800000000000000711 0 0
8.5899999999999998579 0 0
8.5999999999999996447 0 0
8.6099999999999994316 0 0
8.6200000000000009948 0 0
8.6300000000000007816 0 0
8.6400000000000005684 0 0
8.6500000000000003553 0 0
8.6600000000000001421 0 0
8.6699999999999999289 0 0
8.6799999999999997158 0 0
8.6899999999999995026 0 0
8.7000000000000010658 0 0
8.7100000000000008527 0 0
8.7200000000000006395 0 0
8.7300000000000004263 0 0
8.7400000000000002132 0 0
8.75 0 0
8.7599999999999997868 0 0
8.7699999999999995737 0 0
8.7799999999999993605 0 0
8.7900000000000009237 0 0
8.8000000000000007105 0 0
8.8100000000000004974 0 0
8.8200000000000002842 0 0
8.8300000000000000711 0 0
8.8399999999999998579 0 0
8.8499999999999996447 0 0
8.8599999999999994316 0 0
8.8700000000000009948 0 0
8.8800000000000007816 0 0
8.8900000000000005684 0 0
8.9000000000000003553 0 0
8.9100000000000001421 0 0
8.9199999999999999289 0 0
8.9299999999999997158 0 0
8.9399999999999995026 0 0
8.9500000000000010658 0 0
8.9600000000000008527 0 0
8.9700000000000006395 0 0
8.9800000000000004263 0 0
8.9900000000000002132 0 0
9 0 0
9.0099999999999997868 0 0
9.0199999999999995737 0 0
9.0299999999999993605 0 0
9.0400000000000009237 0 0
9.0500000000000007105 0 0
9.0600000000000004974 0 0
9.0700000000000002842 0 0
9.0800000000000000711 0 0
9.0899999999999998579 0 0
9.0999999999999996447 0 0
9.1099999999999994316 0 0
9.1200000000000009948 0 0
9.1300000000000007816 0 0
9.1400000000000005684 0 0
9.1500000000000003553 0 0
9.1600000000000001421 0 0
9.1699999999999999289 0 0
9.1799999999999997158 0 0
9.1899999999999995026 0 0
9.2000000000000010658 0 0
9.2100000000000008527 0 0
9.2200000000000006395 0 0
9.2300000000000004263 0 0
9.2400000000000002132 0 0
9.25 0 0
9.2599999999999997868 0 0
9.2699999999999995737 0 0
9.2799999999999993605 0 0
9.2900000000000009237 0 0
9.3000000000000007105 0 0
9.3100000000000004974 0 0
9.3200000000000002842 0 0
9.3300000000000000711 0 0
9.3399999999999998579 0 0
9.3499999999999996447 0 0
9.3599999999999994316 0 0
9.3700000000000009948 0 0
9.3800000000000007816 0 0
9.3900000000000005684 0 0
9.4000000000000003553 0 0
9.4100000000000001421 0 0
9.4199999999999999289 0 0
9.4299999999999997158 0 0
9.4399999999999995026 0 0
9.4500000000000010658 0 0
9.4600000000000008527 0 0
9.4700000000000006395 0 0
9.4800000000000004263 0 0
9.4900000000000002132 0 0
9.5 0 0
9.5099999999999997868 0 0
9.5199999999999995737 0 0
9.5299999999999993605 0 0
9.5400000000000009237 0 0
9.5500000000000007105 0 0
9.5600000000000004974 0 0
9.5700000000000002842 0 0
9.5800000000000000711 0 0
9.5899999999999998579 0 0
9.5999999999999996447 0 0
9.6099999999999994316 0 0
9.6200000000000009948 0 0
9.6300000000000007816 0 0
9.6400000000000005684 0 0
9.6500000000000003553 0 0
9.6600000000000001421 0 0
9.6699999999999999289 0 0
9.6799999999999997158 0 0
9.6899999999999995026 0 0
9.7000000000000010658 0 0
9.7100000000000008527 0 0
9.7200000000000006395 0 0
9.7300000000000004263 0 0
9.7400000000000002132 0 0
9.75 0 0
9.7599999999999997868 0 0
9.7699999999999995737 0 0
9.7799999999999993605 0 0
9.7900000000000009237 0 0
9.8000000000000007105 0 0
9.8100000000000004974 0 0
9.8200000000000002842 0 0
9.8300000000000000711 0 0
9.8399999999999998579 0 0
9.8499999999999996447 0 0
9.8599999999999994316 0 0
9.8700000000000009948 0 0
9.8800000000000007816 0 0
9.8900000000000005684 0 0
9.9000000000000003553 0 0
9.9100000000000001421 0 0
9.9199999999999999289 0 0
9.9299999999999997158 0 0
9.9399999999999995026 0 0
9.9500000000000010658 0 0
9.9600000000000008527 0 0
9.9700000000000006395 0 0
9.9800000000000004263 0 0
9.9900000000000002132 0 0
10 0 0
10.009999999999999787 0 0
10.019999999999999574 0 0
10.029999999999999361 0 0
10.040000000000000924 0 0
10.050000000000000711 0 0
10.060000000000000497 0 0
10.070000000000000284 0 0
10.080000000000000071 0 0
10.089999999999999858 0 0
10.099999999999999645 0 0
10.109999999999999432 0 0
10.120000000000000995 0 0
10.130000000000000782 0 0
10.140000000000000568 0 0
10.150000000000000355 0 0
10.160000000000000142 0 0
10.169999999999999929 0 0
10.179999999999999716 0 0
10.189999999999999503 0 0
10.200000000000001066 0 0
10.210000000000000853 0 0
10.220000000000000639 0 0
10.230000000000000426 0 0
