0 3.226169616840005334e-317 -3.226169616840005334e-317
0.010000000000000000208 8.4881974480367409425e-315 -8.4881974480367409425e-315
0.020000000000000000416 2.1855634270205142024e-312 -2.1855634270205142024e-312
0.02999999999999999889 5.5072020929538680551e-310 -5.5072020929538680551e-310
0.040000000000000000833 1.3580578510749231731e-307 -1.3580578510749231731e-307
0.050000000000000002776 3.2773678212441016864e-305 -3.2773678212441016864e-305
0.05999999999999999778 7.7401924287962542539e-303 -7.7401924287962542539e-303
0.070000000000000006661 1.7889491170644195502e-300 -1.7889491170644195502e-300
0.080000000000000001665 4.0463540133705851831e-298 -4.0463540133705851831e-298
0.089999999999999996669 8.9567287548207091301e-296 -8.9567287548207091301e-296
0.10000000000000000555 1.9402363021199205804e-293 -1.9402363021199205804e-293
0.11000000000000000056 4.1131967846867788843e-291 -4.1131967846867788843e-291
0.11999999999999999556 8.5334374027646228769e-289 -8.5334374027646228769e-289
0.13000000000000000444 1.7325596041129070596e-286 -1.7325596041129070596e-286
0.14000000000000001332 3.4424847048387872041e-284 -3.4424847048387872041e-284
0.14999999999999999445 6.6938428485220225418e-282 6.1917402490507811308e-05
0.16000000000000000333 1.273792427905875547e-279 5.7922730775317177176e-05
0.17000000000000001221 2.3721463062071647807e-277 4.5938719267724081874e-05
0.17999999999999999334 4.3231861666892012587e-275 3.7949375837342806835e-05
0.19000000000000000222 7.7105625002740831735e-273 4.9933387344935908914e-05
0.2000000000000000111 1.3458226829191337306e-270 3.9946709875948727131e-05
0.20999999999999999223 2.2988428490480479612e-268 4.3941381591139361262e-05
0.22000000000000000111 3.8428229976343877553e-266 3.1957370083546272736e-05
0.23000000000000000999 6.2865320858962264575e-264 3.1957370083546272736e-05
0.23999999999999999112 1.0064484832518460432e-261 4.9933387344935908914e-05
0.25 1.5768544960259713812e-259 4.9933387344935908914e-05
0.26000000000000000888 2.4177497640116590004e-257 3.5952038160758092999e-05
0.27000000000000001776 3.6278618130977296326e-255 3.395470412215217948e-05
0.28000000000000002665 5.327332218200081731e-253 3.1957370083546272736e-05
0.28999999999999998002 7.6557630440938474932e-251 3.5952038160758092999e-05
0.2999999999999999889 1.0766804890394465691e-248 4.5938719267724081874e-05
0.30999999999999999778 1.4818521036687589993e-246 2.1970690795569680631e-05
0.32000000000000000666 1.9959172735562276446e-244 4.5938719267724081874e-05
0.33000000000000001554 2.6308729176030020526e-242 4.9933387344935908914e-05
0.34000000000000002442 3.3937266721628371908e-240 3.7949375837342806835e-05
0.35000000000000003331 4.2842372296629314243e-238 6.1917402490507811308e-05
0.35999999999999998668 5.292852823370741833e-236 4.5938719267724081874e-05
0.36999999999999999556 6.3992014574539230649e-234 2.796269836835562844e-05
0.38000000000000000444 7.5714909106660912105e-232 3.5952038160758092999e-05
0.39000000000000001332 8.7671146459318512476e-230 4.5938719267724081874e-05
0.4000000000000000222 9.9346283284892209879e-228 5.7922730775317177176e-05
0.41000000000000003109 1.1017072822917686119e-225 4.1944047552533447742e-05
0.41999999999999998446 1.1956401050229895938e-223 3.5952038160758092999e-05
0.42999999999999999334 1.2698557380756187505e-221 4.793605330633000217e-05
0.44000000000000000222 1.3198602675950527892e-219 5.9920064813923090696e-05
0.4500000000000000111 1.3425212932825980484e-217 3.7949375837342806835e-05
0.46000000000000001998 1.3363926173373572506e-215 4.9933387344935908914e-05
0.47000000000000002887 1.3018669766762802889e-213 4.9933387344935908914e-05
0.47999999999999998224 1.2411343960780807442e-211 2.796269836835562844e-05
0.48999999999999999112 1.1579523013036022796e-209 2.796269836835562844e-05
0.5 1.0572609373395057233e-207 3.5952038160758092999e-05
0.51000000000000000888 9.4469879381697468132e-206 3.9946709875948727131e-05
0.52000000000000001776 8.260839663300534158e-204 3.7949375837342806835e-05
0.53000000000000002665 7.0692718490849726833e-202 5.1930725021520629525e-05
0.54000000000000003553 5.9203152154094447929e-200 4.793605330633000217e-05
0.55000000000000004441 4.8521546673693617303e-198 2.5965362510760311374e-05
0.56000000000000005329 3.8917425195859913972e-196 3.7949375837342806835e-05
0.57000000000000006217 3.0547327459656536905e-194 1.9973354937974360177e-05
0.57999999999999996003 2.3465077850574992496e-192 3.5952038160758092999e-05
0.58999999999999996891 1.7639669188856465705e-190 3.1957370083546272736e-05
0.5999999999999999778 1.2977126280656423935e-188 4.1944047552533447742e-05
0.60999999999999998668 9.3429985874755425722e-187 3.395470412215217948e-05
0.61999999999999999556 6.5828459718767697667e-185 3.1957370083546272736e-05
0.63000000000000000444 4.5390060483167582775e-183 4.3941381591139361262e-05
0.64000000000000001332 3.0628624061164020983e-181 3.5952038160758092999e-05
0.6500000000000000222 2.0226180144888877832e-179 3.395470412215217948e-05
0.66000000000000003109 1.3071334015929853466e-177 2.9960032406961548736e-05
0.67000000000000003997 8.2669557262112807625e-176 3.1957370083546272736e-05
0.68000000000000004885 5.1167119527088677275e-174 4.9933387344935908914e-05
0.69000000000000005773 3.0992455322747245353e-172 5.3928059060126543045e-05
0.70000000000000006661 1.8371332461868812548e-170 4.5938719267724081874e-05
0.70999999999999996447 1.0657245913469325736e-168 4.793605330633000217e-05
0.71999999999999997335 6.0501894717654079971e-167 3.5952038160758092999e-05
0.72999999999999998224 3.3613413783224552815e-165 5.7922730775317177176e-05
0.73999999999999999112 1.8275780179561823962e-163 2.5965362510760311374e-05
0.75 9.7243120680308959838e-162 3.7949375837342806835e-05
0.76000000000000000888 5.0636246715610417029e-160 4.3941381591139361262e-05
0.77000000000000001776 2.5803806985696444648e-158 3.7949375837342806835e-05
0.78000000000000002665 1.2868434607298272084e-156 3.9946709875948727131e-05
0.79000000000000003553 6.2804001176032304991e-155 3.395470412215217948e-05
0.80000000000000004441 2.9996360472756929987e-153 1.9973354937974360177e-05
0.81000000000000005329 1.4020692763971802891e-151 4.5938719267724081874e-05
0.82000000000000006217 6.413425278728576739e-150 3.9946709875948727131e-05
0.83000000000000007105 2.8709806379771062112e-148 1.3981349184177819302e-05
0.83999999999999996891 1.2577378938337582037e-146 2.796269836835562844e-05
0.8499999999999999778 5.3922458611837546032e-145 2.9960032406961548736e-05
0.85999999999999998668 2.2623973508699380299e-143 3.395470412215217948e-05
0.86999999999999999556 9.2894016102455951926e-142 4.5938719267724081874e-05
0.88000000000000000444 3.7327272106329409224e-140 2.1970690795569680631e-05
0.89000000000000001332 1.4678592835839464013e-138 4.5938719267724081874e-05
0.9000000000000000222 5.6488787504363829908e-137 3.5952038160758092999e-05
0.91000000000000003109 2.1274518513063351989e-135 4.1944047552533447742e-05
0.92000000000000003997 7.841098049989655063e-134 2.796269836835562844e-05
0.93000000000000004885 2.8282232431272135847e-132 3.9946709875948727131e-05
0.94000000000000005773 9.9832086370597484946e-131 4.3941381591139361262e-05
0.95000000000000006661 3.4486273298475095167e-129 2.796269836835562844e-05
0.95999999999999996447 1.1658482940867371128e-127 2.9960032406961548736e-05
0.96999999999999997335 3.8570695970198079623e-126 3.395470412215217948e-05
0.97999999999999998224 1.2487990709402387423e-124 2.5965362510760311374e-05
0.98999999999999999112 3.9568293130305108405e-123 4.9933387344935908914e-05
1 1.2269354749809111978e-121 4.3941381591139361262e-05
1.0100000000000000089 3.7231950509794417449e-120 3.7949375837342806835e-05
1.0200000000000000178 1.1056801465549394283e-118 4.5938719267724081874e-05
1.0300000000000000266 3.2133859628792031716e-117 3.9946709875948727131e-05
1.0400000000000000355 9.1393630758147333014e-116 4.9933387344935908914e-05
1.0500000000000000444 2.5438331762989840477e-114 5.592539673671125688e-05
1.0600000000000000533 6.9291662462879706265e-113 2.5965362510760311374e-05
1.0700000000000000622 1.8471109934461036341e-111 4.1944047552533447742e-05
1.0800000000000000711 4.818642013209728229e-110 5.1930725021520629525e-05
1.0900000000000000799 1.2302007584827947188e-108 4.9933387344935908914e-05
1.1000000000000000888 3.0735973696221582027e-107 4.9933387344935908914e-05
1.1100000000000000977 7.5151494060001564512e-106 3.5952038160758092999e-05
1.1200000000000001066 1.7982411023110276247e-104 5.9920064813923090696e-05
1.1300000000000001155 4.2109286125887005166e-103 2.796269836835562844e-05
1.1400000000000001243 9.6500040496567796642e-102 5.7922730775317177176e-05
1.1500000000000001332 2.1641968972891140985e-100 4.9933387344935908914e-05
1.1599999999999999201 4.749913516905521423e-99 3.9946709875948727131e-05
1.1699999999999999289 1.0202210793297959734e-97 2.3968026653165001085e-05
1.1799999999999999378 2.1444826672108389966e-96 4.3941381591139361262e-05
1.1899999999999999467 4.411339128745935919e-95 4.9933387344935908914e-05
1.1999999999999999556 8.8805120867564855874e-94 3.1957370083546272736e-05
1.2099999999999999645 1.7495454577829461689e-92 3.7949375837342806835e-05
1.2199999999999999734 3.3731224746442859887e-91 4.5938719267724081874e-05
1.2299999999999999822 6.3644172954261076577e-90 2.9960032406961548736e-05
1.2399999999999999911 1.1751812186637106273e-88 3.9946709875948727131e-05
1.25 2.1235901132222851029e-87 5.1930725021520629525e-05
1.2600000000000000089 3.7554000281113314754e-86 2.796269836835562844e-05
1.2700000000000000178 6.4992220244781384997e-85 4.9933387344935908914e-05
1.2800000000000000266 1.1007436773138709337e-83 3.1957370083546272736e-05
1.2900000000000000355 1.8244446129207845642e-82 3.9946709875948727131e-05
1.3000000000000000444 2.9593397331452853142e-81 5.1930725021520629525e-05
1.3100000000000000533 4.6976280238251456379e-80 3.9946709875948727131e-05
1.3200000000000000622 7.2976340631068266075e-79 4.3941381591139361262e-05
1.3300000000000000711 1.1094435182897695413e-77 4.793605330633000217e-05
1.3400000000000000799 1.6506232959725480807e-76 4.5938719267724081874e-05
1.3500000000000000888 2.4033133616765004643e-75 5.592539673671125688e-05
1.3600000000000000977 3.4244630901602181342e-74 2.5965362510760311374e-05
1.3700000000000001066 4.7752293594198960679e-73 3.1957370083546272736e-05
1.3800000000000001155 6.5165186165845289754e-72 5.592539673671125688e-05
1.3900000000000001243 8.7027538964984079353e-71 1.7976019080379049888e-05
1.4000000000000001332 1.1374109953133489373e-69 2.796269836835562844e-05
1.4099999999999999201 1.4547816015374644197e-68 2.5965362510760311374e-05
1.4199999999999999289 1.8209492219652876719e-67 3.395470412215217948e-05
1.4299999999999999378 2.2305785870984870972e-66 3.9946709875948727131e-05
1.4399999999999999467 2.6739721515468806962e-65 4.3941381591139361262e-05
1.4499999999999999556 3.1370098972057705401e-64 5.1930725021520629525e-05
1.4599999999999999645 3.6015923539655620825e-63 4.1944047552533447742e-05
1.4699999999999999734 4.0466242545408385162e-62 3.395470412215217948e-05
1.4799999999999999822 4.4494964301541522033e-61 3.5952038160758092999e-05
1.4899999999999999911 4.78793783346978968e-60 4.1944047552533447742e-05
1.5 5.0420343599634720719e-59 2.5965362510760311374e-05
1.5100000000000000089 5.1961628883358644695e-58 3.395470412215217948e-05
1.5200000000000000178 5.2405801856282364151e-57 4.793605330633000217e-05
1.5300000000000000266 5.1724421483672314527e-56 3.5952038160758092999e-05
1.5400000000000000355 4.9961051630594879558e-55 4.793605330633000217e-05
1.5500000000000000444 4.7226651978321510911e-54 4.5938719267724081874e-05
1.5600000000000000533 4.3688024122766872572e-53 4.3941381591139361262e-05
1.5700000000000000622 3.9550985200303172681e-52 5.1930725021520629525e-05
1.5800000000000000711 3.5040626841243869853e-51 3.5952038160758092999e-05
1.5900000000000000799 3.0381281243591857512e-50 2.9960032406961548736e-05
1.6000000000000000888 2.5778637603896792699e-49 4.3941381591139361262e-05
1.6100000000000000977 2.1405900148900779091e-48 4.1944047552533447742e-05
1.6200000000000001066 1.7395090281306739582e-47 4.3941381591139361262e-05
1.6300000000000001155 1.3833737698050255516e-46 5.592539673671125688e-05
1.6400000000000001243 1.076643801037936423e-45 6.5912070567719638348e-05
1.6500000000000001332 8.2001955570977900708e-45 4.1944047552533447742e-05
1.6600000000000001421 6.1121785522921442468e-44 4.5938719267724081874e-05
1.6699999999999999289 4.4584870908208466062e-43 5.592539673671125688e-05
1.6799999999999999378 3.1827216051735320136e-42 4.9933387344935908914e-05
1.6899999999999999467 2.2234606547597769874e-41 6.7909408244304358959e-05
1.6999999999999999556 1.5201271060045257542e-40 6.9906745920889079571e-05
1.7099999999999999645 1.0170680585871653498e-39 6.7909408244304358959e-05
1.7199999999999999734 6.6594718173221238548e-39 5.9920064813923090696e-05
1.7299999999999999822 4.2672610645924681702e-38 6.7909408244304358959e-05
1.7399999999999999911 2.6759518755204660011e-37 7.9893419751897454262e-05
1.75 1.642203760357235183e-36 7.1904076321516185999e-05
1.7600000000000000089 9.8626913808662606848e-36 6.1917402490507811308e-05
1.7700000000000000178 5.7967357471630870214e-35 6.9906745920889079571e-05
1.7800000000000000266 3.3341967234933514989e-34 6.3914740167092531919e-05
1.7900000000000000355 1.8768026025782289575e-33 6.7909408244304358959e-05
1.8000000000000000444 1.0338692897487286461e-32 5.3928059060126543045e-05
1.8100000000000000533 5.5735556470736262142e-32 5.1930725021520629525e-05
1.8200000000000000622 2.9404834157688169711e-31 4.9933387344935908914e-05
1.8300000000000000711 1.5181855771543306798e-30 3.1957370083546272736e-05
1.8400000000000000799 7.6709798913635545387e-30 4.1944047552533447742e-05
1.8500000000000000888 3.7931235259719298721e-29 4.1944047552533447742e-05
1.8600000000000000977 1.835540694397680308e-28 3.7949375837342806835e-05
1.8700000000000001066 8.69267920756820367e-28 5.3928059060126543045e-05
1.8800000000000001155 4.0287452115006029925e-27 4.1944047552533447742e-05
1.8900000000000001243 1.8273474374912063314e-26 2.9960032406961548736e-05
1.9000000000000001332 8.1119688634564928586e-26 5.592539673671125688e-05
1.9100000000000001421 3.5247165895587190848e-25 4.793605330633000217e-05
1.9199999999999999289 1.4993185899748503762e-24 4.793605330633000217e-05
1.9299999999999999378 6.245839382396768912e-24 3.1957370083546272736e-05
1.9399999999999999467 2.5498262078460209426e-23 2.5965362510760311374e-05
1.9499999999999999556 1.0214015594739933636e-22 3.9946709875948727131e-05
1.9599999999999999645 4.0235286045804235098e-22 4.1944047552533447742e-05
1.9699999999999999734 1.5644137851003888827e-21 3.9946709875948727131e-05
1.9799999999999999822 6.0389630700293090279e-21 3.9946709875948720355e-05
1.9899999999999999911 2.3338723183612753898e-20 3.3954704122152159151e-05
2 9.1256214271079101759e-20 4.3941381591139273171e-05
2.0100000000000002309 3.6487758713459481584e-19 3.3954704122151813561e-05
2.0200000000000000178 1.5026311008276885335e-18 3.7949375837341302504e-05
2.0300000000000002487 6.3746915825542613493e-18 5.5925396736704880416e-05
2.0400000000000000355 2.7647168113712012003e-17 3.7949375837315159679e-05
2.0499999999999998224 1.2101756866094651415e-16 4.9933387344814891622e-05
2.0600000000000000533 5.2716638155420745058e-16 4.9933387344408742712e-05
2.0699999999999998401 2.2573324351696771724e-15 2.79626983660982958e-05
2.0800000000000000711 9.4121104042101425074e-15 2.7962698358943516915e-05
2.0899999999999998579 3.7959649904406734649e-14 4.194404751457379496e-05
2.1000000000000000888 1.4741776088316635251e-13 2.9960032259543788906e-05
2.1099999999999998757 5.4965916105547963662e-13 4.3941381041480200031e-05
2.1200000000000001066 1.9639586982397169455e-12 5.193072305756193008e-05
2.1299999999999998934 6.7165402283931103252e-12 4.7936046589789775346e-05
2.1400000000000001243 2.1968913982381016831e-11 4.5938697298810102763e-05
2.1499999999999999112 6.8695051028602185355e-11 1.5978616346722101941e-05
2.1600000000000001421 2.052988026284237659e-10 3.9946504577146097381e-05
2.1699999999999999289 5.8632796733268976972e-10 3.5951451832790761365e-05
2.1800000000000001599 1.6002177124804168882e-09 3.5950437943045610858e-05
2.1899999999999999467 4.1737291002370686631e-09 3.9942536146848486931e-05
2.2000000000000001776 1.0404560482996022089e-08 2.9949627846478553227e-05
2.2099999999999999645 2.4794008906813593968e-08 3.9921915867041914377e-05
2.2200000000000001954 5.6491445028213104748e-08 5.3871567615098328802e-05
2.2299999999999999822 1.230951705332383549e-07 4.5815624097190845213e-05
2.2400000000000002132 2.5659751086181952382e-07 5.1674127510658810901e-05
2.25 5.1188338044160050182e-07 3.9434826495507126947e-05
2.2600000000000002309 9.7763654616282850724e-07 4.4961082721561255061e-05
2.2700000000000000178 1.7884761829226356193e-06 4.6147577123407369727e-05
2.2800000000000002487 3.1357123797769994289e-06 4.8795012641743632214e-05
2.2900000000000000355 5.2726405120617916107e-06 3.2676735325281015224e-05
2.3000000000000002665 8.5094801079934827796e-06 2.1450552298968067651e-05
2.3100000000000000533 1.3193756838693672677e-05 2.6752953037255054454e-05
2.3199999999999998401 1.9674764883572459442e-05 2.426661670756690182e-05
2.3300000000000000711 2.8255661965620559563e-05 1.7683057302103522311e-05
2.3399999999999998579 3.9142610671127454436e-05 2.4772129495965077484e-05
2.3500000000000000888 5.2405084159819037397e-05 -6.4663648920949555227e-06
2.3599999999999998757 6.7962606644170482748e-05 -1.2037209907459225867e-05
2.3700000000000001066 8.5609207808377222465e-05 -4.765983197103441563e-05
2.3799999999999998934 0.00010507795039075797832 -6.1136568799618617055e-05
2.3900000000000001243 0.00012613636542679651552 -6.2221625259703983602e-05
2.3999999999999999112 0.00014869321890524257322 -9.875983156030666431e-05
2.4100000000000001421 0.00017289135414339244952 -0.00010498194589908809056
2.4199999999999999289 0.00019916237124379825062 -0.00012925562532290917105
2.4300000000000001599 0.0002282261413828837193 -0.00014833272163098626503
2.4399999999999999467 0.00026102906520420084135 -0.00017314630202192211883
2.4500000000000001776 0.00029862624603887961494 -0.00019875947134900779712
2.4599999999999999645 0.00034202170703653296925 -0.00023816025699349165599
2.4700000000000001954 0.00039198631425689197706 -0.00027014884695246107506
2.4799999999999999822 0.00044887551073818026488 -0.00027510732205020759465
2.4900000000000002132 0.00051246933193234878341 -0.00030874110719943570653
2.5 0.00058185623056828436172 -0.00034417329443726149118
2.5100000000000002309 0.00065537999423712143925 -0.00031183829221434543159
2.5200000000000000178 0.00073066482776417719918 -0.00037314176200530809304
2.5300000000000002487 0.00080472672915938019307 -0.00040925427664923190625
2.5400000000000000355 0.00087416942840570560289 -0.00037683287080505839181
2.5500000000000002665 0.00093545122526625021885 -0.00038618394628206118534
2.5600000000000000533 0.00098519693901443763581 -0.00042194829629415555802
2.5699999999999998401 0.0010205193802779192937 -0.00035740397014372301231
2.5800000000000000711 0.0010393097292234574226 -0.00033025561073547348052
2.5899999999999998579 0.0010404576355217882468 -0.00033739553006355846657
2.6000000000000000888 0.0010239701108063045849 -0.00041877743508540428777
2.6099999999999998757 0.00099097222033601344363 -0.00031587278414230883852
2.6200000000000001066 0.00094358974574932459253 -0.00038233844070562723536
2.6299999999999998934 0.00088473117314793613044 -0.00035343993325300958244
2.6400000000000001243 0.00081780033356884619319 -0.00032046377596819898212
2.6499999999999999112 0.00074637928762784507518 -0.00035290417279428145476
2.6600000000000001421 0.00067392237582070786336 -0.00034835668378336388448
2.6699999999999999289 0.00060349700427802372132 -0.00032187268291788273663
2.6800000000000001599 0.0005375962749535882117 -0.00028992666499155702068
2.6899999999999999467 0.00047803542590065678259 -0.00029827522418292989632
2.7000000000000001776 0.00042593088206584683256 -0.00028012539174622973995
2.7099999999999999645 0.0003817498230699825244 -0.00025591768041238223538
2.7200000000000001954 0.00034541104472473639631 -0.0002016028920817039972
2.7299999999999999822 0.00031641503847637476778 -0.00020456424500295226757
2.7400000000000002132 0.00029398224657164513272 -0.00020010747763556986254
2.75 0.00027718234156171505864 -0.00017931289727247034724
2.7600000000000002309 0.0002650428115787090773 -0.00015918402385908307054
2.7700000000000000178 0.00025663083881202714909 -0.00017873474946075680126
2.7800000000000002487 0.0002511074538978733681 -0.00014524866617824736133
2.7900000000000000355 0.00024775664761483265526 -0.00015587920907938449151
2.8000000000000002665 0.00024599433237042201382 -0.00016610091261852455956
2.8100000000000000533 0.00024536288990880615038 -0.00016746680055753580254
2.8199999999999998401 0.0002455168302963415942 -0.0001476473860070968828
2.8300000000000000711 0.0002462042050245033184 -0.00017030545334981769118
2.8399999999999998579 0.00024724722805606071628 -0.00014338577801301940302
2.8500000000000000888 0.00024852434911112116379 -0.00016064158592884244126
2.8599999999999998757 0.00024995497926729880103 -0.00017205888991602845319
2.8700000000000001066 0.00025148727955553930747 -0.00015960984102009114372
2.8799999999999998934 0.00025308890248494387296 -0.00015721679587228388217
2.8900000000000001243 0.00025474028944106084449 -0.00016885486393536684258
2.8999999999999999112 0.00025643001577028084288 -0.00018053126409559521566
2.9100000000000001421 0.00025815167888789476887 -0.00016627424035244660512
2.9199999999999999289 0.00025990189056217060217 -0.00017601379545710370668
2.9300000000000001599 0.00026167902430548445033 -0.00017978826687700227545
2.9399999999999999467 0.00026348245846278834509 -0.00016561301417354363369
2.9500000000000001776 0.00026531213269200584455 -0.00019141071869390493794
2.9599999999999999645 0.00026716829574153193186 -0.00018328020063646503638
2.9700000000000001954 0.00026905136618835722101 -0.00019315261451367159379
2.9799999999999999822 0.000270961857804557268 -0.00018707376269949037252
2.9900000000000002132 0.0002729003407962043732 -0.0001750308965069596618
3 0.00027486742238164461665 -0.00018698465919936589413
3.0100000000000002309 0.00027686373750856265201 -0.00021095166694084301366
3.0200000000000000178 0.00027888994474783621556 -0.00020299119307315058834
3.0300000000000002487 0.00028094672476832376973 -0.00020504797309363814251
3.0400000000000000355 0.00028303478007442924719 -0.0001871626734617692564
3.0500000000000002665 0.00028515483535661301229 -0.00017530137955977520559
3.0600000000000000533 0.00028730763814399689271 -0.00020541688071551471783
3.0700000000000002842 0.00028949395961511245785 -0.00021958721369422337828
3.0800000000000000711 0.00029171459550268361537 -0.00019983715696723545162
3.0899999999999998579 0.00029397036706550354118 -0.00021807161539081791396
3.1000000000000000888 0.00029626212211734872116 -0.00022036337044266309394
3.1099999999999998757 0.00029859073611038304237 -0.00022069464675911269454
3.1200000000000001066 0.00030095711327383489059 -0.00019909300090737840636
3.1299999999999998934 0.00030336218781023150531 -0.0002174767623045375034
3.1400000000000001243 0.00030580692515221741387 -0.00023789751690791305491
3.1499999999999999112 0.00030829232328342595767 -0.00022240689777773195576
3.1600000000000001421 0.00031081941412719596212 -0.00023092599437529850786
3.1699999999999999289 0.00031338926500722934058 -0.0002175171583945693498
3.1800000000000001599 0.00031600298018457436289 -0.00023211488507950746741
3.1899999999999999467 0.00031866170247564279058 -0.00023677094504716061571
3.2000000000000001776 0.00032136661495630155149 -0.00023747851985123465601
3.2099999999999999645 0.00032411894275744256326 -0.00024023084765237566777
3.2200000000000001954 0.0003269199549578300488 -0.0002550158786363138628
3.2299999999999999822 0.00032977096658044291813 -0.00024388554107474891622
3.2400000000000002132 0.00033267334069900152691 -0.00026476393245469716795
3.25 0.00033562849066185064658 -0.00024375105212640248284
3.2600000000000002309 0.00033863788244093274808 -0.00027472314227384021616
3.2700000000000000178 0.00034170303711414861877 -0.00024383359282490390738
3.2800000000000002487 0.00034482553349006971315 -0.00027691612524576535419
3.2900000000000000355 0.00034800701088463006092 -0.00026212158537893605901
3.3000000000000002665 0.00035124917206021398801 -0.00026536374655451998609
3.3100000000000000533 0.00035455378633835062628 -0.00025069233629530931302
3.3200000000000002842 0.00035792269289814689212 -0.00027603193546966471724
3.3300000000000000711 0.00036135780427355414452 -0.00024351500504633504245
3.3399999999999998579 0.00036486111006364598409 -0.00026299699769718949986
3.3500000000000000888 0.00036843468087124681045 -0.00026657056850479032622
3.3599999999999998757 0.00037208067248653537264 -0.00026821922244349405938
3.3700000000000001066 0.00037580133033364730624 -0.00026794521221339422015
3.3799999999999998934 0.00037959899419983398391 -0.00026774820072641145659
3.3900000000000001243 0.00038347610326843633612 -0.00029159866473298817237
3.3999999999999999112 0.00038743520147875543883 -0.00030154977597306143692
3.4100000000000001421 0.00039147894323797487659 -0.00028961483087151839236
3.4199999999999999289 0.00039561009951249304214 -0.00027576996988464686075
3.4300000000000001599 0.00039983156432852820375 -0.00028198876510130907458
3.4399999999999999467 0.00040414636171455097392 -0.00027232222057911169722
3.4500000000000001776 0.00040855765312113148961 -0.00027873083511036165095
3.4599999999999999645 0.00041306874535709423805 -0.00028723660269949394903
3.4700000000000001954 0.00041768309908456880243 -0.00028785628107379896377
3.4799999999999999822 0.00042240433791958475985 -0.00027659884759996766724
3.4900000000000002132 0.00042723625818940014426 -0.00028742276634762193091
3.5 0.00043218283940275957055 -0.00031633737785212516199
3.5100000000000002309 0.00043724825549488376608 -0.00028345341446892773681
3.5200000000000000178 0.0004424368869152062525 -0.00027665803438165718214
3.5300000000000002487 0.00044775333363280661039 -0.00030394518098977418418
3.5400000000000000355 0.00045320242914227389704 -0.00034135163566885136973
3.5500000000000002665 0.00045878925556135520102 -0.00031697842604299232127
3.5600000000000000533 0.00046451915992150490109 -0.00028875363355694751025
3.5700000000000002842 0.00047039777176330886156 -0.00025868019632405684803
3.5800000000000000711 0.00047643102216100537746 -0.00032063884345846468179
3.5899999999999998579 0.00048262516431410348297 -0.00027889693958119035188
3.6000000000000000888 0.00048898679585960896574 -0.00033119729403239877782
3.6099999999999998757 0.00049552288307589396118 -0.0002678266353277946937
3.6200000000000001066 0.00050224078716906890314 -0.0003164885869735030834
3.6299999999999998934 0.00050914829285515913419 -0.00030741740579883072371
3.6400000000000001243 0.00051625363947688631197 -0.00026458935416168562552
3.6499999999999999112 0.00052356555492282549728 -0.0002659092565778707032
3.6600000000000001421 0.00053109329264974791934 -0.00028741835804088611533
3.6699999999999999289 0.00053884667214665696051 -0.00030116373601563408997
3.6800000000000001599 0.00054683612322218243772 -0.00029716917558356641766
3.6899999999999999467 0.00055507273454645869332 -0.00032138447376860526401
3.7000000000000001776 0.00056356830693549098913 -0.00028394132325193467085
3.7099999999999999645 0.00057233541193147752322 -0.00035862051336755601744
3.7200000000000001954 0.00058138745630822617153 -0.00023784575428545016388
3.7299999999999999822 0.00059073875321828672735 -0.00032709047094740811975
3.7400000000000002132 0.00060040460080008450743 -0.00035073765316146848737
3.75 0.00061040136918150231671 -0.00029482236552708194089
3.7600000000000002309 0.00062074659695437192988 -0.00033512760024106144977
3.7700000000000000178 0.00063145909835575465222 -0.00032786409165701214333
3.7800000000000002487 0.00064255908258145926111 -0.00033297206285296253618
3.7900000000000000355 0.00065406828688039243391 -0.00031651856878354013135
3.8000000000000002665 0.00066601012534206309196 -0.00031447907261294820187
3.8100000000000000533 0.00067840985560211535064 -0.0003448548128584324351
3.8200000000000002842 0.00069129476606273761695 -0.00035174771028930059379
3.8300000000000000711 0.00070469438666892958087 -0.00034517398323347575411
3.8399999999999998579 0.00071864072681419692568 -0.00034713632642306534041
3.8500000000000000888 0.00073316854459043304983 -0.00031772274441826806783
3.8599999999999998757 0.00074831565237208196723 -0.00041276327195181438529
3.8700000000000001066 0.00076412326466658933317 -0.00030473609381722135698
3.8799999999999998934 0.00078063639531293995983 -0.00038116929655345263431
3.8900000000000001243 0.00079790431252090661049 -0.0003824585123487416285
3.8999999999999999112 0.00081598106198413138893 -0.00036857788809044127968
3.9100000000000001421 0.00083492607046008681607 -0.00042347494564109122109
3.9199999999999999289 0.00085480484490657409041 -0.00040340699565971448572
3.9300000000000001599 0.0008756897856540251518 -0.00040431858874514885194
3.9399999999999999467 0.0008976611363832967018 -0.00042628993947442040194
3.9500000000000001776 0.00092080809915168638363 -0.00045343157759597947079
3.9599999999999999645 0.00094523014974936473819 -0.00043990424144237864467
3.9700000000000001954 0.00097103859780550119598 -0.00046171801414534566124
3.9799999999999999822 0.00099835844804245380338 -0.00045308584441143421109
3.9900000000000002132 0.0010273306349595746293 -0.00048205803132855503702
4 0.0010581147245652584594 -0.00048887406881522221976
4.0099999999999997868 0.0010908922059072406838 -0.00045174484789206104975
4.0200000000000004619 0.0011258705358026164199 -0.00050469915866903835786
4.0300000000000002487 0.0011632881587743490893 -0.00057207684678954183639
4.0400000000000000355 0.0012034208131187103512 -0.00054230274066109879043
4.0499999999999998224 0.0012465895797383295951 -0.00044565804454277033186
4.0600000000000004974 0.0012931713943187749753 -0.00047426382003395322652
4.0700000000000002842 0.0013436132729982017478 -0.0005127216726538716754
4.0800000000000000711 0.0013984526472291733661 -0.00049565694873545426517
4.0899999999999998579 0.0014583487642363416811 -0.00049563305186040278877
4.0999999999999996447 0.0015241357937448535113 -0.00047154000233792445207
4.1100000000000003197 0.0015969204400799804234 -0.00035258034813623936182
4.1200000000000001066 0.0016782713665678852637 -0.00026415780494508725451
4.1299999999999998934 0.0017705934145769699692 -9.6826187828801934393e-05
4.1399999999999996803 0.0018778566327320007044 -3.831061165794364537e-05
4.1500000000000003553 0.0020069638802573679277 0.00036387349712693707257
4.1600000000000001421 0.0021701779171969248772 0.00055818255505008006548
4.1699999999999999289 0.0023891353965389081765 0.00095440438160425888556
4.1799999999999997158 0.0027009329591657811609 0.0015953358429704016241
4.1900000000000003908 0.0031663931053728319731 0.00225437552811200842
4.2000000000000001776 0.0038796964708451317332 0.0030210978675898028829
4.2099999999999999645 0.0049770011978746541564 0.0036035521475075594361
4.2199999999999997513 0.0066396681492090206186 0.0049628537248015388086
4.2300000000000004263 0.0090859866296173642103 0.0052089441041229655321
4.2400000000000002132 0.01254508278458814699 0.0057984478107144313275
4.25 0.017209388103689302746 0.0057979209605797665805
4.2599999999999997868 0.0231684190217264184 0.0048961429860584215756
4.2700000000000004619 0.030335845910826348543 0.003499017543277121306
4.2800000000000002487 0.038390931622732923922 0.00068494216943855434909
4.2900000000000000355 0.046759796669886888321 -0.001260494223044701656
4.2999999999999998224 0.054657297688274729397 -0.004933627801685679104
4.3100000000000004974 0.06119519604686773917 -0.0073869763160137116853
4.3200000000000002842 0.065540233804997530265 -0.009940402760323610587
4.3300000000000000711 0.067084774951846698476 -0.01144699437490234728
4.3399999999999998579 0.065582289767466855901 -0.010717480850421262639
4.3500000000000005329 0.061206343957911059361 -0.0095053123326402227944
4.3600000000000003197 0.054514057235997726014 -0.0077244744172511592417
4.3700000000000001066 0.046325007014013742934 -0.0045227720663323159322
4.3799999999999998934 0.037552320642774236759 -0.0021215838030029660066
4.3899999999999996803 0.029034266396270977384 -9.8865627156486529659e-05
4.4000000000000003553 0.021408691423267581233 0.0018063398280437174825
4.4100000000000001421 0.015053491466729988432 0.0033899048482486111161
4.4199999999999999289 0.010093053141291084135 0.003155274046902715665
4.4299999999999997158 0.0064524144247264502566 0.0033565003111868264157
4.4400000000000003908 0.0039329367936893249239 0.0028919589458660339629
4.4500000000000001776 0.0022855504871995484077 0.0022444067066817248619
4.4599999999999999645 0.0012662826494400385071 0.001903488867255580556
4.4699999999999997513 0.00066884500427535356019 0.0012366131601259985201
4.4800000000000004263 0.00033679532606783980572 0.00093750471460935023808
4.4900000000000002132 0.00016167560863700203028 0.00058333052982184596929
4.5 7.3986778711120684262e-05 0.00029152563775408722301
4.5099999999999997868 3.2276699844645804528e-05 0.00018143819871927570125
4.5200000000000004619 1.3422843259050685555e-05 0.00011041196172196490657
4.5300000000000002487 5.3212780682245584338e-06 7.0577473606461067941e-05
4.5400000000000000355 2.0109423551884429129e-06 3.793576752076028083e-05
4.5499999999999998224 7.2442290468606065891e-07 1.3256926279491757902e-05
4.5600000000000004974 2.4876578720690790169e-07 1.1735247539375592694e-05
4.5700000000000002842 8.1431499396712440245e-08 -8.1431499396712440245e-08
4.5800000000000000711 2.5409444742160833897e-08 3.96926181570112255e-06
4.5899999999999998579 7.5578242702138523077e-09 1.9897778059514283277e-06
4.6000000000000005329 2.142867899221129441e-09 1.9951927623224207366e-06
4.6100000000000003197 5.7914766749452862591e-10 -5.7914766749452862591e-10
4.6200000000000001066 1.4920280891324558037e-10 1.9971864274127287825e-06
4.6299999999999998934 3.664013602015258504e-11 -3.664013602015258504e-11
4.6399999999999996803 8.576859314626970823e-12 1.9973270533623273518e-06
4.6500000000000003553 1.9137688413820013959e-12 1.9973337164528007704e-06
4.6600000000000001421 4.0704235994386943359e-13 -4.0704235994386943359e-13
4.6699999999999999289 8.2523513537696128488e-14 1.9973355476981285886e-06
4.6799999999999997158 1.5947878031499844943e-14 1.9973356142737641604e-06
4.6900000000000003908 2.9377469333960527259e-15 -2.9377469333960527259e-15
4.7000000000000001776 5.158356933228335974e-16 1.9973356297058061809e-06
4.7099999999999999645 8.6336261440120971997e-17 1.9973356301353056718e-06
4.7199999999999997513 1.3773974916774258453e-17 -1.3773974916774258453e-17
4.7300000000000004263 2.0946378305436437387e-18 -2.0946378305436437387e-18
4.7400000000000002132 3.0362788351203564199e-19 1.9973356302213383847e-06
4.75 4.195240881814503193e-20 -4.195240881814503193e-20
4.7599999999999997868 5.5252790126258300787e-21 1.9973356302216365403e-06
4.7700000000000004619 6.9363841916452729747e-22 1.997335630221641199e-06
4.7800000000000002487 8.3002899264763245146e-23 1.997335630221642046e-06
4.7900000000000000355 9.4674755041201493126e-24 -9.4674755041201493126e-24
4.7999999999999998224 1.0293321931511557277e-24 -1.0293321931511557277e-24
4.8100000000000004974 1.066736155505138875e-25 -1.066736155505138875e-25
4.8200000000000002842 1.0537515924913877678e-26 -1.0537515924913877678e-26
4.8300000000000000711 9.9219934846873470227e-28 -9.9219934846873470227e-28
4.8399999999999998579 8.9051001599976487825e-29 -8.9051001599976487825e-29
4.8500000000000005329 7.618291499255194339e-30 -7.618291499255194339e-30
4.8600000000000003197 6.2123371061881478842e-31 -6.2123371061881478842e-31
4.8700000000000001066 4.8287069710618471049e-32 -4.8287069710618471049e-32
4.8799999999999998934 3.5775430448609566398e-33 -3.5775430448609566398e-33
4.8899999999999996803 2.5264857185484175431e-34 -2.5264857185484175431e-34
4.9000000000000003553 1.7006955874120042499e-35 -1.7006955874120042499e-35
4.9100000000000001421 1.091223938306434707e-36 1.997335630221642046e-06
4.9199999999999999289 6.673882580238913212e-38 -6.673882580238913212e-38
4.9299999999999997158 3.8906345521039355778e-39 -3.8906345521039355778e-39
4.9400000000000003908 2.1619186639917019538e-40 -2.1619186639917019538e-40
4.9500000000000001776 1.1450781727658197812e-41 -1.1450781727658197812e-41
4.9599999999999999645 5.7810622230926737471e-43 -5.7810622230926737471e-43
4.9699999999999997513 2.7819974553711314787e-44 -2.7819974553711314787e-44
4.9800000000000004263 1.2760927808800468782e-45 -1.2760927808800468782e-45
4.9900000000000002132 5.5793561114671909752e-47 -5.5793561114671909752e-47
5 2.3252095199666552202e-48 -2.3252095199666552202e-48
5.0099999999999997868 9.2366856310629045197e-50 -9.2366856310629045197e-50
5.0200000000000004619 3.4974070198627423466e-51 -3.4974070198627423466e-51
5.0300000000000002487 1.2622693176500040889e-52 -1.2622693176500040889e-52
5.0400000000000000355 4.3424377562724322643e-54 -4.3424377562724322643e-54
5.0499999999999998224 1.4239370970219840133e-55 -1.4239370970219840133e-55
5.0600000000000004974 4.4506509571813443829e-57 -4.4506509571813443829e-57
5.0700000000000002842 1.3259639077009763394e-58 -1.3259639077009763394e-58
5.0800000000000000711 3.7654355230091634979e-60 -3.7654355230091634979e-60
5.0899999999999998579 1.0192341990195079531e-61 -1.0192341990195079531e-61
5.1000000000000005329 2.6297104728455028825e-63 -2.6297104728455028825e-63
5.1100000000000003197 6.4672102681088972452e-65 -6.4672102681088972452e-65
5.1200000000000001066 1.5160064426932778508e-66 1.997335630221642046e-06
5.1299999999999998934 3.3873498920931099441e-68 -3.3873498920931099441e-68
5.1399999999999996803 7.2142958124534603959e-70 1.997335630221642046e-06
5.1500000000000003553 1.4645447281140192564e-71 -1.4645447281140192564e-71
5.1600000000000001421 2.8339101346717337358e-73 -2.8339101346717337358e-73
5.1699999999999999289 5.2268999331357703513e-75 -5.2268999331357703513e-75
5.1799999999999997158 9.1891832594951150389e-77 -9.1891832594951150389e-77
5.1900000000000003908 1.5398704885173303187e-78 -1.5398704885173303187e-78
5.2000000000000001776 2.4596084582387095679e-80 -2.4596084582387095679e-80
5.2099999999999999645 3.7447446019727406445e-82 -3.7447446019727406445e-82
5.2199999999999997513 5.434415234512097969e-84 -5.434415234512097969e-84
5.2300000000000004263 7.517228871499383502e-86 -7.517228871499383502e-86
5.2400000000000002132 9.911445916507656962e-88 -9.911445916507656962e-88
5.25 1.2456341262403053763e-89 -1.2456341262403053763e-89
5.2599999999999997868 1.4921695510208605193e-91 -1.4921695510208605193e-91
5.2700000000000004619 1.7038054266007295017e-93 -1.7038054266007295017e-93
5.2800000000000002487 1.8543680017269969436e-95 -1.8543680017269969436e-95
5.2900000000000000355 1.9237379551798688278e-97 -1.9237379551798688278e-97
5.2999999999999998224 1.902260206309246018e-99 -1.902260206309246018e-99
5.3100000000000004974 1.7929489015783621326e-101 -1.7929489015783621326e-101
5.3200000000000002842 1.6107934080083727887e-103 -1.6107934080083727887e-103
5.3300000000000000711 1.3793855710249422831e-105 -1.3793855710249422831e-105
5.3399999999999998579 1.1259144202109737354e-107 -1.1259144202109737354e-107
5.3500000000000005329 8.7598953155992203748e-110 -8.7598953155992203748e-110
5.3600000000000003197 6.4963026366946743961e-112 -6.4963026366946743961e-112
5.3700000000000001066 4.5920577979908742718e-114 -4.5920577979908742718e-114
5.3799999999999998934 3.0940132881983834518e-116 -3.0940132881983834518e-116
5.3899999999999996803 1.9870587324312842566e-118 -1.9870587324312842566e-118
5.4000000000000003553 1.2163901737194548994e-120 -1.2163901737194548994e-120
5.4100000000000001421 7.0975546047126163691e-123 -7.0975546047126163691e-123
5.4199999999999999289 3.9474641345756833915e-125 -3.9474641345756833915e-125
5.4299999999999997158 2.0926723021742513534e-127 -2.0926723021742513534e-127
5.4400000000000003908 1.0574450658777237437e-129 -1.0574450658777237437e-129
5.4500000000000001776 5.0931671921409359467e-132 -5.0931671921409359467e-132
5.4599999999999999645 2.3382532874101194995e-134 -2.3382532874101194995e-134
5.4699999999999997513 1.0232191321064028209e-136 1.997335630221642046e-06
5.4800000000000004263 4.2679488249617663371e-139 -4.2679488249617663371e-139
5.4900000000000002132 1.6968489490402266339e-141 1.997335630221642046e-06
5.5 6.4304382166935903064e-144 -6.4304382166935903064e-144
5.5099999999999997868 2.3227974411465286307e-146 -2.3227974411465286307e-146
5.5200000000000004619 7.9975224645321565898e-149 -7.9975224645321565898e-149
5.5300000000000002487 2.6246593040181895161e-151 -2.6246593040181895161e-151
5.5400000000000000355 8.2103888142222957838e-154 -8.2103888142222957838e-154
5.5499999999999998224 2.4480924151795060672e-156 -2.4480924151795060672e-156
5.5600000000000004974 6.9576915205853903298e-159 -6.9576915205853903298e-159
5.5700000000000002842 1.8848456379951164773e-161 1.997335630221642046e-06
5.5800000000000000711 4.8669809517588780986e-164 -4.8669809517588780986e-164
5.5899999999999998579 1.1978894059564743494e-166 -1.1978894059564743494e-166
5.6000000000000005329 2.8102632443953338605e-169 -2.8102632443953338605e-169
5.6100000000000003197 6.2842067709481021263e-172 -6.2842067709481021263e-172
5.6200000000000001066 1.3394518173523970264e-174 -1.3394518173523970264e-174
5.6299999999999998934 2.7213028393826953309e-177 -2.7213028393826953309e-177
5.6399999999999996803 5.2698686011936763315e-180 -5.2698686011936763315e-180
5.6500000000000003553 9.727378504851771548e-183 -9.727378504851771548e-183
5.6600000000000001421 1.711452871700155152e-185 -1.711452871700155152e-185
5.6699999999999999289 2.870166948928290614e-188 -2.870166948928290614e-188
5.6799999999999997158 4.5879898010172679415e-191 -4.5879898010172679415e-191
5.6900000000000003908 6.9905409459546240997e-194 -6.9905409459546240997e-194
5.7000000000000001776 1.0152480517332124562e-196 -1.0152480517332124562e-196
5.7099999999999999645 1.4054214327894571813e-199 -1.4054214327894571813e-199
5.7199999999999997513 1.8544451504269455517e-202 -1.8544451504269455517e-202
5.7300000000000004263 2.3323537026471759028e-205 -2.3323537026471759028e-205
5.7400000000000002132 2.7960685683236898096e-208 -2.7960685683236898096e-208
5.75 3.1950245220784286672e-211 -3.1950245220784286672e-211
5.7599999999999997868 3.4799542482212306893e-214 -3.4799542482212306893e-214
5.7700000000000004619 3.612815806738724872e-217 -3.612815806738724872e-217
5.7800000000000002487 3.5751234442946778375e-220 -3.5751234442946778375e-220
5.7900000000000000355 3.3721678782693254014e-223 -3.3721678782693254014e-223
5.7999999999999998224 3.0317978746355849492e-226 -3.0317978746355849492e-226
5.8100000000000004974 2.5981498848000523647e-229 -2.5981498848000523647e-229
5.8200000000000002842 2.1222720177503996585e-232 -2.1222720177503996585e-232
5.8300000000000000711 1.6523832061201261397e-235 3.994671260443283245e-06
5.8399999999999998579 1.226290500980036345e-238 -1.226290500980036345e-238
5.8500000000000005329 8.6745871112159723895e-242 -8.6745871112159723895e-242
5.8600000000000003197 5.848939206668542591e-245 -5.848939206668542591e-245
5.8700000000000001066 3.7590511758285360119e-248 -3.7590511758285360119e-248
5.8799999999999998934 2.3027786553021399013e-251 -2.3027786553021399013e-251
5.8899999999999996803 1.3446181484314923708e-254 -1.3446181484314923708e-254
5.9000000000000003553 7.4837375527489630185e-258 -7.4837375527489630185e-258
5.9100000000000001421 3.9701866648240862942e-261 -3.9701866648240862942e-261
5.9199999999999999289 2.0075949376797708665e-264 -2.0075949376797708665e-264
5.9299999999999997158 9.6764049850431274245e-268 -9.6764049850431274245e-268
5.9400000000000003908 4.4455423441629440945e-271 1.997335630221642046e-06
5.9500000000000001776 1.946741232558467253e-274 -1.946741232558467253e-274
5.9599999999999999645 8.1257687091858963383e-278 -8.1257687091858963383e-278
5.9699999999999997513 3.2329086250807748908e-281 -3.2329086250807748908e-281
5.9800000000000004263 1.2260131813163699293e-284 -1.2260131813163699293e-284
5.9900000000000002132 4.4316920768874977894e-288 -4.4316920768874977894e-288
6 1.5269215862104857916e-291 -1.5269215862104857916e-291
6.0099999999999997868 5.0146035612195057428e-295 -5.0146035612195057428e-295
6.0200000000000004619 1.5697452562181792877e-298 -1.5697452562181792877e-298
6.0300000000000002487 4.6837580318940672975e-302 -4.6837580318940672975e-302
6.0400000000000000355 1.3320864541009915265e-305 -1.3320864541009915265e-305
6.0499999999999998224 3.6111294368205159249e-309 -3.6111294368205159249e-309
6.0600000000000004974 9.3309609979118987668e-313 -9.3309609979118987668e-313
6.0700000000000002842 2.2981711043194149467e-316 1.997335630221642046e-06
6.0800000000000000711 5.3951968525864122624e-320 -5.3951968525864122624e-320
6.0899999999999998579 9.8813129168249308835e-324 -9.8813129168249308835e-324
6.1000000000000005329 0 0
6.1100000000000003197 0 0
6.1200000000000001066 0 0
6.1299999999999998934 0 0
6.1400000000000005684 0 0
6.1500000000000003553 0 0
6.1600000000000001421 0 0
6.1699999999999999289 0 0
6.1799999999999997158 0 0
6.1900000000000003908 0 0
6.2000000000000001776 0 0
6.2099999999999999645 0 0
6.2199999999999997513 0 0
6.2300000000000004263 0 0
6.2400000000000002132 0 0
6.25 0 0
6.2599999999999997868 0 0
6.2700000000000004619 0 0
6.2800000000000002487 0 0
6.2900000000000000355 0 0
6.2999999999999998224 0 0
6.3100000000000004974 0 0
6.3200000000000002842 0 0
6.3300000000000000711 0 0
6.3399999999999998579 0 0
6.3500000000000005329 0 0
6.3600000000000003197 0 0
6.3700000000000001066 0 0
6.3799999999999998934 0 0
6.3900000000000005684 0 1.997335630221642046e-06
6.4000000000000003553 0 0
6.4100000000000001421 0 0
6.4199999999999999289 0 0
6.4299999999999997158 0 0
6.4400000000000003908 0 0
6.4500000000000001776 0 0
6.4599999999999999645 0 0
6.4699999999999997513 0 0
6.4800000000000004263 0 0
6.4900000000000002132 0 0
6.5 0 0
6.5099999999999997868 0 0
6.5200000000000004619 0 0
6.5300000000000002487 0 0
6.5400000000000000355 0 0
6.5499999999999998224 0 0
6.5600000000000004974 0 0
6.5700000000000002842 0 0
6.5800000000000000711 0 1.997335630221642046e-06
6.5899999999999998579 0 0
6.6000000000000005329 0 0
6.6100000000000003197 0 0
6.6200000000000001066 0 0
6.6299999999999998934 0 0
6.6400000000000005684 0 0
6.6500000000000003553 0 0
6.6600000000000001421 0 1.997335630221642046e-06
6.6699999999999999289 0 0
6.6799999999999997158 0 0
6.6900000000000003908 0 3.994671260443283245e-06
6.7000000000000001776 0 0
6.7099999999999999645 0 0
6.7199999999999997513 0 0
6.7300000000000004263 0 0
6.7400000000000002132 0 0
6.75 0 0
6.7599999999999997868 0 0
6.7700000000000004619 0 1.997335630221642046e-06
6.7800000000000002487 0 0
6.7900000000000000355 0 1.997335630221642046e-06
6.7999999999999998224 0 0
6.8100000000000004974 0 0
6.8200000000000002842 0 0
6.8300000000000000711 0 0
6.8399999999999998579 0 0
6.8500000000000005329 0 0
6.8600000000000003197 0 1.997335630221642046e-06
6.8700000000000001066 0 0
6.8799999999999998934 0 0
6.8900000000000005684 0 0
6.9000000000000003553 0 1.997335630221642046e-06
6.9100000000000001421 0 0
6.9199999999999999289 0 1.997335630221642046e-06
6.9299999999999997158 0 0
6.9400000000000003908 0 0
6.9500000000000001776 0 0
6.9599999999999999645 0 0
6.9699999999999997513 0 0
6.9800000000000004263 0 3.994671260443283245e-06
6.9900000000000002132 0 0
7 0 1.997335630221642046e-06
7.0099999999999997868 0 0
7.0200000000000004619 0 0
7.0300000000000002487 0 0
7.0400000000000000355 0 0
7.0499999999999998224 0 0
7.0600000000000004974 0 0
7.0700000000000002842 0 0
7.0800000000000000711 0 0
7.0899999999999998579 0 0
7.1000000000000005329 0 0
7.1100000000000003197 0 0
7.1200000000000001066 0 1.997335630221642046e-06
7.1299999999999998934 0 1.997335630221642046e-06
7.1400000000000005684 0 0
7.1500000000000003553 0 0
7.1600000000000001421 0 0
7.1699999999999999289 0 0
7.1799999999999997158 0 1.997335630221642046e-06
7.1900000000000003908 0 0
7.2000000000000001776 0 0
7.2099999999999999645 0 0
7.2199999999999997513 0 0
7.2300000000000004263 0 0
7.2400000000000002132 0 0
7.25 0 0
7.2599999999999997868 0 1.997335630221642046e-06
7.2700000000000004619 0 0
7.2800000000000002487 0 0
7.2900000000000000355 0 0
7.2999999999999998224 0 0
7.3100000000000004974 0 0
7.3200000000000002842 0 0
7.3300000000000000711 0 0
7.3399999999999998579 0 0
7.3500000000000005329 0 0
7.3600000000000003197 0 0
7.3700000000000001066 0 0
7.3799999999999998934 0 0
7.3900000000000005684 0 0
7.4000000000000003553 0 0
7.4100000000000001421 0 0
7.4199999999999999289 0 0
7.4299999999999997158 0 0
7.4400000000000003908 0 0
7.4500000000000001776 0 0
7.4599999999999999645 0 0
7.4699999999999997513 0 0
7.4800000000000004263 0 0
7.4900000000000002132 0 0
7.5 0 0
7.5099999999999997868 0 0
7.5200000000000004619 0 0
7.5300000000000002487 0 0
7.5400000000000000355 0 0
7.5499999999999998224 0 1.997335630221642046e-06
7.5600000000000004974 0 0
7.5700000000000002842 0 0
7.5800000000000000711 0 1.997335630221642046e-06
7.5899999999999998579 0 0
7.6000000000000005329 0 0
7.6100000000000003197 0 0
7.6200000000000001066 0 0
7.6299999999999998934 0 0
7.6400000000000005684 0 0
7.6500000000000003553 0 0
7.6600000000000001421 0 0
7.6699999999999999289 0 0
7.6799999999999997158 0 1.997335630221642046e-06
7.6900000000000003908 0 0
7.7000000000000001776 0 0
7.7099999999999999645 0 0
7.7199999999999997513 0 0
7.7300000000000004263 0 0
7.7400000000000002132 0 0
7.75 0 0
7.7599999999999997868 0 0
7.7700000000000004619 0 0
7.7800000000000002487 0 0
7.7900000000000000355 0 0
7.7999999999999998224 0 0
7.8100000000000004974 0 1.997335630221642046e-06
7.8200000000000002842 0 0
7.8300000000000000711 0 0
7.8399999999999998579 0 0
7.8500000000000005329 0 0
7.8600000000000003197 0 0
7.8700000000000001066 0 0
7.8799999999999998934 0 0
7.8900000000000005684 0 0
7.9000000000000003553 0 0
7.9100000000000001421 0 0
7.9199999999999999289 0 0
7.930000000000000604 0 0
7.9400000000000003908 0 0
7.9500000000000001776 0 1.997335630221642046e-06
7.9599999999999999645 0 1.997335630221642046e-06
7.9699999999999997513 0 0
7.9800000000000004263 0 0
7.9900000000000002132 0 0
8 0 0
8.0099999999999997868 0 0
8.0199999999999995737 0 1.997335630221642046e-06
8.0299999999999993605 0 0
8.0400000000000009237 0 0
8.0500000000000007105 0 0
8.0600000000000004974 0 0
8.0700000000000002842 0 1.997335630221642046e-06
8.0800000000000000711 0 0
8.0899999999999998579 0 1.997335630221642046e-06
8.0999999999999996447 0 0
8.1099999999999994316 0 1.997335630221642046e-06
8.1200000000000009948 0 0
8.1300000000000007816 0 0
8.1400000000000005684 0 1.997335630221642046e-06
8.1500000000000003553 0 0
8.1600000000000001421 0 1.997335630221642046e-06
8.1699999999999999289 0 0
8.1799999999999997158 0 0
8.1899999999999995026 0 0
8.1999999999999992895 0 0
8.2100000000000008527 0 0
8.2200000000000006395 0 1.997335630221642046e-06
8.2300000000000004263 0 0
8.2400000000000002132 0 0
8.25 0 0
8.2599999999999997868 0 0
8.2699999999999995737 0 0
8.2799999999999993605 0 0
8.2900000000000009237 0 0
8.3000000000000007105 0 0
8.3100000000000004974 0 0
8.3200000000000002842 0 0
8.3300000000000000711 0 1.997335630221642046e-06
8.3399999999999998579 0 0
8.3499999999999996447 0 0
8.3599999999999994316 0 0
8.3700000000000009948 0 0
8.3800000000000007816 0 1.997335630221642046e-06
8.3900000000000005684 0 1.997335630221642046e-06
8.4000000000000003553 0 0
8.4100000000000001421 0 1.997335630221642046e-06
8.4199999999999999289 0 0
8.4299999999999997158 0 1.997335630221642046e-06
8.4399999999999995026 0 0
8.4499999999999992895 0 1.997335630221642046e-06
8.4600000000000008527 0 0
8.4700000000000006395 0 3.994671260443283245e-06
8.4800000000000004263 0 3.994671260443283245e-06
8.4900000000000002132 0 3.994671260443283245e-06
8.5 0 1.997335630221642046e-06
8.5099999999999997868 0 1.997335630221642046e-06
8.5199999999999995737 0 1.997335630221642046e-06
8.5299999999999993605 0 1.1984013326582500543e-05
8.5400000000000009237 0 1.1984013326582500543e-05
8.5500000000000007105 0 1.1984013326582500543e-05
8.5600000000000004974 0 1.1984013326582500543e-05
8.5700000000000002842 0 9.9866774689871817827e-06
8.5800000000000000711 0 1.5978685041773129592e-05
8.5899999999999998579 0 1.5978685041773129592e-05
8.5999999999999996447 0 1.7976019080379049888e-05
8.6099999999999994316 0 1.9973354937974360177e-05
8.6200000000000009948 0 1.3981349184177819302e-05
8.6300000000000007816 0 2.3968026653165001085e-05
8.6400000000000005684 0 2.5965362510760311374e-05
8.6500000000000003553 0 2.9960032406961548736e-05
8.6600000000000001421 0 1.7976019080379049888e-05
8.6699999999999999289 0 1.7976019080379049888e-05
8.6799999999999997158 0 1.1984013326582500543e-05
8.6899999999999995026 0 1.7976019080379049888e-05
8.7000000000000010658 0 2.796269836835562844e-05
8.7100000000000008527 0 1.1984013326582500543e-05
8.7200000000000006395 0 1.5978685041773129592e-05
8.7300000000000004263 0 1.3981349184177819302e-05
8.7400000000000002132 0 9.9866774689871817827e-06
8.75 0 1.5978685041773129592e-05
8.7599999999999997868 0 1.997335630221642046e-06
8.7699999999999995737 0 9.9866774689871817827e-06
8.7799999999999993605 0 5.9920066632912485772e-06
8.7900000000000009237 0 3.994671260443283245e-06
8.8000000000000007105 0 1.997335630221642046e-06
8.8100000000000004974 0 1.997335630221642046e-06
8.8200000000000002842 0 1.997335630221642046e-06
8.8300000000000000711 0 1.997335630221642046e-06
8.8399999999999998579 0 1.997335630221642046e-06
8.8499999999999996447 0 0
8.8599999999999994316 0 1.997335630221642046e-06
8.8700000000000009948 0 0
8.8800000000000007816 0 0
8.8900000000000005684 0 0
8.9000000000000003553 0 0
8.9100000000000001421 0 0
8.9199999999999999289 0 0
8.9299999999999997158 0 0
8.9399999999999995026 0 0
8.9500000000000010658 0 0
8.9600000000000008527 0 0
8.9700000000000006395 0 0
8.9800000000000004263 0 0
8.9900000000000002132 0 0
9 0 0
9.0099999999999997868 0 0
9.0199999999999995737 0 0
9.0299999999999993605 0 0
9.0400000000000009237 0 0
9.0500000000000007105 0 0
9.0600000000000004974 0 0
9.0700000000000002842 0 0
9.0800000000000000711 0 0
9.0899999999999998579 0 0
9.0999999999999996447 0 0
9.1099999999999994316 0 0
9.1200000000000009948 0 0
9.1300000000000007816 0 0
9.1400000000000005684 0 0
9.1500000000000003553 0 0
9.1600000000000001421 0 0
9.1699999999999999289 0 0
9.1799999999999997158 0 0
9.1899999999999995026 0 0
9.2000000000000010658 0 0
9.2100000000000008527 0 0
9.2200000000000006395 0 0
9.2300000000000004263 0 0
9.2400000000000002132 0 0
9.25 0 0
9.2599999999999997868 0 0
9.2699999999999995737 0 0
9.2799999999999993605 0 0
9.2900000000000009237 0 0
9.3000000000000007105 0 0
9.3100000000000004974 0 0
9.3200000000000002842 0 0
9.3300000000000000711 0 0
9.3399999999999998579 0 0
9.3499999999999996447 0 0
9.3599999999999994316 0 0
9.3700000000000009948 0 0
9.3800000000000007816 0 0
9.3900000000000005684 0 0
9.4000000000000003553 0 0
9.4100000000000001421 0 0
9.4199999999999999289 0 0
9.4299999999999997158 0 0
9.4399999999999995026 0 0
9.4500000000000010658 0 0
9.4600000000000008527 0 0
9.4700000000000006395 0 0
9.4800000000000004263 0 0
9.4900000000000002132 0 0
9.5 0 0
9.5099999999999997868 0 0
9.5199999999999995737 0 0
9.5299999999999993605 0 0
9.5400000000000009237 0 0
9.5500000000000007105 0 0
9.5600000000000004974 0 0
9.5700000000000002842 0 0
9.5800000000000000711 0 0
9.5899999999999998579 0 0
9.5999999999999996447 0 0
9.6099999999999994316 0 0
9.6200000000000009948 0 0
9.6300000000000007816 0 0
9.6400000000000005684 0 0
9.6500000000000003553 0 0
9.6600000000000001421 0 0
9.6699999999999999289 0 0
9.6799999999999997158 0 0
9.6899999999999995026 0 0
9.7000000000000010658 0 0
9.7100000000000008527 0 0
9.7200000000000006395 0 0
9.7300000000000004263 0 0
9.7400000000000002132 0 0
9.75 0 0
9.7599999999999997868 0 0
9.7699999999999995737 0 0
9.7799999999999993605 0 0
9.7900000000000009237 0 0
9.8000000000000007105 0 0
9.8100000000000004974 0 0
9.8200000000000002842 0 0
9.8300000000000000711 0 0
9.8399999999999998579 0 0
9.8499999999999996447 0 0
9.8599999999999994316 0 0
9.8700000000000009948 0 0
9.8800000000000007816 0 0
9.8900000000000005684 0 0
9.9000000000000003553 0 0
9.9100000000000001421 0 0
9.9199999999999999289 0 0
9.9299999999999997158 0 0
9.9399999999999995026 0 0
9.9500000000000010658 0 0
9.9600000000000008527 0 0
9.9700000000000006395 0 0
9.9800000000000004263 0 0
9.9900000000000002132 0 0
10 0 0
10.009999999999999787 0 0
10.019999999999999574 0 0
10.029999999999999361 0 0
10.040000000000000924 0 0
10.050000000000000711 0 0
10.060000000000000497 0 0
10.070000000000000284 0 0
10.080000000000000071 0 0
10.089999999999999858 0 0
10.099999999999999645 0 0
10.109999999999999432 0 0
10.120000000000000995 0 0
10.130000000000000782 0 0
10.140000000000000568 0 0
10.150000000000000355 0 0
10.160000000000000142 0 0
10.169999999999999929 0 0
10.179999999999999716 0 0
10.189999999999999503 0 0
10.200000000000001066 0 0
10.210000000000000853 0 0
10.220000000000000639 0 0
10.230000000000000426 0 0
