0 2.04903349893898897e-07 -2.04903349893898897e-07
0.010000000000000000208 3.0112913976854755994e-07 -3.0112913976854755994e-07
0.020000000000000000416 4.381408662344958264e-07 -4.381408662344958264e-07
0.02999999999999999889 6.3115248538761095712e-07 -6.3115248538761095712e-07
0.040000000000000000833 9.0019539835798175573e-07 -9.0019539835798175573e-07
0.050000000000000002776 1.2717425232016616286e-06 -1.2717425232016616286e-06
0.05999999999999999778 1.7842993830371396367e-06 -1.7842993830371396367e-06
0.070000000000000006661 2.5201340617382264986e-06 -2.5201340617382264986e-06
0.080000000000000001665 3.7743264023100787181e-06 -3.7743264023100787181e-06
0.089999999999999996669 6.7700802898849213202e-06 -6.7700802898849213202e-06
0.10000000000000000555 1.5928514733158891543e-05 -1.5928514733158891543e-05
0.11000000000000000056 4.3874607073188431536e-05 -4.3874607073188431536e-05
0.11999999999999999556 0.00011750307699896762978 -0.00011750307699896762978
0.13000000000000000444 0.00027553190058557109872 -0.00027553190058557109872
0.14000000000000001332 0.00054307837708053878414 -0.00054307837708053878414
0.14999999999999999445 0.00088674784856061696775 -0.00070628513858332544334
0.16000000000000000333 0.0011934636944924063677 -0.0010250318386378280515
0.17000000000000001221 0.0013227072950240381915 -0.0011803422703661181885
0.17999999999999999334 0.0012096128644970298351 -0.0011093558074407332183
0.19000000000000000222 0.00091933842469812390372 -0.0008511636258998422043
0.2000000000000000111 0.00059267890636068314061 -0.00048841156702213465914
0.20999999999999999223 0.00034295579792928003503 -0.00029282726940113172663
0.22000000000000000111 0.00020376250348521149488 -0.00015162883381593725415
0.23000000000000000999 0.00015012098137054342897 -0.00012004386425365444393
0.23999999999999999112 0.00014338149052863877349 -0.00011530951455287572079
0.25 0.00015663738218209426515 -0.00013859111191196087413
0.26000000000000000888 0.00017716540944209862229 -0.0001611242803130911636
0.27000000000000001776 0.00020035717641331065599 -0.00018632118842542912964
0.28000000000000002665 0.00022471449975316570673 -0.0002066682294830323157
0.28999999999999998002 0.00024958521395658273294 -0.00023153894368644934191
0.2999999999999999889 0.00027445786564416011768 -0.00024839103080952299732
0.30999999999999999778 0.00029880694845055657573 -0.00026271440791028979368
0.32000000000000000666 0.00032207931780962179014 -0.00030002276525723653444
0.33000000000000001554 0.00034370989500466346545 -0.00030360707218214481873
0.34000000000000002442 0.00036314350367292196238 -0.00032905610427378111267
0.35000000000000003331 0.00037985825617361504338 -0.00033173486878659266732
0.35999999999999998668 0.00039338872418089016305 -0.00034727047793499371932
0.36999999999999999556 0.00040334742731388146262 -0.00034720347536235535721
0.38000000000000000444 0.00040944325532877602885 -0.00036131986794175365279
0.39000000000000001332 0.00041149560230181481688 -0.00035936193263254057615
0.4000000000000000222 0.00040944325532877602885 -0.0003733507147885092468
0.41000000000000003109 0.00040334742731388146262 -0.00035923432220911095123
0.41999999999999998446 0.000393388724180889892 -0.00034727047793499344827
0.42999999999999999334 0.00037985825617360241243 -0.00031970402193982444235
0.44000000000000000222 0.00036314350367251067029 -0.00033106124541449575291
0.4500000000000000111 0.00034370989499367551011 -0.00030761735445340872806
0.46000000000000001998 0.00032207931756906036736 -0.00028398163588766765298
0.47000000000000002887 0.00029880694413472898676 -0.00026872982701784000172
0.47999999999999998224 0.00027445780219430835397 -0.00025240124964192309828
0.48999999999999999112 0.0002495844495480185085 -0.00021750219129000359112
0.5 0.00022470695319573973244 -0.00019663497721997667974
0.51000000000000000888 0.00020029612431095639353 -0.00016420358377068961148
0.52000000000000001776 0.0001767606651138799959 -0.00014668354799699101086
0.53000000000000002665 0.00015443856397207654627 -0.00013639229370194315524
0.54000000000000003553 0.00013359276200989081938 -0.00012156191516313522537
0.55000000000000004441 0.00011441083351980967542 -0.00010037484553192814907
0.56000000000000005329 9.7008193408140174266e-05 -8.4977346561384580251e-05
0.57000000000000006217 8.1434180526589465716e-05 -6.7398192538707939366e-05
0.57999999999999996003 6.7680271245893410957e-05 -5.163914211688595227e-05
0.58999999999999996891 5.5689651128752534087e-05 -3.7643380858619143064e-05
0.5999999999999999778 4.5367406243257865877e-05 -3.5341700537628204198e-05
0.60999999999999998668 3.6590677434528761443e-05 -3.0575254011150964435e-05
0.61999999999999999556 2.9218236238634981211e-05 -1.7187389391879390584e-05
0.63000000000000000444 2.3099074991246678934e-05 -5.0528047211132879116e-06
0.64000000000000001332 1.8079741965748996889e-05 -4.0437539778674671501e-06
0.6500000000000000222 1.401028318288123414e-05 -3.9845774772515741544e-06
0.66000000000000003109 1.0748766921896629346e-05 3.2872210659849003929e-06
0.67000000000000003997 8.1644592224547864125e-06 -2.1490357990769894049e-06
0.68000000000000004885 6.1397862144109526791e-06 5.8910606323446379479e-06
0.69000000000000005773 4.5712620798672227684e-06 3.4493024846365065751e-06
0.70000000000000006661 3.3695820740914421637e-06 1.0666405913790087575e-05
0.70999999999999996447 2.459081959383948792e-06 1.3582047169623509471e-05
0.71999999999999997335 1.7767528256112017715e-06 1.0254094021144389491e-05
0.72999999999999998224 1.2709781146373205107e-06 8.7547275909923394745e-06
0.73999999999999999112 9.0013194850609003609e-07 1.1130714898249500803e-05
0.75 6.3114816956002463326e-07 1.3404839818321505953e-05
0.76000000000000000888 4.3814062567308278891e-07 1.1592706221082507362e-05
0.77000000000000001776 3.0112912878060826336e-07 9.7245765768490520395e-06
0.78000000000000002665 2.0490334948262141419e-07 1.3831084638398908457e-05
0.79000000000000003553 1.3803918747051197864e-07 1.7908231082662877615e-05
0.80000000000000004441 9.206886245665658916e-08 1.3943919125424873679e-05
0.81000000000000005329 6.0796728017436151088e-08 1.9443444131084958407e-06
0.82000000000000006217 3.9747030027516422608e-08 9.9859586756021429075e-06
0.83000000000000007105 2.5726825775719320877e-08 3.9845554564761453045e-06
0.83999999999999996891 1.6486359829446202161e-08 3.9937959224224187376e-06
0.8499999999999999778 1.0459727974284375862e-08 1.0015245977655375302e-05
0.85999999999999998668 6.5701162211620536903e-09 1.2024276730534428118e-05
0.86999999999999999556 4.0858532156108805962e-09 1.0021619852414048678e-05
0.88000000000000000444 2.5156459310605633757e-09 1.2028331200824530023e-05
0.89000000000000001332 1.5334630545014045385e-09 1.4034454524827028407e-05
0.9000000000000000222 9.2545256839400817831e-10 1.0024780253061265446e-05
0.91000000000000003109 5.5295789035861984366e-10 1.2030293888865232823e-05
0.92000000000000003997 3.2710486284979698627e-10 8.0202374596408798754e-06
0.93000000000000004885 1.9157506784241120621e-10 6.0152318483099546982e-06
0.94000000000000005773 1.1108310790036048921e-10 1.0025594622521759975e-05
0.95000000000000006661 6.3769660148619437986e-11 6.0153596537176487753e-06
0.95999999999999996447 3.624409244483906941e-11 1.4035951743789085649e-05
0.96999999999999997335 2.0394703830242861879e-11 6.015403028673966763e-06
0.97999999999999998224 1.136199576019073451e-11 1.0025694343633899039e-05
0.98999999999999999112 6.2668440773166012077e-12 1.0025699438785582688e-05
1 3.4221591455608737947e-12 8.0205611423445837915e-06
1.0100000000000000089 1.8501569087161944625e-12 1.0025703855472750797e-05
1.0200000000000000178 9.903163922558586747e-13 1.2030845856439198842e-05
1.0300000000000000266 5.2480313506710989178e-13 1.8046269745330255775e-05
1.0400000000000000355 2.7534419373025324759e-13 8.0205642891595355548e-06
1.0500000000000000444 1.4302517446276778951e-13 1.2030846703730416607e-05
1.0600000000000000533 7.3553980624622730447e-14 2.0051411337705340359e-05
1.0700000000000000622 3.7450481514375853266e-14 1.0025705668179179036e-05
1.0800000000000000711 1.8878540442287647727e-14 1.2030846827877050742e-05
1.0900000000000000799 9.4221903915884164975e-15 1.203084683733339941e-05
1.1000000000000000888 4.6567035480615197408e-15 8.0205645598470251084e-06
1.1100000000000000977 2.2810860588869011651e-15 1.8046270267852304191e-05
1.1200000000000001066 1.1130139044766043993e-15 4.0102822811388506735e-06
1.1300000000000001155 5.5543686090488793021e-16 1.6041129128452021914e-05
1.1400000000000001243 3.2023189994015635313e-16 1.0025705705309427321e-05
1.1500000000000001332 2.9530497929902690364e-16 1.8046270269838084844e-05
1.1599999999999999201 5.0241404357495617762e-16 8.0205645640013151389e-06
1.1699999999999999289 1.1372916191025611588e-15 1.6041129127870167877e-05
1.1799999999999999378 2.731884400674365364e-15 1.2030846844023706084e-05
1.1899999999999999467 6.556995828309025978e-15 1.0025705699072664438e-05
1.1999999999999999556 1.5537243524485794595e-14 1.6041129113470214751e-05
1.2099999999999999645 3.626469273698222119e-14 6.0154233871131045867e-06
1.2199999999999999734 8.3339406034395440857e-14 2.2056552469045853421e-05
1.2299999999999999822 1.8855518522583207938e-13 8.0205643759485438808e-06
1.2399999999999999911 4.1999264661075004866e-13 1.6041128709014811527e-05
1.25 9.2099818982140158681e-13 1.4035987066883339578e-05
1.2600000000000000089 1.9883347925514363061e-12 1.4035985999546736567e-05
1.2700000000000000178 4.2260423726007248611e-12 1.4035983761839157044e-05
1.2800000000000000266 8.8428401286050881607e-12 1.4035979145041400435e-05
1.2900000000000000355 1.821643082076639575e-11 1.2030828630324770178e-05
1.3000000000000000444 3.6944380901601159394e-11 1.2030809902374688198e-05
1.3100000000000000533 7.3764446245860870853e-11 2.406161992906494617e-05
1.3200000000000000622 1.4499711747476713673e-10 4.0101372851343898099e-06
1.3300000000000000711 2.8059843182374132289e-10 1.4035707389449705621e-05
1.3400000000000000799 5.3459476223536928818e-10 6.0148888286155620565e-06
1.3500000000000000888 1.0027155455437016122e-09 1.0024702990084116268e-05
1.3600000000000000977 1.8515881197470941946e-09 1.2028995258635842962e-05
1.3700000000000001066 3.3660813836883544772e-09 1.2027480765371901714e-05
1.3800000000000001155 6.0244641893039150546e-09 1.402996352369222609e-05
1.3900000000000001243 1.0615142565058097817e-08 1.6030513986442400859e-05
1.4000000000000001332 1.8413944260769029564e-08 1.2012432902494821075e-05
1.4099999999999999201 3.1447158238285046574e-08 1.1999399688517305441e-05
1.4199999999999999289 5.287246722098013452e-08 7.967692097282748481e-06
1.4299999999999999378 8.7516781172093167956e-08 9.9381889244575672408e-06
1.4399999999999999467 1.4261548542034586648e-07 1.7903654784713043859e-05
1.4499999999999999556 2.2879979008588772794e-07 2.383289390342530512e-05
1.4599999999999999645 3.613750358206420604e-07 7.6591895286830876007e-06
1.4699999999999999734 5.6191970595969625071e-07 1.1468927140795895223e-05
1.4799999999999999822 8.6020896892702309913e-07 1.1170637877828567104e-05
1.4899999999999999911 1.2964245872013129715e-06 4.7189988361764840361e-06
1.5 1.9235529267726162478e-06 6.0970116377311130956e-06
1.5100000000000000089 2.8097948411120302723e-06 9.2210520056435612017e-06
1.5200000000000000178 4.040719187983417484e-06 3.9798453765203118594e-06
1.5300000000000000266 5.720794111130916413e-06 6.310052735624674214e-06
1.5400000000000000355 7.9738406945226161728e-06 2.0518650111070438124e-06
1.5500000000000000444 1.0941890910284153787e-05 1.0889559364714368396e-06
1.5600000000000000533 1.4781918217374924942e-05 7.2746343350103341406e-06
1.5700000000000000622 1.9659967637560003172e-05 -7.6291207908044125449e-06
1.5800000000000000711 2.5742361860122089148e-05 -1.5716656154492430857e-05
1.5900000000000000799 3.318391116093064513e-05 -2.5163346596426915786e-05
1.6000000000000000888 4.211340355715825957e-05 -3.8103121274906394899e-05
1.6100000000000000977 5.261707488090873263e-05 -4.6601651457530935622e-05
1.6200000000000001066 6.4721213055697114115e-05 -6.2716071914571181779e-05
1.6300000000000001155 7.837547485591078516e-05 -6.6344628009155191145e-05
1.6400000000000001243 9.3438812522773153106e-05 -8.3413106817143491427e-05
1.6500000000000001332 0.00010967004578601888222 -9.1623775515885491193e-05
1.6600000000000001421 0.00012672500816978006901 -0.00011870444360527633966
1.6699999999999999289 0.00014416180783405037683 -0.0001261155375639169858
1.6799999999999999378 0.00016145507499053609766 -0.00014741908700265457131
1.6899999999999999467 0.00017801916938562314008 -0.00015395747569211195205
1.6999999999999999556 0.00019323928810166058137 -0.00015915188870251973166
1.7099999999999999645 0.00020650837831308896733 -0.0001824466846195777793
1.7199999999999999734 0.00021726687230961595505 -0.00019721546089835663169
1.7299999999999999822 0.00022504166769292003941 -0.00019496455057603105437
1.7399999999999999911 0.00022948058666622954448 -0.00019940346954934055944
1.75 0.00023037882253549758099 -0.00021032741112423825763
1.7600000000000000089 0.00022769460780729892241 -0.00020363291411378773438
1.7700000000000000178 0.00022155243440864373682 -0.00019548559957400661645
1.7800000000000000266 0.00021223348023426477508 -0.0001801512219762498577
1.7900000000000000355 0.00020015426740354328632 -0.0001881234205567876923
1.8000000000000000444 0.00018583580830533791739 -0.00017380496145858232338
1.8100000000000000533 0.00016986642115084069917 -0.00015783557430408510515
1.8200000000000000622 0.00015286190292309608549 -0.00013281049151183676213
1.8300000000000000711 0.00013542678709873234248 -0.0001254010813931026808
1.8400000000000000799 0.00011812001072660389131 -0.00011009944616210016197
1.8500000000000000888 0.00010142755791570041762 -8.9396711068944823605e-05
1.8600000000000000977 8.574366624366101179e-05 -6.9702537114653553103e-05
1.8700000000000001066 7.1361129964359922137e-05 -6.1335424258730260457e-05
1.8800000000000001155 5.847025341521709538e-05 -4.84445477095874337e-05
1.8900000000000001243 4.7165215472705019956e-05 -3.5134368625949432717e-05
1.9000000000000001332 3.74560743495501119e-05 -2.3420086361668582161e-05
1.9100000000000001421 2.9284396799577248161e-05 -2.3268973376199451154e-05
1.9199999999999999289 2.2540518200445357606e-05 -4.4942479303119665837e-06
1.9299999999999999378 1.70806777131907651e-05 -3.0446897253092353609e-06
1.9399999999999999467 1.2742653951762293569e-05 -4.7220893872585642255e-06
1.9499999999999999556 9.3589746107441740318e-06 4.6770133771373557073e-06
1.9599999999999999645 6.7672191014275482693e-06 1.12790511687058436e-05
1.9699999999999999734 4.8173233190265248526e-06 7.2135235277290657744e-06
1.9799999999999999822 3.3760972001115404387e-06 8.6547496466440501883e-06
1.9899999999999999911 2.3293657045108605919e-06 3.6860577188669364157e-06
2 1.5822459806919162264e-06 1.0448600866063673765e-05
2.0100000000000002309 1.0580931774781625965e-06 8.9676125281514969652e-06
2.0200000000000000178 6.9660632899009480988e-07 1.9354805082269223678e-05
2.0300000000000002487 4.5150701947085262909e-07 7.5690575450328764496e-06
2.0400000000000000355 2.8810791271937576459e-07 1.3747880075162154239e-05
2.0499999999999998224 1.8099203140582123104e-07 5.8344313919719758559e-06
2.0600000000000000533 1.1193794035950799401e-07 5.9034854830182894106e-06
2.0699999999999998401 6.8156731874638157709e-08 9.9575489737550210731e-06
2.0800000000000000711 4.0855806946392581838e-08 3.9694264753054723347e-06
2.0899999999999998579 2.4110844187110153643e-08 1.6017018284820349678e-05
2.1000000000000000888 1.4008274039573549788e-08 1.2016838572716016887e-05
2.1099999999999998757 8.0125440591423191845e-09 1.9971285970667895898e-06
2.1200000000000001066 4.5120075840402292726e-09 1.4031475980297488922e-05
2.1299999999999998934 2.50139801089041453e-09 8.0180631664928392875e-06
2.1400000000000001243 1.3652411444996770824e-09 1.0024340464485161127e-05
2.1499999999999999112 7.3358345039508599436e-10 1.8045536686682997127e-05
2.1600000000000001421 3.8806392402734262857e-10 1.8045882206209364865e-05
2.1699999999999999289 2.0210199728367369533e-10 1.0025503603632375768e-05
2.1800000000000001599 1.0362189468755077499e-10 8.0204609426090426265e-06
2.1899999999999999467 5.2305341417274604596e-11 2.0051359105917902694e-05
2.2000000000000001776 2.599286447508212891e-11 1.002567971276518467e-05
2.2099999999999999645 1.2716741183601341539e-11 1.0025692988888476546e-05
2.2200000000000001954 6.1250707747756324234e-12 1.2030840721684815005e-05
2.2299999999999999822 2.904423747523869169e-12 1.4035985083457781656e-05
2.2400000000000002132 1.3558836868784294897e-12 1.4035986631997842349e-05
2.25 6.2315843942927654855e-13 1.002570508247122053e-05
2.2600000000000002309 2.8196039826304836606e-13 8.0205642825433307106e-06
2.2700000000000000178 1.2560049137818505117e-13 8.0205644389032376934e-06
2.2800000000000002487 5.5081803357433463911e-14 1.2030846791673786844e-05
2.2900000000000000355 2.3781462071667898982e-14 1.6041129105225995641e-05
2.3000000000000002665 1.0108402837672354883e-14 1.6041129118899055586e-05
2.3100000000000000533 4.2299975861233443842e-15 1.2030846842525592792e-05
2.3199999999999998401 1.7426544793424377042e-15 6.0154234216351427621e-06
2.3300000000000000711 7.0679919011286510562e-16 1.6041129128300660514e-05
2.3399999999999998579 2.8222428945393780576e-16 1.8046270269851166421e-05
2.3500000000000000888 1.1094463923158650451e-16 4.0102822821409202963e-06
2.3599999999999998757 4.2937014631266773824e-17 8.0205645644607915493e-06
2.3700000000000001066 1.635953505759714108e-17 1.2030846846739231033e-05
2.3799999999999998934 6.1365412409528492719e-18 1.604112912900132278e-05
2.3900000000000001243 2.2661567496403809737e-18 2.0051411411236656757e-06
2.3999999999999999112 8.2389112541791823013e-19 1.0025705705628836669e-05
2.4100000000000001421 2.9489220439418647963e-19 1.0025705705629365218e-05
2.4199999999999999289 1.039131111761652038e-19 1.0025705705629556647e-05
2.4300000000000001599 3.6048814960908855172e-20 2.4061693693511154149e-05
2.4399999999999999467 1.2311904164091684659e-20 2.0051411411259306418e-05
2.4500000000000001776 4.1397398383736151232e-21 1.2030846846755587239e-05
2.4599999999999999645 1.3703593271961073258e-21 1.4035987987881528045e-05
2.4700000000000001954 4.4659047934574998857e-22 1.0025705705629659985e-05
2.4799999999999999822 1.4328411624238943416e-22 1.0025705705629659985e-05
2.4900000000000002132 4.5258507420064875527e-23 4.0102822822518646717e-06
2.5 1.407394968313265579e-23 1.6041129129007458687e-05
2.5100000000000002309 4.3086910006805450515e-24 1.0025705705629659985e-05
2.5200000000000000178 1.298638560013474001e-24 8.0205645645037293434e-06
2.5300000000000002487 3.8534065157051682722e-25 1.0025705705629659985e-05
2.5400000000000000355 1.1256799987725151131e-25 1.2030846846755590627e-05
2.5500000000000002665 3.2374171316800421994e-26 2.4061693693511191418e-05
2.5600000000000000533 9.1663399638495183479e-27 8.0205645645037293434e-06
2.5699999999999998401 2.5550938060587932151e-27 2.0051411411259319123e-06
2.5800000000000000711 7.0118291693869153537e-28 1.8046270270133391023e-05
2.5899999999999998579 1.8943900028630306861e-28 6.0154234233777970076e-06
2.6000000000000000888 5.0387295488966353059e-29 1.6041129129007458687e-05
2.6099999999999998757 1.3194298120741524988e-29 1.0025705705629659985e-05
2.6200000000000001066 3.4014580999895153758e-30 1.2030846846755590627e-05
2.6299999999999998934 8.6329166413284938734e-31 2.0051411411259319123e-06
2.6400000000000001243 2.1570666191245384975e-31 1.4035987987881529739e-05
2.6499999999999999112 5.3061944088938656355e-32 2.0051411411259319123e-06
2.6600000000000001421 1.2850391114737016254e-32 2.6066834834637120366e-05
2.6699999999999999289 3.0638191286600302381e-33 8.0205645645037293434e-06
2.6800000000000001599 7.1915663131766165244e-34 1.0025705705629659985e-05
2.6899999999999999467 1.6618715166574816351e-34 1.0025705705629659985e-05
2.7000000000000001776 3.7808111771775843157e-35 1.8046270270133391023e-05
2.7099999999999999645 8.4681027860149556286e-36 1.2030846846755590627e-05
2.7200000000000001954 1.8672430101470107885e-36 1.0025705705629659985e-05
2.7299999999999999822 4.0534904367743506995e-37 1.8046270270133391023e-05
2.7400000000000002132 8.6630546072084578701e-38 8.0205645645037293434e-06
2.75 1.8227476208414802587e-38 1.2030846846755590627e-05
2.7600000000000002309 3.7756838037246447462e-39 1.8046270270133391023e-05
2.7700000000000000178 7.6997794002051560982e-40 1.4035987987881529739e-05
2.7800000000000002487 1.5458755822962422337e-40 1.0025705705629659985e-05
2.7900000000000000355 3.0555147241498623301e-41 1.0025705705629659985e-05
2.8000000000000002665 5.945765999818254445e-42 1.0025705705629659985e-05
2.8100000000000000533 1.1390553662263178535e-42 6.0154234233777970076e-06
2.8199999999999998401 2.148302552498066646e-43 1.4035987987881529739e-05
2.8300000000000000711 3.9889596508216874607e-44 1.6041129129007458687e-05
2.8399999999999998579 7.2918450445850151536e-45 1.0025705705629659985e-05
2.8500000000000000888 1.3122869430080094569e-45 1.0025705705629659985e-05
2.8599999999999998757 2.3250579039601487976e-46 8.0205645645037293434e-06
2.8700000000000001066 4.0555739749247570968e-47 6.0154234233777970076e-06
2.8799999999999998934 6.964412248284149058e-48 1.6041129129007458687e-05
2.8900000000000001243 1.1774167305762595843e-48 8.0205645645037293434e-06
2.8999999999999999112 1.959699688195972583e-49 1.2030846846755590627e-05
2.9100000000000001421 3.2111636077028743246e-50 8.0205645645037293434e-06
2.9199999999999999289 5.1802287748679723084e-51 1.0025705705629659985e-05
2.9300000000000001599 8.2271712980068270476e-52 1.2030846846755590627e-05
2.9399999999999999467 1.2871761618812261372e-52 1.2030846846755590627e-05
2.9500000000000001776 2.2003099376793500377e-53 1.2030846846755590627e-05
2.9599999999999999645 5.9675045790966356935e-53 1.6041129129007458687e-05
2.9700000000000001954 1.3911610821212918604e-51 4.0102822822518646717e-06
2.9799999999999999822 3.2536442029359093059e-50 1.4035987987881529739e-05
2.9900000000000002132 7.2574488063713327005e-49 6.0154234233777970076e-06
3 1.5434245907757616109e-47 8.0205645645037293434e-06
3.0100000000000002309 3.1295151585473367863e-46 4.0102822822518646717e-06
3.0200000000000000178 6.050101096177511776e-45 1.2030846846755590627e-05
3.0300000000000002487 1.1151827239331276415e-43 1.4035987987881529739e-05
3.0400000000000000355 1.9598884429737484317e-42 8.0205645645037293434e-06
3.0500000000000002665 3.2841491953470707099e-41 1.0025705705629659985e-05
3.0600000000000000533 5.2471697593507281381e-40 1.0025705705629659985e-05
3.0700000000000002842 7.9936069881790460355e-39 8.0205645645037293434e-06
3.0800000000000000711 1.1611300991732609832e-37 8.0205645645037293434e-06
3.0899999999999998579 1.6082168997082326783e-36 1.2030846846755590627e-05
3.1000000000000000888 2.1239266704224836111e-35 4.0102822822518646717e-06
3.1099999999999998757 2.6746772440779591612e-34 6.0154234233777970076e-06
3.1200000000000001066 3.2117840911951159666e-33 8.0205645645037293434e-06
3.1299999999999998934 3.677654008112671554e-32 1.8046270270133391023e-05
3.1400000000000001243 4.0156125213759873868e-31 1.6041129129007458687e-05
3.1499999999999999112 4.1811559978020378604e-30 1.6041129129007458687e-05
3.1600000000000001421 4.151568854917381604e-29 6.0154234233777970076e-06
3.1699999999999999289 3.931040736126232243e-28 8.0205645645037293434e-06
3.1800000000000001599 3.5496937731466522421e-27 1.4035987987881529739e-05
3.1899999999999999467 3.0568310557000271728e-26 1.2030846846755590627e-05
3.2000000000000001776 2.5104925112502306479e-25 1.4035987987881529739e-05
3.2099999999999999645 1.9663632214428909056e-24 1.4035987987881529739e-05
3.2200000000000001954 1.4689159119735770765e-23 1.0025705705629659985e-05
3.2299999999999999822 1.0465749060903742337e-22 1.2030846846755590627e-05
3.2400000000000002132 7.1120780335340201078e-22 1.8046270270133391023e-05
3.25 4.6098738050087772026e-21 8.0205645645037242612e-06
3.2600000000000002309 2.8501149515828597448e-20 6.0154234233777682084e-06
3.2700000000000000178 1.6808621072016819296e-19 1.2030846846755422914e-05
3.2800000000000002487 9.4561617688223968311e-19 1.6041129129006513398e-05
3.2900000000000000355 5.0749154293438811345e-18 1.4035987987876454318e-05
3.3000000000000002665 2.5983237803158091803e-17 6.0154234233518134249e-06
3.3100000000000000533 1.2691976796018229694e-16 1.203084684662867121e-05
3.3200000000000002842 5.9150653623847430219e-16 1.6041129128415951863e-05
3.3300000000000000711 2.6303210586084693993e-15 1.0025705702999338081e-05
3.3399999999999998579 1.1161015408321753749e-14 4.0102822710908494919e-06
3.3500000000000000888 4.5193248937773607209e-14 1.604112908381420891e-05
3.3599999999999998757 1.7464259250385920666e-13 6.0154232487352047836e-06
3.3700000000000001066 6.4412231247460600747e-13 2.0051404970036192892e-06
3.3799999999999998934 2.267598948519235986e-12 1.0025703438030711271e-05
3.3900000000000001243 7.6205410195086903631e-12 6.0154158028367774695e-06
3.3999999999999999112 2.4449680555258876672e-11 8.0205401148231747249e-06
3.4100000000000001421 7.4899578825523339911e-11 1.0025630806050835035e-05
3.4199999999999999289 2.1910929050514218843e-10 1.0025486596339154596e-05
3.4300000000000001599 6.1218131958029521229e-10 1.002509352431007988e-05
3.4399999999999999467 1.6338302440971396901e-09 1.0024071875385562647e-05
3.4500000000000001776 4.1659992201423694943e-09 6.0112574241576549359e-06
3.4599999999999999645 1.0150886069146852486e-08 1.0015554819560513027e-05
3.4700000000000001954 2.3640631174596818146e-08 1.2007206215580993653e-05
3.4799999999999999822 5.2637434868133096633e-08 1.1978209411887457894e-05
3.4900000000000002132 1.1208187819378434808e-07 1.1918764968561805723e-05
3.5 2.2830857047759919482e-07 2.182824398190766002e-05
3.5100000000000002309 4.4505692689697380706e-07 2.1611495625488285911e-05
3.5200000000000000178 8.3061227437301879256e-07 1.9220799136886302343e-05
3.5300000000000002487 1.4848401051446353861e-06 1.4556289023862823724e-05
3.5400000000000000355 2.5438961152745965384e-06 1.5502374154858793214e-05
3.5500000000000002665 4.1795828498027268904e-06 9.8564051380788028487e-06
3.5600000000000000533 6.5901856853577584243e-06 -5.747622619799614167e-07
3.5700000000000002842 9.9806610152422672389e-06 4.0553269726392625002e-06
3.5800000000000000711 1.4532485840789596991e-05 5.5189255704697229792e-06
3.5899999999999998579 2.0366957271639240195e-05 -1.6356674989387375523e-05
3.6000000000000000888 2.7509230541301171578e-05 -7.4578191300418516076e-06
3.6099999999999998757 3.5862458712753176031e-05 -1.9821329583745717344e-05
3.6200000000000001066 4.5200758956573925708e-05 -3.3169912109818331693e-05
3.6299999999999998934 5.5185943836660433098e-05 -4.7165379272156703755e-05
3.6400000000000001243 6.5406864840937976369e-05 -5.1370876853056450019e-05
3.6499999999999999112 7.5433789065422276218e-05 -6.1397801077540749867e-05
3.6600000000000001421 8.4875806639980765685e-05 -6.8834677510973306998e-05
3.6699999999999999289 9.3428522560016282221e-05 -9.1423381418890349885e-05
3.6800000000000001599 0.00010090246420231673984 -7.8845911649931484143e-05
3.6899999999999999467 0.00010722844525550928553 -9.118731612650182684e-05
3.7000000000000001776 0.00011244237050468394517 -0.00010241666479905428349
3.7099999999999999645 0.00011665653444987261181 -9.6605123038613288449e-05
3.7200000000000001954 0.00012002618307698516406 -0.00011401075965360736705
3.7299999999999999822 0.00012271903419797214698 -0.00011469846963346841764
3.7400000000000002132 0.00012489260524117825712 -0.0001068463349710448661
3.75 0.00012668093112620551727 -0.00010662951971494619391
3.7600000000000002309 0.00012818966100179628263 -0.00011415367301391475627
3.7700000000000000178 0.00012949711643375709622 -0.00011947141072812743454
3.7800000000000002487 0.00013065862738458630752 -0.00012865348624346037518
3.7900000000000000355 0.00013171195108364650386 -0.00012369138651914277451
3.8000000000000002665 0.00013268236660855765386 -0.00012867208432630578918
3.8100000000000000533 0.00013358678027461940298 -0.00011353536886336007962
3.8200000000000002842 0.00013443670321075751285 -0.0001204007152228759865
3.8300000000000000711 0.00013524024786438099697 -0.00012521454215875133529
3.8399999999999998579 0.00013600339027781943981 -0.00012597768457218977813
3.8500000000000000888 0.00013673073677557948439 -0.00012469988992882389037
3.8599999999999998757 0.00013742598063255613496 -0.00013542083949143020262
3.8700000000000001066 0.00013809217513877420258 -0.00013207675171539640557
3.8799999999999998934 0.00013873190151456857343 -0.00012870619580893891175
3.8900000000000001243 0.00013934737718711328182 -0.00012932167148148362014
3.8999999999999999112 0.00013994052967255718976 -0.00012189425940242379874
3.9100000000000001421 0.00014051304978350738235 -0.00013048734407787772067
3.9199999999999999289 0.00014106643167180761404 -0.00013505100824842981703
3.9300000000000001599 0.0001416020039655891999 -0.0001416020039655891999
3.9399999999999999467 0.00014212095456012696138 -0.00013610553113674916438
3.9500000000000001776 0.00014262435071210133666 -0.00013259864500647167498
3.9599999999999999645 0.00014311315558434165788 -0.00013910287330208979321
3.9700000000000001954 0.0001435882421168377767 -0.00013155739527008218268
3.9799999999999999822 0.00014405040499367475029 -0.00014004012271142288562
3.9900000000000002132 0.00014450037153185493906 -0.00014049008924960307439
4 0.0001449388125736899484 -0.00013491310686806028672
4.0099999999999997868 0.00014536635497387184724 -0.00012732008470373845622
4.0200000000000004619 0.00014578359806788582058 -0.0001357578923622561589
4.0300000000000002487 0.00014619113753187068148 -0.0001361654318262410198
4.0400000000000000355 0.00014658960105116286294 -0.0001385690364866591336
4.0499999999999998224 0.00014697970068607688521 -0.00013294371269819535886
4.0600000000000004974 0.00014736230595268568822 -0.00013132117682367822954
4.0700000000000002842 0.00014773853849254714389 -0.00014172311506916934688
4.0800000000000000711 0.00014810988313716962322 -0.00013206875400816216453
4.0899999999999998579 0.00014847830141078216721 -0.00013444231342290064086
4.0999999999999996447 0.00014884632374277141902 -0.00012678977119038616333
4.1100000000000003197 0.0001492170891661512332 -0.00013518110117826970685
4.1200000000000001066 0.00014959430028552695813 -0.00013756345343877136411
4.1299999999999998934 0.0001499820703875352117 -0.00013394094125852775302
4.1399999999999996803 0.00015038465961632032026 -0.00013434353048731286157
4.1500000000000003553 0.0001508061247619054703 -0.00013877527791514987629
4.1600000000000001421 0.00015124993480499705658 -0.00013721394681711553023
4.1699999999999999289 0.00015171862229030030336 -0.00012966206973791504766
4.1799999999999997158 0.00015221354097020038578 -0.00012414156499443733308
4.1900000000000003908 0.00015273478055857775274 -0.00013468851028844436172
4.2000000000000001776 0.00015328125466123324787 -0.00012721441982659612751
4.2099999999999999645 0.00015385093861373588743 -0.00013179438606135063174
4.2199999999999997513 0.00015444120237764725426 -0.0001283743675430101339
4.2300000000000004263 0.00015504916896378034396 -0.00011695148728238762958
4.2400000000000002132 0.00015567203369236162747 -0.00012760005771659857477
4.25 0.00015630729974422938929 -0.00012623018262734040425
4.2599999999999997868 0.00015695291236578068762 -0.00012487065410776577025
4.2700000000000004619 0.00015760729876853946021 -0.00013354560507502827218
4.2800000000000002487 0.00015826933703941671941 -0.00014022306676928332839
4.2900000000000000355 0.00015893828332320901193 -0.00014089201305307562091
4.2999999999999998224 0.0001596136839128509306 -0.00010948515538470262221
4.3100000000000004974 0.00016029529137418652021 -0.0001201924685516678735
4.3200000000000002842 0.00016098299518930325085 -0.00014093158377804392749
4.3300000000000000711 0.00016167677021946701057 -0.0001356099353848298902
4.3399999999999998579 0.00016237664166483326542 -0.00012828924226569241572
4.3500000000000005329 0.00016308266304973376495 -0.00013501068707397071225
4.3600000000000003197 0.0001637949033910601304 -0.00012970750399191928069
4.3700000000000001066 0.00016451344030418168 -0.00013243118204616676262
4.3799999999999998934 0.00016523835674021498401 -0.00013315609848220006663
4.3899999999999996803 0.00016596973997683761343 -0.0001419080462833264254
4.4000000000000003553 0.0001667076822853085069 -0.00014866141201517511588
4.4100000000000001421 0.0001674522834128100207 -0.00013537002515479510333
4.4199999999999999289 0.00016820365579447239856 -0.00014614710324208714286
4.4299999999999997158 0.00016896193445867688471 -0.00014490024076516569668
4.4400000000000003908 0.0001697272952084664195 -0.00014366046037382929914
4.4500000000000001776 0.00017049998726268594546 -0.00014643829356917475743
4.4599999999999999645 0.00017128039070103933793 -0.00013719299130189848823
4.4699999999999997513 0.00017206911557882776731 -0.00014600228074419064695
4.4800000000000004263 0.00017286716953239378964 -0.00014078491127437887226
4.4900000000000002132 0.00017367623544812019719 -0.00014159397719010527981
4.5 0.00017449912192609210414 -0.00016046313393821057779
4.5099999999999997868 0.00017534047854052403214 -0.00015729420827039064111
4.5200000000000004619 0.00017620790677014879703 -0.00014813593079438574433
4.5300000000000002487 0.00017711364667152471562 -0.00014102110613125793358
4.5400000000000000355 0.00017807707805422105514 -0.00016003080778408766412
4.5499999999999998224 0.00017912833958360084618 -0.00014303579904333406413
4.5600000000000004974 0.00018031343241058309513 -0.0001562517387170719071
4.5700000000000002842 0.00018170122383053455197 -0.00014761382443139370226
4.5800000000000000711 0.00018339278198908835998 -0.00015732594715445123962
4.5899999999999998579 0.00018553342908800984782 -0.0001735025822412542538
4.6000000000000005329 0.0001883277668103053987 -0.00015624550855229048132
4.6100000000000003197 0.0001920576705577982607 -0.00016198055344090927566
4.6200000000000001066 0.00019710283908455584947 -0.0001710360042499187291
4.6299999999999998934 0.00020396290606543366936 -0.00017188064780741875198
4.6399999999999996803 0.00021327937608820151782 -0.0001952331058180681268
4.6500000000000003553 0.00022585478034079116676 -0.00018374681637714658771
4.6600000000000001421 0.00024266554251792691265 -0.00021659870768328979228
4.6699999999999999289 0.00026486423861375133371 -0.00024080254492024014568
4.6799999999999997158 0.00029376640674271767848 -0.00024965330163794716709
4.6900000000000003908 0.00033081702657058759554 -0.00030274505059482454284
4.7000000000000001776 0.00037753245447862793889 -0.00033141420823273149516
4.7099999999999999645 0.00043541514035419644994 -0.00039130203524942593855
4.7199999999999997513 0.00050584094236679236992 -0.00047576382524990338489
4.7300000000000004263 0.00058992223195670568173 -0.00054580912685193517034
4.7400000000000002132 0.00068835399679500661706 -0.00061616891571447305297
4.75 0.00080125436630842114625 -0.00071904357588427911339
4.7599999999999997868 0.00092801479609853172389 -0.00084780915045349443046
4.7700000000000004619 0.00106717784698836019 -0.00096090536287070696907
4.7800000000000002487 0.0012163613805323122627 -0.0010960529120647563225
4.7900000000000000355 0.0013722465048009186567 -0.0012659740206832654358
4.7999999999999998224 0.0015306424591041178137 -0.0013702311678140432268
4.8100000000000004974 0.0016866349309913059723 -0.0015382544792720293653
4.8200000000000002842 0.0018348156068182363415 -0.0016463323322764410878
4.8300000000000000711 0.0019695810463338505811 -0.0017871131988534119314
4.8399999999999998579 0.0020854795347153929491 -0.0018669191394187299032
4.8500000000000005329 0.0021775768214543898306 -0.0019149033137769986591
4.8600000000000003197 0.0022418069126149135946 -0.0020052002506860959648
4.8700000000000001066 0.0022752732949544939543 -0.0020025740997613671567
4.8799999999999998934 0.0022764695373330401905 -0.0020097857546493547685
4.8899999999999996803 0.0022453958734484757293 -0.0020168097760841618288
4.9000000000000003553 0.0021835592019901041774 -0.0019670039587485034852
4.9100000000000001421 0.0020938565042099574823 -0.001901362954661867978
4.9199999999999999289 0.0019803542428213929093 -0.001739737305886281029
4.9299999999999997158 0.0018479871381869084675 -0.0016875758468968338807
4.9400000000000003908 0.0017022073763699760527 -0.0015397909475767543406
4.9500000000000001776 0.0015486188705612113133 -0.0013962281438356404558
4.9599999999999999645 0.0013926304093575636416 -0.0012883630700190151601
4.9699999999999997513 0.0012391567824928636284 -0.0011429100077188188763
4.9800000000000004263 0.0010923892305913492171 -0.00099413731103819972558
4.9900000000000002132 0.00095564712849190885154 -0.00090952888224601240782
5 0.00083131310085307163604 -0.00075912801977253807195
5.0099999999999997868 0.00072084507670145217019 -0.00068074225387893352347
5.0200000000000004619 0.00062485209425994041581 -0.0005907646948607995661
5.0300000000000002487 0.00054321652224502262919 -0.00050110855828137805014
5.0400000000000000355 0.00047524387579751933494 -0.00044316161753950441757
5.0499999999999998224 0.00041982229131449664769 -0.0003757091862097261363
5.0600000000000004974 0.0003755764238531812552 -0.00033547360103066260848
5.0700000000000002842 0.0003410043425140907151 -0.0003189477899617054594
5.0800000000000000711 0.0003145902160450869396 -0.00030055422805720541325
5.0899999999999998579 0.00029488959643996263352 -0.00027483818502870331017
5.1000000000000005329 0.0002805874841729838259 -0.00025051036705609484086
5.1100000000000003197 0.00027053184917693906845 -0.00024647015548342788042
5.1200000000000001066 0.00026374682144222753085 -0.00024369541003096820749
5.1299999999999998934 0.00025943043165590557375 -0.00023536873796239438572
5.1399999999999996803 0.00025694174573911575561 -0.00024290575775123422926
5.1500000000000003553 0.00025578170961708455826 -0.00022770973364132150556
5.1600000000000001421 0.00025557121369822828529 -0.00023953008456922082661
5.1699999999999999289 0.00025602898179167378001 -0.00024199299380379225366
5.1799999999999997158 0.00025695102197561555486 -0.00022887904599985250216
5.1900000000000003908 0.00025819263287817643049 -0.00024014636260804303946
5.2000000000000001776 0.00025965337878836020459 -0.00024962767308273054291
5.2099999999999999645 0.00026126503700490331895 -0.00024121362559364399559
5.2199999999999997513 0.00026298226370490679869 -0.00023691542887026967833
5.2300000000000004263 0.00026477559088026878442 -0.00024271903832788352872
5.2400000000000002132 0.00026662632332531026932 -0.00025058519419630281063
5.25 0.00026852292017472248519 -0.00024847150876346316183
5.2599999999999997868 0.00027045849439376903845 -0.00024840194184138378276
5.2700000000000004619 0.00027242912679644663669 -0.00025237771538518731333
5.2800000000000002487 0.00027443275583412300939 -0.00025037106214061182136
5.2900000000000000355 0.00027646846308327174433 -0.00026443761623651615032
5.2999999999999998224 0.00027853602356076192061 -0.00025447432986725073258
5.3100000000000004974 0.0002806356288663324882 -0.00025055851174944350317
5.3200000000000002842 0.00028276772042290141372 -0.00025068546216488649635
5.3300000000000000711 0.00028493289124349296254 -0.00026287633869110770685
5.3399999999999998579 0.00028713182940477162798 -0.00025705471228788264295
5.3500000000000005329 0.00028936528636052977637 -0.00027933958065490011469
5.3600000000000003197 0.00029163405974480803877 -0.00027960321289805244475
5.3700000000000001066 0.00029393898446171710589 -0.00026185672620370218852
5.3799999999999998934 0.000296280928429097114 -0.00027221923473558592597
5.3899999999999996803 0.00029866079089578789719 -0.00028061452062565450617
5.4000000000000003553 0.00030107950216757580061 -0.00027100238505068681557
5.4100000000000001421 0.00030353802410395028764 -0.00025942491899917977626
5.4199999999999999289 0.00030603735104445142605 -0.00027796537506868837335
5.4299999999999997158 0.00030857851098673811036 -0.00028451681729322692233
5.4400000000000003908 0.00031116256692658946816 -0.00028309059095082641545
5.4500000000000001776 0.00031379061831659588394 -0.00028772378348195876358
5.4599999999999999645 0.00031646380262448684743 -0.00027836612094309413305
5.4699999999999997513 0.00031918329698442740334 -0.00029512160329091621531
5.4800000000000004263 0.00032195031994094541966 -0.00029989376738856016397
5.4900000000000002132 0.00032476613328841983904 -0.00031073014530053831269
5.5 0.0003276320440108529148 -0.00030357035031734172677
5.5099999999999997868 0.0003305494063277062051 -0.00029646200692856535539
5.5200000000000004619 0.00033351962385235936872 -0.00030544764787659631601
5.5300000000000002487 0.00033654415187037780037 -0.00031047731703574068
5.5400000000000000355 0.00033962449974538625385 -0.00030353195920511947181
5.5499999999999998224 0.00034276223346095541092 -0.00031067997520294049355
5.5600000000000004974 0.0003459589783075762222 -0.0002958304497794279138
5.5700000000000002842 0.00034921642172448585711 -0.00030309817547858941339
5.5800000000000000711 0.00035253631630689308621 -0.00032646948147225596584
5.5899999999999998579 0.00035592048298995659006 -0.00031782280130856387567
5.6000000000000005329 0.00035937081442179760315 -0.00031926799159927895643
5.6100000000000003197 0.00036288927853879372927 -0.00030674532658726762387
5.6200000000000001066 0.0003664779223574964051 -0.00032236481725272589371
5.6299999999999998934 0.00037013887599866835115 -0.00032803091203502377209
5.6399999999999996803 0.00037387435696024018048 -0.00032976125185546966909
5.6500000000000003553 0.0003776866746573853662 -0.00032755814612923705781
5.6600000000000001421 0.0003815782352494469145 -0.00031741371873341707975
5.6699999999999999289 0.00038555154677515443172 -0.00032138703025912459697
5.6799999999999997158 0.00038960922461940425627 -0.00032945499038562628619
5.6900000000000003908 0.00039375399733693503901 -0.00032958948082090520426
5.7000000000000001776 0.00039798871286044281998 -0.00033582933384756011048
5.7099999999999999645 0.00040231634512318995662 -0.00032612098176040452786
5.7199999999999997513 0.00040674000112882570997 -0.00032853949298693554178
5.7300000000000004263 0.00041126292850418772785 -0.00034910354949130501835
5.7400000000000002132 0.00041588852357413034003 -0.00031563146651783372323
5.75 0.00042062034000111680077 -0.00034643011414147849725
5.7599999999999997868 0.0004254620980363409675 -0.00033723588782679994472
5.7700000000000004619 0.0004304176944336717491 -0.00032815549259827033867
5.7800000000000002487 0.00043549121308267735222 -0.00033322901124727594179
5.7900000000000000355 0.0004406869364225483106 -0.00030433733882598491176
5.7999999999999998224 0.00044600935770490143014 -0.0003257008892373455442
5.8100000000000004974 0.00045146319418032615327 -0.00033115472571277026733
5.8200000000000002842 0.00045705340129119413845 -0.00031067810162697983081
5.8300000000000000711 0.00046278518796184195437 -0.00031440473624256534734
5.8399999999999998579 0.00046866403308679619897 -0.00034033500005473647527
5.8500000000000005329 0.00047469570332847355358 -0.00032431011410604987551
5.8600000000000003197 0.00048088627234783328087 -0.00028438243324153424357
5.8700000000000001066 0.00048724214160500743187 -0.00033284627737628939489
5.8799999999999998934 0.00049377006288217780133 -0.00034137933615660688959
5.8899999999999996803 0.00050047716269817853728 -0.00035410186303396422964
5.9000000000000003553 0.00050737096880370397001 -0.00028881057350704097833
5.9100000000000001421 0.00051445943896798857452 -0.00032196588941989907028
5.9199999999999999289 0.00052175099229273167682 -0.00035131399893500628957
5.9299999999999997158 0.00052925454331731046527 -0.0003167095750820040777
5.9400000000000003908 0.00053697953921150772937 -0.00035050140217285960086
5.9500000000000001776 0.00054493600038866727656 -0.00031835504052750050134
5.9599999999999999645 0.00055313456491408799498 -0.00031452276548212318571
5.9699999999999997513 0.00056158653713142168366 -0.00033901586682846438729
5.9800000000000004263 0.00057030394098488493282 -0.00032367156243650122005
5.9900000000000002132 0.00057929957857833424759 -0.00033667748958816001367
6 0.0005885870945852050189 -0.00031388276188893109598
6.0099999999999997868 0.00059818104720749608848 -0.00038162580396589539621
6.0200000000000004619 0.0006080969864795786068 -0.00030933094553787832169
6.0300000000000002487 0.00061835154082584770432 -0.00031156494987155891824
6.0400000000000000355 0.00062896251291314332708 -0.00027204739706868503969
6.0499999999999998224 0.00063994898599280876806 -0.00035521893667696876219
6.0600000000000004974 0.00065133144210758817105 -0.00037261680530118959512
6.0700000000000002842 0.00066313189375030137836 -0.00031223219041528435828
6.0800000000000000711 0.00067537403081076991234 -0.00035655658573376791806
6.0899999999999998579 0.00068808338494238171362 -0.00034119395661365899824
6.1000000000000005329 0.00070128751382959148789 -0.00034236723137815556432
6.1100000000000003197 0.00071501620825415216319 -0.00038015763404814265601
6.1200000000000001066 0.00072930172535565489667 -0.00039644828865279251474
6.1299999999999998934 0.0007441790520790925352 -0.00037122277800179622398
6.1400000000000005684 0.00075968620352166033038 -0.00040678136268349623927
6.1500000000000003553 0.00077586456176155223045 -0.00037884660854266001377
6.1600000000000001421 0.00079275926180987236948 -0.00035964877532667098494
6.1699999999999999289 0.00081041963261955444597 -0.00042142222941325073026
6.1799999999999997158 0.000828899702672743037 -0.00045193315358915252949
6.1900000000000003908 0.00084825878162804999906 -0.00038306603688683369714
6.2000000000000001776 0.00086856213194320605869 -0.00042743106634358577064
6.2099999999999999645 0.00088988174743029660983 -0.00044474040682438201709
6.2199999999999997513 0.00091229725952696248507 -0.00046715591892104789233
6.2300000000000004263 0.00093589699691472879976 -0.00046268367305709348592
6.2400000000000002132 0.0009607792303049945146 -0.00046751447320822708906
6.25 0.0009870536421821359159 -0.00043363470178329381957
6.2599999999999997868 0.0010148430716476076335 -0.00050152693951936895556
6.2700000000000004619 0.0010442855981015613815 -0.00055302603671560199468
6.2800000000000002487 0.0010755370455544463904 -0.00046998441365845721081
6.2900000000000000355 0.0011087740137040230301 -0.00055535507330518093377
6.2999999999999998224 0.0011441975754294564805 -0.00053262953102402592516
6.3100000000000004974 0.0011820378281219238309 -0.00060656231698080244341
6.3200000000000002842 0.0012225595586426384574 -0.00052477042697889877618
6.3300000000000000711 0.0012660694031750086615 -0.00060236766727243102292
6.3399999999999998579 0.001312925117836480967 -0.00061914626117903553623
6.3500000000000005329 0.0013635480967943071785 -0.00059156876109880203625
6.3600000000000003197 0.0014184415434354254518 -0.00059833879124906747676
6.3700000000000001066 0.0014782198939808199444 -0.00064809145427872634319
6.3799999999999998934 0.0015436630286199859614 -0.00052906158938239092326
6.3900000000000005684 0.0016158277185150690756 -0.00062729306681838709926
6.4000000000000003553 0.0016962912290410675237 -0.00050323220277741350856
6.4100000000000001421 0.0017876906875471678358 -0.0004883592572013939221
6.4199999999999999289 0.0018948918159421993326 -0.00042311821107980738393
6.4299999999999997158 0.0020274146911864496072 -0.00014859735827793866224
6.4400000000000003908 0.0022041905693005099144 -8.8766545359351099742e-05
6.4500000000000001776 0.0024622840944176611032 0.00031283133221212105352
6.4599999999999999645 0.0028716981000740135314 0.00031246607568971226931
6.4699999999999997513 0.0035583429680988870082 0.0002133276602401651921
6.4800000000000004263 0.0047359770675482245478 -0.00026250691612381658879
6.4900000000000002132 0.0067445657331018779232 -0.00095371791380337214011
6.5 0.010086576350003670019 -0.0032289935163857443751
6.5099999999999997868 0.015444884022164769022 -0.0071957334330563019198
6.5200000000000004619 0.023658806695030808187 -0.013404514877484917379
6.5300000000000002487 0.035633018649985997994 -0.023676361366977899392
6.5400000000000000355 0.052163242296662741537 -0.037986894072380483767
6.5499999999999998224 0.073686090716303817572 -0.057338173919500343145
6.5600000000000004974 0.099995681763283425503 -0.081279694781295472317
6.5700000000000002842 0.13000576290447390937 -0.10918838623125232123
6.5800000000000000711 0.16165549703983322916 -0.13868259475676075754
6.5899999999999998579 0.19204253856165648395 -0.16717678275032282764
6.6000000000000005329 0.21781195692112703677 -0.19172506957640905734
6.6100000000000003197 0.23574590078400303739 -0.20929006813870598691
6.6200000000000001066 0.24341667476040543261 -0.21678639422101200762
6.6299999999999998934 0.23972179545893335106 -0.2138153704894986129
6.6400000000000005684 0.22513883339724816146 -0.20008258859179295364
6.6500000000000003553 0.20161926766268667421 -0.17832353731028494082
6.6600000000000001421 0.1721543427531058712 -0.15085773914795469475
6.6699999999999999289 0.14014661253154492293 -0.12066666536689019118
6.6799999999999997158 0.10876932877640463349 -0.091597299534485115968
6.6900000000000003908 0.080477511199881265891 -0.065870057481099794638
6.7000000000000001776 0.056764285375577969162 -0.044534929392141861526
6.7099999999999999645 0.038167973741881723593 -0.028200416587285871695
6.7199999999999997513 0.024464644628969606233 -0.016626548159328874421
6.7300000000000004263 0.014948189221986441996 -0.0087502980238877807462
6.7400000000000002132 0.0087064921027072486592 -0.0039603227851935443593
6.75 0.004833911726113001954 -0.0014592590218890119473
6.7599999999999997868 0.0025583013998523177271 -0.00015012683479039088535
6.7700000000000004619 0.0012906228083067450545 0.00053405569560147189874
6.7800000000000002487 0.00062063916530467227225 0.00059848664849989480479
6.7900000000000000355 0.00028449141808492166067 0.00056368331735315692702
6.7999999999999998224 0.0001243046961893810138 0.00039101657344200481652
6.8100000000000004974 5.1771737705599592662e-05 0.00030915368224898338162
6.8200000000000002842 2.0553389487278730691e-05 0.00019800700580938426776
6.8300000000000000711 7.777830937274325367e-06 0.00012255633959793246768
6.8399999999999998579 2.8055425261090749395e-06 9.9456659309292319397e-05
6.8500000000000005329 9.6462301086383562376e-07 3.7133058670528869228e-05
6.8600000000000003197 3.161403866527098724e-07 3.3771259012488139678e-05
6.8700000000000001066 9.8760488082423587246e-08 2.5968074346554695972e-05
6.8799999999999998934 2.9408083322366589325e-08 7.9911564811813622843e-06
6.8900000000000005684 8.3469898183794803514e-09 4.0019352924334854974e-06
6.9000000000000003553 2.2582509478441713086e-09 4.0080240313040204839e-06
6.9100000000000001421 5.8236223677141593833e-10 2.0045587788891605665e-06
6.9199999999999999289 1.431503694568714117e-10 2.0049979907564749427e-06
6.9299999999999997158 3.3540506754029724829e-11 2.0051076006191778176e-06
6.9400000000000003908 7.4907326162339246116e-12 -7.4907326162339246116e-12
6.9500000000000001776 1.5946162239793766244e-12 -1.5946162239793766244e-12
6.9599999999999999645 3.2356756193535387195e-13 2.0051408175583698557e-06
6.9699999999999997513 6.2582141509259604578e-14 2.005141078543790295e-06
6.9800000000000004263 1.1537514551537717064e-14 -1.1537514551537717064e-14
6.9900000000000002132 2.0274505601286164122e-15 2.0051411390984814731e-06
7 3.3959731020705101756e-16 2.0051411407863348044e-06
7.0099999999999997868 5.4219308411905442688e-17 -5.4219308411905442688e-17
7.0200000000000004619 8.2512412887043201083e-18 -8.2512412887043201083e-18
7.0300000000000002487 1.1969059172979392171e-18 -1.1969059172979392171e-18
7.0400000000000000355 1.6549161624016519422e-19 -1.6549161624016519422e-19
7.0499999999999998224 2.181057380012578085e-20 -2.181057380012578085e-20
7.0600000000000004974 2.7398902020384879047e-21 -2.7398902020384879047e-21
7.0700000000000002842 3.2807570744894227661e-22 -3.2807570744894227661e-22
7.0800000000000000711 3.7444644865385590662e-23 -3.7444644865385590662e-23
7.0899999999999998579 4.0736149269750730439e-24 -4.0736149269750730439e-24
7.1000000000000005329 4.2242026151268047836e-25 -4.2242026151268047836e-25
7.1100000000000003197 4.1752638027028755976e-26 -4.1752638027028755976e-26
7.1200000000000001066 3.9336654233497663092e-27 -3.9336654233497663092e-27
7.1299999999999998934 3.5325242140217780405e-28 -3.5325242140217780405e-28
7.1400000000000005684 3.0237579625381662123e-29 -3.0237579625381662123e-29
7.1500000000000003553 2.4670785258597118385e-30 -2.4670785258597118385e-30
7.1600000000000001421 1.9186374530951419166e-31 -1.9186374530951419166e-31
7.1699999999999999289 1.4222527750227178201e-32 -1.4222527750227178201e-32
7.1799999999999997158 1.0049270180306780369e-33 -1.0049270180306780369e-33
7.1900000000000003908 6.7680888869515079607e-35 -6.7680888869515079607e-35
7.2000000000000001776 4.3448153463160184231e-36 -4.3448153463160184231e-36
7.2099999999999999645 2.6585833231534478211e-37 -2.6585833231534478211e-37
7.2199999999999997513 1.5506109886118825646e-38 -1.5506109886118825646e-38
7.2300000000000004263 8.620431718371537134e-40 -8.620431718371537134e-40
7.2400000000000002132 4.5680274413265292823e-41 -4.5680274413265292823e-41
7.25 2.3072883589807247206e-42 -2.3072883589807247206e-42
7.2599999999999997868 1.1108322614823867886e-43 -1.1108322614823867886e-43
7.2700000000000004619 5.0976321151766494949e-45 -5.0976321151766494949e-45
7.2800000000000002487 2.2297791610008585718e-46 -2.2297791610008585718e-46
7.2900000000000000355 9.2966939109589544234e-48 -9.2966939109589544234e-48
7.2999999999999998224 3.6946090799915507254e-49 -3.6946090799915507254e-49
7.3100000000000004974 1.3995283491804832559e-50 -1.3995283491804832559e-50
7.3200000000000002842 5.053218984378459866e-52 -5.053218984378459866e-52
7.3300000000000000711 1.7391126655880441574e-53 -1.7391126655880441574e-53
7.3399999999999998579 5.7050632790726352444e-55 -5.7050632790726352444e-55
7.3500000000000005329 1.7838828614429788219e-56 -1.7838828614429788219e-56
7.3600000000000003197 5.316738386322394458e-58 -5.316738386322394458e-58
7.3700000000000001066 1.5104185566287841188e-59 -1.5104185566287841188e-59
7.3799999999999998934 4.0899911793499023409e-61 -4.0899911793499023409e-61
7.3900000000000005684 1.0556511913262163841e-62 2.0051411411259319123e-06
7.4000000000000003553 2.5971169139222127384e-64 -2.5971169139222127384e-64
7.4100000000000001421 6.0902556513786969695e-66 -6.0902556513786969695e-66
7.4199999999999999289 1.3612957484091183025e-67 -1.3612957484091183025e-67
7.4299999999999997158 2.9002963299196072184e-69 -2.9002963299196072184e-69
7.4400000000000003908 5.8898625141571205765e-71 -5.8898625141571205765e-71
7.4500000000000001776 1.14009442161238151e-72 -1.14009442161238151e-72
7.4599999999999999645 2.1035330698038117792e-74 -2.1035330698038117792e-74
7.4699999999999997513 3.6993950265258760634e-76 -3.6993950265258760634e-76
7.4800000000000004263 6.2013307580751190677e-78 -6.2013307580751190677e-78
7.4900000000000002132 9.908590691915128656e-80 -9.908590691915128656e-80
7.5 1.5090779398559284373e-81 -1.5090779398559284373e-81
7.5099999999999997868 2.1907066405565214835e-83 -2.1907066405565214835e-83
7.5200000000000004619 3.0313043002305694226e-85 -3.0313043002305694226e-85
7.5300000000000002487 3.9980441712419628542e-87 -3.9980441712419628542e-87
7.5400000000000000355 5.0261838125027124096e-89 2.0051411411259319123e-06
7.5499999999999998224 6.0228473876070872983e-91 -6.0228473876070872983e-91
7.5600000000000004974 6.8792017923172112498e-93 -6.8792017923172112498e-93
7.5700000000000002842 7.4893982477947406571e-95 -7.4893982477947406571e-95
7.5800000000000000711 7.77192270652991867e-97 -7.77192270652991867e-97
7.5899999999999998579 7.6874566657288398887e-99 -7.6874566657288398887e-99
7.6000000000000005329 7.2478556660450450432e-101 -7.2478556660450450432e-101
7.6100000000000003197 6.5134191638203263637e-103 -6.5134191638203263637e-103
7.6200000000000001066 5.5793183620482484189e-105 -5.5793183620482484189e-105
7.6299999999999998934 4.5553932358076084682e-107 -4.5553932358076084682e-107
7.6400000000000005684 3.5452201110883862586e-109 -3.5452201110883862586e-109
7.6500000000000003553 2.6298630186917602009e-111 -2.6298630186917602009e-111
7.6600000000000001421 1.8594976494961449427e-113 -1.8594976494961449427e-113
7.6699999999999999289 1.2532297948566069689e-115 -1.2532297948566069689e-115
7.6799999999999997158 8.05078727755218629e-118 -8.05078727755218629e-118
7.6900000000000003908 4.9296779120313597119e-120 -4.9296779120313597119e-120
7.7000000000000001776 2.8772081530281932178e-122 -2.8772081530281932178e-122
7.7099999999999999645 1.6006506483462861324e-124 -1.6006506483462861324e-124
7.7199999999999997513 8.4877846875411853582e-127 -8.4877846875411853582e-127
7.7300000000000004263 4.2900728964473760363e-129 -4.2900728964473760363e-129
7.7400000000000002132 2.0668430533144847706e-131 -2.0668430533144847706e-131
7.75 9.4912372530792078794e-134 -9.4912372530792078794e-134
7.7599999999999997868 4.1544224294082177695e-136 -4.1544224294082177695e-136
7.7700000000000004619 1.7332889411760092101e-138 -1.7332889411760092101e-138
7.7800000000000002487 6.892928247967757961e-141 -6.892928247967757961e-141
7.7900000000000000355 2.6128171740388685496e-143 -2.6128171740388685496e-143
7.7999999999999998224 9.4403207862986858326e-146 -9.4403207862986858326e-146
7.8100000000000004974 3.2511495050655497954e-148 -3.2511495050655497954e-148
7.8200000000000002842 1.0672338279747545843e-150 -1.0672338279747545843e-150
7.8300000000000000711 3.3392940989071283372e-153 -3.3392940989071283372e-153
7.8399999999999998579 9.959148247690398111e-156 -9.959148247690398111e-156
7.8500000000000005329 2.8311452940743092265e-158 -2.8311452940743092265e-158
7.8600000000000003197 7.6713985524912549685e-161 -7.6713985524912549685e-161
7.8700000000000001066 1.9813415926960965021e-163 -1.9813415926960965021e-163
7.8799999999999998934 4.8777168126005951966e-166 -4.8777168126005951966e-166
7.8900000000000005684 1.1445801756521056692e-168 -1.1445801756521056692e-168
7.9000000000000003553 2.5600489037966413682e-171 -2.5600489037966413682e-171
7.9100000000000001421 5.4578639220154739061e-174 -5.4578639220154739061e-174
7.9199999999999999289 1.109097024022600826e-176 -1.109097024022600826e-176
7.930000000000000604 2.1482695174875287402e-179 -2.1482695174875287402e-179
7.9400000000000003908 3.9662526656656934266e-182 -3.9662526656656934266e-182
7.9500000000000001776 6.9798223271049152183e-185 -6.9798223271049152183e-185
7.9599999999999999645 1.1707946616393804722e-187 -1.1707946616393804722e-187
7.9699999999999997513 1.8719294201767277179e-190 -1.8719294201767277179e-190
7.9800000000000004263 2.8527950503607801697e-193 -2.8527950503607801697e-193
7.9900000000000002132 4.144040931000244083e-196 -4.144040931000244083e-196
8 5.7378588116174183259e-199 -5.7378588116174183259e-199
8.0099999999999997868 7.5726525680180557496e-202 -7.5726525680180557496e-202
8.0199999999999995737 9.5261749946745345335e-205 -9.5261749946745345335e-205
8.0299999999999993605 1.1422506748821604491e-207 -1.1422506748821604491e-207
8.0400000000000009237 1.3054992672015998298e-210 -1.3054992672015998298e-210
8.0500000000000007105 1.4222114753106653302e-213 -1.4222114753106653302e-213
8.0600000000000004974 1.4768080732191442423e-216 -1.4768080732191442423e-216
8.0700000000000002842 1.4616933351013784407e-219 -1.4616933351013784407e-219
8.0800000000000000711 1.3789889987061594236e-222 -1.3789889987061594236e-222
8.0899999999999998579 1.2400456081881712957e-225 -1.2400456081881712957e-225
8.0999999999999996447 1.0628863616810908831e-228 -1.0628863616810908831e-228
8.1099999999999994316 8.6837702734740394911e-232 -8.6837702734740394911e-232
8.1200000000000009948 6.7624198251499938195e-235 -6.7624198251499938195e-235
8.1300000000000007816 5.0195899523563542482e-238 -5.0195899523563542482e-238
8.1400000000000005684 3.5514578034302584035e-241 -3.5514578034302584035e-241
8.1500000000000003553 2.3950654121660888989e-244 -2.3950654121660888989e-244
8.1600000000000001421 1.5395733978540960414e-247 -1.5395733978540960414e-247
8.1699999999999999289 9.4331277049053144751e-251 -9.4331277049053144751e-251
8.1799999999999997158 5.509133832539960936e-254 -5.509133832539960936e-254
8.1899999999999995026 3.0667842339137842962e-257 -3.0667842339137842962e-257
8.1999999999999992895 1.6272542277681596445e-260 -1.6272542277681596445e-260
8.2100000000000008527 8.2300008459098681269e-264 -8.2300008459098681269e-264
8.2200000000000006395 3.9674972375770388067e-267 -3.9674972375770388067e-267
8.2300000000000004263 1.823079742826739097e-270 -1.823079742826739097e-270
8.2400000000000002132 7.9848539025220062539e-274 -7.9848539025220062539e-274
8.25 3.333500749968611395e-277 -3.333500749968611395e-277
8.2599999999999997868 1.3264974252866922281e-280 -1.3264974252866922281e-280
8.2699999999999995737 5.0313500559280031843e-284 -5.0313500559280031843e-284
8.2799999999999993605 1.8190093181233359029e-287 -1.8190093181233359029e-287
8.2900000000000009237 6.2684126324992279972e-291 -6.2684126324992279972e-291
8.3000000000000007105 2.0589817256387543333e-294 -2.0589817256387543333e-294
8.3100000000000004974 6.4464358645244700368e-298 -6.4464358645244700368e-298
8.3200000000000002842 1.9237963539753062762e-301 2.0051411411259319123e-06
8.3300000000000000711 5.4723111514312943989e-305 -5.4723111514312943989e-305
8.3399999999999998579 1.4837294648550922044e-308 -1.4837294648550922044e-308
8.3499999999999996447 3.8345191387647821904e-312 -3.8345191387647821904e-312
8.3599999999999994316 9.4458130715432369428e-316 -9.4458130715432369428e-316
8.3700000000000009948 2.2179100907459398615e-319 -2.2179100907459398615e-319
8.3800000000000007816 4.4465908125712188976e-323 -4.4465908125712188976e-323
8.3900000000000005684 0 0
8.4000000000000003553 0 0
8.4100000000000001421 0 0
8.4199999999999999289 0 0
8.4299999999999997158 0 0
8.4399999999999995026 0 0
8.4499999999999992895 0 0
8.4600000000000008527 0 0
8.4700000000000006395 0 0
8.4800000000000004263 0 0
8.4900000000000002132 0 0
8.5 0 0
8.5099999999999997868 0 0
8.5199999999999995737 0 0
8.5299999999999993605 0 0
8.5400000000000009237 0 0
8.5500000000000007105 0 0
8.5600000000000004974 0 0
8.5700000000000002842 0 0
8.5800000000000000711 0 0
8.5899999999999998579 0 0
8.5999999999999996447 0 0
8.6099999999999994316 0 0
8.6200000000000009948 0 0
8.6300000000000007816 0 0
8.6400000000000005684 0 0
8.6500000000000003553 0 0
8.6600000000000001421 0 0
8.6699999999999999289 0 0
8.6799999999999997158 0 0
8.6899999999999995026 0 0
8.7000000000000010658 0 0
8.7100000000000008527 0 0
8.7200000000000006395 0 0
8.7300000000000004263 0 0
8.7400000000000002132 0 2.0051411411259319123e-06
8.75 0 0
8.7599999999999997868 0 0
8.7699999999999995737 0 2.0051411411259319123e-06
8.7799999999999993605 0 0
8.7900000000000009237 0 0
8.8000000000000007105 0 0
8.8100000000000004974 0 0
8.8200000000000002842 0 0
8.8300000000000000711 0 0
8.8399999999999998579 0 0
8.8499999999999996447 0 0
8.8599999999999994316 0 0
8.8700000000000009948 0 0
8.8800000000000007816 0 0
8.8900000000000005684 0 0
8.9000000000000003553 0 0
8.9100000000000001421 0 0
8.9199999999999999289 0 0
8.9299999999999997158 0 2.0051411411259319123e-06
8.9399999999999995026 0 0
8.9500000000000010658 0 0
8.9600000000000008527 0 0
8.9700000000000006395 0 0
8.9800000000000004263 0 0
8.9900000000000002132 0 0
9 0 0
9.0099999999999997868 0 0
9.0199999999999995737 0 0
9.0299999999999993605 0 0
9.0400000000000009237 0 0
9.0500000000000007105 0 0
9.0600000000000004974 0 0
9.0700000000000002842 0 0
9.0800000000000000711 0 0
9.0899999999999998579 0 0
9.0999999999999996447 0 0
9.1099999999999994316 0 0
9.1200000000000009948 0 0
9.1300000000000007816 0 0
9.1400000000000005684 0 0
9.1500000000000003553 0 0
9.1600000000000001421 0 0
9.1699999999999999289 0 2.0051411411259319123e-06
9.1799999999999997158 0 0
9.1899999999999995026 0 0
9.2000000000000010658 0 0
9.2100000000000008527 0 0
9.2200000000000006395 0 0
9.2300000000000004263 0 0
9.2400000000000002132 0 0
9.25 0 0
9.2599999999999997868 0 0
9.2699999999999995737 0 0
9.2799999999999993605 0 0
9.2900000000000009237 0 0
9.3000000000000007105 0 0
9.3100000000000004974 0 0
9.3200000000000002842 0 0
9.3300000000000000711 0 0
9.3399999999999998579 0 0
9.3499999999999996447 0 0
9.3599999999999994316 0 0
9.3700000000000009948 0 0
9.3800000000000007816 0 0
9.3900000000000005684 0 0
9.4000000000000003553 0 0
9.4100000000000001421 0 0
9.4199999999999999289 0 0
9.4299999999999997158 0 0
9.4399999999999995026 0 0
9.4500000000000010658 0 0
9.4600000000000008527 0 0
9.4700000000000006395 0 0
9.4800000000000004263 0 0
9.4900000000000002132 0 0
9.5 0 0
9.5099999999999997868 0 0
9.5199999999999995737 0 0
9.5299999999999993605 0 0
9.5400000000000009237 0 0
9.5500000000000007105 0 0
9.5600000000000004974 0 0
9.5700000000000002842 0 0
9.5800000000000000711 0 0
9.5899999999999998579 0 0
9.5999999999999996447 0 0
9.6099999999999994316 0 0
9.6200000000000009948 0 0
9.6300000000000007816 0 0
9.6400000000000005684 0 0
9.6500000000000003553 0 0
9.6600000000000001421 0 0
9.6699999999999999289 0 0
9.6799999999999997158 0 0
9.6899999999999995026 0 0
9.7000000000000010658 0 0
9.7100000000000008527 0 0
9.7200000000000006395 0 0
9.7300000000000004263 0 0
9.7400000000000002132 0 0
9.75 0 0
9.7599999999999997868 0 0
9.7699999999999995737 0 0
9.7799999999999993605 0 0
9.7900000000000009237 0 0
9.8000000000000007105 0 0
9.8100000000000004974 0 0
9.8200000000000002842 0 0
9.8300000000000000711 0 0
9.8399999999999998579 0 0
9.8499999999999996447 0 0
9.8599999999999994316 0 0
9.8700000000000009948 0 0
9.8800000000000007816 0 0
9.8900000000000005684 0 0
9.9000000000000003553 0 0
9.9100000000000001421 0 0
9.9199999999999999289 0 0
9.9299999999999997158 0 0
9.9399999999999995026 0 0
9.9500000000000010658 0 0
9.9600000000000008527 0 0
9.9700000000000006395 0 0
9.9800000000000004263 0 0
9.9900000000000002132 0 0
10 0 0
10.009999999999999787 0 0
10.019999999999999574 0 0
10.029999999999999361 0 0
10.040000000000000924 0 0
10.050000000000000711 0 0
10.060000000000000497 0 0
10.070000000000000284 0 0
10.080000000000000071 0 0
10.089999999999999858 0 0
10.099999999999999645 0 0
10.109999999999999432 0 0
10.120000000000000995 0 0
10.130000000000000782 0 0
10.140000000000000568 0 0
10.150000000000000355 0 0
10.160000000000000142 0 0
10.169999999999999929 0 0
10.179999999999999716 0 0
10.189999999999999503 0 0
10.200000000000001066 0 0
10.210000000000000853 0 0
10.220000000000000639 0 0
10.230000000000000426 0 0
