0 6.3423133481010734383e-07 -6.3423133481010734383e-07
0.010000000000000000208 9.32075487009929403e-07 -9.32075487009929403e-07
0.020000000000000000416 1.356162569178210111e-06 -1.356162569178210111e-06
0.02999999999999999889 1.9535841641958784515e-06 -1.9535841641958784515e-06
0.040000000000000000833 2.7863506555071651656e-06 -2.7863506555071651656e-06
0.050000000000000002776 3.9364901864690318947e-06 -3.9364901864690318947e-06
0.05999999999999999778 5.5239422417493920517e-06 -5.5239422417493920517e-06
0.070000000000000006661 7.8085751824068359053e-06 -7.8085751824068359053e-06
0.080000000000000001665 1.1732765367589711932e-05 -1.1732765367589711932e-05
0.089999999999999996669 2.1211021841738488008e-05 -2.1211021841738488008e-05
0.10000000000000000555 5.0374750650414286759e-05 -5.0374750650414286759e-05
0.11000000000000000056 0.00013950129224303675483 -0.00013950129224303675483
0.11999999999999999556 0.00037422138567887896403 -0.00037422138567887896403
0.13000000000000000444 0.00087753808090123587831 -0.00087753808090123587831
0.14000000000000001332 0.0017288698792708090055 -0.0017288698792708090055
0.14999999999999999445 0.002821549478883366574 -0.002565497762022982825
0.16000000000000000333 0.0037960684860235600381 -0.003606030091957054904
0.17000000000000001221 0.0042062019556696412029 -0.0040761756891087514224
0.17999999999999999334 0.0038460539192933748155 -0.003720028468993880847
0.19000000000000000222 0.0029224248775542869053 -0.0028224046747462048015
0.2000000000000000111 0.0018823950154817010224 -0.0018023788503248522937
0.20999999999999999223 0.0010862306439354003224 -0.0010342201380386401716
0.22000000000000000111 0.00064121422508647330819 -0.0005892037191897131574
0.23000000000000000999 0.00046835828780111832259 -0.00043635182319357035396
0.23999999999999999112 0.00044487098214350740593 -0.00042886774983973342161
0.25 0.00048508464389531271224 -0.00045307817928776474362
0.26000000000000000888 0.00054841776524016565882 -0.00052641331945823437773
0.27000000000000001776 0.00062015927610548104466 -0.0006061564473849314575
0.28000000000000002665 0.00069554354541339052237 -0.00067553950412417834021
0.28999999999999998002 0.00077252293882493184522 -0.00076052051459710135698
0.2999999999999999889 0.00084950916661910970493 -0.00083950714597450361385
0.30999999999999999778 0.00092487491692933693731 -0.00089686925948823776299
0.32000000000000000666 0.00099690800007454726493 -0.00094489749417778711414
0.33000000000000001554 0.0010638593679529503421 -0.0010078480530707519935
0.34000000000000002442 0.0011240106305083355856 -0.0010840025479299112213
0.35000000000000003331 0.001175746434343897303 -0.0011157343104762607565
0.35999999999999998668 0.0012176261799573795917 -0.0011576140560897430452
0.36999999999999999556 0.0012484505334566992941 -0.0011984404320526582423
0.38000000000000000444 0.0012673184470383593719 -0.0011993047088378252368
0.39000000000000001332 0.0012736709071896430354 -0.0012156591878147255878
0.4000000000000000222 0.0012673184470383593719 -0.001219308750127037419
0.41000000000000003109 0.0012484505334566992941 -0.0012064420463855558309
0.41999999999999998446 0.0012176261799573787244 -0.0011676160785533376725
0.42999999999999999334 0.0011757464343438552359 -0.001127736737432533283
0.44000000000000000222 0.0011240106305069716593 -0.0010720001246102115085
0.4500000000000000111 0.0010638593679166796595 -0.0010198504763528170973
0.46000000000000001998 0.00099690799928397067636 -0.00095890032119826541096
0.47000000000000002887 0.00092487490280453350539 -0.00089486884087071523215
0.47999999999999998224 0.00084950895976056834107 -0.00082150330231946916675
0.48999999999999999112 0.00077252045559452267587 -0.00074051399098697470724
0.5 0.00069551911037126293042 -0.00066951385742288285503
0.51000000000000000888 0.00061996218742514251545 -0.00059595733896948153898
0.52000000000000001776 0.00054711471012225854245 -0.00050910703203655327705
0.53000000000000002665 0.00047802282775240387703 -0.00044401595865213680948
0.54000000000000003553 0.0004135004026216652505 -0.00038749514967328517511
0.55000000000000004441 0.00035412802070077903068 -0.00033212357491884774959
0.56000000000000005329 0.00030026291919330559688 -0.00029026089854869950579
0.57000000000000006217 0.00025205781559347754982 -0.00023405417879698446658
0.57999999999999996003 0.00020948633031814869456 -0.00020148471416626170241
0.58999999999999996891 0.00017237261297474399746 -0.00016837180489880050139
0.5999999999999999778 0.00014042288658269855067 -0.00013242127043081155851
0.60999999999999998668 0.00011325687717826710317 -0.00010525526102638011101
0.61999999999999999556 9.0437453312885020089e-05 -8.4436241198969775971e-05
0.63000000000000000444 7.1497214303826593564e-05 -6.7496406227883097486e-05
0.64000000000000001332 5.5961194107256474338e-05 -4.5959173462650383256e-05
0.6500000000000000222 4.3365252559315450366e-05 -3.7364040445400206248e-05
0.66000000000000003109 3.327007978571253343e-05 -2.7268867671797289312e-05
0.67000000000000003997 2.5271025142697764459e-05 -2.327062110472601642e-05
0.68000000000000004885 1.9004171128572222815e-05 -1.1002554976685230658e-05
0.69000000000000005773 1.4149205698829681594e-05 -1.0148397622886185516e-05
0.70000000000000006661 1.0429710249682576923e-05 3.5731184708670136254e-06
0.70999999999999996447 7.6114865020683160088e-06 -3.6106784261248199306e-06
0.71999999999999997335 5.4995071996217713046e-06 -1.4986991236782752263e-06
0.72999999999999998224 3.9340069560595643919e-06 2.0672051578556797254e-06
0.73999999999999999112 2.7861437969652867323e-06 5.2154723549217054242e-06
0.75 1.9535700393923546329e-06 1.2049258681157236763e-05
0.76000000000000000888 1.3561617786017348325e-06 2.6446462973417614575e-06
0.77000000000000001776 9.3207545073906772352e-07 5.0691366631761760762e-06
0.78000000000000002665 6.3423133344607597875e-07 3.3665767424974198877e-06
0.79000000000000003553 4.2726898960881385026e-07 3.5735390863346820692e-06
0.80000000000000004441 2.8497850806800948204e-07 5.7162336058472347942e-06
0.81000000000000005329 1.8818278801251645723e-07 1.8122212499592316613e-06
0.82000000000000006217 1.2302822088407860709e-07 3.8777798550594174976e-06
0.83000000000000007105 7.9631820431735873057e-08 3.921176255511760139e-06
0.83999999999999996891 5.1030003677303001628e-08 -5.1030003677303001628e-08
0.8499999999999999778 3.2375882137455501132e-08 -3.2375882137455501132e-08
0.85999999999999998668 2.0336428132018024144e-08 5.9808756857832263612e-06
0.86999999999999999556 1.264692075717683678e-08 7.9889692311298153809e-06
0.88000000000000000444 7.7866736578938324386e-09 1.992617364313854167e-06
0.89000000000000001332 4.7465297264626096562e-09 5.9964655841887813919e-06
0.9000000000000000222 2.8645571538503737595e-09 9.9991560874522389022e-06
0.91000000000000003109 1.7115746027435202081e-09 5.9995005393125003701e-06
0.92000000000000003997 1.0124911377669295667e-09 6.0001996227774774209e-06
0.93000000000000004885 5.9298496593385324975e-10 6.0006191289493101851e-06
0.94000000000000005773 3.4383746014080292228e-10 2.0000602005116072267e-06
0.95000000000000006661 1.9738754822707034135e-10 1.2002226840282263564e-05
0.95999999999999996447 1.1218721587844969727e-10 8.0015039646711134637e-06
0.96999999999999997335 6.3128292592701290362e-11 1.0001957516313495958e-05
0.97999999999999998224 3.5169141849590830329e-11 8.0015809827451420989e-06
0.98999999999999999112 1.9397982117939218323e-11 1.0002001246623970826e-05
1 1.0592741963051141273e-11 8.0016055591450291053e-06
1.0100000000000000089 5.7268694987810232771e-12 1.0002014917736589932e-05
1.0200000000000000178 3.0653723491634106491e-12 1.0002017579233740056e-05
1.0300000000000000266 1.6244495936721565465e-12 6.0012104894656500786e-06
1.0400000000000000355 8.5228785621966166755e-13 1.0002019792318232738e-05
1.0500000000000000444 4.4271417060844746479e-13 8.0016157091728217117e-06
1.0600000000000000533 2.2767620389796335067e-13 8.0016159242107887318e-06
1.0700000000000000622 1.1592287564698099577e-13 6.001211997992368164e-06
1.0800000000000000711 5.8435802963326758701e-14 1.0002020586170285856e-05
1.0900000000000000799 2.9164420137603334741e-14 8.0016161227225720507e-06
1.1000000000000000888 1.4412068702849490377e-14 1.6003232289361911839e-05
1.1100000000000000977 7.0548627897918092634e-15 2.0004040309168851603e-06
1.1200000000000001066 3.4292118743921740157e-15 1.6003232300344768038e-05
1.1300000000000001155 1.6771181843291631941e-15 1.0002020642928970929e-05
1.1400000000000001243 8.8177370662853830912e-16 8.001616151005219e-06
1.1500000000000001332 6.3435035053261145e-16 2.0004040373373978651e-06
1.1599999999999999201 8.5140991914597502161e-16 8.001616151035581743e-06
1.1699999999999999289 1.7772371968968162191e-15 1.0002020642828851634e-05
1.1799999999999999378 4.2055342333315642646e-15 8.0016161476814583268e-06
1.1899999999999999467 1.009119244591367147e-14 2.0004040278805558005e-06
1.1999999999999999556 2.3971660920416637025e-14 4.0008080519718351725e-06
1.2099999999999999645 5.6117801801340580505e-14 6.0012120577974419601e-06
1.2199999999999999734 1.2935342075887087672e-13 2.000403908618327415e-06
1.2299999999999999822 2.9353519303482903457e-13 4.0008077824083032828e-06
1.2399999999999999911 6.5574395331377211828e-13 2.0004033822277948256e-06
1.25 1.4421079828858761288e-12 1.2002422785722507691e-05
1.2600000000000000089 3.1221241110162754522e-12 2.0004009158476368582e-06
1.2700000000000000178 6.6541310631809447824e-12 1.0002013990475026501e-05
1.2800000000000000266 1.3961154268107090409e-11 8.0016021907327244478e-06
1.2900000000000000355 2.8836336557920613751e-11 1.0001991808269531864e-05
1.3000000000000000444 5.8633744345544165666e-11 1.4002770086805244696e-05
1.3100000000000000533 1.1736644661461970793e-10 2.0002866715251335019e-06
1.3200000000000000622 2.3127520078783154991e-10 8.0013848766862041986e-06
1.3300000000000000711 4.4864513304066636833e-10 4.0003594308104558006e-06
1.3400000000000000799 8.567727370302050185e-10 1.999547265234717819e-06
1.3500000000000000888 1.61070905379246762e-09 -1.61070905379246762e-09
1.3600000000000000977 2.9809682108605519564e-09 5.9982311457043835154e-06
1.3700000000000001066 5.431082165377570988e-09 9.9965895624407122695e-06
1.3800000000000001155 9.7410143959295308598e-09 5.9914710995193146543e-06
1.3900000000000001243 1.719930035575592932e-08 5.9840128135594885619e-06
1.4000000000000001332 2.9895523304463526545e-08 3.9709125526390323267e-06
1.4099999999999999201 5.1155263096385048636e-08 1.1951268964734105562e-05
1.4199999999999999289 8.617142382298177461e-08 1.9142326141487662645e-06
1.4299999999999999378 1.4289762106005449214e-07 3.8579104548834417714e-06
1.4399999999999999467 2.3327892869983737238e-07 9.7687417159062523862e-06
1.4499999999999999556 3.7489945511217748035e-07 3.6259086208313185979e-06
1.4599999999999999645 5.9312043852083463722e-07 5.4080916753944093743e-06
1.4699999999999999734 9.2376127859286566177e-07 3.0770467973506303106e-06
1.4799999999999999822 1.4163330895968526205e-06 6.5852830622901393243e-06
1.4899999999999999911 2.1377643625231688348e-06 1.8630437134203272434e-06
1.5 3.1764574910708170968e-06 -1.1760534530990690577e-06
1.5100000000000000089 4.6463834330904669686e-06 1.3548286808247771487e-06
1.5200000000000000178 6.6907657976565249448e-06 3.3112548469495644432e-06
1.5300000000000000266 9.4847392014020130745e-06 2.5176850264284768543e-06
1.5400000000000000355 1.3236212865035963305e-05 -7.2350007511207191873e-06
1.5500000000000000444 1.818406083175976907e-05 -1.2182848717844524953e-05
1.5600000000000000533 2.4592732836755330756e-05 -1.8591520722840086639e-05
1.5700000000000000622 3.2742474028092060344e-05 -2.4740857876205068187e-05
1.5800000000000000711 4.2914590733029187117e-05 -3.4912974581142194961e-05
1.5900000000000000799 5.5371621568402971383e-05 -5.1370813492459475305e-05
1.6000000000000000888 7.0332862400104769092e-05 -5.6330033679555181932e-05
1.6100000000000000977 8.794641215752665585e-05 -8.3945604081583159771e-05
1.6200000000000001066 0.00010825968135165976605 -0.00010425887327571626997
1.6300000000000001155 0.00013119103119162047865 -0.00012719022311567698257
1.6400000000000001243 0.00015650576170166794637 -0.00015250495362572445029
1.6500000000000001332 0.00018379991193847883962 -0.00018379991193847883962
1.6600000000000001421 0.00021249516409530311875 -0.00019649193179152913444
1.6699999999999999289 0.00024184749113924440371 -0.00023584627902532915959
1.6799999999999999378 0.00027097105711453608719 -0.00025696822839398650003
1.6899999999999999467 0.00029887735303260268152 -0.00029087573688071568937
1.6999999999999999556 0.00032452779169614610509 -0.00030452375040693392292
1.7099999999999999645 0.00034689621748997244996 -0.0003328933887694228628
1.7199999999999999734 0.00036503626973106897535 -0.00034503222844185679318
1.7299999999999999822 0.00037814751845803524838 -0.00035014186101693607405
1.7399999999999999911 0.0003856339628272416266 -0.00037363153859941113837
1.75 0.00038714894434040960855 -0.00037114571203663562424
1.7600000000000000089 0.00038262176176476680664 -0.00036661852946099282233
1.7700000000000000178 0.00037226314176563342221 -0.00036426152561374643005
1.7800000000000000266 0.0003565489756950211849 -0.00034454655146719069666
1.7900000000000000355 0.00033618407067049588212 -0.000330182858556580638
1.8000000000000000444 0.00031204976041687389806 -0.00030004733618904340983
1.8100000000000000533 0.0002851407968927595956 -0.00027513877624815350452
1.8200000000000000622 0.00025649780213597781885 -0.00024449537790814733062
1.8300000000000000711 0.00022714162098200023614 -0.00022114040886808499203
1.8400000000000000799 0.00019801522200116108692 -0.0001920140098872458428
1.8500000000000000888 0.00016993749682741956012 -0.00016593668875147606404
1.8600000000000000977 0.00014357163302585699161 -0.0001375704209119417475
1.8700000000000001066 0.00011940894111381192754 -0.00011140732496192493539
1.8800000000000001155 9.7767348638574255661e-05 -9.1766136524659011543e-05
1.8900000000000001243 7.880243034431460875e-05 -7.6802026306342860711e-05
1.9000000000000001332 6.2527946976859496986e-05 -5.0525522749029008751e-05
1.9100000000000001421 4.8842457880103723445e-05 -4.2841245766188479327e-05
1.9199999999999999289 3.7558620749157820495e-05 -2.9557004597270828338e-05
1.9299999999999999378 2.8432205133196539762e-05 -2.4431397057253043684e-05
1.9399999999999999467 2.1188501123682326147e-05 -9.1860768958518362182e-06
1.9499999999999999556 1.5544569941329207315e-05 -9.5433578274139631975e-06
1.9599999999999999645 1.1226541092953077646e-05 -5.2253289790378335282e-06
1.9699999999999999734 7.981821531688594411e-06 -5.9814174937168463719e-06
1.9799999999999999822 5.5865905093092493923e-06 -5.5865905093092493923e-06
1.9899999999999999911 3.8492883831450607821e-06 -1.848884345173312743e-06
2 2.6109757749840376354e-06 1.3898323009594584429e-06
2.0100000000000002309 1.7434681552775986486e-06 6.2581479966093930844e-06
2.0200000000000000178 1.1460774824887115152e-06 8.8559431621173782963e-06
2.0300000000000002487 7.4165635757102821958e-07 5.2595557563442160037e-06
2.0400000000000000355 4.7247654250558381086e-07 9.5295441021005056301e-06
2.0499999999999998224 2.9631017348519018983e-07 1.7040938644865578493e-06
2.0600000000000000533 1.8293704413270864185e-07 1.8174669938390394767e-06
2.0699999999999998401 1.1118482987801966348e-07 5.8900272840372243613e-06
2.0800000000000000711 6.6523975941977805975e-08 5.9346881379732660202e-06
2.0899999999999998579 3.9183176758728112172e-08 5.9620289371565156876e-06
2.1000000000000000888 2.2720080844466748428e-08 1.197970414698602285e-05
2.1099999999999998757 1.2969071513244493192e-08 7.9886470803737470926e-06
2.1200000000000001066 7.2878039517702037528e-09 3.9935202719917259928e-06
2.1299999999999998934 4.0315612383188333935e-09 3.9967765147051775203e-06
2.1400000000000001243 2.1955262014336663305e-09 5.9990165877138105474e-06
2.1499999999999999112 1.1770441989720727814e-09 1.999226993772775938e-06
2.1600000000000001421 6.2120608579643917024e-10 8.0009949458011956643e-06
2.1699999999999999289 3.2275086568288528652e-10 4.0004853250778127737e-06
2.1800000000000001599 1.6507751151987756524e-10 1.0001855567094568875e-05
2.1899999999999999467 8.3118403830748897092e-11 6.0011289955114133584e-06
2.2000000000000001776 4.1199814381113650728e-11 6.0011709141008633895e-06
2.2099999999999999645 2.0103982971759875207e-11 8.0015960479040199775e-06
2.2200000000000001954 9.6573448482886143021e-12 4.0007984185986480166e-06
2.2299999999999999822 4.566906866954206223e-12 -4.566906866954206223e-12
2.2400000000000002132 2.1260592044344020444e-12 1.0002018518546884873e-05
2.25 9.7435526622473188806e-13 8.0016151775317266999e-06
2.2600000000000002309 4.3959030228670063534e-13 1.0002020205015786617e-05
2.2700000000000000178 1.9523948469543339565e-13 8.001615956647507177e-06
2.2800000000000002487 8.5364241555772388891e-14 4.0008079905792547678e-06
2.2900000000000000355 3.67428722634332617e-14 6.0012120771723719516e-06
2.3000000000000002665 1.5568938511572664014e-14 4.0008080603745578633e-06
2.3100000000000000533 6.4943200493640938773e-15 6.0012121074209239262e-06
2.3199999999999998401 2.6668411948621918612e-15 1.2002424225163649046e-05
2.3300000000000000711 1.0780760703102833255e-15 1.6003232302695904495e-05
2.3399999999999998579 4.2903274595728905952e-16 6.0012121134862117652e-06
2.3500000000000000888 1.680816331996945901e-16 6.0012121137471622875e-06
2.3599999999999998757 6.4824453062093382238e-17 1.0002020644541264263e-05
2.3700000000000001066 2.4611962612060398955e-17 8.0016161518623807672e-06
2.3799999999999998934 9.1990380601185442255e-18 1.000202064459689061e-05
2.3900000000000001243 3.3847560120609145974e-18 8.0016161518836074128e-06
2.3999999999999999112 1.2260300206782969479e-18 -1.2260300206782969479e-18
2.4100000000000001421 4.371833606832462544e-19 2.0004040379713109701e-06
2.4199999999999999289 1.5346697314511394173e-19 4.0008080759433427653e-06
2.4300000000000001599 5.3034076949588970399e-20 4.0008080759434427152e-06
2.4399999999999999467 1.8041967030868968193e-20 2.0004040379717298279e-06
2.4500000000000001776 6.0422896309456535032e-21 6.0012121139152381881e-06
2.4599999999999999645 1.99208550985947408e-21 8.0016161518869904624e-06
2.4700000000000001954 6.4655161023001870607e-22 2.0004040379717471921e-06
2.4799999999999999822 2.0657949070132747711e-22 2.0004040379717480391e-06
2.4900000000000002132 6.4977050072070603113e-23 8.0016161518869921565e-06
2.5 2.0119702862585059022e-23 1.0002020644606089388e-05
2.5100000000000002309 6.1329852190397599561e-24 -6.1329852190397599561e-24
2.5200000000000000178 1.8403950522104461871e-24 4.0008080759434960783e-06
2.5300000000000002487 5.4367451986329247679e-25 -5.4367451986329247679e-25
2.5400000000000000355 1.5810867012043206686e-25 4.0008080759434960783e-06
2.5500000000000002665 4.5264859375433590841e-26 6.0012121139152441174e-06
2.5600000000000000533 1.2757202484521481287e-26 2.0004040379717480391e-06
2.5699999999999998401 3.5394722002886964756e-27 8.0016161518869921565e-06
2.5800000000000000711 9.6674146397906862481e-28 -9.6674146397906862481e-28
2.5899999999999998579 2.5993871643717874211e-28 8.0016161518869921565e-06
2.6000000000000000888 6.8805059961277955987e-29 1.0002020644606089388e-05
2.6099999999999998757 1.7929103273421376383e-29 4.0008080759434960783e-06
2.6200000000000001066 4.5992343953925931682e-30 6.0012121139152441174e-06
2.6299999999999998934 1.1614520953194523834e-30 2.0004040379717480391e-06
2.6400000000000001243 2.8873926303509607582e-31 2.0004040379717480391e-06
2.6499999999999999112 7.0664154845348624778e-32 6.0012121139152441174e-06
2.6600000000000001421 1.7024770966924847588e-32 1.4002828720549590548e-05
2.6699999999999999289 4.0378684939771733776e-33 6.0012121139152441174e-06
2.6800000000000001599 9.4278322565691798086e-34 6.0012121139152441174e-06
2.6899999999999999467 2.1670069615591853406e-34 8.0016161518869921565e-06
2.7000000000000001776 4.903402563638617204e-35 8.0016161518869921565e-06
2.7099999999999999645 1.0922538309721454091e-35 1.0002020644606089388e-05
2.7200000000000001954 2.3951812708856827706e-36 4.0008080759434960783e-06
2.7299999999999999822 5.1706123723003775893e-37 4.0008080759434960783e-06
2.7400000000000002132 1.0988397428349827038e-37 2.0004040379717480391e-06
2.75 2.2988758592411286278e-38 4.0008080759434960783e-06
2.7600000000000002309 4.7346236641772954985e-39 8.0016161518869921565e-06
2.7700000000000000178 9.5994022966970670625e-40 6.0012121139152441174e-06
2.7800000000000002487 1.9159832344859590681e-40 8.0016161518869921565e-06
2.7900000000000000355 3.7646794202669265621e-41 8.0016161518869921565e-06
2.8000000000000002665 7.2820403144471525901e-42 4.0008080759434960783e-06
2.8100000000000000533 1.3866502729370842375e-42 8.0016161518869921565e-06
2.8199999999999998401 2.5993788897464488339e-43 1.0002020644606089388e-05
2.8300000000000000711 4.7969038920581063418e-44 1.2002424227830489929e-05
2.8399999999999998579 8.7144750442612843555e-45 4.0008080759434960783e-06
2.8500000000000000888 1.5585122757295355167e-45 4.0008080759434960783e-06
2.8599999999999998757 2.743898282058027903e-46 4.0008080759434960783e-06
2.8700000000000001066 4.7557013270672188111e-47 6.0012121139152441174e-06
2.8799999999999998934 8.1142786816016618663e-48 2.0004040379717480391e-06
2.8900000000000001243 1.3629315670420441416e-48 2.0004040379717480391e-06
2.8999999999999999112 2.2536525720068573635e-49 8.0016161518869921565e-06
2.9100000000000001421 3.6685011819764092909e-50 4.0008080759434960783e-06
2.9199999999999999289 5.8786708591718935624e-51 4.0008080759434960783e-06
2.9300000000000001599 9.2738146261534277118e-52 6.0012121139152441174e-06
2.9399999999999999467 1.4402121138447535024e-52 1.0002020644606089388e-05
2.9500000000000001776 2.2018275023051621884e-53 4.0008080759434960783e-06
2.9599999999999999645 3.3138199498577993596e-54 1.0002020644606089388e-05
2.9700000000000001954 4.9097944182568353881e-55 6.0012121139152441174e-06
2.9799999999999999822 7.1612113459279604675e-56 1.0002020644606089388e-05
2.9900000000000002132 1.028249383718545089e-56 1.4002828720549590548e-05
3 1.4534470282490206008e-57 2.0004040379717480391e-06
3.0100000000000002309 2.0225009870080682604e-58 4.0008080759434960783e-06
3.0200000000000000178 2.7705568099825573287e-59 1.4002828720549590548e-05
3.0300000000000002487 3.7362347967388554569e-60 1.0002020644606089388e-05
3.0400000000000000355 4.960095582022917192e-61 4.0008080759434960783e-06
3.0500000000000002665 6.4823833997301528458e-62 1.0002020644606089388e-05
3.0600000000000000533 8.3400406139952815931e-63 2.0004040379717480391e-06
3.0700000000000002842 1.0563075913256348517e-63 6.0012121139152441174e-06
3.0800000000000000711 1.3170474441252030433e-64 2.0004040379717480391e-06
3.0899999999999998579 1.6165949671135932317e-65 4.0008080759434960783e-06
3.1000000000000000888 1.9533938158674268805e-66 8.0016161518869921565e-06
3.1099999999999998757 2.3236310871431761175e-67 2.0004040379717480391e-06
3.1200000000000001066 2.7210300084978345472e-68 4.0008080759434960783e-06
3.1299999999999998934 3.1368103925931819082e-69 6.0012121139152441174e-06
3.1400000000000001243 3.559852375976389666e-70 2.0004040379717480391e-06
3.1499999999999999112 3.9770815150649528878e-71 6.0012121139152441174e-06
3.1600000000000001421 4.3740705139176310908e-72 2.0004040379717480391e-06
3.1699999999999999289 4.7358272382161472056e-73 2.0004040379717480391e-06
3.1800000000000001599 5.0477136000847115296e-74 2.0004040379717480391e-06
3.1899999999999999467 5.2964191105684927287e-75 6.0012121139152441174e-06
3.2000000000000001776 5.4708998629457545557e-76 4.0008080759434960783e-06
3.2099999999999999645 5.5631910040616185349e-77 2.0004040379717480391e-06
3.2200000000000001954 5.5690095160903137503e-78 4.0008080759434960783e-06
3.2299999999999999822 5.4880837786257076206e-79 1.0002020644606089388e-05
3.2400000000000002132 5.3241745920855293664e-80 -5.3241745920855293664e-80
3.25 5.084785396125417897e-81 6.0012121139152441174e-06
3.2600000000000002309 4.7805927819121986887e-82 6.0012121139152441174e-06
3.2700000000000000178 4.4246574933251463957e-83 6.0012121139152441174e-06
3.2800000000000002487 4.0314970704122746564e-84 2.0004040379717480391e-06
3.2900000000000000355 3.616111577612765721e-85 1.0002020644606089388e-05
3.3000000000000002665 3.1930526522751447512e-86 1.0002020644606089388e-05
3.3100000000000000533 2.7756143300562694591e-87 -2.7756143300562694591e-87
3.3200000000000002842 2.3752041623219328888e-88 4.0008080759434960783e-06
3.3300000000000000711 2.0009284251781226253e-89 2.0004040379717480391e-06
3.3399999999999998579 1.6593994645648743345e-90 1.0002020644606089388e-05
3.3500000000000000888 1.3547498792157266527e-91 4.0008080759434960783e-06
3.3599999999999998757 1.0888199755960000404e-92 1.0002020644606089388e-05
3.3700000000000001066 8.6147330126139036492e-94 8.0016161518869921565e-06
3.3799999999999998934 6.7099046448949601501e-95 2.0004040379717480391e-06
3.3900000000000001243 5.1449322241476869033e-96 8.0016161518869921565e-06
3.3999999999999999112 3.8835754876070698956e-97 1.2002424227830489929e-05
3.4100000000000001421 2.8858426361318109131e-98 1.0002020644606089388e-05
3.4199999999999999289 2.1111916126770806215e-99 4.0008080759434960783e-06
3.4300000000000001599 1.6448590441868516704e-100 1.6003232303773980925e-05
3.4399999999999999467 1.2109495547911352745e-99 2.0004040379717480391e-06
3.4500000000000001776 1.1021364109080381125e-97 4.0008080759434960783e-06
3.4599999999999999645 9.6482333393308364928e-96 8.0016161518869921565e-06
3.4700000000000001954 8.051759868736308342e-94 8.0016161518869921565e-06
3.4799999999999999822 6.4056417107946783646e-92 6.0012121139152441174e-06
3.4900000000000002132 4.8580784616542316569e-90 6.0012121139152441174e-06
3.5 3.5123496288244582235e-88 2.0004040379717480391e-06
3.5100000000000002309 2.4208262224776153999e-86 2.0004040379717480391e-06
3.5200000000000000178 1.5906093046680246281e-84 6.0012121139152441174e-06
3.5300000000000002487 9.9632004388945855717e-83 4.0008080759434960783e-06
3.5400000000000000355 5.9493720222317104658e-81 -5.9493720222317104658e-81
3.5500000000000002665 3.3867396539486824864e-79 1.0002020644606089388e-05
3.5600000000000000533 1.8379449326498550474e-77 8.0016161518869921565e-06
3.5700000000000002842 9.5087800081174697378e-76 4.0008080759434960783e-06
3.5800000000000000711 4.6898657518169497265e-74 4.0008080759434960783e-06
3.5899999999999998579 2.205164920332373374e-72 2.0004040379717480391e-06
3.6000000000000000888 9.8848162894931632038e-71 1.0002020644606089388e-05
3.6099999999999998757 4.2242038784655894841e-69 2.0004040379717480391e-06
3.6200000000000001066 1.7209641779530544287e-67 2.0004040379717480391e-06
3.6299999999999998934 6.6842318454447212118e-66 6.0012121139152441174e-06
3.6400000000000001243 2.4750615168384039243e-64 1.6003232303773980925e-05
3.6499999999999999112 8.7373049434549262045e-63 6.0012121139152441174e-06
3.6600000000000001421 2.9405479458841961908e-61 1.800363679649307985e-05
3.6699999999999999289 9.4349733236308759134e-60 8.0016161518869921565e-06
3.6800000000000001599 2.8861386384274948122e-58 4.0008080759434960783e-06
3.6899999999999999467 8.4170588774780776774e-57 6.0012121139152441174e-06
3.7000000000000001776 2.3403072349067492589e-55 6.0012121139152441174e-06
3.7099999999999999645 6.2037959292522779123e-54 1.2002424227830489929e-05
3.7200000000000001954 1.5678956460009286235e-52 8.0016161518869921565e-06
3.7299999999999999822 3.777938278101950377e-51 4.0008080759434960783e-06
3.7400000000000002132 8.6790818121239911167e-50 6.0012121139152441174e-06
3.75 1.900978626709522494e-48 2.0004040379717480391e-06
3.7600000000000002309 3.9698004195841619411e-47 8.0016161518869921565e-06
3.7700000000000000178 7.9040871500241755998e-46 6.0012121139152441174e-06
3.7800000000000002487 1.5004798400377989388e-44 2.0004040379717480391e-06
3.7900000000000000355 2.7158637518226160676e-43 4.0008080759434960783e-06
3.8000000000000002665 4.6869392666982050665e-42 4.0008080759434960783e-06
3.8100000000000000533 7.7122051927119535534e-41 2.0004040379717480391e-06
3.8200000000000002842 1.2099859202933692863e-39 4.0008080759434960783e-06
3.8300000000000000711 1.8100866688134182242e-38 4.0008080759434960783e-06
3.8399999999999998579 2.581908253991175837e-37 1.0002020644606089388e-05
3.8500000000000000888 3.5116397978925462716e-36 1.0002020644606089388e-05
3.8599999999999998757 4.5542038029502631659e-35 8.0016161518869921565e-06
3.8700000000000001066 5.6318908868289850369e-34 4.0008080759434960783e-06
3.8799999999999998934 6.6411230939552447371e-33 6.0012121139152441174e-06
3.8900000000000001243 7.4675985656220728836e-32 4.0008080759434960783e-06
3.8999999999999999112 8.0071786806707606089e-31 1.0002020644606089388e-05
3.9100000000000001421 8.1873733235739230765e-30 1.2002424227830489929e-05
3.9199999999999999289 7.9833288404096399277e-29 4.0008080759434960783e-06
3.9300000000000001599 7.4234553954928767837e-28 4.0008080759434960783e-06
3.9399999999999999467 6.5829365448703222088e-27 4.0008080759434960783e-06
3.9500000000000001776 5.5671649680202510619e-26 -5.5671649680202510619e-26
3.9599999999999999645 4.4901344560176440302e-25 6.0012121139152441174e-06
3.9700000000000001954 3.4538706181735514908e-24 6.0012121139152441174e-06
3.9799999999999999822 2.5338773345276360895e-23 4.0008080759434960783e-06
3.9900000000000002132 1.7730052604079647776e-22 6.0012121139152441174e-06
4 1.1832931004697194277e-21 8.0016161518869904624e-06
4.0099999999999997868 7.5326256947832508805e-21 1.8003636796493073074e-05
4.0200000000000004619 4.5739043003261551932e-20 6.0012121139151983776e-06
4.0300000000000002487 2.6492953696625927084e-19 1.0002020644605825114e-05
4.0400000000000000355 1.4638396662297198537e-18 8.0016161518855284836e-06
4.0499999999999998224 7.7160495121522243938e-18 4.0008080759357796081e-06
4.0600000000000004974 3.8802068460528107529e-17 6.0012121138764423851e-06
4.0700000000000002842 1.8616360018098103034e-16 8.0016161517008278672e-06
4.0800000000000000711 8.5219332205275614049e-16 4.0008080750913030063e-06
4.0899999999999998579 3.7222916586370034476e-15 -3.7222916586370034476e-15
4.0999999999999996447 1.5514552843995699517e-14 1.4002828705035036931e-05
4.1100000000000003197 6.1709905213680136519e-14 1.0002020582896183336e-05
4.1200000000000001066 2.3425571040472884201e-13 2.0004038037160374726e-06
4.1299999999999998934 8.4875282907027832575e-13 6.0012112651624150984e-06
4.1399999999999996803 2.935401910992822081e-12 2.0004011025698370937e-06
4.1500000000000003553 9.6915376479427840219e-12 4.0007983844058481597e-06
4.1600000000000001421 3.0549528827835318981e-11 4.0007775264146682492e-06
4.1699999999999999289 9.1950911649218331451e-11 8.001524200975343272e-06
4.1799999999999997158 2.6430535466666526748e-10 6.0009478085605776288e-06
4.1900000000000003908 7.2563715632251428363e-10 6.0004864767589212394e-06
4.2000000000000001776 1.9031340295466572396e-09 3.9989049419139493751e-06
4.2099999999999999645 4.7691037554464925318e-09 3.9960389721880496428e-06
4.2199999999999997513 1.1421226316989779746e-08 3.9893868496265065649e-06
4.2300000000000004263 2.6145660620384303489e-08 3.974662415323111692e-06
4.2400000000000002132 5.7228561697617379081e-08 -5.7228561697617379081e-08
4.25 1.1980720191204873123e-07 1.8805968360596993079e-06
4.2599999999999997868 2.3997060053222150915e-07 7.7616455513547705415e-06
4.2700000000000004619 4.600518356529621144e-07 7.5415643162340297774e-06
4.2800000000000002487 8.4454260956988398382e-07 9.1574780350362047689e-06
4.2900000000000000355 1.485329219720534505e-06 2.5154788562229613615e-06
4.2999999999999998224 2.5041656088197405523e-06 7.4978550357863492593e-06
4.3100000000000004974 4.0497972447926215841e-06 5.9522233998134678039e-06
4.3200000000000002842 6.2873609519367418383e-06 9.7158713518372390866e-06
4.3300000000000000711 9.3789608218913458762e-06 -1.3773446700043537197e-06
4.3399999999999998579 1.3456681377242010809e-05 -7.4554692633267666919e-06
4.3500000000000005329 1.8592249119809681798e-05 -1.259103700589443768e-05
4.3600000000000003197 2.4770092645155265078e-05 -1.2767668417324775149e-05
4.3700000000000001066 3.1871490303820344413e-05 -2.7870682227876848334e-05
4.3799999999999998934 3.9675991780517211381e-05 -3.1674375628630219224e-05
4.3899999999999996803 4.7882379790308800857e-05 -3.98807636384218087e-05
4.4000000000000003553 5.6146176269714096819e-05 -5.6146176269714096819e-05
4.4100000000000001421 6.4125897132127592567e-05 -5.8124685018212348449e-05
4.4199999999999999289 7.1527707656747214603e-05 -5.9525283428916726369e-05
4.4299999999999997158 7.8138790559724823743e-05 -7.8138790559724823743e-05
4.4400000000000003908 8.3843307546259526601e-05 -7.5841691394372534444e-05
4.4500000000000001776 8.8619901712101348647e-05 -7.4617072991551761487e-05
4.4599999999999999645 9.2524401247764788219e-05 -8.6523189133849544102e-05
4.4699999999999997513 9.5664262267198678672e-05 -9.3663858229226930633e-05
4.4800000000000004263 9.8171758701077799138e-05 -8.8169738056471708056e-05
4.4900000000000002132 0.00010018138425621902902 -9.8180980218247280978e-05
4.5 0.00010181436825474834843 -9.3812752102861356272e-05
4.5099999999999997868 0.00010317068689464649854 -0.0001011702828566747505
4.5200000000000004619 0.00010432719536452476157 -0.00010232679132655301353
4.5300000000000002487 0.00010533974393696635336 -9.7338127785079361204e-05
4.5400000000000000355 0.00010624720333504141878 -9.424477910721093055e-05
4.5499999999999998224 0.00010707585412880684002 -0.00010307504605286334394
4.5600000000000004974 0.00010784324457469845614 -0.0001058428405367267081
4.5700000000000002842 0.0001085611648184794275 -0.00010456035674253593142
4.5800000000000000711 0.00010923773488427421349 -0.00010723733084630246546
4.5899999999999998579 0.00010987877063742263048 -0.00010187715448553563832
4.6000000000000005329 0.00011048863234950904891 -0.00010848822831153730087
4.6100000000000003197 0.00011107073494579032102 -0.0001050695228318750769
4.6200000000000001066 0.00011162785149633486096 -0.00010762704342039136488
4.6299999999999998934 0.00011216229613390674494 -0.0001001598719060762567
4.6399999999999996803 0.00011267603838084463486 -0.00010867523030490113878
4.6500000000000003553 0.00011317077844808617253 -0.00010916997037214267645
4.6600000000000001421 0.00011364799972747667003 -0.00010564638357558967787
4.6699999999999999289 0.00011410900728707299172 -0.00010610739113518599956
4.6799999999999997158 0.00011455495724108618932 -0.00011255455320311444128
4.6900000000000003908 0.00011498687981118576522 -0.0001089856676972705211
4.7000000000000001776 0.00011540569781130007336 -0.0001074040816594130812
4.7099999999999999645 0.00011581224169177062322 -0.00011381183765379887518
4.7199999999999997513 0.00011620726192992046882 -0.00010220443320937088166
4.7300000000000004263 0.00011659143933564874833 -0.00010858982318376175617
4.7400000000000002132 0.00011696539369531036351 -0.00011496498965733861547
4.75 0.00011732969107581559269 -0.00011732969107581559269
4.7599999999999997868 0.0001176848500378553647 -0.00011368404196191186863
4.7700000000000004619 0.00011803134695326927828 -0.00011603094291529753024
4.7800000000000002487 0.00011836962058114212958 -0.0001083675999365360385
4.7900000000000000355 0.00011870007602665475107 -0.00011069845987476775891
4.7999999999999998224 0.0001190230881838525562 -0.00010702066395602206797
4.8100000000000004974 0.00011933900474762890241 -0.00010533617602707931525
4.8200000000000002842 0.00011964814887255489884 -0.00011364693675863965473
4.8300000000000000711 0.00011995082156124897851 -0.00011595001348530548243
4.8399999999999998579 0.00012024730389295020829 -0.00011424609177903496417
4.8500000000000005329 0.00012053785927294410007 -0.00011653705119700060399
4.8600000000000003197 0.00012082273602659960221 -0.00010681990730605001505
4.8700000000000001066 0.0001211021709207606926 -0.00010709934220021110544
4.8799999999999998934 0.00012137639461498699316 -0.00011937599057701524512
4.8899999999999996803 0.00012164564064620007585 -0.00011364402449431308369
4.9000000000000003553 0.00012191016028014916878 -0.0001179093522042056727
4.9100000000000001421 0.00012217024623066007906 -0.00011216822558605398798
4.9199999999999999289 0.00012242626846765766063 -0.00011242424782305156955
4.9299999999999997158 0.00012267872453554335777 -0.00011667751242162811365
4.9400000000000003908 0.00012292830436179448821 -0.00011892749628585099213
4.9500000000000001776 0.0001231759650801385515 -0.00011517434892825155934
4.9599999999999999645 0.00012342300522379543652 -0.00011942219714785194044
4.9699999999999997513 0.00012367112109664318625 -0.00011766990898272794213
4.9800000000000004263 0.00012392242359769424466 -0.00012192201955972249662
4.9900000000000002132 0.00012417939414946952358 -0.00011617777799758253142
5 0.00012444476589024733065 -0.00012044395781430383458
5.0099999999999997868 0.00012472133109397415111 -0.00011671971494208715895
5.0200000000000004619 0.00012501169504364797449 -0.00011701007889176098234
5.0300000000000002487 0.00012531801473506098553 -0.00011731639858317399337
5.0400000000000000355 0.00012564177125108397866 -0.00012364136721311223062
5.0499999999999998224 0.00012598362250666872019 -0.00012198281443072522411
5.0600000000000004974 0.00012634336747899634935 -0.00012234255940305285328
5.0700000000000002842 0.00012672002809386027954 -0.00011271719937331069238
5.0800000000000000711 0.00012711202833406632013 -0.00011711000768946022905
5.0899999999999998579 0.00012751743016442172122 -0.0001215162180505064771
5.1000000000000005329 0.00012793417815099215299 -0.00012193296603707690887
5.1100000000000003197 0.00012836031014645040305 -0.0001203586939945634109
5.1200000000000001066 0.00012879410655123644885 -0.00011879208590663035776
5.1299999999999998934 0.00012923416932912623091 -0.00012723376529115448287
5.1399999999999996803 0.00012967943817034313799 -0.00011967741752573704691
5.1500000000000003553 0.00013012916117809413289 -0.00012012714053348804181
5.1600000000000001421 0.00013058284037104905275 -0.00012458162825713380863
5.1699999999999999289 0.00013104016968081686118 -0.00011703734096026727402
5.1799999999999997158 0.00013150097761490639773 -0.00011549774531113241342
5.1900000000000003908 0.00013196518084568359007 -0.00012196316020107749898
5.2000000000000001776 0.00013243275029023720158 -0.00011042830450830592049
5.2099999999999999645 0.000132903688360466824 -0.00011690045605669283969
5.2199999999999997513 0.00013337801482609198305 -0.00011537437802959889981
5.2300000000000004263 0.0001338557586251054414 -0.00011585212182861235816
5.2400000000000002132 0.00013433695342304907022 -0.00011433291213383688805
5.25 0.00013482163535342853514 -0.0001168179985569354519
5.2599999999999997868 0.0001353098419379209264 -0.00012330741771009043816
5.2700000000000004619 0.00013580161160282083386 -0.00011579757031360865169
5.2800000000000002487 0.00013629698347804701801 -0.0001202937511742730337
5.2900000000000000355 0.00013679599732210336819 -0.0001147915515401720871
5.2999999999999998224 0.00013729869350000522394 -0.00012129546119623123963
5.3100000000000004974 0.00013780511298231383878 -0.00011380026452665286231
5.3200000000000002842 0.00013831529735221697935 -0.00012031166055572389611
5.3300000000000000711 0.0001388292888156196221 -0.0001128240358672395467
5.3399999999999998579 0.0001393471302124153191 -0.00011734268443048403801
5.3500000000000005329 0.00013986886502831443716 -0.00012386563272454045284
5.3600000000000003197 0.00014039453740703265023 -0.00010638766830676558268
5.3700000000000001066 0.00014092419216278308973 -0.00012092015087357090757
5.3799999999999998934 0.00014145787479306090421 -0.00012745504607251131705
5.3899999999999996803 0.0001419956314917244567 -0.00012199159020251227454
5.4000000000000003553 0.00014253750916237790318 -0.00012853468044182831602
5.4100000000000001421 0.00014308355543206518101 -0.00011907870697640420454
5.4199999999999999289 0.0001436338186652803947 -0.00013163139443744990647
5.4299999999999997158 0.00014418834797830750089 -0.0001221839021963762198
5.4400000000000003908 0.00014474719325389471375 -0.00011674153581279553943
5.4500000000000001776 0.00014531040515627387634 -0.0001273067683597807931
5.4599999999999999645 0.00014587803514653637188 -0.00013187520642598678472
5.4699999999999997513 0.00014645013549837213431 -0.00013044690319459814999
5.4800000000000004263 0.0001470267593141836031 -0.00013302393059363401594
5.4900000000000002132 0.00014760796054158538296 -0.00012760391925237320079
5.5 0.00014819379399029977283 -0.00013219056168652578852
5.5099999999999997868 0.00014878431534945968395 -0.00012477946689379870748
5.5200000000000004619 0.00014937958120532927376 -0.0001353767524847796866
5.5300000000000002487 0.00014997964905945709532 -0.00012797520327752581423
5.5400000000000000355 0.00015058457734727208896 -0.00013258094055077900572
5.5499999999999998224 0.0001511944254571367008 -0.00013519119315336271649
5.5600000000000004974 0.00015180925374987371619 -0.00014380763759798672404
5.5700000000000002842 0.00015242912357878526681 -0.00013442548678229218357
5.5800000000000000711 0.00015305409731019369132 -0.00014305207666558760024
5.5899999999999998579 0.00015368423834454357914 -0.00012367817641072530589
5.6000000000000005329 0.00015431961113814926675 -0.00013431556984893708458
5.6100000000000003197 0.00015496028122573377462 -0.00013495623993652159246
5.6200000000000001066 0.0001556063152440625172 -0.00013160146678840154073
5.6299999999999998934 0.00015625778095727389772 -0.00013825414416078081448
5.6399999999999996803 0.00015691474728511938669 -0.00014291191856456979953
5.6500000000000003553 0.00015757728433652738536 -0.00013757324304731520319
5.6600000000000001421 0.00015824546345323629165 -0.00013624101767130501056
5.6699999999999999289 0.0001589193572727111588 -0.00014691693304488067057
5.6799999999999997158 0.00015959903982795260974 -0.00013959499853874042757
5.6900000000000003908 0.00016028458671735884566 -0.00014828216248952835743
5.7000000000000001776 0.00016097607540609937238 -0.00014097203411688719022
5.7099999999999999645 0.00016167358577111212606 -0.0001536719696192251339
5.7199999999999997513 0.00016237720109093313784 -0.00014837437237038355068
5.7300000000000004263 0.00016308700983556524288 -0.00014308296854635306071
5.7400000000000002132 0.00016380310887303525173 -0.00014579947207654216849
5.75 0.00016452560914506162283 -0.00013651995170396244851
5.7599999999999997868 0.0001652546455770449881 -0.00014725100878055190487
5.7700000000000004619 0.00016599039413114604269 -0.0001439859483492147616
5.7800000000000002487 0.00016673310070946311214 -0.00013872744326836393782
5.7900000000000000355 0.00016748312938398102288 -0.00015147989708020703856
5.7999999999999998224 0.00016824104160430649766 -0.00015223780930053251335
5.8100000000000004974 0.00016900772418403580766 -0.00015300449188026182335
5.8200000000000002842 0.00016978459271087424968 -0.00015178095591438116644
5.8300000000000000711 0.00017057390942059452981 -0.00015857148519276404158
5.8399999999999998579 0.00017137927146583666711 -0.00016137725082123057603
5.8500000000000005329 0.00017220634782642179651 -0.00015420271102992871327
5.8600000000000003197 0.00017306397157497958742 -0.00016106154734714909918
5.8700000000000001066 0.00017396572906825728236 -0.0001599629003477076952
5.8799999999999998934 0.00017493222822715284574 -0.00016092939950660325858
5.8899999999999996803 0.00017599427233691832548 -0.0001659922516923122344
5.9000000000000003553 0.00017719720967643038398 -0.00015919357287993730074
5.9100000000000001421 0.00017860676608588669395 -0.00016060312928939361071
5.9199999999999999289 0.00018031668749438428353 -0.00017031466684977819245
5.9299999999999997158 0.00018245850929146439565 -0.00017045608506363390741
5.9400000000000003908 0.00018521371301009347562 -0.00018121290493414997954
5.9500000000000001776 0.00018882840982793757962 -0.00017682598560010709138
5.9599999999999999645 0.0001936304866046600231 -0.00018162806237682953487
5.9699999999999997513 0.00020004884839098577959 -0.00017604399993532480312
5.9800000000000004263 0.00020863398376903667143 -0.00019063034697254358819
5.9900000000000002132 0.00022007857064584491103 -0.00019407331769746483563
6 0.00023523625259706722754 -0.00021123140414140625107
6.0099999999999997868 0.00025513609426334890812 -0.00023913286195957492381
6.0200000000000004619 0.00028098963835868339409 -0.00027298802220679640193
6.0300000000000002487 0.00031418703060133652046 -0.00029018218214567554399
6.0400000000000000355 0.00035627846535170396838 -0.00034027523304792998407
6.0499999999999998224 0.00040893735505790474024 -0.000390933718261411657
6.0600000000000004974 0.00047390225341767215888 -0.00044589659597657298456
6.0700000000000002842 0.00055289574841131401261 -0.00052489009097021483829
6.0800000000000000711 0.00064752031673156692539 -0.00061551385212401895676
6.0899999999999998579 0.00075913344979440186295 -0.00072712698518685389432
6.1000000000000005329 0.00088870708572979422238 -0.00085870102379597594913
6.1100000000000003197 0.0010366792762951061377 -0.0009926703847312435755
6.1200000000000001066 0.0012028087591870277855 -0.001168801890086760718
6.1299999999999998934 0.0013860453101278160347 -0.0013260331862601794882
6.1400000000000005684 0.0015844300134456330148 -0.0015344199120415919629
6.1500000000000003553 0.0017950395528399786665 -0.001737027833465061219
6.1600000000000001421 0.0020139870275424254405 -0.0019479736901966315972
6.1699999999999999289 0.0022364885486223346454 -0.0021564723834654859168
6.1799999999999997158 0.0024570000794094798424 -0.0023809847232380693116
6.1900000000000003908 0.0026694229935038575954 -0.0025754040005359539814
6.2000000000000001776 0.0028673701863077380621 -0.0027693503843543962502
6.2099999999999999645 0.003044478005129489049 -0.0029504590121615854349
6.2199999999999997513 0.0031947435496907281537 -0.0030707184929700168628
6.2300000000000004263 0.0033128628016845700424 -0.0031808361269929823559
6.2400000000000002132 0.003394543189832331144 -0.0032405120693588121764
6.25 0.0034367649641431018658 -0.0033187411245385266788
6.2599999999999997868 0.0034379692044446369219 -0.0032819376903923352766
6.2700000000000004619 0.0033981561470271971076 -0.0032321226068733211606
6.2800000000000002487 0.0033188851847990017731 -0.0031988609370637286801
6.2900000000000000355 0.0032031765409534624332 -0.0030571470384508198613
6.2999999999999998224 0.0030553232607500018653 -0.002915294968087537783
6.3100000000000004974 0.002880629837567335802 -0.0027646063988175009069
6.3200000000000002842 0.0026850996481611317905 -0.0025950814641786663743
6.3300000000000000711 0.0024750968234219850907 -0.0023930802574103960702
6.3399999999999998579 0.0022570089481869387051 -0.0021809935920155281742
6.3500000000000005329 0.0020369351314572813928 -0.0019669209851260493517
6.3600000000000003197 0.0018204198951913442162 -0.001756406965976248279
6.3700000000000001066 0.0016122476166232071679 -0.0015722395340447828035
6.3799999999999998934 0.0014163056881730353483 -0.0013842992235654873797
6.3900000000000005684 0.0012355179214788496005 -0.0011915090299149870383
6.4000000000000003553 0.0010718437315787778669 -0.0010478388831231168904
6.4100000000000001421 0.00092633384649400401113 -0.0008943273818864560425
6.4199999999999999289 0.00079923003700333253036 -0.00077122437956223335604
6.4299999999999997158 0.00069009476491849002216 -0.00066809031913655874107
6.4400000000000003908 0.00059795661114119555771 -0.00057595216535926427662
6.4500000000000001776 0.00052145860912663978722 -0.00050945618489880929898
6.4599999999999999645 0.00045899881327807206957 -0.00044499598455752248241
6.4699999999999997513 0.00040885517333053348048 -0.00039285194102675949617
6.4800000000000004263 0.00036928968032531943018 -0.00035128604352882634694
6.4900000000000002132 0.0003386294739917361735 -0.00032062583719524309026
6.5 0.00031532492001105368691 -0.00030132209129050409975
6.5099999999999997868 0.00029798644100861848821 -0.00027598199522668720712
6.5200000000000004619 0.00028540307136630196526 -0.00027540105072169587417
6.5300000000000002487 0.00027654633275524985936 -0.0002685447166033628672
6.5400000000000000355 0.00027056317760540193407 -0.00025455994530162794976
6.5499999999999998224 0.00026676153420207381452 -0.00024875789740558073128
6.5600000000000004974 0.00026459153085115497345 -0.00025058870213060538629
6.5700000000000002842 0.00026362489061140971644 -0.00025762367849749447232
6.5800000000000000711 0.00026353436649785994808 -0.00024353032520864776591
6.5899999999999998579 0.00026407449953538315738 -0.00024006965107972218091
6.6000000000000005329 0.00026506447330412134106 -0.00025906326119020609694
6.6100000000000003197 0.00026637343104210709681 -0.00024036817809372702142
6.6200000000000001066 0.00026790831958860072482 -0.00025390549086805113766
6.6299999999999998934 0.00026960412066256051215 -0.00025160048386606742891
6.6400000000000005684 0.0002714162090101351725 -0.00025741338028958558534
6.6500000000000003553 0.00027331452053852155377 -0.00025731128823474756946
6.6600000000000001421 0.00027527920341624794853 -0.00026927799130233270441
6.6699999999999999289 0.00027729744503211909172 -0.00025729340374290690955
6.6799999999999997158 0.00027936120450562385844 -0.00026935918386101776736
6.6900000000000003908 0.00028146562431914873628 -0.00026746279559859914912
6.7000000000000001776 0.00028360793891085662533 -0.00026560430211436354209
6.7099999999999999645 0.00028578673865987941479 -0.00025578067672606114155
6.7199999999999997513 0.00028800148255215776054 -0.00027799946190755166946
6.7300000000000004263 0.00029025218128253364724 -0.00027424894897875966293
6.7400000000000002132 0.00029253919486449744825 -0.00028253717421989135716
6.75 0.00029486310571007456329 -0.00027485906442086238113
6.7599999999999997868 0.00029722464053745354827 -0.00028522221630962306003
6.7700000000000004619 0.00029962462330842079029 -0.0002736193703600407149
6.7800000000000002487 0.00030206394754767230829 -0.00029006152331984182005
6.7900000000000000355 0.00030454356057063591834 -0.00028253911478870463725
6.7999999999999998224 0.00030706445491630060627 -0.00028105920196792053087
6.8100000000000004974 0.00030962766408004419169 -0.00029362443177627020737
6.8200000000000002842 0.00031223426078524961578 -0.00029623102848147563147
6.8300000000000000711 0.00031488535674557231042 -0.00030288293251774182219
6.8399999999999998579 0.00031758210330577963049 -0.00030357927458523004333
6.8500000000000005329 0.00032032569261085516374 -0.00030432246030708117943
6.8600000000000003197 0.00032311735910739371354 -0.00028711008551440754706
6.8700000000000001066 0.00032595838127079743022 -0.00029995312832241735482
6.8799999999999998934 0.00032885008350281690883 -0.00031484725478226732167
6.8900000000000005684 0.00033179383817274007594 -0.00031579060586896609162
6.9000000000000003553 0.00033479106779153895712 -0.00031478702650232677496
6.9100000000000001421 0.00033784324731720474485 -0.0003078371853833864716
6.9199999999999999289 0.00034095190659450604629 -0.00030494463300151987981
6.9299999999999997158 0.00034411863293537026717 -0.000324114591646158085
6.9400000000000003908 0.00034734507384791399234 -0.00034334426577197049626
6.9500000000000001776 0.00035063293992348813517 -0.00033663011120293854801
6.9599999999999999645 0.0003539840078921848484 -0.00031997713879191778084
6.9699999999999997513 0.00035740012385822739899 -0.00032939446641712822467
6.9800000000000004263 0.00036088320672767902272 -0.0003288767421201310541
6.9900000000000002132 0.00036443525184192928539 -0.00034643161504543620215
7 0.00036805833483153602452 -0.00033205106123854985804
7.0099999999999997868 0.00037175461570620403065 -0.00034774976725054305418
7.0200000000000004619 0.00037552634319798912062 -0.00034552028126417084737
7.0300000000000002487 0.0003793758593762595996 -0.00033936777679783523528
7.0400000000000000355 0.00038330560455451204594 -0.00034529792646880678054
7.0499999999999998224 0.00038731812251085740969 -0.00035531165790330944106
7.0600000000000004974 0.00039141606604588865528 -0.0003474071744820260931
7.0700000000000002842 0.00039560220290371482391 -0.00034159129251423557419
7.0800000000000000711 0.00039987942208423047979 -0.000347868916187470329
7.0899999999999998579 0.000404250740577198999 -0.00035023983018771974928
7.1000000000000005329 0.00040871931055150729486 -0.00035670880465474714407
7.1100000000000003197 0.00041328842703599634467 -0.0003552767076610788971
7.1200000000000001066 0.00041796153613166603163 -0.00036195022124946768299
7.1299999999999998934 0.00042274224379876246781 -0.00036473052442384502024
7.1400000000000005684 0.00042763432526641962554 -0.00038362543370255706337
7.1500000000000003553 0.00043264173511708465701 -0.00037463001574216720944
7.1600000000000001421 0.00043776861810307198105 -0.00035975286107692115841
7.1699999999999999289 0.000443019320758214377 -0.0003750055825576802419
7.1799999999999997158 0.00044839840387389995249 -0.00037238304770248942168
7.1900000000000003908 0.00045391065591577435447 -0.00035989166294787074043
7.2000000000000001776 0.00045956110746521444807 -0.00035353968754099624047
7.2099999999999999645 0.00046535504677842941604 -0.00037333646194122370801
7.2199999999999997513 0.00047129803656579632954 -0.00037527864274315242367
7.2300000000000004263 0.00047739593210502828582 -0.00035137048180553431733
7.2400000000000002132 0.00048365490081403228256 -0.00039163631597682657453
7.25 0.00049008144342316804255 -0.00036005517686227826203
7.2599999999999997868 0.00049668241690214575291 -0.00039466180596336574316
7.2700000000000004619 0.00050346505931436605959 -0.00039344283768066726833
7.2800000000000002487 0.00051043701679130844794 -0.00039241317718673326097
7.2900000000000000355 0.00051760637284200910167 -0.00039158092254251513319
7.2999999999999998224 0.00052498168023806660639 -0.0003909546119676962422
7.3100000000000004974 0.00053257199574349603326 -0.00038254169153137282345
7.3200000000000002842 0.0005403869179915806592 -0.00038635579751806169158
7.3300000000000000711 0.00054843662884832889738 -0.00040040673276690370202
7.3399999999999998579 0.000556731938644895296 -0.00038269678052014300751
7.3500000000000005329 0.000565284335710310561 -0.00037724634977450333291
7.3600000000000003197 0.0005741060406920356872 -0.00040607209240746177997
7.3700000000000001066 0.00058321006621646592598 -0.00042517814403346632047
7.3799999999999998934 0.00059261028251594838594 -0.00040457229658014115786
7.3900000000000005684 0.00060232148973491403485 -0.00042428552990068110849
7.4000000000000003553 0.0006123594977273513415 -0.00043232312976242050911
7.4100000000000001421 0.00062274121427356450131 -0.00045670767411968860852
7.4199999999999999289 0.00063348474277884485491 -0.00041744110122092785604
7.4299999999999997158 0.00064460949067403653864 -0.00045857191286892721657
7.4400000000000003908 0.00065613628992216264674 -0.0004420930564949435539
7.4500000000000001776 0.00066808753125167648183 -0.00045404429782445738899
7.4599999999999999645 0.00068048731399189934035 -0.00043443762323308994728
7.4699999999999997513 0.00069336161368763042125 -0.00049132079994076830777
7.4800000000000004263 0.00070673847002756780625 -0.00048669402676017022372
7.4900000000000002132 0.00072064819804696245847 -0.0004565948486637870854
7.5 0.00073512362607384648151 -0.00050307674857417669124
7.5099999999999997868 0.00075020036449875314097 -0.00041813328419100124697
7.5200000000000004619 0.00076591711018362076437 -0.0004958625509602669016
7.5300000000000002487 0.00078231599221592347092 -0.00046825254142870704598
7.5400000000000000355 0.00079944296579662781944 -0.00048938033127080720654
7.5499999999999998224 0.00081734826237311809967 -0.0005312904672080114455
7.5600000000000004974 0.00083608690575249263854 -0.00054002711358964213938
7.5700000000000002842 0.00085571930593627729914 -0.0005416558551490608742
7.5800000000000000711 0.0008763119449086832595 -0.00052624123508039589645
7.5899999999999998579 0.0008979381717239542102 -0.00056187027515480650417
7.6000000000000005329 0.0009206791281553592483 -0.00057060841832707177683
7.6100000000000003197 0.00094462483113200970599 -0.0005905533050423265309
7.6200000000000001066 0.00096987544452809915183 -0.00060580189233684167503
7.6299999999999998934 0.00099654278103134506794 -0.00067447772682516747567
7.6400000000000005684 0.0010247520854257722266 -0.00065067653623677090477
7.6500000000000003553 0.001054644164554985504 -0.00066456537942423139081
7.6600000000000001421 0.0010863779477545776418 -0.00066829350700171375778
7.6699999999999999289 0.0011201335865761051155 -0.00070004872314062809718
7.6799999999999997158 0.001156116237337467172 -0.0007060253247010977052
7.6900000000000003908 0.0011945607204387443615 -0.0007244657555992262913
7.7000000000000001776 0.0012357373300698718151 -0.00074163752586963978611
7.7099999999999999645 0.0012799592123627532517 -0.00076985614311693797464
7.7199999999999997513 0.0013275920385515595657 -0.00084149383777028870408
7.7300000000000004263 0.0013790674527831990517 -0.00087096480621999690895
7.7400000000000002132 0.0014349037386801525955 -0.00084478451882940381809
7.75 0.001495742309471856336 -0.00083760935869653103773
7.7599999999999997868 0.0015624217790330744132 -0.00085427872685370806298
7.7700000000000004619 0.0016361432028733108746 -0.00081397710552289230697
7.7800000000000002487 0.0017188522647218515242 -0.00079666596456335085283
7.7900000000000000355 0.0018141159477922459871 -0.00079190944482566299513
7.7999999999999998224 0.0019290636411120284412 -0.00074482447246062644455
7.8100000000000004974 0.0020784707800046292592 -0.00065418310133076628191
7.8200000000000002842 0.0022928381931781754467 -0.00063850405968725537989
7.8300000000000000711 0.0026332997821521685229 -0.00067090346592187143429
7.8399999999999998579 0.0032170489637270917489 -0.00093058708329651256344
7.8500000000000005329 0.0042569518483959803423 -0.0013103566527151232039
7.8600000000000003197 0.0061168614839725299337 -0.0027221757983379168966
7.8700000000000001066 0.0093783900863764011607 -0.0052915645554003441081
7.8799999999999998934 0.014904662221497427116 -0.0098256363531710015635
7.8900000000000005684 0.023872955140728385065 -0.017843737171102196787
7.9000000000000003553 0.03773558967427891736 -0.030780184908374967623
7.9100000000000001421 0.058065082987165644868 -0.049891431925213530763
7.9199999999999999289 0.086255043453165439193 -0.076775128661283401077
7.930000000000000604 0.12308859632373916893 -0.11251045943261253623
7.9400000000000003908 0.1682470613131468451 -0.15643267472928215622
7.9500000000000001776 0.21989445248184266712 -0.20674379588601651814
7.9599999999999999645 0.27450774868562932696 -0.26047091351434703554
7.9699999999999997513 0.32709879401209629446 -0.31174769318732298284
7.9800000000000004263 0.37187929058378316194 -0.35599608139997102052
7.9900000000000002132 0.40327589453865436697 -0.38704061561931518698
8 0.41705962449839062423 -0.40114240900208897322
8.0099999999999997868 0.41127618228223511432 -0.39543298271622845386
8.0199999999999995737 0.38669547600519693642 -0.3714643993772271946
8.0299999999999993605 0.34663824509952384512 -0.33213131461415607015
8.0400000000000009237 0.29623409781539589147 -0.282667357026876509
8.0500000000000007105 0.24134005313106293711 -0.22893554703630919489
8.0600000000000004974 0.18743379252733827212 -0.17650558545025230028
8.0700000000000002842 0.13876551282430912848 -0.12917357482786204215
8.0800000000000000711 0.09793171554108046073 -0.089556023359791264715
8.0899999999999998579 0.065882157075818348346 -0.059002767324115801273
8.0999999999999996447 0.042248418484577242304 -0.036419241153397861888
8.1099999999999994316 0.025825438936706041765 -0.021120488559360956621
8.1200000000000009948 0.015047925705696614182 -0.011479204934696824944
8.1300000000000007816 0.0083578545408832770336 -0.0055412854807960730541
8.1400000000000005684 0.0044248667518360937714 -0.0021224017227752527311
8.1500000000000003553 0.0022330122290816966854 -0.00058667966990590776286
8.1600000000000001421 0.0010741528337366830839 0.00012808996443525394807
8.1699999999999999289 0.00049252002895116241132 0.00033364685555682151163
8.1799999999999997158 0.00021526007956515944247 0.0003888619244408985081
8.1899999999999995026 8.9677597264195798763e-05 0.00029840079428777556902
8.1999999999999992895 3.5611027274974821951e-05 0.00019643585022469496832
8.2100000000000008527 1.3479209254761085734e-05 0.00018256039465192251095
8.2200000000000006395 4.863210773651322055e-06 0.00012316264765654057786
8.2300000000000004263 1.6724763799911732308e-06 0.00011035015338440551749
8.2400000000000002132 5.4824494775678062363e-07 4.9461856456284269653e-05
8.25 1.713036440261695748e-07 3.3835565456240896309e-05
8.2599999999999997868 5.1019418180777949875e-08 2.3953829037480201908e-05
8.2699999999999995737 1.4483749217931557115e-08 3.9863243267255648222e-06
8.2799999999999993605 3.91924829474401163e-09 5.9972928656204999221e-06
8.2900000000000009237 1.0108822432888839485e-09 1.9993931557284590501e-06
8.3000000000000007105 2.4852730715717801318e-10 -2.4852730715717801318e-10
8.3100000000000004974 5.824024422819592726e-11 2.0003457977275197108e-06
8.3200000000000002842 1.3009109797427037312e-11 -1.3009109797427037312e-11
8.3300000000000000711 2.7697916291363362256e-12 2.0004012681801188957e-06
8.3399999999999998579 5.6211033522721131408e-13 2.0004034758614129711e-06
8.3499999999999996447 1.0873536961814589578e-13 2.00040392923637863e-06
8.3599999999999994316 2.004909365447126468e-14 -2.004909365447126468e-14
8.3700000000000009948 3.5236532365615688824e-15 -3.5236532365615688824e-15
8.3800000000000007816 5.9029073157250600017e-16 -5.9029073157250600017e-16
8.3900000000000005684 9.4256873977466807546e-17 -9.4256873977466807546e-17
8.4000000000000003553 1.4346113392522782871e-17 -1.4346113392522782871e-17
8.4100000000000001421 2.0812753691418574184e-18 -2.0812753691418574184e-18
8.4199999999999999289 2.8780530522213253839e-19 -2.8780530522213253839e-19
8.4299999999999997158 3.7935160336042415742e-20 -3.7935160336042415742e-20
8.4399999999999995026 4.7660528053580458197e-21 -4.7660528053580458197e-21
8.4499999999999992895 5.7075470028802955749e-22 -5.7075470028802955749e-22
8.4600000000000008527 6.5149906022259624388e-23 -6.5149906022259624388e-23
8.4700000000000006395 7.0884564232501305497e-24 -7.0884564232501305497e-24
8.4800000000000004263 7.3512818650328985891e-25 -7.3512818650328985891e-25
8.4900000000000002132 7.266879152530782409e-26 -7.266879152530782409e-26
8.5 6.8470927008489312529e-27 -6.8470927008489312529e-27
8.5099999999999997868 6.1494720498602356984e-28 -6.1494720498602356984e-28
8.5199999999999995737 5.2643258280175679307e-29 -5.2643258280175679307e-29
8.5299999999999993605 4.2955714766214509817e-30 -4.2955714766214509817e-30
8.5400000000000009237 3.3409682875876029443e-31 -3.3409682875876029443e-31
8.5500000000000007105 2.4768341683131629265e-32 -2.4768341683131629265e-32
8.5600000000000004974 1.7502280555931562935e-33 -1.7502280555931562935e-33
8.5700000000000002842 1.1788687324747389823e-34 -1.1788687324747389823e-34
8.5800000000000000711 7.5684913353595835445e-36 -7.5684913353595835445e-36
8.5899999999999998579 4.6315484873593174228e-37 -4.6315484873593174228e-37
8.5999999999999996447 2.701569271063093644e-38 -2.701569271063093644e-38
8.6099999999999994316 1.5020312419177901051e-39 -1.5020312419177901051e-39
8.6200000000000009948 7.9600310295344854278e-41 -7.9600310295344854278e-41
8.6300000000000007816 4.0209017776665680613e-42 -4.0209017776665680613e-42
8.6400000000000005684 1.9359986518999642376e-43 -1.9359986518999642376e-43
8.6500000000000003553 8.885042189433418178e-45 -8.885042189433418178e-45
8.6600000000000001421 3.8867514717525431337e-46 -3.8867514717525431337e-46
8.6699999999999999289 1.6206411415926714284e-47 -1.6206411415926714284e-47
8.6799999999999997158 6.4410954729329974539e-49 -6.4410954729329974539e-49
8.6899999999999995026 2.4400873933737039961e-50 -2.4400873933737039961e-50
8.7000000000000010658 8.8109710358247689457e-52 -8.8109710358247689457e-52
8.7100000000000008527 3.0325983517363654734e-53 -3.0325983517363654734e-53
8.7200000000000006395 9.9489838466878689385e-55 -9.9489838466878689385e-55
8.7300000000000004263 3.1111091588184013776e-56 -3.1111091588184013776e-56
8.7400000000000002132 9.2730894382428152788e-58 -9.2730894382428152788e-58
8.75 2.6345491609539648228e-59 -2.6345491609539648228e-59
8.7599999999999997868 7.1344550982293584812e-61 -7.1344550982293584812e-61
8.7699999999999995737 1.8415687623960345227e-62 -1.8415687623960345227e-62
8.7799999999999993605 4.5309334608739543292e-64 -4.5309334608739543292e-64
8.7900000000000009237 1.0625760658617817949e-65 -1.0625760658617817949e-65
8.8000000000000007105 2.3752261237153822165e-67 -2.3752261237153822165e-67
8.8100000000000004974 5.0608383654245850032e-69 -5.0608383654245850032e-69
8.8200000000000002842 1.0278092789972257938e-70 -1.0278092789972257938e-70
8.8300000000000000711 1.989642966226504174e-72 -1.989642966226504174e-72
8.8399999999999998579 3.6712191128304044676e-74 -3.6712191128304044676e-74
8.8499999999999996447 6.4568097079890954223e-76 -6.4568097079890954223e-76
8.8599999999999994316 1.0824259237896839885e-77 -1.0824259237896839885e-77
8.8700000000000009948 1.7296207559423099996e-79 -1.7296207559423099996e-79
8.8800000000000007816 2.6343658466432278373e-81 -2.6343658466432278373e-81
8.8900000000000005684 3.8244921362263269516e-83 -3.8244921362263269516e-83
8.9000000000000003553 5.292293652913267232e-85 -5.292293652913267232e-85
8.9100000000000001421 6.9805005059541778883e-87 -6.9805005059541778883e-87
8.9199999999999999289 8.7761017687552183919e-89 -8.7761017687552183919e-89
8.9299999999999997158 1.0516934976801214371e-90 -1.0516934976801214371e-90
8.9399999999999995026 1.2012936154758329538e-92 -1.2012936154758329538e-92
8.9500000000000010658 1.3079212116128908694e-94 -1.3079212116128908694e-94
8.9600000000000008527 1.3573330492623854487e-96 -1.3573330492623854487e-96
8.9700000000000006395 1.342652680432368577e-98 -1.342652680432368577e-98
8.9800000000000004263 1.2659406757364074376e-100 -1.2659406757364074376e-100
8.9900000000000002132 1.1377200981918425537e-102 -1.1377200981918425537e-102
9 9.7460784686255363493e-105 -9.7460784686255363493e-105
9.0099999999999997868 7.9578686856740950269e-107 -7.9578686856740950269e-107
9.0199999999999995737 6.1934982337535069696e-109 -6.1934982337535069696e-109
9.0299999999999993605 4.5945993438611533702e-111 -4.5945993438611533702e-111
9.0400000000000009237 3.2488648607584072537e-113 -3.2488648607584072537e-113
9.0500000000000007105 2.1897171215618992997e-115 -2.1897171215618992997e-115
9.0600000000000004974 1.4067494122261556065e-117 -1.4067494122261556065e-117
9.0700000000000002842 8.6142570289875615726e-120 -8.6142570289875615726e-120
9.0800000000000000711 5.0279535801828262525e-122 -5.0279535801828262525e-122
9.0899999999999998579 2.797287069024081435e-124 -2.797287069024081435e-124
9.0999999999999996447 1.4833893463632235551e-126 -1.4833893463632235551e-126
9.1099999999999994316 7.4980029701326473942e-129 -7.4980029701326473942e-129
9.1200000000000009948 3.6125044475315965459e-131 -3.6125044475315965459e-131
9.1300000000000007816 1.6589889673463451606e-133 -1.6589889673463451606e-133
9.1400000000000005684 7.2619110637742193043e-136 2.0004040379717480391e-06
9.1500000000000003553 3.0299165675502702401e-138 -3.0299165675502702401e-138
9.1600000000000001421 1.204988009969590518e-140 -1.204988009969590518e-140
9.1699999999999999289 4.5678000901881153817e-143 -4.5678000901881153817e-143
9.1799999999999997158 1.6504552568731104418e-145 -1.6504552568731104418e-145
9.1899999999999995026 5.6842441192605543745e-148 -5.6842441192605543745e-148
9.2000000000000010658 1.8660100670009069148e-150 -1.8660100670009069148e-150
9.2100000000000008527 5.8388529155733694926e-153 -5.8388529155733694926e-153
9.2200000000000006395 1.7414594883507653529e-155 -1.7414594883507653529e-155
9.2300000000000004263 4.9507557524253470422e-158 -4.9507557524253470422e-158
9.2400000000000002132 1.3415346867156228196e-160 -1.3415346867156228196e-160
9.25 3.4650107709712636387e-163 -3.4650107709712636387e-163
9.2599999999999997868 8.5305993531646528427e-166 -8.5305993531646528427e-166
9.2699999999999995737 2.0018280592725130816e-168 -2.0018280592725130816e-168
9.2799999999999993605 4.4776100286563674537e-171 -4.4776100286563674537e-171
9.2900000000000009237 9.5463647707220152087e-174 -9.5463647707220152087e-174
9.3000000000000007105 1.9400014041901544824e-176 -1.9400014041901544824e-176
9.3100000000000004974 3.7578403177591701018e-179 -3.7578403177591701018e-179
9.3200000000000002842 6.9382006304136793646e-182 -6.9382006304136793646e-182
9.3300000000000000711 1.2210336670482516869e-184 -1.2210336670482516869e-184
9.3399999999999998579 2.0482391961566546694e-187 -2.0482391961566546694e-187
9.3499999999999996447 3.274959649427196164e-190 -3.274959649427196164e-190
9.3599999999999994316 4.9911828238023312413e-193 -4.9911828238023312413e-193
9.3700000000000009948 7.2505882692665119568e-196 -7.2505882692665119568e-196
9.3800000000000007816 1.0039573158457024333e-198 -1.0039573158457024333e-198
9.3900000000000005684 1.3250415282486448863e-201 -1.3250415282486448863e-201
9.4000000000000003553 1.6669246332905447377e-204 -1.6669246332905447377e-204
9.4100000000000001421 1.9988245303404314423e-207 -1.9988245303404314423e-207
9.4199999999999999289 2.2845759771557788497e-210 2.0004040379717480391e-06
9.4299999999999997158 2.4889075643621590058e-213 -2.4889075643621590058e-213
9.4399999999999995026 2.5845453319257793393e-216 -2.5845453319257793393e-216
9.4500000000000010658 2.5581839064645511754e-219 -2.5581839064645511754e-219
9.4600000000000008527 2.4135238292603916271e-222 -2.4135238292603916271e-222
9.4700000000000006395 2.1704192748255328498e-225 -2.1704192748255328498e-225
9.4800000000000004263 1.8604067219259220835e-228 -1.8604067219259220835e-228
9.4900000000000002132 1.520002758991977143e-231 -1.520002758991977143e-231
9.5 1.1837311173920189568e-234 -1.1837311173920189568e-234
9.5099999999999997868 8.7868651660058014458e-238 -8.7868651660058014458e-238
9.5199999999999995737 6.2170887651831244408e-241 -6.2170887651831244408e-241
9.5299999999999993605 4.1928794877957735654e-244 -4.1928794877957735654e-244
9.5400000000000009237 2.6953172836228723326e-247 -2.6953172836228723326e-247
9.5500000000000007105 1.6515039425087305543e-250 -1.6515039425087305543e-250
9.5600000000000004974 9.6454286772595072394e-254 -9.6454286772595072394e-254
9.5700000000000002842 5.3695223216248097211e-257 -5.3695223216248097211e-257
9.5800000000000000711 2.8491936478373870697e-260 -2.8491936478373870697e-260
9.5899999999999998579 1.4410547399718934806e-263 -1.4410547399718934806e-263
9.5999999999999996447 6.9472220941500679627e-267 -6.9472220941500679627e-267
9.6099999999999994316 3.1923763142836737617e-270 -3.1923763142836737617e-270
9.6200000000000009948 1.3982639716500773612e-273 -1.3982639716500773612e-273
9.6300000000000007816 5.8376283761631254107e-277 -5.8376283761631254107e-277
9.6400000000000005684 2.323035831915709758e-280 -2.323035831915709758e-280
9.6500000000000003553 8.8114536103050228717e-284 -8.8114536103050228717e-284
9.6600000000000001421 3.185747817301948923e-287 -3.185747817301948923e-287
9.6699999999999999289 1.0978611386797070804e-290 -1.0978611386797070804e-290
9.6799999999999997158 3.6062481901801398149e-294 -3.6062481901801398149e-294
9.6899999999999995026 1.1291093219610913306e-297 -1.1291093219610913306e-297
9.7000000000000010658 3.3696791629998465393e-301 -3.3696791629998465393e-301
9.7100000000000008527 9.5854672892481366526e-305 -9.5854672892481366526e-305
9.7200000000000006395 2.5990234794532632372e-308 -2.5990234794532632372e-308
9.7300000000000004263 6.7170609859504668404e-312 -6.7170609859504668404e-312
9.7400000000000002132 1.6547049033663257343e-315 -1.6547049033663257343e-315
9.75 3.8854310520247310727e-319 -3.8854310520247310727e-319
9.7599999999999997868 7.4109846876186981626e-323 -7.4109846876186981626e-323
9.7699999999999995737 0 0
9.7799999999999993605 0 0
9.7900000000000009237 0 0
9.8000000000000007105 0 0
9.8100000000000004974 0 0
9.8200000000000002842 0 0
9.8300000000000000711 0 0
9.8399999999999998579 0 0
9.8499999999999996447 0 0
9.8599999999999994316 0 0
9.8700000000000009948 0 0
9.8800000000000007816 0 0
9.8900000000000005684 0 0
9.9000000000000003553 0 0
9.9100000000000001421 0 0
9.9199999999999999289 0 0
9.9299999999999997158 0 0
9.9399999999999995026 0 0
9.9500000000000010658 0 0
9.9600000000000008527 0 0
9.9700000000000006395 0 0
9.9800000000000004263 0 2.0004040379717480391e-06
9.9900000000000002132 0 0
10 0 0
10.009999999999999787 0 0
10.019999999999999574 0 0
10.029999999999999361 0 0
10.040000000000000924 0 0
10.050000000000000711 0 0
10.060000000000000497 0 0
10.070000000000000284 0 0
10.080000000000000071 0 0
10.089999999999999858 0 0
10.099999999999999645 0 0
10.109999999999999432 0 2.0004040379717480391e-06
10.120000000000000995 0 0
10.130000000000000782 0 0
10.140000000000000568 0 0
10.150000000000000355 0 0
10.160000000000000142 0 0
10.169999999999999929 0 0
10.179999999999999716 0 0
10.189999999999999503 0 0
10.200000000000001066 0 0
10.210000000000000853 0 0
10.220000000000000639 0 0
10.230000000000000426 0 0
