0 1.025479940510971344e-07 -1.025479940510971344e-07
0.010000000000000000208 1.6370029521679903724e-07 -1.6370029521679903724e-07
0.020000000000000000416 2.5816415862284426258e-07 -2.5816415862284426258e-07
0.02999999999999999889 4.0222399346346555516e-07 -4.0222399346346555516e-07
0.040000000000000000833 6.1912964084155791515e-07 -6.1912964084155791515e-07
0.050000000000000002776 9.4186868097273182147e-07 -9.4186868097273182147e-07
0.05999999999999999778 1.4199229078828259478e-06 -1.4199229078828259478e-06
0.070000000000000006661 2.1556926853758602833e-06 -2.1556926853758602833e-06
0.080000000000000001665 3.5332074501425865939e-06 -3.5332074501425865939e-06
0.089999999999999996669 7.3953615155581402957e-06 -7.3953615155581402957e-06
0.10000000000000000555 2.1585670051936567458e-05 -2.1585670051936567458e-05
0.11000000000000000056 7.223794576940485582e-05 -7.223794576940485582e-05
0.11999999999999999556 0.00022368472906479061656 -0.00022368472906479061656
0.13000000000000000444 0.00058345770227669687281 -0.00058345770227669687281
0.14000000000000001332 0.0012429172561380463866 -0.0012429172561380463866
0.14999999999999999445 0.0021409688745333264361 -0.0018887383450927595387
0.16000000000000000333 0.0029726180692783133429 -0.0028004607193984599155
0.17000000000000001221 0.0033253841967011365209 -0.0031672396572461846385
0.17999999999999999334 0.0030026075079254322016 -0.0028985123613997809851
0.19000000000000000222 0.0022019806599865208128 -0.0021058928357825155118
0.2000000000000000111 0.0013369764386180220308 -0.0012769215466715293141
0.20999999999999999223 0.0007134995153082616991 -0.00066145194204543609085
0.22000000000000000111 0.00039343087636421091502 -0.00036340343039096455668
0.23000000000000000999 0.00028603097818125230393 -0.00025800536278841742447
0.23999999999999999112 0.00028418241482632732508 -0.00024814947893083593366
0.25 0.00032372225754575433736 -0.00028568749470783027416
0.26000000000000000888 0.00037840899951633292673 -0.00035438704346533160148
0.27000000000000001776 0.00043999004938013221979 -0.00042998090102554833427
0.28000000000000002665 0.00050589985321555590823 -0.00049589070486097202271
0.28999999999999998002 0.00057472091961161952001 -0.00055870628224428530318
0.2999999999999999889 0.00064502680696299158694 -0.00062901216959565737011
0.30999999999999999778 0.00071519245720345642897 -0.00070518330884887254345
0.32000000000000000666 0.00078341557496868473049 -0.00074137715096993770953
0.33000000000000001554 0.00084778470015214716943 -0.00079773895746973304006
0.34000000000000002442 0.00090636482838062039022 -0.00085431725511779478197
0.35000000000000003331 0.00095729239862679541342 -0.00090124116784112565451
0.35999999999999998668 0.00099887299729789730089 -0.00095483274271873880105
0.36999999999999999556 0.0010296746762703220309 -0.00095760880447933924807
0.38000000000000000444 0.001048609739760379949 -0.00099255850897471019009
0.39000000000000001332 0.0010549984924010597301 -0.0010029509191382341218
0.4000000000000000222 0.001048609739760379949 -0.0009725402140845318226
0.41000000000000003109 0.0010296746762703220309 -0.00097362344548465227199
0.41999999999999998446 0.00099887299729789730089 -0.0009408199359318160631
0.42999999999999999334 0.0009572923986267942208 -0.00090324299842153594076
0.44000000000000000222 0.00090636482838056303592 -0.0008703318924850716445
0.4500000000000000111 0.00084778470015001595322 -0.00079974078804801330272
0.46000000000000001998 0.00078341557490496844564 -0.00075538995951213356618
0.47000000000000002887 0.00071519245567349049638 -0.00068116135035841058384
0.47999999999999998224 0.00064502677745693741147 -0.00061900299082552460734
0.48999999999999999112 0.00057472046258830742152 -0.00054068935727322750898
0.5 0.00050589416778459698511 -0.00048187221173359565986
0.51000000000000000888 0.00043993324442132480468 -0.00042792226639582414205
0.52000000000000001776 0.00037795316528969647189 -0.00036193852792236225506
0.53000000000000002665 0.00032078443583184973291 -0.00029876430854227048299
0.54000000000000003553 0.00026897547720607258275 -0.00024895718049690481171
0.55000000000000004441 0.00022281077090817474244 -0.00020679613354084052561
0.56000000000000005329 0.00018234076488692307861 -0.00016832795719050563888
0.57000000000000006217 0.00014741967847839106999 -0.00012740138176922329895
0.57999999999999996003 0.00011774737758675104637 -0.00010373456989033360664
0.58999999999999996891 9.2911853470579953886e-05 -8.2902705115996068366e-05
0.5999999999999999778 7.2429435507763580658e-05 -6.842577616593002645e-05
0.60999999999999998668 5.5780598992687032431e-05 -4.5771450638103140134e-05
0.61999999999999999556 4.2439996860646246612e-05 -3.8436337518812692404e-05
0.63000000000000000444 3.1900068017388382466e-05 -1.3883600069642683367e-05
0.64000000000000001332 2.3688195106775117608e-05 -1.5680876423108009192e-05
0.6500000000000000222 1.7377865446827903877e-05 -7.3687170922440132739e-06
0.66000000000000003109 1.2594617587503620414e-05 -8.5909582456700662057e-06
0.67000000000000003997 9.0177384963274637435e-06 -1.0104198126603553269e-06
0.68000000000000004885 6.3787324316818776437e-06 -6.3787324316818776437e-06
0.69000000000000005773 4.4575398016535366911e-06 3.5497788820135717255e-06
0.70000000000000006661 3.0773732235061275165e-06 6.9317751310777626629e-06
0.70999999999999996447 2.0988877265684536371e-06 5.9084309570986543559e-06
0.71999999999999997335 1.4142374769238791042e-06 8.5949108776600106516e-06
0.72999999999999998224 9.4141165766020621137e-07 5.0640773550901247834e-06
0.73999999999999999112 6.1910013478704690903e-07 3.3845592070465072992e-06
0.75 4.0222246349757007482e-07 5.6032665492527612905e-06
0.76000000000000000888 2.5816409490659795017e-07 1.1752813930594061339e-05
0.77000000000000001776 1.6370029308563716924e-07 3.8399590487479167214e-06
0.78000000000000002665 1.0254799399384646866e-07 3.901111347839707369e-06
0.79000000000000003553 6.3464224565869886539e-08 5.9420247881844614921e-06
0.80000000000000004441 3.8802068960648812463e-08 1.9630276019561284108e-06
0.81000000000000005329 2.3437154598106735457e-08 5.9820518581522248814e-06
0.82000000000000006217 1.3985531725861609857e-08 9.9951628228580287664e-06
0.83000000000000007105 8.2447440359746455026e-09 1.9935849268808024735e-06
0.83999999999999996891 4.8017491487843315583e-09 1.2006176276351874688e-05
0.8499999999999999778 2.7627771493349486159e-09 6.0027262356009966827e-06
0.85999999999999998668 1.5704218856986994687e-09 4.0020889199478556112e-06
0.86999999999999999556 8.8188289512815708917e-10 2.0017414826272641456e-05
0.88000000000000000444 4.8924860466277255833e-10 2.0013404223121143779e-06
0.89000000000000001332 2.6814664572610709825e-10 1.2010709878854932894e-05
0.9000000000000000222 1.4519084676608838907e-10 6.0053438219035651475e-06
0.91000000000000003109 7.7665868643923382347e-11 6.0054113468816871816e-06
0.92000000000000003997 4.1043582962997233674e-11 8.0072776400841457026e-06
0.93000000000000004885 2.1428137517144948104e-11 1.000912692644637373e-05
0.94000000000000005773 1.1052173142715169737e-11 6.0054779605771886036e-06
0.95000000000000006661 5.6316418997378527204e-12 6.0054833811084313303e-06
0.95999999999999996447 2.8349570221478111394e-12 1.2010975190543636616e-05
0.96999999999999997335 1.4098795906477084023e-12 1.2010976615621069385e-05
0.97999999999999998224 6.9269438068903972757e-13 4.0036586491391731461e-06
0.98999999999999999112 3.3622143838289390968e-13 8.0073183474456707625e-06
1 1.6122531550564795278e-13 4.0036591806082383075e-06
1.0100000000000000089 7.6377452032117850009e-14 1.000914827820643847e-05
1.0200000000000000178 3.5745485200246810364e-14 4.0036593060880692671e-06
1.0300000000000000266 1.6527278484828053663e-14 1.2010978008973381169e-05
1.0400000000000000355 7.5492835090900959168e-15 1.0009148347034607817e-05
1.0500000000000000444 3.4067101660076752046e-15 1.0009148351177179993e-05
1.0600000000000000533 1.518780842929224983e-15 6.005489011231550416e-06
1.0700000000000000622 6.6899233717921269416e-16 6.0054890120813387614e-06
1.0800000000000000711 2.9130436731806335562e-16 1.8016467947454394303e-05
1.0900000000000000799 1.2583319962870511828e-16 4.0036593417077206877e-06
1.1000000000000000888 5.5137906606821104096e-17 4.0036593417784165986e-06
1.1100000000000000977 2.7771678011244518737e-17 1.0009148354556118087e-05
1.1200000000000001066 2.3969222038847155187e-17 6.0054890127263619741e-06
1.1300000000000001155 4.2753718801309590678e-17 6.0054890127075773244e-06
1.1400000000000001243 1.0303128791344580642e-16 1.0009148354480859209e-05
1.1500000000000001332 2.6087547964001189122e-16 8.0073186834062324332e-06
1.1599999999999999201 6.5724868349355761069e-16 4.0036593411763057691e-06
1.1699999999999999289 1.6329163590062912262e-15 4.0036593402006381633e-06
1.1799999999999999378 3.9950676085977982504e-15 4.0036593378384868901e-06
1.1899999999999999467 9.6230925459807579058e-15 1.4012807686794347543e-05
1.1999999999999999556 2.282025759259954933e-14 -2.282025759259954933e-14
1.2099999999999999645 5.3276957747850923448e-14 6.0054889594733734751e-06
1.2199999999999999734 1.2245341924840961809e-13 2.0018295484633580191e-06
1.2299999999999999822 2.7708625318774661904e-13 1.0009148077497638033e-05
1.2399999999999999911 6.1726492456303775481e-13 4.0036587245686293927e-06
1.25 1.3537571787640244538e-12 6.0054876589931523238e-06
1.2600000000000000089 2.9229574933540356126e-12 1.4012804773459946686e-05
1.2700000000000000178 6.213220702155929192e-12 2.0018234576960750611e-06
1.2800000000000000266 1.3002402781987059326e-11 8.0073056812643260963e-06
1.2900000000000000355 2.678816736855500756e-11 1.4012780908250070913e-05
1.3000000000000000444 5.4334408786203163984e-11 1.2010923691091872717e-05
1.3100000000000000533 1.0849742767818137778e-10 6.0053805153226533464e-06
1.3200000000000000622 2.1329294538449816519e-10 6.0052757198049468778e-06
1.3300000000000000711 4.1280608932002806701e-10 8.0069058775777886836e-06
1.3400000000000000799 7.8655347151955755272e-10 6.0047024592788119079e-06
1.3500000000000000888 1.4754447900365988762e-09 4.0021838970435179219e-06
1.3600000000000000977 2.7247723774089395988e-09 4.0009345694561454837e-06
1.3700000000000001066 4.9539320628447822278e-09 6.0005350806874864202e-06
1.3800000000000001155 8.8671165879278416251e-09 1.0000281237995962738e-05
1.3900000000000001243 1.5625263316927197915e-08 5.9898637494334044487e-06
1.4000000000000001332 2.7107210271427204685e-08 3.9765521315621269209e-06
1.4099999999999999201 4.6297214072499703576e-08 9.9628511405113903633e-06
1.4199999999999999289 7.7846204994293324188e-08 1.1933131820506366415e-05
1.4299999999999999378 1.2886429040838198157e-07 3.8747950514251720944e-06
1.4399999999999999467 2.1001014825865849747e-07 1.1800967877242000289e-05
1.4499999999999999556 3.3694617462752404229e-07 9.6722021799563669841e-06
1.4599999999999999645 5.3222262490030769315e-07 1.3480585071517131295e-05
1.4699999999999999734 8.2763469582867879335e-07 1.1183343329671980126e-05
1.4799999999999999822 1.2670583014986215576e-06 4.7384307112517097549e-06
1.4899999999999999911 1.9097084174419420283e-06 4.0957805953083892842e-06
1.5 2.8336752685573690012e-06 5.1736434151097394153e-06
1.5100000000000000089 4.1394786883983906295e-06 1.8660103243519406829e-06
1.5200000000000000178 5.9532452758162916209e-06 5.2243736934039691549e-08
1.5300000000000000266 8.4289689643084019085e-06 1.5801793902754886944e-06
1.5400000000000000355 1.1749183515031272999e-05 -1.7400351604473823959e-06
1.5500000000000000444 1.6123282875480720943e-05 -1.0117793862730389631e-05
1.5600000000000000533 2.1782705183395749567e-05 -1.377538649972864115e-05
1.5700000000000000622 2.897228224431845216e-05 -1.8963133889734559863e-05
1.5800000000000000711 3.7937276944992451072e-05 -2.9929958261325342655e-05
1.5900000000000000799 4.8906001438326483939e-05 -4.6904171767409706835e-05
1.6000000000000000888 6.2068423025508640944e-05 -5.4061104341841532527e-05
1.6100000000000000977 7.7551788907956109359e-05 -7.354812956612255515e-05
1.6200000000000001066 9.5394971562577095974e-05 -9.1391312220743541766e-05
1.6300000000000001155 0.00011552386205187840614 -0.00010951837303912807483
1.6400000000000001243 0.00013773060951465218083 -0.00012772146116006829531
1.6500000000000001332 0.00016165970923831153171 -0.00015365239055464442329
1.6600000000000001421 0.00018680378474462001458 -0.00017279097704820257485
1.6699999999999999289 0.00021251133642921583768 -0.00019849852873279839795
1.6799999999999999378 0.0002380077439221502133 -0.00022399493622573277357
1.6899999999999999467 0.00026242948408706546787 -0.00024241118737789769683
1.6999999999999999556 0.00028487000250177092753 -0.00027886451348902059622
1.7099999999999999645 0.00030443414855403828521 -0.00029042134085762084548
1.7199999999999999734 0.0003202967752160310955 -0.00030027847850686332446
1.7299999999999999822 0.00033176022751785721023 -0.00030773827146685588498
1.7399999999999999911 0.00033830516472836599231 -0.00032229052736103177548
1.75 0.0003396295655298468396 -0.00032361492816251262276
1.7600000000000000089 0.00033567183666785783058 -0.00031565353995869005954
1.7700000000000000178 0.0003266155624263050619 -0.00031060092505897084507
1.7800000000000000266 0.00031287538484210138503 -0.00029285708813293361398
1.7900000000000000355 0.00029506552721068397176 -0.00027704905926293827605
1.8000000000000000444 0.0002739542888156544162 -0.00026995062947382086199
1.8100000000000000533 0.00025040920414739890366 -0.00024440371513464857235
1.8200000000000000622 0.00022533830636584364026 -0.00021933281735309330895
1.8300000000000000711 0.00019963299278956761224 -0.00019963299278956761224
1.8400000000000000799 0.00017411739579381417271 -0.00016410824743923028719
1.8500000000000000888 0.00014950804485060195724 -0.00014150072616693484882
1.8600000000000000977 0.00012638615891702955252 -0.00012238249957519599831
1.8700000000000001066 0.00010518335563004133787 -0.00010117969628820778366
1.8800000000000001155 8.618011759225648028e-05 -7.8172798908589371863e-05
1.8900000000000001243 6.9515187195801626092e-05 -6.7513357524884848987e-05
1.9000000000000001332 5.5203277680931884478e-05 -5.119961833909833027e-05
1.9100000000000001421 4.3158126775040148106e-05 -2.3139830065872377064e-05
1.9199999999999999289 3.3217952669280868924e-05 -2.9214293327447314716e-05
1.9299999999999999378 2.5170723054042601764e-05 -1.5161574699458711161e-05
1.9399999999999999467 1.8777210475402789119e-05 -8.7680621208188985158e-06
1.9499999999999999556 1.3790468201082520163e-05 -9.7868088592489659548e-06
1.9599999999999999645 9.9710180351905233369e-06 -9.9710180351905233369e-06
1.9699999999999999734 7.0976167682153126778e-06 6.9151909282021270512e-06
1.9799999999999999822 4.9739125378897454169e-06 5.035235816694145186e-06
1.9899999999999999911 3.4315971320343963891e-06 2.5738918807159349234e-06
2 2.3308106931560847964e-06 -2.3308106931560847964e-06
2.0100000000000002309 1.5585841711923097915e-06 1.0452393854308349657e-05
2.0200000000000000178 1.0260442111598736277e-06 1.0984933814340786456e-05
2.0300000000000002487 6.6498896937245943836e-07 7.3423297142946488723e-06
2.0400000000000000355 4.2430227675108466007e-07 5.5811867359992463347e-06
2.0499999999999998224 2.6653167992493440289e-07 5.7389573328253965919e-06
2.0600000000000000533 1.6482947102060777003e-07 1.8370001998961692547e-06
2.0699999999999998401 1.0035371328678777107e-07 7.9069649703803199573e-06
2.0800000000000000711 6.0151239727664829672e-08 7.9471674439394430443e-06
2.0899999999999998579 3.5495089223595733796e-08 5.9699939235267355852e-06
2.1000000000000000888 2.0620752776641958491e-08 -2.0620752776641958491e-08
2.1099999999999998757 1.1793787884277678651e-08 3.9918655539492763212e-06
2.1200000000000001066 6.6407122690428431479e-09 3.9970186295645116091e-06
2.1299999999999998934 3.6811928344456356476e-09 1.0005467161749444539e-05
2.1400000000000001243 2.0089772851351559638e-09 4.0016503645484192037e-06
2.1499999999999999112 1.0793791842451731216e-09 4.0025799626493087355e-06
2.1600000000000001421 5.7093360255588699281e-10 6.0049180791477758362e-06
2.1699999999999999289 2.9731014177362617642e-10 1.2010680715358885821e-05
2.1800000000000001599 1.5242155831737631178e-10 6.0053365911920140926e-06
2.1899999999999999467 7.6929980898554008966e-11 8.0072417536862105261e-06
2.2000000000000001776 3.8225872380433083344e-11 4.0036211159611737349e-06
2.2099999999999999645 1.8699575179131407103e-11 2.001810971341597937e-06
2.2200000000000001954 9.0057239128150519688e-12 2.0018206651928642585e-06
2.2299999999999999822 4.2699036071787566884e-12 8.0073144137635011584e-06
2.2400000000000002132 1.993104487484285007e-12 6.0054870196458439452e-06
2.25 9.1591382990516009915e-13 1.0009147438670061448e-05
2.2600000000000002309 4.1437325823959569875e-13 1.000914794021063281e-05
2.2700000000000000178 1.8456161318972221327e-13 6.0054888281887181548e-06
2.2800000000000002487 8.0928890902671483503e-14 6.0054889318214408109e-06
2.2900000000000000355 3.4936416256380187591e-14 6.0054889778139153018e-06
2.3000000000000002665 1.4847921815102801743e-14 2.0018296560688553568e-06
2.3100000000000000533 6.2124877353275955081e-15 6.0054890065378435467e-06
2.3199999999999998401 2.5590452803999872893e-15 4.0036593392745092795e-06
2.3300000000000000711 1.0377743930956466801e-15 4.0036593407957796057e-06
2.3399999999999998579 4.1432437508129738853e-16 6.0054890123360068403e-06
2.3500000000000000888 1.6285105312165242565e-16 -1.6285105312165242565e-16
2.3599999999999998757 6.3016345353363664219e-17 4.0036593417705374981e-06
2.3700000000000001066 2.4006475694172264435e-17 8.0073186836431018088e-06
2.3799999999999998934 9.0035992474206201032e-18 1.0009148354574886643e-05
2.3900000000000001243 3.324424380506355477e-18 6.0054890127470067081e-06
2.3999999999999999112 1.2084517497856037677e-18 4.0036593418323454923e-06
2.4100000000000001421 4.3246874389186696176e-19 -4.3246874389186696176e-19
2.4199999999999999289 1.5236762166907644406e-19 1.0009148354583738137e-05
2.4300000000000001599 5.2849782720400527423e-20 8.0073186836670559005e-06
2.4399999999999999467 1.804705232143182342e-20 2.0018296709167588929e-06
2.4500000000000001776 6.0671104675015249671e-21 2.2020127289579243142e-05
2.4599999999999999645 2.0080294654932544505e-21 8.0073186836671067225e-06
2.4700000000000001954 6.5429080021791719818e-22 8.0073186836671084166e-06
2.4799999999999999822 2.0988630414857157057e-22 1.4012807696417439729e-05
2.4900000000000002132 6.6284187981791197984e-23 6.0054890127503313124e-06
2.5 2.060859260820169973e-23 2.0018296709167771041e-06
2.5100000000000002309 6.3081103472301112408e-24 6.0054890127503313124e-06
2.5200000000000000178 1.9009153742627080213e-24 6.0054890127503313124e-06
2.5300000000000002487 5.6394771114201379944e-25 2.0018296709167771041e-06
2.5400000000000000355 1.6471283691300734968e-25 6.0054890127503313124e-06
2.5500000000000002665 4.736184476019351742e-26 1.2010978025500659237e-05
2.5600000000000000533 1.3407330847101985708e-26 6.0054890127503313124e-06
2.5699999999999998401 3.7365310594954376803e-27 6.0054890127503313124e-06
2.5800000000000000711 1.0251972217989298884e-27 2.0018296709167771041e-06
2.5899999999999998579 2.7692285368224973185e-28 1.2010978025500659237e-05
2.6000000000000000888 7.3641517604050150386e-29 1.0009148354583890603e-05
2.6099999999999998757 1.9279653090476583092e-29 8.0073186836671084166e-06
2.6200000000000001066 4.9692203395918749891e-30 2.0018296709167771041e-06
2.6299999999999998934 1.2609267174363248678e-30 1.2010978025500659237e-05
2.6400000000000001243 3.1499524178990478905e-31 6.0054890127503313124e-06
2.6499999999999999112 7.7469489456192656914e-32 8.0073186836671084166e-06
2.6600000000000001421 1.8757283738062634872e-32 8.0073186836671084166e-06
2.6699999999999999289 4.4711759008402108595e-33 4.0036593418335542083e-06
2.6800000000000001599 1.0492672492061274067e-33 2.0018296709167771041e-06
2.6899999999999999467 2.4241697792175553826e-34 6.0054890127503313124e-06
2.7000000000000001776 5.5138189540523663592e-35 1.0009148354583890603e-05
2.7099999999999999645 1.2346803173051533109e-35 1.0009148354583890603e-05
2.7200000000000001954 2.7218807964924209205e-36 1.0009148354583890603e-05
2.7299999999999999822 5.907398005028788616e-37 8.0073186836671084166e-06
2.7400000000000002132 1.2622224962042052297e-37 2.0018296709167771041e-06
2.75 2.6551444551087348672e-38 1.0009148354583890603e-05
2.7600000000000002309 5.4986103588846258918e-39 -5.4986103588846258918e-39
2.7700000000000000178 1.1210637027045913493e-39 6.0054890127503313124e-06
2.7800000000000002487 2.2501951830653617673e-40 4.0036593418335542083e-06
2.7900000000000000355 4.4465445071712854075e-41 4.0036593418335542083e-06
2.8000000000000002665 8.6504290907274845167e-42 8.0073186836671084166e-06
2.8100000000000000533 1.6567814029364481061e-42 8.0073186836671084166e-06
2.8199999999999998401 3.1239589996820013541e-43 8.0073186836671084166e-06
2.8300000000000000711 5.7990652241261568512e-44 8.0073186836671084166e-06
2.8399999999999998579 1.0597982920658142986e-44 4.0036593418335542083e-06
2.8500000000000000888 1.90678176886520932e-45 6.0054890127503313124e-06
2.8599999999999998757 3.3774686011765816569e-46 4.0036593418335542083e-06
2.8700000000000001066 5.8897139609045302019e-47 4.0036593418335542083e-06
2.8799999999999998934 1.0111361565405576431e-47 4.0036593418335542083e-06
2.8900000000000001243 1.7089825606620130895e-48 1.4012807696417439729e-05
2.8999999999999999112 2.8436633153387831434e-49 4.0036593418335542083e-06
2.9100000000000001421 4.6583409678940890938e-50 4.0036593418335542083e-06
2.9199999999999999289 7.5127152019008921775e-51 2.0018296709167771041e-06
2.9300000000000001599 1.1928206014192604319e-51 1.0009148354583890603e-05
2.9399999999999999467 1.8645150393700042492e-52 1.0009148354583890603e-05
2.9500000000000001776 2.8692553759629346139e-53 6.0054890127503313124e-06
2.9599999999999999645 4.3469542660958150738e-54 2.0018296709167771041e-06
2.9700000000000001954 6.4835593667980365894e-55 4.0036593418335542083e-06
2.9799999999999999822 9.5203840125990399093e-56 4.0036593418335542083e-06
2.9900000000000002132 1.3762837897772296748e-56 8.0073186836671084166e-06
3 1.9587277525843674331e-57 1.0009148354583890603e-05
3.0100000000000002309 2.7444335042287022142e-58 2.0018296709167771041e-06
3.0200000000000000178 3.7856800131768715338e-59 2.0018296709167771041e-06
3.0300000000000002487 5.1410004933998474648e-60 4.0036593418335542083e-06
3.0400000000000000355 6.8732785178805713752e-61 6.0054890127503313124e-06
3.0500000000000002665 9.0467542595383670658e-62 8.0073186836671084166e-06
3.0600000000000000533 1.1722876729153254116e-62 4.0036593418335542083e-06
3.0700000000000002842 1.4955059892484164194e-63 8.0073186836671084166e-06
3.0800000000000000711 1.8782554982512714383e-64 1.0009148354583890603e-05
3.0899999999999998579 2.3223824171802729658e-65 4.0036593418335542083e-06
3.1000000000000000888 2.8269970447598000368e-66 1.0009148354583890603e-05
3.1099999999999998757 3.3878917708980842311e-67 1.6014637367334220221e-05
3.1200000000000001066 3.9971114270762265087e-68 6.0054890127503313124e-06
3.1299999999999998934 4.6427525394846008492e-69 2.0018296709167771041e-06
3.1400000000000001243 5.3090567906608742583e-70 4.0036593418335542083e-06
3.1499999999999999112 5.9768417835128083073e-71 8.0073186836671084166e-06
3.1600000000000001421 6.6242803137860311307e-72 4.0036593418335542083e-06
3.1699999999999999289 7.22800089860302879e-73 2.0018296709167771041e-06
3.1800000000000001599 7.7644419564287556785e-74 1.0009148354583890603e-05
3.1899999999999999467 8.2113554346528290562e-75 4.0036593418335542083e-06
3.2000000000000001776 8.5493285765438457549e-76 4.0036593418335542083e-06
3.2099999999999999645 8.7631797450424012191e-77 2.0018296709167771041e-06
3.2200000000000001954 8.8430887703403923292e-78 4.0036593418335542083e-06
3.2299999999999999822 8.7853446442423362461e-79 6.0054890127503313124e-06
3.2400000000000002132 8.5926312722644820862e-80 6.0054890127503313124e-06
3.25 8.273820637431045622e-81 6.0054890127503313124e-06
3.2600000000000002309 7.8432955767187615557e-82 8.0073186836671084166e-06
3.2700000000000000178 7.3198741701207825683e-83 2.0018296709167771041e-06
3.2800000000000002487 6.7254477498119498692e-84 6.0054890127503313124e-06
3.2900000000000000355 6.0834696325512135188e-85 6.0054890127503313124e-06
3.3000000000000002665 5.4174420297259538322e-86 6.0054890127503313124e-06
3.3100000000000000533 4.7517451024750818293e-87 6.0054890127503313124e-06
3.3200000000000002842 5.726345394953151397e-88 8.0073186836671084166e-06
3.3300000000000000711 1.1351580380979175533e-86 1.0009148354583890603e-05
3.3399999999999998579 7.5040824351809148021e-85 2.0018296709167771041e-06
3.3500000000000000888 4.7435708433746397816e-83 8.0073186836671084166e-06
3.3599999999999998757 2.8585875228736563604e-81 1.4012807696417439729e-05
3.3700000000000001066 1.6422366159202422606e-79 1.0009148354583890603e-05
3.3799999999999998934 8.9941403458027701901e-78 8.0073186836671084166e-06
3.3900000000000001243 4.6959654779014706199e-76 6.0054890127503313124e-06
3.3999999999999999112 2.3374003813613554434e-74 6.0054890127503313124e-06
3.4100000000000001421 1.10913916001328641e-72 8.0073186836671084166e-06
3.4199999999999999289 5.0174780237725995343e-71 6.0054890127503313124e-06
3.4300000000000001599 2.1638806103421674805e-69 4.0036593418335542083e-06
3.4399999999999999467 8.8967507540077271789e-68 8.0073186836671084166e-06
3.4500000000000001776 3.4872402909844778927e-66 6.0054890127503313124e-06
3.4599999999999999645 1.3031269687844664629e-64 1.0009148354583890603e-05
3.4700000000000001954 4.6424599955051613583e-63 1.0009148354583890603e-05
3.4799999999999999822 1.5767703368205272003e-61 8.0073186836671084166e-06
3.4900000000000002132 5.1056365073021479461e-60 2.0018296709167771041e-06
3.5 1.5761406330564078635e-58 2.0018296709167771041e-06
3.5100000000000002309 4.6388059258100423565e-57 1.2010978025500659237e-05
3.5200000000000000178 1.3016261209693483603e-55 6.0054890127503313124e-06
3.5300000000000002487 3.4820730955958269153e-54 2.0018296709167771041e-06
3.5400000000000000355 8.8810429106447613107e-53 6.0054890127503313124e-06
3.5500000000000002665 2.1595711471637787215e-51 1.6014637367334220221e-05
3.5600000000000000533 5.0067011269444179116e-50 8.0073186836671084166e-06
3.5700000000000002842 1.1066739849610964215e-48 2.0018296709167771041e-06
3.5800000000000000711 2.332249710220452523e-47 2.0018296709167771041e-05
3.5899999999999998579 4.6862051419414849506e-46 8.0073186836671084166e-06
3.6000000000000000888 8.9776403469272113722e-45 1.6014637367334220221e-05
3.6099999999999998757 1.6398408634300958295e-43 6.0054890127503313124e-06
3.6200000000000001066 2.8559061155502747387e-42 6.0054890127503313124e-06
3.6299999999999998934 4.7423455776744470097e-41 8.0073186836671084166e-06
3.6400000000000001243 7.5085152049266015099e-40 2.0018296709167771041e-06
3.6499999999999999112 1.1335255178845193138e-38 6.0054890127503313124e-06
3.6600000000000001421 1.6316609895245248208e-37 4.0036593418335542083e-06
3.6699999999999999289 2.2395215008707035978e-36 1.0009148354583890603e-05
3.6800000000000001599 2.9309795325995116218e-35 6.0054890127503313124e-06
3.6899999999999999467 3.6577030685895190555e-34 4.0036593418335542083e-06
3.7000000000000001776 4.3525965222831058033e-33 6.0054890127503313124e-06
3.7099999999999999645 4.9390021686195495992e-32 6.0054890127503313124e-06
3.7200000000000001954 5.3442624467190950404e-31 4.0036593418335542083e-06
3.7299999999999999822 5.5144398830786637391e-30 4.0036593418335542083e-06
3.7400000000000002132 5.4261007284065091171e-29 4.0036593418335542083e-06
3.75 5.0916123039536856953e-28 6.0054890127503313124e-06
3.7600000000000002309 4.5563025356888395598e-27 8.0073186836671084166e-06
3.7700000000000000178 3.888380849601992997e-26 2.0018296709167771041e-06
3.7800000000000002487 3.1647099489770476963e-25 4.0036593418335542083e-06
3.7900000000000000355 2.4565092530947346915e-24 6.0054890127503313124e-06
3.8000000000000002665 1.8185844388020022796e-23 4.0036593418335542083e-06
3.8100000000000000533 1.284077009655885641e-22 8.0073186836671084166e-06
3.8200000000000002842 8.6477672388667511694e-22 1.0009148354583888909e-05
3.8300000000000000711 5.5550238544769173345e-21 6.0054890127503253832e-06
3.8399999999999998579 3.4037022664579640187e-20 1.0009148354583856722e-05
3.8500000000000000888 1.9893750563851288289e-19 6.0054890127501322597e-06
3.8599999999999998757 1.1091702270824242842e-18 4.0036593418324454422e-06
3.8700000000000001066 5.8994896468098893013e-18 6.0054890127444317279e-06
3.8799999999999998934 2.9935402898054382286e-17 8.0073186836371725781e-06
3.8900000000000001243 1.4492106407878847573e-16 6.0054890126054099044e-06
3.8999999999999999112 6.6938619151673232367e-16 8.0073186829977219953e-06
3.9100000000000001421 2.9501619796556273448e-15 8.0073186807169468714e-06
3.9199999999999999289 1.2406980020192177857e-14 6.005489000343350996e-06
3.9300000000000001599 4.9792860517791950909e-14 2.0018296211239165007e-06
3.9399999999999999467 1.9071340697155466125e-13 4.0036591511201474308e-06
3.9500000000000001776 6.9717844902255633204e-13 1.0009147657405440785e-05
3.9599999999999999645 2.4327311167336409459e-12 1.6014634934603103381e-05
3.9700000000000001954 8.1035327104038789454e-12 6.0054809092176210036e-06
3.9799999999999999822 2.5771033449891363753e-11 6.0054632417168815649e-06
3.9900000000000002132 7.8256137670821785189e-11 8.0072404275294374934e-06
4 2.2692987049115808361e-10 1.000892142471339974e-05
4.0099999999999997868 6.2851480854334440924e-10 4.003030827025010932e-06
4.0200000000000004619 1.6628808586765795265e-09 8.0056558028084326363e-06
4.0300000000000002487 4.2034706487910109762e-09 1.9976262002679863033e-06
4.0400000000000000355 1.0154188443134911272e-08 3.9935051533904190025e-06
4.0499999999999998224 2.3446217303294887119e-08 1.9783834536134822369e-06
4.0600000000000004974 5.1761098130940210297e-08 1.1959216927369718748e-05
4.0700000000000002842 1.0928606374885090351e-07 1.1901691961751808518e-05
4.0800000000000000711 2.2075027540556314019e-07 7.7865684082615458587e-06
4.0899999999999998579 4.2675373081781566833e-07 3.5769056110157384341e-06
4.0999999999999996447 7.8991542903928306933e-07 3.2137439127942711389e-06
4.1100000000000003197 1.4006372993753540445e-06 1.0610340726125304557e-05
4.1200000000000001066 2.3804484484666868767e-06 7.6286999061172037261e-06
4.1299999999999998934 3.8802785247797509573e-06 2.1252104879705803551e-06
4.1399999999999996803 6.0710529504815161992e-06 1.9362657331855922174e-06
4.1500000000000003553 9.1251087490179422402e-06 4.8876989473994974887e-06
4.1600000000000001421 1.3189206446271212913e-05 -3.18005809168732231e-06
4.1699999999999999289 1.8352951980108509324e-05 -1.0345633296441400907e-05
4.1799999999999997158 2.4619280838432139341e-05 -1.4610132483848248738e-05
4.1900000000000003908 3.1885048365910767596e-05 -2.9883218694993990492e-05
4.2000000000000001776 3.9938717583318716561e-05 -3.3933228570568385249e-05
4.2099999999999999645 4.8478460743969783802e-05 -4.2472971731219452489e-05
4.2199999999999997513 5.7148618211274506014e-05 -5.1143129198524174702e-05
4.2300000000000004263 6.5587181145974177664e-05 -5.7579862462307069247e-05
4.2400000000000002132 7.3473727133688336403e-05 -6.5466408450021227987e-05
4.25 8.0567267341780145554e-05 -6.8556289316279482929e-05
4.2599999999999997868 8.6726703841469613646e-05 -6.6708407132301842605e-05
4.2700000000000004619 9.1911749041975331249e-05 -7.9900771016474668625e-05
4.2800000000000002487 9.6167307913086550863e-05 -8.8159989229419442446e-05
4.2900000000000000355 9.9597784299723584136e-05 -8.7586806274222921511e-05
4.2999999999999998224 0.0001023387432184918311 -9.4331424534824722685e-05
4.3100000000000004974 0.00010453208000978764887 -9.2521101984286986241e-05
4.3200000000000002842 0.00010630827635284556814 -9.8300957669178459721e-05
4.3300000000000000711 0.00010777660200621776349 -9.5765623980717100869e-05
4.3399999999999998579 0.00010902209474997703008 -0.00010501843540814347587
4.3500000000000005329 0.00011010715722445750108 -0.00010410166821170716977
4.3600000000000003197 0.00011107553541053069254 -0.00010106638705594680702
4.3700000000000001066 0.00011195693498816845519 -0.00010995510531725167808
4.3799999999999998934 0.00011277121101127625022 -0.0001027620626566923647
4.3899999999999996803 0.00011353166797417615593 -0.00010352251961959227041
4.4000000000000003553 0.00011424741368260052366 -0.00010423826532801663814
4.4100000000000001421 0.00011492491774576307848 -0.00010091211004934563876
4.4199999999999999289 0.00011556898798167161452 -0.000105559839627087729
4.4299999999999997158 0.00011618336027402621075 -0.00011418153060310943364
4.4400000000000003908 0.00011677104950910472596 -0.00010476007148360406333
4.4500000000000001776 0.00011733456015617416991 -0.00010732541180159028439
4.4599999999999999645 0.00011787601677014798154 -0.00011387235742831442733
4.4699999999999997513 0.00011839724902587305444 -0.00011639541935495627733
4.4800000000000004263 0.00011889985036893446302 -0.0001088907020143505775
4.4900000000000002132 0.00011938522064618301564 -0.00011538156130434946143
4.5 0.0001198545984143705546 -0.00011384910940162022328
4.5099999999999997868 0.0001203090861880384664 -0.00011630542684620491219
4.5200000000000004619 0.00012074967060727472674 -0.00011674601126544117253
4.5300000000000002487 0.00012117723880883159171 -0.00011517174979608126039
4.5400000000000000355 0.00012159259188152446158 -0.00011358527319785735317
4.5499999999999998224 0.00012199645603791741929 -0.00011799279669608386508
4.5600000000000004974 0.00012238949197043250149 -0.00012038766229951572439
4.5700000000000002842 0.00012277230274672994398 -0.00011276315439214605846
4.5800000000000000711 0.00012314544051815809857 -0.00011713995150540776726
4.5899999999999998579 0.00012350941225594110821 -0.0001175039232431907769
4.6000000000000005329 0.00012386468468674000846 -0.00011785919567398967715
4.6100000000000003197 0.00012421168856975903878 -0.00012421168856975903878
4.6200000000000001066 0.00012455082244271353385 -0.00012054716310087997965
4.6299999999999998934 0.00012488245596990643258 -0.00011887696695715610127
4.6399999999999996803 0.00012520693306660753271 -0.0001171996143829404243
4.6500000000000003553 0.00012552457507573300493 -0.00012152091573389945073
4.6600000000000001421 0.00012583568447515776335 -0.00012183202513332420914
4.6699999999999999289 0.00012614054994638561271 -0.00011412957192088495008
4.6799999999999997158 0.00012643945417946050674 -0.00011643030582487662121
4.6900000000000003908 0.00012673268651936870277 -0.00012072719750661837146
4.7000000000000001776 0.00012702056335973403917 -0.00012101507434698370786
4.7099999999999999645 0.00012730345976211173429 -0.00012530163009119495718
4.7199999999999997513 0.00012758185560499186897 -0.00010956538765724617326
4.7300000000000004263 0.00012785639796924702454 -0.00012385273862741347033
4.7400000000000002132 0.0001281279778401639717 -0.00012012065915649686328
4.75 0.0001283978134160496424 -0.00012239232440329931109
4.7599999999999997868 0.00012866752515830565617 -0.00012066020647463854775
4.7700000000000004619 0.00012893918119849461065 -0.00011893003284391072513
4.7800000000000002487 0.00012921528880122310477 -0.00012320979978847277346
4.7900000000000000355 0.00012949871127465809452 -0.0001214913925909909861
4.7999999999999998224 0.0001297925016123069146 -0.00012378701259955658329
4.8100000000000004974 0.00013009966301178929864 -0.00012609600366995574443
4.8200000000000002842 0.0001304228676958476467 -0.0001284210380249308696
4.8300000000000000711 0.00013076418229348633318 -0.00012676052295165277897
4.8399999999999998579 0.00013112485370980734201 -0.0001291230240388905649
4.8500000000000005329 0.00013150520031820513416 -0.00012549971130545480285
4.8600000000000003197 0.00013190463096545844597 -0.00012990280129454166887
4.8700000000000001066 0.00013232178520761531375 -0.00011630714784028109692
4.8799999999999998934 0.00013275476151074650649 -0.00012875110216891295228
4.8899999999999996803 0.0001332013839517398959 -0.00012319223559715601038
4.9000000000000003553 0.00013365945620416927854 -0.00011964664850775183881
4.9100000000000001421 0.00013412696296430295234 -0.00011811232559696873551
4.9199999999999999289 0.00013460219800095373681 -0.00011458390129178596577
4.9299999999999997158 0.0001350838177767560151 -0.00012507466942217212958
4.9400000000000003908 0.00013557083446644321509 -0.00011555253775727544405
4.9500000000000001776 0.00013606256952188678982 -0.00011204061347088546457
4.9599999999999999645 0.00013655858909619760693 -0.00011654029238702983589
4.9699999999999997513 0.00013705863802773149266 -0.00012104400066039727583
4.9800000000000004263 0.00013756258262994803935 -0.00011554245534036878943
4.9900000000000002132 0.00013807036656980531029 -0.00012806121821522142477
5 0.00013858197988690491398 -0.00012657100186140425135
5.0099999999999997868 0.00013909743893457764932 -0.00012508463123816020959
5.0200000000000004619 0.0001396167743105170304 -0.00012160030636277133469
5.0300000000000002487 0.00014014002407363308463 -0.00011811989678405383471
5.0400000000000000355 0.00014066723017160847123 -0.00012064893346244070019
5.0499999999999998224 0.00014119843667489260131 -0.00011517465004347979718
5.0600000000000004974 0.00014173368895788494371 -0.00012772088126146750398
5.0700000000000002842 0.00014227303334497771016 -0.00012225473663580993912
5.0800000000000000711 0.00014281651697085315277 -0.00012480004902310745706
5.0899999999999998579 0.0001433641877338083623 -0.00013335503937922447678
5.1000000000000005329 0.00014391609428727553327 -0.00012389779757810776223
5.1100000000000003197 0.0001444722860462772495 -0.00012845764867894303267
5.1200000000000001066 0.00014503281319954745778 -0.00011900902656813465365
5.1299999999999998934 0.00014559772672383572661 -0.00011757211133100084715
5.1399999999999996803 0.00014616707839917083417 -0.00013015244103183661734
5.1500000000000003553 0.00014674092082467944057 -0.00013272811312826200084
5.1600000000000001421 0.00014731930743483643534 -0.00012329735138383511009
5.1699999999999999289 0.00014790229251612180641 -0.00012788399580695403537
5.1799999999999997158 0.00014848993122408216051 -0.00012446797517308083527
5.1900000000000003908 0.0001490822796008036983 -0.00013106581165305800259
5.2000000000000001776 0.00014967939459281019666 -0.00013166292664506450095
5.2099999999999999645 0.00015028133406939694883 -0.00012826120677981769891
5.2199999999999997513 0.00015088815684141161253 -0.00014488266782866128122
5.2300000000000004263 0.00015149992268049668437 -0.00014349260399682957595
5.2400000000000002132 0.00015211669233880639393 -0.00012809473628780506868
5.25 0.00015273852756921086553 -0.00013472205962146516982
5.2599999999999997868 0.00015336549114600215703 -0.00013935268344958471731
5.2700000000000004619 0.00015399764688611808664 -0.0001299756908351167614
5.2800000000000002487 0.00015463505967089645129 -0.00013661859172315075558
5.2900000000000000355 0.00015527779546837874587 -0.00012725218007554386641
5.2999999999999998224 0.00015592592135617807411 -0.00014591677300159418859
5.3100000000000004974 0.00015657950554493307079 -0.00014256669784851563106
5.3200000000000002842 0.00015723861740237022396 -0.00013121483077095741983
5.3300000000000000711 0.00015790332747801387242 -0.00013988685953026817671
5.3399999999999998579 0.00015857370752860738567 -0.00015056638884494027725
5.3500000000000005329 0.0001592498305443751155 -0.00014523702284795767577
5.3600000000000003197 0.00015993177077640999338 -0.00013590981472540866813
5.3700000000000001066 0.00016061960376581547539 -0.00014260313581806977968
5.3799999999999998934 0.00016131340637601048436 -0.00013328779098317560491
5.3899999999999996803 0.00016201325683131199105 -0.00014599861946397777422
5.4000000000000003553 0.00016271923476858450824 -0.00014470276682083881253
5.4100000000000001421 0.00016343142131649402273 -0.00014141129402691477281
5.4199999999999999289 0.00016414989923292281444 -0.00015013709153650537471
5.4299999999999997158 0.0001648747531635062465 -0.00014285462587392699658
5.4400000000000003908 0.00016560607014848408068 -0.00013758045475564920123
5.4500000000000001776 0.00016634394062960730209 -0.00015032930326227308526
5.4599999999999999645 0.00016708846044515525344 -0.00016308480110332169923
5.4699999999999997513 0.00016783973473955240605 -0.00014782143803038463501
5.4800000000000004263 0.0001685978855090880513 -0.00014857958879992028025
5.4900000000000002132 0.00016936306591335947153 -0.00013933561994011311319
5.5 0.0001701354869164260937 -0.00015612267922000865397
5.5099999999999997868 0.00017091546592614922408 -0.00014889533863656997416
5.5200000000000004619 0.0001717035138426524477 -0.00015168521713348467666
5.5300000000000002487 0.00017250048770491209168 -0.00015448401975716639597
5.5400000000000000355 0.00017330785286509247235 -0.00015529138491734677664
5.5499999999999998224 0.00017412812383663117287 -0.00015611165588888547716
5.5600000000000004974 0.00017496558970737062511 -0.00014894180307595782098
5.5700000000000002842 0.00017582748163718405626 -0.00016181467394076661653
5.5800000000000000711 0.00017672580957796664913 -0.0001647148315524659865
5.5899999999999998579 0.00017768018483910441021 -0.00015165639820769160609
5.6000000000000005329 0.00017872205358706675098 -0.00016671107556156608835
5.6100000000000003197 0.00017990088804341623687 -0.00016588808034699879714
5.6200000000000001066 0.00018129300377257485011 -0.0001632765358248291544
5.6299999999999998934 0.00018301376952908221139 -0.00016699913216174799456
5.6399999999999996803 0.00018523401467006016534 -0.00016121205861905884009
5.6500000000000003553 0.00018820136889080904931 -0.00015817392291756269098
5.6600000000000001421 0.00019226702956000318867 -0.00017425056161225749296
5.6699999999999999289 0.00019791797779225445424 -0.00018590699976675379161
5.6799999999999997158 0.000205813896781537189 -0.00019780657809787008058
5.6900000000000003908 0.00021682694991373153677 -0.00018880133452089665732
5.7000000000000001776 0.0002320811627677679624 -0.00021406469482002226669
5.7099999999999999645 0.00025298650294173157622 -0.0002309663756521523263
5.7199999999999997513 0.00028126103533451909987 -0.00024122444191618355779
5.7300000000000004263 0.00031893301856056126796 -0.00029691289127098201804
5.7400000000000002132 0.00036831386234890392322 -0.00034629373505932467331
5.75 0.00043193290520439418627 -0.00040190545923114782793
5.7599999999999997868 0.00051242641000403545918 -0.00049240811329486768814
5.7700000000000004619 0.00061237633197043896474 -0.00058234888599719260641
5.7800000000000002487 0.00073409940943191371275 -0.00071207928214233446283
5.7900000000000000355 0.00087939378482358861958 -0.00083134987272158596908
5.7999999999999998224 0.0010492581337098682258 -0.0010052178791307097259
5.8100000000000004974 0.0012436062322078278008 -0.0011835513402613350841
5.8200000000000002842 0.0014610067798844481902 -0.0014109610372020340609
5.8300000000000000711 0.0016984827056986222249 -0.0016204113458043838125
5.8399999999999998579 0.0019514047803714663475 -0.0018793389085804835647
5.8500000000000005329 0.0022135101530470057546 -0.0021054113526364891945
5.8600000000000003197 0.0024770670618413296975 -0.0023849828987981473542
5.8700000000000001066 0.0027331929036148298363 -0.0025970684823545101862
5.8799999999999998934 0.0029723154544470885806 -0.0028341892135202938728
5.8899999999999996803 0.0031847484736357662902 -0.00304862405237544664
5.9000000000000003553 0.0033613358820274064249 -0.003183173044044297368
5.9100000000000001421 0.0034941059501842641234 -0.0033119394437643744945
5.9199999999999999289 0.0035768708211450085492 -0.0034047134712651551218
5.9299999999999997158 0.0036057086983932538221 -0.0034175367038701085637
5.9400000000000003908 0.0035792763966855105535 -0.0033951080705991458671
5.9500000000000001776 0.003498917572943933442 -0.0032927291141110212949
5.9599999999999999645 0.0033685544956737522096 -0.0031643678710592303485
5.9699999999999997513 0.0031943754944459552651 -0.0030322272865542228108
5.9800000000000004263 0.0029843527722401403356 -0.0028762539718296237755
5.9900000000000002132 0.0027476428829967553674 -0.0026435477364711041509
6 0.002493932543764596204 -0.0023918392314573352735
6.0099999999999997868 0.0022327944566867532691 -0.0021286993101611020526
6.0200000000000004619 0.0019731117053210013058 -0.0018950403454267628935
6.0300000000000002487 0.0017226165344872586532 -0.0016465470088114105267
6.0400000000000000355 0.0014875722808212392487 -0.0014275173888747465321
6.0499999999999998224 0.0012726086625551779816 -0.0012165574317695082227
6.0600000000000004974 0.0010807032431914948521 -0.0010266538429862365721
6.0700000000000002842 0.00091328781947180490662 -0.00088125854473713647295
6.0800000000000000711 0.00077044911577969028751 -0.00073841984104502185384
6.0899999999999998579 0.00065118896159422083505 -0.00062116151562097447671
6.1000000000000005329 0.00055370972442382463199 -0.00053369142771465686095
6.1100000000000003197 0.00047569518114814286422 -0.00045767871320039716851
6.1200000000000001066 0.00041456389738883653437 -0.00038653828199600165491
6.1299999999999998934 0.00036768013712961783142 -0.00032764354371128228934
6.1400000000000005684 0.00033251509513172066747 -0.00032250594677713678195
6.1500000000000003553 0.00030675790173588751535 -0.00029474692371038685272
6.1600000000000001421 0.00028838084560959880917 -0.00027036437766185311346
6.1699999999999999289 0.00027566641676715316397 -0.00025364628947757391405
6.1799999999999997158 0.00026720521058555866218 -0.00025119057321822444535
6.1900000000000003908 0.00026187377296566942192 -0.00024585913559833520508
6.2000000000000001776 0.0002588005209618351966 -0.00023678039367225594668
6.2099999999999999645 0.00025732636125024585874 -0.00024131172388291164191
6.2199999999999997513 0.00025696491250047534234 -0.00024295210480405790262
6.2300000000000004263 0.00025736558754160294852 -0.000247356439187019063
6.2400000000000002132 0.00025828137780558880479 -0.00023626125051600955487
6.25 0.00025954208652536096217 -0.00024953293817077707665
6.2599999999999997868 0.000261032989550872359 -0.00024301652160312666329
6.2700000000000004619 0.00026267842850771744951 -0.00025266928015313356399
6.2800000000000002487 0.00026442960154151283481 -0.00024841496417417861797
6.2900000000000000355 0.00026625574664350897371 -0.00025024110927617475688
6.2999999999999998224 0.0002681379510889405661 -0.00025012148314119487039
6.3100000000000004974 0.00027006491859809530305 -0.00023803564386342686938
6.3200000000000002842 0.00027203014745719173014 -0.0002520118507480239591
6.3300000000000000711 0.00027403009451189199591 -0.00025401179780272422487
6.3399999999999998579 0.00027606300841188490675 -0.00026004837104455068991
6.3500000000000005329 0.00027812820497030878294 -0.00027212271595755845163
6.3600000000000003197 0.00028022562712030414005 -0.00026421098975296992322
6.3700000000000001066 0.00028235558357924187261 -0.00025633179694782906848
6.3799999999999998934 0.00028451859707656851437 -0.00025449115110332215604
6.3900000000000005684 0.00028671531821772712045 -0.00028070982920497678913
6.4000000000000003553 0.00028894647779733836392 -0.00027493367010092092419
6.4100000000000001421 0.00029121286115304395072 -0.00027519822378570973388
6.4199999999999999289 0.00029351529489401117189 -0.00028350614653942728637
6.4299999999999997158 0.00029585464044275597414 -0.0002758363437335882031
6.4400000000000003908 0.00029823179126346331842 -0.0002882226429088794329
6.4500000000000001776 0.00030064767205829250399 -0.00028463303469095828716
6.4599999999999999645 0.00030310323900836538737 -0.00028108311171878613745
6.4699999999999997513 0.00030559948057476865905 -0.00028357935328518940913
6.4800000000000004263 0.00030813741861145707004 -0.00029212278124412285321
6.4900000000000002132 0.00031071810966672614189 -0.00030271079098305903347
6.5 0.00031334264641442235175 -0.00029332434970525458071
6.5099999999999997868 0.00031601215918874514879 -0.00030400118116324448617
6.5200000000000004619 0.00031872781761282264644 -0.0003027131802454884296
6.5300000000000002487 0.00032149083231931661767 -0.00030147253561014884663
6.5400000000000000355 0.00032430245676535530194 -0.00031229147873985463931
6.5499999999999998224 0.00032716398914616980943 -0.0003131511814497523697
6.5600000000000004974 0.00033007677441302253445 -0.00030805664712344328453
6.5700000000000002842 0.00033304220640180176496 -0.00031302390969263399392
6.5800000000000000711 0.00033606173007930996172 -0.00032004709271197574489
6.5899999999999998579 0.00033913684391486808179 -0.00030910939794162172346
6.6000000000000005329 0.00034226910238545902362 -0.00032225080567629125258
6.6100000000000003197 0.0003454601186232738718 -0.00031943633199186106768
6.6200000000000001066 0.00034871156721522252042 -0.00033269692984788830359
6.6299999999999998934 0.00035202518716469135673 -0.00032399957177185647727
6.6400000000000005684 0.00035540278502665955968 -0.00032337351029199112602
6.6500000000000003553 0.00035884623822814425576 -0.0003308206228353093763
6.6600000000000001421 0.000362357498586932808 -0.00032232090516859726592
6.6699999999999999289 0.00036593859604256622018 -0.00033591115006931986185
6.6799999999999997158 0.00036959164261471361785 -0.00033556053729963370531
6.6900000000000003908 0.00037331883660530871703 -0.00032727675508371754541
6.7000000000000001776 0.00037712246706218176219 -0.00033908770422425769898
6.7099999999999999645 0.00038100491852343331117 -0.00033095917584101918179
6.7199999999999997513 0.00038496867606340590519 -0.00033091927585814762515
6.7300000000000004263 0.00038901633066293502504 -0.0003449760760837765252
6.7400000000000002132 0.00039315058492851256934 -0.00035511582209058850613
6.75 0.00039737425918718498677 -0.00035533583518843796581
6.7599999999999997868 0.0004016902979863757662 -0.00034363723662029452841
6.7700000000000004619 0.0004061017770304674963 -0.00035405420376764188805
6.7800000000000002487 0.00041061191058887287547 -0.00034855518806196867992
6.7900000000000000355 0.00041522405941352721979 -0.00035516916746703450312
6.7999999999999998224 0.00041994173920727032902 -0.00032785757616408798577
6.8100000000000004974 0.00042476862968851168342 -0.00036271190716160748788
6.8200000000000002842 0.00042970858430189397791 -0.00037966284161947984853
6.8300000000000000711 0.00043476564062950922782 -0.0003687052642177396887
6.8399999999999998579 0.00043994403156253080204 -0.00034385620735852550104
6.8500000000000005329 0.00044524819729910259606 -0.00036117134930160855414
6.8600000000000003197 0.00045068279824091319425 -0.0003686077844618094383
6.8700000000000001066 0.00045625272886829149532 -0.00034815392845777488103
6.8799999999999998934 0.00046196313268186459501 -0.00035386433227134798073
6.8900000000000005684 0.00046781941830805211149 -0.0003597206178975354972
6.9000000000000003553 0.00047382727687597420325 -0.00037974127961440157404
6.9100000000000001421 0.00047999270078491517236 -0.00035788108994949706723
6.9199999999999999289 0.00048632200399446992621 -0.00038222685746881870971
6.9299999999999997158 0.00049282184398410531709 -0.00039873584672253268787
6.9400000000000003908 0.00049949924554534006534 -0.00037538580049153167425
6.9500000000000001776 0.00050636162658829740081 -0.00040426831428103647027
6.9599999999999999645 0.00051341682616541726557 -0.00037128691680184198586
6.9699999999999997513 0.00052067313493885504592 -0.00036853408358715873889
6.9800000000000004263 0.00052813932834511081831 -0.00037600027699341451127
6.9900000000000002132 0.00053582470274108077914 -0.00039769846181428607137
7 0.00054373911485066663517 -0.00041362018169360261453
7.0099999999999997868 0.00055189302487092554636 -0.00039174665119758337803
7.0200000000000004619 0.00056029754364235418926 -0.00037612921755598950277
7.0300000000000002487 0.00056896448434010668625 -0.00037278518204723079489
7.0400000000000000355 0.000577906419202997069 -0.00039774174700149778029
7.0499999999999998224 0.00058713674188616202503 -0.00038295011727164016396
7.0600000000000004974 0.00059666973610300697451 -0.00036045383675381667977
7.0700000000000002842 0.00060652065131423771836 -0.00039432670437806994178
7.0800000000000000711 0.00061670578632872256539 -0.00038649537508278790018
7.0899999999999998579 0.00062724258180525812797 -0.00039903400477771374874
7.1000000000000005329 0.00063814972278928249177 -0.00039192468145197116971
7.1100000000000003197 0.00064944725258811453195 -0.00043324965176708141179
7.1200000000000001066 0.0006611566994871071086 -0.00039491334506972338358
7.1299999999999998934 0.00067330121804298954415 -0.0004010523755223502438
7.1400000000000005684 0.00068590574696676058063 -0.00040965326511317116508
7.1500000000000003553 0.00069899718593538647492 -0.00045877761814941560824
7.1600000000000001421 0.00071260459406012860006 -0.00044035575153948929971
7.1699999999999999289 0.00072675941320273114432 -0.00047252703499185873259
7.1799999999999997158 0.00074149571988570345867 -0.00044122125651526106823
7.1900000000000003908 0.00075685051021017260564 -0.00044456507063321901033
7.2000000000000001776 0.00077286402300048005244 -0.00046458225186030697486
7.2099999999999999645 0.00078958010737198945899 -0.00045927820348526897506
7.2199999999999997513 0.00080704664210951850781 -0.00049876487096934543023
7.2300000000000004263 0.00082531601570263947616 -0.00052704340110250260006
7.2400000000000002132 0.00084444567768034303149 -0.00052014926189687812289
7.25 0.00086449877411202199085 -0.00053219505055882639511
7.2599999999999997868 0.00088554488291293865978 -0.00058927408797927684127
7.2700000000000004619 0.00090766086806709825839 -0.00058336445228363334979
7.2800000000000002487 0.0009309318762673857682 -0.00057060253186438708237
7.2900000000000000355 0.00095545250505275664162 -0.000553084743926968549
7.2999999999999998224 0.00098132817867676485138 -0.00056494759257415998535
7.3100000000000004974 0.0010086767771960807299 -0.00058428888332374517671
7.3200000000000002842 0.0010376305763548818954 -0.00065327927953886069136
7.3300000000000000711 0.0010683385718056094289 -0.00061192141775052067039
7.3399999999999998579 0.0011009692825838218299 -0.00065656310473524433051
7.3500000000000005329 0.0011357141579399494379 -0.00070131710752757768328
7.3600000000000003197 0.0011727917527730631359 -0.00072037823805092449266
7.3700000000000001066 0.001212452898422082103 -0.00077004854023997966125
7.3799999999999998934 0.00125498719757507083 -0.00074251880182037589134
7.3900000000000005684 0.0013007313685719727042 -0.00079627030969083890943
7.4000000000000003553 0.0013500804067259387659 -0.00077955894960516258947
7.4100000000000001421 0.0014035036379364414748 -0.00073289067362296419703
7.4199999999999999289 0.0014615706272264907244 -0.00080296863911952470576
7.4299999999999997158 0.0015249993572629095499 -0.00079032787258392586151
7.4400000000000003908 0.0015947575734529184296 -0.00074397996604177226571
7.4500000000000001776 0.0016722914584932331919 -0.00078748274212902830832
7.4599999999999999645 0.0017600502630346250964 -0.00075112814527235707319
7.4699999999999997513 0.0018626657573413871963 -0.0006555625030678531584
7.4800000000000004263 0.0019894940486278192907 -0.00062024252825489231862
7.4900000000000002132 0.0021597971403757455083 -0.00057634992615975141027
7.5 0.002412640560817898381 -0.00060298650192934337422
7.5099999999999997868 0.002824456984961014154 -0.00060843149650989135011
7.5200000000000004619 0.0035377064664254258969 -0.000735144963521726022
7.5300000000000002487 0.0048032494527918542446 -0.0013761169543189252437
7.5400000000000000355 0.0070356692065303401765 -0.0030240023386483268555
7.5499999999999998224 0.010873667500501418143 -0.0059311502385492563538
7.5600000000000004974 0.01722674429500826998 -0.011277306676752654746
7.5700000000000002842 0.027277015694796270806 -0.020242586345791048485
7.5800000000000000711 0.042396910485751455877 -0.034061292183525389288
7.5899999999999998579 0.06394793023707118218 -0.054341149752752448965
7.6000000000000005329 0.092950332435043747648 -0.081760104270847733243
7.6100000000000003197 0.12965998515297558202 -0.1169703872482934226
7.6200000000000001066 0.17314667157384536211 -0.15911184340271136706
7.6299999999999998934 0.22101506585589450471 -0.20573710179290574662
7.6400000000000005684 0.26941675422821748098 -0.25320393508408772787
7.6500000000000003553 0.31344843117686049805 -0.29619265927167670593
7.6600000000000001421 0.34792064247332837867 -0.3299562234958293705
7.6699999999999999289 0.36834644694960316791 -0.35017183591759404315
7.6799999999999997158 0.37189461491096970081 -0.35364393345106598376
7.6900000000000003908 0.35802899791218179004 -0.34046894802070992725
7.7000000000000001776 0.3286353983784979782 -0.3117619753683871231
7.7099999999999999645 0.28759506627332048767 -0.27189271434556322449
7.7199999999999997513 0.23993833182877949417 -0.22560122801489285171
7.7300000000000004263 0.1908332504091647952 -0.17801953887025392942
7.7400000000000002132 0.14468825853428388117 -0.1335841097216918516
7.75 0.10457516098328616116 -0.094702136795304078798
7.7599999999999997868 0.072049815689251478501 -0.063818292242512758561
7.7700000000000004619 0.047319567920915135695 -0.040543374298415431334
7.7800000000000002487 0.02962427887611373753 -0.024199320688026989407
7.7900000000000000355 0.017678699232023507154 -0.013174582514297514951
7.7999999999999998224 0.010056465167466884653 -0.0066753749287765083709
7.8100000000000004974 0.0054529366920573604446 -0.0028245343732519042831
7.8200000000000002842 0.0028184059256196889245 -0.00096270983977922485256
7.8300000000000000711 0.001388554304693496522 2.0733841839575472762e-05
7.8399999999999998579 0.00065208910902814611402 0.00032280195798872366938
7.8500000000000005329 0.00029190027431470928765 0.00036670171379225673103
7.8600000000000003197 0.00012455020322477979673 0.00036189442045041762038
7.8700000000000001066 5.065657316948537532e-05 0.00029365812659022151338
7.8799999999999998934 1.9638475583385672037e-05 0.00021657742376580461593
7.8900000000000005684 7.2570415667456654915e-06 0.00012686554547518372497
7.9000000000000003553 2.5561755636959829997e-06 7.9518838215407775492e-05
7.9100000000000001421 8.5822351598370018819e-07 7.5211302159864426011e-05
7.9199999999999999289 2.7465550061309238059e-07 2.3747300550388235145e-05
7.930000000000000604 8.3782613101747849803e-08 3.394732270197816157e-05
7.9400000000000003908 2.4361095163407626903e-08 5.981127917586924109e-06
7.9500000000000001776 6.7517547631517393724e-09 8.0005669289039565192e-06
7.9599999999999999645 1.7836643345648864516e-09 4.0018756774989891543e-06
7.9699999999999997513 4.4914432801609582659e-10 2.001380526588761055e-06
7.9800000000000004263 1.0780397256250616891e-10 -1.0780397256250616891e-10
7.9900000000000002132 2.4663767635397539002e-11 -2.4663767635397539002e-11
8 5.3784812971418266962e-12 -5.3784812971418266962e-12
8.0099999999999997868 1.1179832300271258441e-12 4.0036582238503245815e-06
8.0199999999999995737 2.2150631506522813959e-13 -2.2150631506522813959e-13
8.0299999999999993605 4.1832320939621831464e-14 -4.1832320939621831464e-14
8.0400000000000009237 7.53030689915570155e-15 -7.53030689915570155e-15
8.0500000000000007105 1.2920761588650068336e-15 2.0018296696247007644e-06
8.0600000000000004974 2.1131880006057714108e-16 -2.1131880006057714108e-16
8.0700000000000002842 3.294296008012015456e-17 -3.294296008012015456e-17
8.0800000000000000711 4.8950986566615814234e-18 -4.8950986566615814234e-18
8.0899999999999998579 6.9332125624088876713e-19 -6.9332125624088876713e-19
8.0999999999999996447 9.3601264961974131012e-20 -9.3601264961974131012e-20
8.1099999999999994316 1.2044893476656327813e-20 -1.2044893476656327813e-20
8.1200000000000009948 1.4774002364430948159e-21 -1.4774002364430948159e-21
8.1300000000000007816 1.7272978722774548698e-22 -1.7272978722774548698e-22
8.1400000000000005684 1.9249085798646252805e-23 -1.9249085798646252805e-23
8.1500000000000003553 2.0446863741193116876e-24 -2.0446863741193116876e-24
8.1600000000000001421 2.0702221647311986498e-25 -2.0702221647311986498e-25
8.1699999999999999289 1.9979324385901191001e-26 -1.9979324385901191001e-26
8.1799999999999997158 1.8378843317826262015e-27 -1.8378843317826262015e-27
8.1899999999999995026 1.6114952474165974877e-28 -1.6114952474165974877e-28
8.1999999999999992895 1.3468316261405023911e-29 -1.3468316261405023911e-29
8.2100000000000008527 1.0729289298243140689e-30 2.0018296709167771041e-06
8.2200000000000006395 8.1470790503288084702e-32 -8.1470790503288084702e-32
8.2300000000000004263 5.8966613279170576522e-33 -5.8966613279170576522e-33
8.2400000000000002132 4.0680255972262928834e-34 -4.0680255972262928834e-34
8.25 2.6750651630315968173e-35 -2.6750651630315968173e-35
8.2599999999999997868 1.6767109961665706993e-36 -1.6767109961665706993e-36
8.2699999999999995737 1.0017403812823382735e-37 -1.0017403812823382735e-37
8.2799999999999993605 5.7046005093719261183e-39 -5.7046005093719261183e-39
8.2900000000000009237 3.0964804718932368373e-40 -3.0964804718932368373e-40
8.3000000000000007105 1.6020810252641586803e-41 -1.6020810252641586803e-41
8.3100000000000004974 7.9008460621563663106e-43 -7.9008460621563663106e-43
8.3200000000000002842 3.713946874495248353e-44 -3.713946874495248353e-44
8.3300000000000000711 1.6640666245680119242e-45 -1.6640666245680119242e-45
8.3399999999999998579 7.1068744506494447743e-47 -7.1068744506494447743e-47
8.3499999999999996447 2.8930734608154064954e-48 -2.8930734608154064954e-48
8.3599999999999994316 1.1225692472219000744e-49 -1.1225692472219000744e-49
8.3700000000000009948 4.151830910908025983e-51 -4.151830910908025983e-51
8.3800000000000007816 1.4636559133214273125e-52 -1.4636559133214273125e-52
8.3900000000000005684 4.9182558899367567392e-54 -4.9182558899367567392e-54
8.4000000000000003553 1.5752737096635667781e-55 -1.5752737096635667781e-55
8.4100000000000001421 4.8092093754608252752e-57 -4.8092093754608252752e-57
8.4199999999999999289 1.3994715773070005464e-58 -1.3994715773070005464e-58
8.4299999999999997158 3.8817467632696094337e-60 -3.8817467632696094337e-60
8.4399999999999995026 1.0262732733506130225e-61 -1.0262732733506130225e-61
8.4499999999999992895 2.5862560782564999723e-63 -2.5862560782564999723e-63
8.4600000000000008527 6.2123040007963920213e-65 -6.2123040007963920213e-65
8.4700000000000006395 1.4223501743789133453e-66 -1.4223501743789133453e-66
8.4800000000000004263 3.1040806821655050991e-68 -3.1040806821655050991e-68
8.4900000000000002132 6.4570194984036299109e-70 -6.4570194984036299109e-70
8.5 1.2802765980619963469e-71 -1.2802765980619963469e-71
8.5099999999999997868 2.4196252941792883707e-73 -2.4196252941792883707e-73
8.5199999999999995737 4.358780620037062384e-75 -4.358780620037062384e-75
8.5299999999999993605 7.4843567625813324974e-77 -7.4843567625813324974e-77
8.5400000000000009237 1.2249447868570191445e-78 -1.2249447868570191445e-78
8.5500000000000007105 1.9109578047659300004e-80 -1.9109578047659300004e-80
8.5600000000000004974 2.8415691022039872138e-82 -2.8415691022039872138e-82
8.5700000000000002842 4.0275215757790255876e-84 -4.0275215757790255876e-84
8.5800000000000000711 5.4411418596650619873e-86 -5.4411418596650619873e-86
8.5899999999999998579 7.0067194951653248581e-88 -7.0067194951653248581e-88
8.5999999999999996447 8.6002665928600323372e-90 -8.6002665928600323372e-90
8.6099999999999994316 1.0061936834276030232e-91 -1.0061936834276030232e-91
8.6200000000000009948 1.1220797915898507106e-93 -1.1220797915898507106e-93
8.6300000000000007816 1.1927196322683457902e-95 -1.1927196322683457902e-95
8.6400000000000005684 1.2084410205926920752e-97 -1.2084410205926920752e-97
8.6500000000000003553 1.1670380236504057972e-99 -1.1670380236504057972e-99
8.6600000000000001421 1.0742787901137124589e-101 -1.0742787901137124589e-101
8.6699999999999999289 9.4258698081882523953e-104 -9.4258698081882523953e-104
8.6799999999999997158 7.8831230432505974134e-106 -7.8831230432505974134e-106
8.6899999999999995026 6.2841652841990539121e-108 -6.2841652841990539121e-108
8.7000000000000010658 4.7749553139355693565e-110 -4.7749553139355693565e-110
8.7100000000000008527 3.458306139742401999e-112 -3.458306139742401999e-112
8.7200000000000006395 2.3874262505801826796e-114 -2.3874262505801826796e-114
8.7300000000000004263 1.5709736200094120074e-116 -1.5709736200094120074e-116
8.7400000000000002132 9.8532661133388565061e-119 -9.8532661133388565061e-119
8.75 5.8906594784007904528e-121 -5.8906594784007904528e-121
8.7599999999999997868 3.3567577814199067765e-123 -3.3567577814199067765e-123
8.7699999999999995737 1.823259415227371962e-125 -1.823259415227371962e-125
8.7799999999999993605 9.4395065962003640708e-128 -9.4395065962003640708e-128
8.7900000000000009237 4.6582467213873736641e-130 -4.6582467213873736641e-130
8.8000000000000007105 2.1911294580532648684e-132 -2.1911294580532648684e-132
8.8100000000000004974 9.823945424561819541e-135 -9.823945424561819541e-135
8.8200000000000002842 4.1983263275899004997e-137 -4.1983263275899004997e-137
8.8300000000000000711 1.7101680421123968626e-139 -1.7101680421123968626e-139
8.8399999999999998579 6.6400862210581965254e-142 -6.6400862210581965254e-142
8.8499999999999996447 2.4574290293852009026e-144 -2.4574290293852009026e-144
8.8599999999999994316 8.6688318432653372819e-147 -8.6688318432653372819e-147
8.8700000000000009948 2.9148250786377893804e-149 -2.9148250786377893804e-149
8.8800000000000007816 9.3419327447649351424e-152 -9.3419327447649351424e-152
8.8900000000000005684 2.8538641183213653039e-154 -2.8538641183213653039e-154
8.9000000000000003553 8.3100216952961470265e-157 -8.3100216952961470265e-157
8.9100000000000001421 2.3064462165463323386e-159 -2.3064462165463323386e-159
8.9199999999999999289 6.1017837209090946154e-162 -6.1017837209090946154e-162
8.9299999999999997158 1.5386597315668185995e-164 -1.5386597315668185995e-164
8.9399999999999995026 3.6982874374978276823e-167 -3.6982874374978276823e-167
8.9500000000000010658 8.472879484812244175e-170 -8.472879484812244175e-170
8.9600000000000008527 1.8502639412280044481e-172 -1.8502639412280044481e-172
8.9700000000000006395 3.8513113252167975489e-175 -3.8513113252167975489e-175
8.9800000000000004263 7.6410994209861700596e-178 -7.6410994209861700596e-178
8.9900000000000002132 1.4450249743712738935e-180 -1.4450249743712738935e-180
9 2.6047565049276554226e-183 -2.6047565049276554226e-183
9.0099999999999997868 4.475393037892814441e-186 -4.475393037892814441e-186
9.0199999999999995737 7.3293844411485727974e-189 -7.3293844411485727974e-189
9.0299999999999993605 1.1441318834332126558e-191 -1.1441318834332126558e-191
9.0400000000000009237 1.7023816832822374233e-194 -1.7023816832822374233e-194
9.0500000000000007105 2.4144045893498460203e-197 -2.4144045893498460203e-197
9.0600000000000004974 3.2638892631277457947e-200 -3.2638892631277457947e-200
9.0700000000000002842 4.2056491370211396438e-203 -4.2056491370211396438e-203
9.0800000000000000711 5.1653875659819765566e-206 -5.1653875659819765566e-206
9.0899999999999998579 6.047070569318604414e-209 -6.047070569318604414e-209
9.0999999999999996447 6.7477565862833788977e-212 -6.7477565862833788977e-212
9.1099999999999994316 7.1770508456084438871e-215 2.0018296709167771041e-06
9.1200000000000009948 7.276204222908704597e-218 -7.276204222908704597e-218
9.1300000000000007816 7.03130563874103671e-221 -7.03130563874103671e-221
9.1400000000000005684 6.4764841903195783761e-224 -6.4764841903195783761e-224
9.1500000000000003553 5.6861050329798142575e-227 -5.6861050329798142575e-227
9.1600000000000001421 4.7584189668295337267e-230 -4.7584189668295337267e-230
9.1699999999999999289 3.7956198416548919485e-233 -3.7956198416548919485e-233
9.1799999999999997158 2.8858580585723384416e-236 -2.8858580585723384416e-236
9.1899999999999995026 2.091411300512496866e-239 -2.091411300512496866e-239
9.2000000000000010658 1.4446949601985105695e-242 -1.4446949601985105695e-242
9.2100000000000008527 9.5122901008780860268e-246 -9.5122901008780860268e-246
9.2200000000000006395 5.9698887094382924219e-249 -5.9698887094382924219e-249
9.2300000000000004263 3.5712446348571553636e-252 -3.5712446348571553636e-252
9.2400000000000002132 2.036316040397944102e-255 -2.036316040397944102e-255
9.25 1.1067332993876690434e-258 -1.1067332993876690434e-258
9.2599999999999997868 5.7334097915416910425e-262 -5.7334097915416910425e-262
9.2699999999999995737 2.8310999376614145651e-265 -2.8310999376614145651e-265
9.2799999999999993605 1.3325073849793972487e-268 -1.3325073849793972487e-268
9.2900000000000009237 5.9780047433135398022e-272 -5.9780047433135398022e-272
9.3000000000000007105 2.5563192500464762244e-275 -2.5563192500464762244e-275
9.3100000000000004974 1.0419481990402580627e-278 -1.0419481990402580627e-278
9.3200000000000002842 4.0480826161517874509e-282 -4.0480826161517874509e-282
9.3300000000000000711 1.4990799849842628351e-285 -1.4990799849842628351e-285
9.3399999999999998579 5.2914225268422717016e-289 -5.2914225268422717016e-289
9.3499999999999996447 1.7802962385744688687e-292 -1.7802962385744688687e-292
9.3599999999999994316 5.7093188947671493247e-296 -5.7093188947671493247e-296
9.3700000000000009948 1.7452133294360041509e-299 -1.7452133294360041509e-299
9.3800000000000007816 5.0849294645501198018e-303 -5.0849294645501198018e-303
9.3900000000000005684 1.4121913100753645428e-306 -1.4121913100753645428e-306
9.4000000000000003553 3.7383015007938190006e-310 -3.7383015007938190006e-310
9.4100000000000001421 9.4325106148956223838e-314 -9.4325106148956223838e-314
9.4199999999999999289 2.2685715820705012821e-317 -2.2685715820705012821e-317
9.4299999999999997158 5.2025112507083261102e-321 -5.2025112507083261102e-321
9.4399999999999995026 0 0
9.4500000000000010658 0 0
9.4600000000000008527 0 0
9.4700000000000006395 0 0
9.4800000000000004263 0 0
9.4900000000000002132 0 0
9.5 0 0
9.5099999999999997868 0 0
9.5199999999999995737 0 0
9.5299999999999993605 0 0
9.5400000000000009237 0 0
9.5500000000000007105 0 0
9.5600000000000004974 0 0
9.5700000000000002842 0 0
9.5800000000000000711 0 0
9.5899999999999998579 0 0
9.5999999999999996447 0 0
9.6099999999999994316 0 0
9.6200000000000009948 0 0
9.6300000000000007816 0 0
9.6400000000000005684 0 0
9.6500000000000003553 0 0
9.6600000000000001421 0 0
9.6699999999999999289 0 0
9.6799999999999997158 0 0
9.6899999999999995026 0 0
9.7000000000000010658 0 0
9.7100000000000008527 0 0
9.7200000000000006395 0 0
9.7300000000000004263 0 0
9.7400000000000002132 0 0
9.75 0 0
9.7599999999999997868 0 0
9.7699999999999995737 0 0
9.7799999999999993605 0 0
9.7900000000000009237 0 0
9.8000000000000007105 0 0
9.8100000000000004974 0 0
9.8200000000000002842 0 0
9.8300000000000000711 0 0
9.8399999999999998579 0 0
9.8499999999999996447 0 0
9.8599999999999994316 0 0
9.8700000000000009948 0 0
9.8800000000000007816 0 0
9.8900000000000005684 0 0
9.9000000000000003553 0 0
9.9100000000000001421 0 0
9.9199999999999999289 0 0
9.9299999999999997158 0 0
9.9399999999999995026 0 0
9.9500000000000010658 0 0
9.9600000000000008527 0 0
9.9700000000000006395 0 0
9.9800000000000004263 0 0
9.9900000000000002132 0 0
10 0 0
10.009999999999999787 0 0
10.019999999999999574 0 0
10.029999999999999361 0 0
10.040000000000000924 0 0
10.050000000000000711 0 0
10.060000000000000497 0 0
10.070000000000000284 0 0
10.080000000000000071 0 0
10.089999999999999858 0 0
10.099999999999999645 0 0
10.109999999999999432 0 0
10.120000000000000995 0 0
10.130000000000000782 0 0
10.140000000000000568 0 0
10.150000000000000355 0 0
10.160000000000000142 0 0
10.169999999999999929 0 0
10.179999999999999716 0 0
10.189999999999999503 0 0
10.200000000000001066 0 0
10.210000000000000853 0 0
10.220000000000000639 0 0
10.230000000000000426 0 0
