0 1.0695425645807643523e-09 -1.0695425645807643523e-09
0.010000000000000000208 2.0503174514484821975e-09 -2.0503174514484821975e-09
0.020000000000000000416 3.872049900101603476e-09 -3.872049900101603476e-09
0.02999999999999999889 7.2646138526180293145e-09 -7.2646138526180293145e-09
0.040000000000000000833 1.4030496486626449926e-08 -1.4030496486626449926e-08
0.050000000000000002776 3.1020338845088918344e-08 -3.1020338845088918344e-08
0.05999999999999999778 9.1287910007393864099e-08 -9.1287910007393864099e-08
0.070000000000000006661 3.4975611613859319435e-07 -3.4975611613859319435e-07
0.080000000000000001665 1.4347889737775581722e-06 -1.4347889737775581722e-06
0.089999999999999996669 5.4641242689668240116e-06 -5.4641242689668240116e-06
0.10000000000000000555 1.8232506945299138603e-05 -1.8232506945299138603e-05
0.11000000000000000056 5.2259568954421508193e-05 -5.2259568954421508193e-05
0.11999999999999999556 0.00012779657356343500862 -0.00012779657356343500862
0.13000000000000000444 0.00026596703795115115643 -0.00026596703795115115643
0.14000000000000001332 0.00047063092260708744687 -0.00047063092260708744687
0.14999999999999999445 0.00070783995632561205399 -0.00055599302012021003735
0.16000000000000000333 0.00090489226268745742102 -0.00073506345207478634377
0.17000000000000001221 0.00098360928391636251455 -0.00089569789711682959443
0.17999999999999999334 0.00091003075171058260117 -0.00079814353479334347163
0.19000000000000000222 0.0007185598275105476232 -0.00065462427810467852668
0.2000000000000000111 0.00048781726310926070561 -0.0004178877507169968461
0.20999999999999999223 0.00029094331710044821736 -0.00022500977518180912372
0.22000000000000000111 0.00016231318017699704987 -0.0001063695717183774851
0.23000000000000000999 9.8468607524625556744e-05 -5.0516943651234324033e-05
0.23999999999999999112 7.8642047319751941258e-05 -4.867225603464037239e-05
0.25 8.2865442914516315633e-05 -4.490370886316581825e-05
0.26000000000000000888 9.8797683846888102472e-05 -7.0825879617578320086e-05
0.27000000000000001776 0.00012068378033251836554 -0.00010070392068843692199
0.28000000000000002665 0.00014627458498085919272 -0.00013228868286620430153
0.28999999999999998002 0.00017461302250086258611 -0.00016062712038620769492
0.2999999999999999889 0.00020500308379489356569 -0.00018502322415081212214
0.30999999999999999778 0.0002366586088290630887 -0.00020469083412612854044
0.32000000000000000666 0.00026862660657258138766 -0.00023665883186964683941
0.33000000000000001554 0.00029980508447310488243 -0.00025984536518494199533
0.34000000000000002442 0.00032899708933980934857 -0.00029503132576208361028
0.35000000000000003331 0.00035498352535483061482 -0.00030503387624462700595
0.35999999999999998668 0.0003766061605589676297 -0.0003306524819223887867
0.36999999999999999556 0.00039285268100613718236 -0.00033890705778433000053
0.38000000000000000444 0.00040293510124844034029 -0.00034499350755300839258
0.39000000000000001332 0.000406353086087107092 -0.00035040947762848752723
0.4000000000000000222 0.00040293510124844006924 -0.00035897940784867360918
0.41000000000000003109 0.00039285268100613073136 -0.0003608849063031961831
0.41999999999999998446 0.00037660616055881188406 -0.00032665651144860827519
0.42999999999999999334 0.00035498352535163595891 -0.00031302581718868188179
0.44000000000000000222 0.00032899708928420262491 -0.00028504139588443616485
0.4500000000000000111 0.00029980508365098570847 -0.00026384133483644758725
0.46000000000000001998 0.00026862659624865981977 -0.00024265277725616242032
0.47000000000000002887 0.00023665849871134546421 -0.00020269273513361972592
0.47999999999999998224 0.00020500208615848103865 -0.00018901819880701376453
0.48999999999999999112 0.0001746053455286477262 -0.00013264763736569364907
0.5 0.00014622440734085530214 -0.00012424656064097207211
0.51000000000000000888 0.00012040521114353482243 -9.243340691422504004e-05
0.52000000000000001776 9.7484097837960637318e-05 -7.7504238193879193769e-05
0.53000000000000002665 7.7604222043485687212e-05 -5.1630403050988287763e-05
0.54000000000000003553 6.0743526538606888851e-05 -5.0753596716566167077e-05
0.55000000000000004441 4.6749582147274717516e-05 -3.2763680032619826323e-05
0.56000000000000005329 3.5376799855232057216e-05 -1.5396940211150617056e-05
0.57000000000000006217 2.6322215183140694575e-05 -1.0338327831673423834e-05
0.57999999999999996003 1.9257034354330746379e-05 -1.2751599470616857676e-06
0.58999999999999996891 1.3852222370246813283e-05 2.1316649812204574579e-06
0.5999999999999999778 9.7974393485000954579e-06 6.1864480029671752834e-06
0.60999999999999998668 6.8134769660105800251e-06 9.1704103854566915632e-06
0.61999999999999999556 4.6589503253752930878e-06 9.3269517892795964111e-06
0.63000000000000000444 3.1323511853118226041e-06 8.8555647830359881145e-06
0.64000000000000001332 2.0706938521574270742e-06 7.9192359698832951234e-06
0.6500000000000000222 1.3459360338442195834e-06 8.6439937881965019789e-06
0.66000000000000003109 8.6019324167034143042e-07 1.1127722726677468653e-05
0.67000000000000003997 5.4054357707076902072e-07 1.7441330830198290003e-05
0.68000000000000004885 3.3398616415413701704e-07 9.6559436578865847571e-06
0.69000000000000005773 2.0290339793622052503e-07 7.7890402777974169102e-06
0.70000000000000006661 1.2120296485009532065e-07 7.8707407108835412941e-06
0.70999999999999996447 7.1186927155055721176e-08 7.9207567485785809465e-06
0.71999999999999997335 4.1110270003494906478e-08 1.1946805698344315329e-05
0.72999999999999998224 2.334336663004250539e-08 7.9686003091035950821e-06
0.73999999999999999112 1.3032860073903551868e-08 7.9789108156597326956e-06
0.75 7.154496135021528517e-09 9.9827753259056998403e-06
0.76000000000000000888 3.8617259785400501475e-09 5.9900962581953633008e-06
0.77000000000000001776 2.0494953322747099633e-09 7.9898941804013631757e-06
0.78000000000000002665 1.0694869578396175471e-09 1.3984832627697049888e-05
0.79000000000000003553 5.4874064769633560831e-10 1.598333861081957554e-05
0.80000000000000004441 2.7683554374086996666e-10 3.9956950023230786953e-06
0.81000000000000005329 1.3732185055938426799e-10 1.5983750029616711203e-05
0.82000000000000006217 6.6976203233335058734e-11 1.3985835138451656792e-05
0.83000000000000007105 3.2119182352940616787e-11 1.3985869995472536708e-05
0.83999999999999996891 1.5145078094922784422e-11 1.1987900823269714929e-05
0.8499999999999999778 7.0216896874404409394e-12 1.198790894665812266e-05
0.85999999999999998668 3.200920055340964745e-12 1.5983884150547215334e-05
0.86999999999999999556 1.4347330476545340484e-12 7.9919422410005894333e-06
0.88000000000000000444 6.3231059052961068323e-13 1.1987915336037220079e-05
0.89000000000000001332 2.7400146772711360765e-13 1.1987915694346342875e-05
0.9000000000000000222 1.1674503023732937737e-13 1.1987915851602780023e-05
0.91000000000000003109 4.8908798526491736906e-14 1.1987915919439011108e-05
0.92000000000000003997 2.0146456293162805538e-14 9.9899298018942650463e-06
0.93000000000000004885 8.1596854467533813135e-15 1.198791596018812465e-05
0.94000000000000005773 3.249460393020051897e-15 3.9959718346173587423e-06
0.95000000000000006661 1.2723663002817600929e-15 5.9939579829015369352e-06
0.95999999999999996447 4.8986470281834489493e-16 1.3985902114165024934e-05
0.96999999999999997335 1.854399137848987406e-16 1.7981874407083621383e-05
0.97999999999999998224 6.902292614368314611e-17 2.7971804229240755977e-05
0.98999999999999999112 2.526077143461454097e-17 1.5983887351442008831e-05
1 9.0899826680653200292e-18 1.3985902114645799141e-05
1.0100000000000000089 3.2162052594454422406e-18 5.9939579841706870577e-06
1.0200000000000000178 1.1189192212620128443e-18 7.9919436757325189812e-06
1.0300000000000000266 3.8284526296159702853e-19 1.398590211465450664e-05
1.0400000000000000355 1.290990327360329723e-19 1.398590211465476075e-05
1.0500000000000000444 4.3750419315336368185e-20 1.3985902114654845453e-05
1.0600000000000000533 1.7502938783675519508e-20 3.9959718378668015917e-06
1.0700000000000000622 1.5585933705281478999e-20 1.1987915968347794625e-05
1.0800000000000000711 3.4860044987764234802e-20 7.9919436757336014893e-06
1.0900000000000000799 9.9172153909991625061e-20 3.9959718378667202765e-06
1.1000000000000000888 2.8672748455563699001e-19 1.1987915968347523575e-05
1.1100000000000000977 8.1840542161520768911e-19 9.9899298220399035403e-06
1.1200000000000001066 2.2989743647729532402e-18 1.798187440726676007e-05
1.1300000000000001155 6.3536623739582213656e-18 1.198791596834145543e-05
1.1400000000000001243 1.7275221942325393526e-17 1.3985902114637615109e-05
1.1500000000000001332 4.6209479820129111249e-17 5.9939579841276933593e-06
1.1599999999999999201 1.216035637357915483e-16 1.1987915968226206434e-05
1.1699999999999999289 3.1482505468593014999e-16 1.9979859643766614954e-05
1.1799999999999999378 8.0186273770497700415e-16 1.1987915967545947497e-05
1.1899999999999999467 2.0092710982643784177e-15 1.3985902112645618928e-05
1.1999999999999999556 4.9531878862146824158e-15 1.3985902109701701709e-05
1.2099999999999999645 1.2012650087470497044e-14 1.3985902102642239442e-05
1.2199999999999999734 2.8661611928946579967e-14 3.9959718092052073484e-06
1.2299999999999999822 6.7277548193139268377e-14 1.7981874339991513824e-05
1.2399999999999999911 1.553629505481352849e-13 1.5983887196104321537e-05
1.25 3.5296571678649745104e-13 1.5983886998501553649e-05
1.2600000000000000089 7.8890616355397120504e-13 9.98992903313455841e-06
1.2700000000000000178 1.7347062104678224361e-12 2.3975830201989399522e-05
1.2800000000000000266 3.752617309023868676e-12 9.9899260694234134217e-06
1.2900000000000000355 7.9863875567660078919e-12 1.1987907981960252529e-05
1.3000000000000000444 1.6721461967296602309e-11 1.9979842922619473486e-05
1.3100000000000000533 3.444338841841867944e-11 9.9898953786523032709e-06
1.3200000000000000622 6.9798365552164940722e-11 1.7981804608903507309e-05
1.3300000000000000711 1.3915294326891598245e-10 1.7981735254325792922e-05
1.3400000000000000799 2.7292750197923019312e-10 1.398562918715291028e-05
1.3500000000000000888 5.2663529703357636869e-10 9.9894031867436880836e-06
1.3600000000000000977 9.9972461920905407709e-10 3.9949721132476104219e-06
1.3700000000000001066 1.8670612716652159378e-09 1.3984035053383224239e-05
1.3800000000000001155 3.4303980257875568563e-09 9.9864994240149345051e-06
1.3900000000000001243 6.200664261917134919e-09 1.5977686687205354692e-05
1.4000000000000001332 1.1026550732078672086e-08 3.9849452871347402987e-06
1.4099999999999999201 1.9290740678392783981e-08 1.5964596610788877137e-05
1.4199999999999999289 3.3202125424229184282e-08 5.960755858749673634e-06
1.4299999999999999378 5.6219972473465405173e-08 1.3929682142181424749e-05
1.4399999999999999467 9.365331000979724411e-08 5.9003046741641057329e-06
1.4499999999999999556 1.5348410072412252934e-07 1.1834431867623687528e-05
1.4599999999999999645 2.4746365125293100243e-07 1.5736423700214338098e-05
1.4699999999999999734 3.9252488856902600712e-07 1.3593377226085863227e-05
1.4799999999999999822 6.1253476332618885356e-07 5.3814232208477146e-06
1.4899999999999999911 9.4037709775214795747e-07 1.0576088211812607793e-06
1.5 1.4203033317889386556e-06 1.0567612636558871428e-05
1.5100000000000000089 2.1104153058064495703e-06 1.3873472045660820747e-05
1.5200000000000000178 3.085052151250502875e-06 8.9028638170973065731e-06
1.5300000000000000266 4.436748916290693455e-06 1.1547138435176577286e-05
1.5400000000000000355 6.2773299071924545503e-06 9.706557444274817038e-06
1.5500000000000000444 8.7376132044209474587e-06 7.2462741470463232826e-06
1.5600000000000000533 1.1965157981533196396e-05 8.0147016625482437642e-06
1.5700000000000000622 1.611950935998862145e-05 -6.1295795379478996761e-06
1.5800000000000000711 2.1364511163117761415e-05 -3.3826367558487008031e-06
1.5900000000000000799 2.7857482199265889576e-05 -1.3871580084611000077e-05
1.6000000000000000888 3.5735389740624541675e-05 -2.774344606489090461e-05
1.6100000000000000977 4.5098587954333407206e-05 -3.7106644278599770141e-05
1.6200000000000001066 5.5993179029921689982e-05 -4.2007276915266798789e-05
1.6300000000000001155 6.8393537382774950749e-05 -5.240965003130767662e-05
1.6400000000000001243 8.218693175445076441e-05 -8.0188945835517355144e-05
1.6500000000000001332 9.7162398791171582972e-05 -8.5174482822823776489e-05
1.6600000000000001421 0.00011300598604824936522 -9.9020083933594474032e-05
1.6699999999999999289 0.00012930413991432739159 -0.00010932428027024594804
1.6799999999999999378 0.0001455563546550624253 -0.00012757448024779336469
1.6899999999999999467 0.0001611972657720300026 -0.00013322546154272022021
1.6999999999999999556 0.00017562726227614370569 -0.0001476554580468339233
1.7099999999999999645 0.00018824955222691771043 -0.00016227573323442031098
1.7199999999999999734 0.00019851061376449749985 -0.00017453478182780188688
1.7299999999999999822 0.00020594026741139784503 -0.00017597047612628627616
1.7399999999999999911 0.00021018734889506114237 -0.0001862115169583655294
1.75 0.00021104721836694701593 -0.00018507339937444961648
1.7600000000000000089 0.00020847810577353384433 -0.0001865002590736506143
1.7700000000000000178 0.0002026044743903343884 -0.00017862864245363877544
1.7800000000000000266 0.00019370702537088713407 -0.00017172917867100390404
1.7900000000000000355 0.00018220046108360452171 -0.00016821455896894963052
1.8000000000000000444 0.00016860146007801783208 -0.00014262764108552043263
1.8100000000000000533 0.00015349030559748516578 -0.0001255185013681753834
1.8200000000000000622 0.00013747012582724621563 -0.00012947818215151257856
1.8300000000000000711 0.0001211276996341010409 -0.00011513374164992713766
1.8400000000000000799 0.00010499929153370718437 -9.1013389419052293178e-05
1.8500000000000000888 8.9544110750140078745e-05 -7.1562236342871018134e-05
1.8600000000000000977 7.5126896241095646135e-05 -5.9143008889628372006e-05
1.8700000000000001066 6.2009984949792782598e-05 -5.2020055127752060824e-05
1.8800000000000001155 5.0354184267093492525e-05 -3.6368282152438601333e-05
1.8900000000000001243 4.0226964629822082654e-05 -2.4243077278354811913e-05
1.9000000000000001332 3.1615985399967144189e-05 -2.5622027415793240948e-05
1.9100000000000001421 2.4445782362869649551e-05 -1.2457866394521839679e-05
1.9199999999999999289 1.8595545355455897246e-05 -6.1367094818683663466e-07
1.9299999999999999378 1.3916231924577629914e-05 4.0656424826914306975e-06
1.9399999999999999467 1.0245712291674442167e-05 -2.2537686159408051021e-06
1.9499999999999999556 7.4211364114265480338e-06 5.7080726430708903093e-07
1.9599999999999999645 5.2881824780294638342e-06 8.6977196366254248177e-06
1.9699999999999999734 3.7072358049666366674e-06 2.426456842434314106e-05
1.9799999999999999822 2.5568293853532326428e-06 1.4391424525135867366e-06
1.9899999999999999911 1.7348464705973821687e-06 1.0253069497750427915e-05
2 1.1580521167701305312e-06 1.2827849997884758332e-05
2.0100000000000002309 7.6050648636058349741e-07 5.2334514978133198502e-06
2.0200000000000000178 4.9134382249095384726e-07 1.7490530584778106129e-05
2.0300000000000002487 3.1230277107747868983e-07 3.6836690667893409013e-06
2.0400000000000000355 1.9528727044123004386e-07 1.778658713682782988e-05
2.0499999999999998224 1.2013783262106471322e-07 1.1867778135726745053e-05
2.0600000000000000533 7.2709877005507048653e-08 1.5911177474461763018e-05
2.0699999999999998401 4.3292711493441855645e-08 9.9466371105472797663e-06
2.0800000000000000711 2.5359689066832994191e-08 1.1962556279280976861e-05
2.0899999999999998579 1.4614394330817703277e-08 1.9965245249750621965e-05
2.1000000000000000888 8.2856289074050859879e-09 1.5975601722559865998e-05
2.1099999999999998757 4.6214461330567292461e-09 7.9873222296005800451e-06
2.1200000000000001066 2.5359347338889149222e-09 3.9934359031329308805e-06
2.1299999999999998934 1.369008071999824208e-09 1.1986546960275809616e-05
2.1400000000000001243 7.2707917452352471597e-10 1.5983160272292747729e-05
2.1499999999999999112 3.7989638594762702957e-10 9.9895499256547746521e-06
2.1600000000000001421 1.952793759180041175e-10 1.5983692072091352501e-05
2.1699999999999999289 9.8754149901290624266e-11 5.9938592300240015572e-06
2.1800000000000001599 4.9131733911887520967e-11 7.9918945439997249162e-06
2.1899999999999999467 2.4047868439477741695e-11 3.9959477899983797001e-06
2.2000000000000001776 1.1579740937110863047e-11 3.995960258125882634e-06
2.2099999999999999645 5.4856596567376418295e-12 3.9959663522071625164e-06
2.2200000000000001954 2.5566226689509679232e-12 1.7981871850646391915e-05
2.2299999999999999822 1.1722282171318403727e-12 7.9919425035054205379e-06
2.2400000000000002132 5.2876836814285846258e-13 2.7971803700541411473e-05
2.25 2.3465322244400070767e-13 9.9899295873874994925e-06
2.2600000000000002309 1.0244607836155578584e-13 1.598388724902119381e-05
2.2700000000000000178 4.4001949042504353728e-14 1.1987915924345861113e-05
2.2800000000000002487 1.8593290261768702268e-14 3.9959718192735288505e-06
2.2900000000000000355 7.7294455917256894437e-15 9.9899298143112767739e-06
2.3000000000000002665 3.1611725327797647749e-15 1.5983887348306099736e-05
2.3100000000000000533 1.2719083395466754569e-15 1.3985902113382981437e-05
2.3199999999999998401 5.0346720887032198008e-16 1.3985902114151421585e-05
2.3300000000000000711 1.9606240468937831309e-16 1.3985902114458826783e-05
2.3399999999999998579 7.5114748904241458718e-17 1.198791596827269499e-05
2.3500000000000000888 2.8311564853892328995e-17 7.9919436757053258355e-06
2.3599999999999998757 1.0498089943974744029e-17 9.9899298220302236478e-06
2.3700000000000001066 3.8296974353982739873e-18 9.9899298220368914911e-06
2.3799999999999998934 1.3744419389395646679e-18 1.1987915968346435984e-05
2.3900000000000001243 4.8528413438453534531e-19 5.9939579841734178919e-06
2.3999999999999999112 1.6856738411061316878e-19 5.9939579841737346822e-06
2.4100000000000001421 5.7604811737082197785e-20 1.3985902114654831901e-05
2.4199999999999999289 1.9366526560719180384e-20 1.5983887351467250412e-05
2.4300000000000001599 6.4054916576430982588e-21 7.9919436757336302884e-06
2.4399999999999999467 2.0843035294231691049e-21 7.9919436757336353706e-06
2.4500000000000001776 6.6723253967097916012e-22 1.1987915968347809872e-05
2.4599999999999999645 2.1013637287754792337e-22 3.9959718378668193794e-06
2.4700000000000001954 6.5107797712306093509e-23 1.3985902114654889499e-05
2.4799999999999999822 1.9845979533576682908e-23 1.3985902114654889499e-05
2.4900000000000002132 5.9514094841155847443e-24 3.9959718378668193794e-06
2.5 1.7557993593816266424e-24 9.9899298220407217741e-06
2.5100000000000002309 5.0960971619569328418e-25 1.1987915968347809872e-05
2.5200000000000000178 1.4551517065622182564e-25 9.9899298220407217741e-06
2.5300000000000002487 4.0877714508857977344e-26 1.1987915968347809872e-05
2.5400000000000000355 1.1297248956204492583e-26 1.5983887351467270741e-05
2.5500000000000002665 3.0716133920846116674e-27 1.1987915968347809872e-05
2.5600000000000000533 8.2161463287767125953e-28 9.9899298220407217741e-06
2.5699999999999998401 2.1621087695644857909e-28 1.1987915968347809872e-05
2.5800000000000000711 5.5975073316713020755e-29 1.1987915968347809872e-05
2.5899999999999998579 1.4256718148783055766e-29 7.9919436757336370647e-06
2.6000000000000000888 3.5723353111599823057e-30 7.9919436757336370647e-06
2.6099999999999998757 8.8062828192093917419e-31 1.997985964408144016e-05
2.6200000000000001066 2.1357027232955517083e-31 5.9939579841739032418e-06
2.6299999999999998934 5.0956164833965968631e-32 1.5983887351467270741e-05
2.6400000000000001243 1.1960805442311950401e-32 1.9979859189334088427e-06
2.6499999999999999112 2.7620521760559583791e-33 9.9899298220407217741e-06
2.6600000000000001421 6.2749618589205644929e-34 3.9959718378668193794e-06
2.6699999999999999289 1.4024844748073482535e-34 5.9939579841739032418e-06
2.6800000000000001599 3.0838467957670896897e-35 5.9939579841739032418e-06
2.6899999999999999467 6.6710667501782112042e-36 2.3975831936695609579e-05
2.7000000000000001776 1.4197292760346103389e-36 1.1987915968347809872e-05
2.7099999999999999645 2.9725115420178471087e-37 1.3985902114654889499e-05
2.7200000000000001954 6.1227893936258602632e-38 1.997985964408144016e-05
2.7299999999999999822 1.2407459112762909179e-38 1.1987915968347809872e-05
2.7400000000000002132 2.4735696529597724618e-39 9.9899298220407217741e-06
2.75 4.8514682714519328566e-40 5.9939579841739032418e-06
2.7600000000000002309 9.361167295446844033e-41 1.1987915968347809872e-05
2.7700000000000000178 1.7770292559674025691e-41 9.9899298220407217741e-06
2.7800000000000002487 3.3186916979166592653e-42 1.9979859189334088427e-06
2.7900000000000000355 6.0974324803938684532e-43 5.9939579841739032418e-06
2.8000000000000002665 1.1021351432894221749e-43 1.5983887351467270741e-05
2.8100000000000000533 1.9598844247209191052e-44 9.9899298220407217741e-06
2.8199999999999998401 3.4287343022030936236e-45 1.3985902114654889499e-05
2.8300000000000000711 5.9012629015853327106e-46 5.9939579841739032418e-06
2.8399999999999998579 9.9922629344280069172e-47 1.5983887351467270741e-05
2.8500000000000000888 1.6645256961491812442e-47 1.3985902114654889499e-05
2.8599999999999998757 2.7278778875052031474e-48 3.9959718378668193794e-06
2.8700000000000001066 4.3981389737003755909e-49 7.9919436757336370647e-06
2.8799999999999998934 6.9810396335792626745e-50 1.5983887351467270741e-05
2.8900000000000001243 1.208438290345046442e-50 7.9919436757336370647e-06
2.8999999999999999112 2.9777367463902712752e-50 1.1987915968347809872e-05
2.9100000000000001421 6.2881313331203109649e-49 3.9959718378668193794e-06
2.9199999999999999289 1.3402357987338429252e-47 1.1987915968347809872e-05
2.9300000000000001599 2.7246001389023313734e-46 5.9939579841739032418e-06
2.9399999999999999467 5.2810375153830278218e-45 1.1987915968347809872e-05
2.9500000000000001776 9.7596299328465761027e-44 1.9979859189334088427e-06
2.9599999999999999645 1.7196859276571576121e-42 1.7981874407269060612e-05
2.9700000000000001954 2.8891553323137159588e-41 1.1987915968347809872e-05
2.9799999999999999822 4.628103944554474109e-40 9.9899298220407217741e-06
2.9900000000000002132 7.0688781026288345412e-39 5.9939579841739032418e-06
3 1.0294802430495426092e-37 1.3985902114654889499e-05
3.0100000000000002309 1.4295880007991028581e-36 1.3985902114654889499e-05
3.0200000000000000178 1.8929302946492389673e-35 7.9919436757336370647e-06
3.0300000000000002487 2.3899839860191877086e-34 1.9979859189334088427e-06
3.0400000000000000355 2.8773859054608565636e-33 1.3985902114654889499e-05
3.0500000000000002665 3.3033183961404802059e-32 7.9919436757336370647e-06
3.0600000000000000533 3.6162527850874486571e-31 1.5983887351467270741e-05
3.0700000000000002842 3.7751165153398070402e-30 9.9899298220407217741e-06
3.0800000000000000711 3.758138759352301134e-29 1.1987915968347809872e-05
3.0899999999999998579 3.5677484871352701283e-28 1.5983887351467270741e-05
3.1000000000000000888 3.2300051180236405182e-27 1.5983887351467270741e-05
3.1099999999999998757 2.788745474751333622e-26 7.9919436757336370647e-06
3.1200000000000001066 2.2962593792142014695e-25 9.9899298220407217741e-06
3.1299999999999998934 1.8032242633554875942e-24 9.9899298220407217741e-06
3.1400000000000001243 1.3505364134373083281e-23 9.9899298220407217741e-06
3.1499999999999999112 9.6472243236901898544e-23 5.9939579841739032418e-06
3.1600000000000001421 6.5728021106758538394e-22 7.9919436757336370647e-06
3.1699999999999999289 4.2713415614649563635e-21 1.3985902114654884417e-05
3.1800000000000001599 2.6476345700489445382e-20 1.1987915968347782767e-05
3.1899999999999999467 1.5654791045154830057e-19 1.5983887351467114887e-05
3.2000000000000001776 8.8297550682117784715e-19 2.1977846699882345728e-05
3.2099999999999999645 4.7509463631112638944e-18 1.3985902114650139338e-05
3.2200000000000001954 2.4387149395275477665e-17 1.5983887351442882969e-05
3.2299999999999999822 1.1942968892461944646e-16 3.9959718377473894279e-06
3.2400000000000002132 5.5802871764494919953e-16 1.3985902114096860805e-05
3.25 2.4878164290629662822e-15 1.598388734897945366e-05
3.2600000000000002309 1.0583378310990877062e-14 2.3975831926112231059e-05
3.2700000000000000178 4.2963886269288917586e-14 5.9939579412100170766e-06
3.2800000000000002487 1.6645150662613190753e-13 1.997985947762993521e-05
3.2900000000000000355 6.154765114734058771e-13 9.9899292065642104649e-06
3.3000000000000002665 2.172264906302900866e-12 9.9899276497758157759e-06
3.3100000000000000533 7.3186898881964397533e-12 1.7981867088579172952e-05
3.3200000000000002842 2.3540684495999910855e-11 1.5983863810782776376e-05
3.3300000000000000711 7.2297071805772099899e-11 9.9898575249689162557e-06
3.3399999999999998579 2.1202853873656342844e-10 1.1987703939809072752e-05
3.3500000000000000888 5.9388478152814330112e-10 5.9933640993923748583e-06
3.3599999999999998757 1.5889624633526606917e-09 1.3984313152191537387e-05
3.3700000000000001066 4.0616826680716208062e-09 1.1983854285679738669e-05
3.3799999999999998934 9.9212371250909980058e-09 5.9840367470488121858e-06
3.3900000000000001243 2.3162762859310511739e-08 1.7958711644409748793e-05
3.3999999999999999112 5.169982228251196023e-08 1.5932187529184759569e-05
3.4100000000000001421 1.1035335903278940063e-07 9.8795764630079317117e-06
3.4199999999999999289 2.2533051348087770509e-07 1.1762585454866932087e-05
3.4300000000000001599 4.4030302344327642826e-07 1.3545599091211613124e-05
3.4399999999999999467 8.2368681453003337748e-07 5.1702711696438697584e-06
3.4500000000000001776 1.4759068129255669455e-06 2.5200650249412526456e-06
3.4599999999999999645 2.5344288895025166001e-06 9.4534870788452941186e-06
3.4700000000000001954 4.1734870958625084792e-06 -1.7751525799568909983e-07
3.4799999999999999822 6.5952406152782677161e-06 3.394689206762454058e-06
3.4900000000000002132 1.0010085059379706448e-05 7.9717893478893541641e-06
3.5 1.4606264659335888419e-05 -4.6163348372951666448e-06
3.5100000000000002309 2.0512460667210374453e-05 -4.5285733157431037118e-06
3.5200000000000000178 2.7760653826468072977e-05 -2.1766695842294169735e-05
3.5300000000000002487 3.6258803573929671352e-05 -2.427088760558186148e-05
3.5400000000000000355 4.5782406519775188701e-05 -3.7790462844041551637e-05
3.5500000000000002665 5.5990282359586142542e-05 -4.2004380244931251349e-05
3.5600000000000000533 6.64637773781230726e-05 -5.2477875263468181407e-05
3.5700000000000002842 7.6761945048652052053e-05 -7.0767987064478148811e-05
3.5800000000000000711 8.6480562668661621378e-05 -8.2484590830794802846e-05
3.5899999999999998579 9.5301852914817197738e-05 -7.9317965563349923609e-05
3.6000000000000000888 0.00010302483799708517047 -8.7040950645617896344e-05
3.6099999999999998757 0.00010957211490459339549 -9.958218508255267372e-05
3.6200000000000001066 0.00011497527633893598969 -0.00010098937422428109849
3.6299999999999998934 0.00011934602041616618618 -0.00010935609059412546441
3.6400000000000001243 0.00012284192051279857949 -0.000110854004544450773
3.6499999999999999112 0.0001256348616103297245 -0.00010565500196624828095
3.6600000000000001421 0.00012788729554864849253 -0.00011589937958030068605
3.6699999999999999289 0.00012973811008624817898 -0.00010975825044216673543
3.6800000000000001599 0.00013129719107535570599 -0.00012130726125331498422
3.6899999999999999467 0.00013264624617650798812 -0.00011666235882504071399
3.7000000000000001776 0.00013384313017560266396 -0.00012385320035356194219
3.7099999999999999645 0.00013492738309282397433 -0.00012094148097816908314
3.7200000000000001954 0.00013592549353034653805 -0.00012393757756199873157
3.7299999999999999822 0.00013685516913825780563 -0.00012886322546252416857
3.7400000000000002132 0.00013772844930070920685 -0.00012574053333236140037
3.75 0.00013855380007377418594 -0.00011457796813707857297
3.7600000000000002309 0.00013933744232456625424 -0.00012934751250252553246
3.7700000000000000178 0.00014008415978431886916 -0.0001320922161085852321
3.7800000000000002487 0.00014079778059037184146 -0.00012281590618310278084
3.7900000000000000355 0.00014148146498143066084 -0.00012349959057416160023
3.8000000000000002665 0.00014213788183843332797 -0.000118162049901737715
3.8100000000000000533 0.00014276932218964147694 -0.00013477737851390783987
3.8200000000000002842 0.00014337777642015237965 -0.00013938180458228556112
3.8300000000000000711 0.00014396498972531763107 -0.00012798110237385035694
3.8399999999999998579 0.00014453250375906170509 -0.00013254458779071389861
3.8500000000000000888 0.00014508168897808980586 -0.0001430837030591563966
3.8599999999999998757 0.00014561377038622877163 -0.0001296298830347614975
3.8700000000000001066 0.00014612984843534560322 -0.00011815804420603582083
3.8799999999999998934 0.00014663091634236385583 -0.00014063695835818995259
3.8900000000000001243 0.00014711787486234597332 -0.0001291360004550769127
3.8999999999999999112 0.00014759154556464652267 -0.00013360564344999163147
3.9100000000000001421 0.00014805268390972209261 -0.00013806275408768137083
3.9199999999999999289 0.00014850199396284572556 -0.0001405100502871120885
3.9300000000000001599 0.00014894014742826845298 -0.00013895021760622773121
3.9399999999999999467 0.00014936781076066487088 -0.00013937788093862414911
3.9500000000000001776 0.00014978568512108607412 -0.00014379172713691217088
3.9599999999999999645 0.00015019456430809312525 -0.00013421067695662585112
3.9700000000000001954 0.00015059541463658570378 -0.00014060548481454498201
3.9799999999999999822 0.00015098947709026299411 -0.00013700357497560810291
3.9900000000000002132 0.00015137838533389925575 -0.00013539449798243198162
4 0.00015176428373904628883 -0.00014377234006331265177
4.0099999999999997868 0.00015214991942531232941 -0.00013816401731065743822
4.0200000000000004619 0.00015253867506653798398 -0.00013855277295188309279
4.0300000000000002487 0.00015293450929978647684 -0.00014294457947774575506
4.0400000000000000355 0.00015334178251880090419 -0.00013735789516733363006
4.0499999999999998224 0.00015376496806550549786 -0.00013977906595085060667
4.0600000000000004974 0.00015420827822380713673 -0.00012823445923130973728
4.0700000000000002842 0.00015467526258646681759 -0.00013669338817919775698
4.0800000000000000711 0.00015516845322346953955 -0.00013718657881620047894
4.0899999999999998579 0.00015568912889658400515 -0.00010973545026000516216
4.0999999999999996447 0.00015623724770830340171 -0.00012426947300536885345
4.1100000000000003197 0.00015681155995812275745 -0.00011685184066995987036
4.1200000000000001066 0.00015740987218566107934 -0.00013143605319316367989
4.1299999999999998934 0.00015802940213960128281 -0.00013804954249551983927
4.1399999999999996803 0.00015866715157299097886 -0.00011870743228482809177
4.1500000000000003553 0.00015932023114253494813 -0.00011936051185437206103
4.1600000000000001421 0.00015998609412715741255 -0.00012602033054943167427
4.1699999999999999289 0.0001606626639759787731 -0.00013468884498348137366
4.1799999999999997158 0.00016134836566016977377 -0.00011939065749721569664
4.1900000000000003908 0.00016204208650018379727 -0.00012807632292245805898
4.2000000000000001776 0.00016274309709850203289 -0.00012078538893554795577
4.2099999999999999645 0.00016345095942582320053 -0.00013547915519651341815
4.2199999999999997513 0.00016416544094582742933 -0.0001421875942459441993
4.2300000000000004263 0.00016488644474260940524 -0.00012492672545444651814
4.2400000000000002132 0.00016561395846560370655 -0.00014763208405833464594
4.25 0.00016634802051969607727 -0.00014836614611242701666
4.2599999999999997868 0.00016708870014113909926 -0.000135120925438204551
4.2700000000000004619 0.00016783608810850761525 -0.00013786629682339604638
4.2800000000000002487 0.00016859029611455129244 -0.00013462453253682555416
4.2900000000000000355 0.00016935146481788544703 -0.00012539577141811898697
4.2999999999999998224 0.00017011978322865924508 -0.00014614395129196363211
4.3100000000000004974 0.00017089552565250514839 -0.0001369297620747794101
4.3200000000000002842 0.00017167911754318801324 -0.00014170932625807644437
4.3300000000000000711 0.0001724712492215147862 -0.00015049340252163155617
4.3399999999999998579 0.00017327306772891526931 -0.00013331334844075238221
4.3500000000000005329 0.00017408649360213033336 -0.00012413684449192672449
4.3600000000000003197 0.000174914732789716032 -0.00014694292856040624962
4.3700000000000001066 0.00017576308600243095693 -0.00015578322635834951338
4.3799999999999998934 0.00017664019985153198698 -0.00015466235315164875695
4.3899999999999996803 0.00017755995654005629495 -0.00013560224837710221782
4.4000000000000003553 0.00017854426007948517342 -0.00013858454079132228633
4.4100000000000001421 0.00017962704234950461991 -0.00014566127877177888162
4.4199999999999999289 0.00018085987266874473242 -0.00015688404073204911945
4.4299999999999997158 0.00018231959498036213888 -0.00016833369286570724769
4.4400000000000003908 0.00018411841571742837832 -0.00016014258378073276535
4.4500000000000001776 0.00018641679485629166521 -0.00016443894815640843518
4.4599999999999999645 0.00018943931991193847927 -0.0001654634879752428663
4.4699999999999997513 0.00019349343455183685525 -0.00013754982609321729048
4.4800000000000004263 0.00019899042350226991862 -0.00017701257680238668859
4.4900000000000002132 0.00020646741311313349153 -0.0001585157492397422656
4.5 0.00021660834975621468283 -0.00017265265635644822277
4.5099999999999997868 0.00023026102300654160103 -0.00019829324830360705277
4.5200000000000004619 0.0002484463123419943225 -0.00021448054876426858421
4.5300000000000002487 0.00027235511037402773812 -0.00024438330614471795573
4.5400000000000000355 0.00030332801018292487698 -0.00027735419119042747753
4.5499999999999998224 0.00034281305780771821959 -0.00031284326652260665072
4.5600000000000004974 0.00039229786712536858072 -0.00034634418848878973773
4.5700000000000002842 0.00045321431471430812269 -0.00040326466560410451382
4.5800000000000000711 0.0005268169031789480183 -0.00048485919501599394118
4.5899999999999998579 0.00061403956633193667626 -0.0005700838729321702162
4.6000000000000005329 0.00071533985974323282663 -0.00063741840640371943538
4.6100000000000003197 0.00083054361604384375171 -0.00074063424400749844866
4.6200000000000001066 0.00095870657891039036142 -0.00086080526592679552662
4.6299999999999998934 0.0010980115347778030693 -0.0010140961184518949151
4.6399999999999996803 0.0012457193713051070531 -0.0011178482724933688601
4.6500000000000003553 0.0013981898449074272109 -0.0012623267905965242577
4.6600000000000001421 0.0015509825121123865799 -0.0013711637680396959738
4.6699999999999999289 0.0016990405774591722451 -0.0015312097448073559366
4.6799999999999997158 0.0018369510952911248958 -0.0016671222846784538186
4.6900000000000003908 0.0019592651872860408074 -0.0017235028420306882507
4.7000000000000001776 0.0020608530961293402423 -0.0018091068544275733937
4.7099999999999999645 0.0021372624034061036766 -0.0018695322798098377645
4.7199999999999997513 0.0021850447807013079898 -0.0019273045760131463783
4.7300000000000004263 0.0022020179364921057749 -0.0019802414806184822846
4.7400000000000002132 0.002187435057327078141 -0.0019177069557699574602
4.75 0.0021420434233345550697 -0.0018723153217774343889
4.7599999999999997868 0.0020680257930204798238 -0.0018302654552523572699
4.7700000000000004619 0.0019688309623957537739 -0.0016751270088930540411
4.7800000000000002487 0.0018489118183914619777 -0.001651111199911502311
4.7900000000000000355 0.0017133985880672763895 -0.0015175959621000867199
4.7999999999999998224 0.001567740621029951615 -0.0013619480616027424165
4.8100000000000004974 0.0014173513360726758357 -0.0012734963408145233508
4.8200000000000002842 0.0012672880039600023429 -0.0011474088388195560675
4.8300000000000000711 0.0011219915459533089542 -0.0010021123808128626787
4.8399999999999998579 0.00098510268623352536914 -0.00091117720336763674376
4.8500000000000005329 0.00085936102087025604494 -0.0007934274789516169513
4.8600000000000003197 0.00074658425061983944935 -0.00068464668645078273577
4.8700000000000001066 0.00064771712279440053512 -0.0006117533739798624139
4.8799999999999998934 0.00056293429988944732826 -0.00051498263601605610233
4.8899999999999996803 0.00049177872594551995823 -0.00045781296236779421994
4.9000000000000003553 0.00043331697159699334018 -0.00041133912489711011015
4.9100000000000001421 0.00038629504388256759697 -0.00036431719718268436694
4.9199999999999999289 0.00034928158142999513871 -0.00031331783261545701749
4.9299999999999997158 0.00032078949150673020767 -0.00030280761709946114706
4.9400000000000003908 0.000299371255540138736 -0.00027139945131082895361
4.9500000000000001776 0.00028368681463139717742 -0.00025971098269470156445
4.9599999999999999645 0.00027254581746854062698 -0.00023658206865400250576
4.9699999999999997513 0.00026492793340480470798 -0.00024095210146810909502
4.9800000000000004263 0.00025998592965275306573 -0.00024000607000867162219
4.9900000000000002132 0.00025703642502153666591 -0.00023505857832165343588
5 0.00025554286718516204492 -0.00023156703524846643195
5.0099999999999997868 0.00025509455474739020338 -0.00023111872281069459041
5.0200000000000004619 0.00025538463715447820524 -0.00020943095851789936225
5.0300000000000002487 0.00025618913028162813329 -0.00021822739623027762913
5.0400000000000000355 0.00025734818832806501945 -0.00023537034162818178942
5.0499999999999998224 0.00025875023034769282539 -0.00021679252218473874826
5.0600000000000004974 0.00026031904973984192368 -0.00023834120303995869365
5.0700000000000002842 0.0002620037269471315244 -0.00023602990795463412495
5.0800000000000000711 0.00026377099285338764323 -0.00023180321815045309497
5.0899999999999998579 0.00026559961981781446709 -0.00023962580082531706764
5.1000000000000005329 0.00026747641624277299511 -0.00022751669695461010801
5.1100000000000003197 0.00026939344100855306795 -0.00024541760907185745499
5.1200000000000001066 0.00027134611445869051853 -0.00024737028252199490556
5.1299999999999998934 0.00027333196796455717058 -0.00024935613602786155761
5.1399999999999996803 0.00027534983530468358547 -0.00024338206060174903721
5.1500000000000003553 0.00027739934150354181308 -0.00025542149480365858305
5.1600000000000001421 0.00027948058683155820123 -0.0002575027401316749712
5.1699999999999999289 0.00028159395572713855549 -0.00024962618102420400723
5.1799999999999997158 0.00028374000380671361536 -0.00024378028451855072826
5.1900000000000003908 0.000285919392583403216 -0.00024995564376886509478
5.2000000000000001776 0.00028813285269699219666 -0.00025416708911926645838
5.2099999999999999645 0.00029038116382399634411 -0.00025841338912106179585
5.2199999999999997513 0.00029266514415007626555 -0.00026469333992076648316
5.2300000000000004263 0.00029498564522180512493 -0.00026701384099249534255
5.2400000000000002132 0.00029734354977504389231 -0.00028335764766038900112
5.25 0.00029973977119055779514 -0.00028175789678328873452
5.2599999999999997868 0.0003021752538359645762 -0.00028419337942869551559
5.2700000000000004619 0.00030465097389654587903 -0.00027268319919361133077
5.2800000000000002487 0.0003071679404869928718 -0.0002672082211988299847
5.2900000000000000355 0.00030972719693855160512 -0.00028774935023866837509
5.2999999999999998224 0.00031232982221020928401 -0.00027436808815885877985
5.3100000000000004974 0.00031497693240073617021 -0.00027701519834938566605
5.3200000000000002842 0.000317669682352790994 -0.00028769989106767942513
5.3300000000000000711 0.0003204092673476440379 -0.00029243746311833425551
5.3399999999999998579 0.00032319692489280355289 -0.00029322713360769198402
5.3500000000000005329 0.00032603393660684886835 -0.0003000601176143514689
5.3600000000000003197 0.00032892163020693067138 -0.00030894177056284922783
5.3700000000000001066 0.00033186138160520346372 -0.0002899036734422493866
5.3799999999999998934 0.00033485461712107704836 -0.00028890093848449820537
5.3899999999999996803 0.00033790281581678284018 -0.00029594510765382876305
5.4000000000000003553 0.00034100751196433789049 -0.00030304577791298738633
5.4100000000000001421 0.0003441702976526198705 -0.00031420050636750830163
5.4199999999999999289 0.00034739282554394800484 -0.00030143914690736916184
5.4299999999999997158 0.00035067681179028360999 -0.00031071709250212072289
5.4400000000000003908 0.00035402403911997108081 -0.00032005827554224534253
5.4500000000000001776 0.00035743636010678806868 -0.00032147261129224994746
5.4599999999999999645 0.00036091570063403728783 -0.00030896806264904248893
5.4699999999999997513 0.00036446406356741001525 -0.00031451441445720640638
5.4800000000000004263 0.00036808353265149946522 -0.000332119783836961344
5.4900000000000002132 0.00037177627664605121353 -0.00033381454259470070937
5.5 0.00037554455371938653963 -0.00032759288984599531369
5.5099999999999997868 0.00037939071611789665578 -0.00033143905224450542985
5.5200000000000004619 0.00038331721513211713384 -0.00034135950696916305671
5.5300000000000002487 0.00038732660638165914346 -0.00031739709398939528395
5.5400000000000000355 0.00039142155544321077234 -0.0003254880135245716787
5.5499999999999998224 0.00039560484384794039224 -0.00033366727967888367866
5.5600000000000004974 0.00039987937547700805807 -0.00033794181130795134449
5.5700000000000002842 0.00040424818338642682205 -0.00034231061921737010846
5.5800000000000000711 0.00040871443709541917548 -0.00033478895422953055009
5.5899999999999998579 0.00041328145037550570451 -0.00036333180126530209564
5.6000000000000005329 0.00041795268958106713327 -0.00035201914766242803963
5.6100000000000003197 0.00042273178256595217309 -0.00034680831446325116477
5.6200000000000001066 0.000427622528234980774 -0.00031373732608092926152
5.6299999999999998934 0.00043262890678387780873 -0.00034271953474753250567
5.6399999999999996803 0.00043775509068645412697 -0.00031587794030919541435
5.6500000000000003553 0.00044300545649366915042 -0.00031913032815555572325
5.6600000000000001421 0.00044838459751569086477 -0.0003225114766648074947
5.6699999999999999289 0.00045389733746533197272 -0.0003380141500744680773
5.6799999999999997158 0.00045954874514929822029 -0.00035365548394249623956
5.6900000000000003908 0.00046534415030273534094 -0.00033347706646545715366
5.7000000000000001776 0.00047128916067267043362 -0.00031744423195449841986
5.7099999999999999645 0.0004773896804672910681 -0.00032354475174911905434
5.7199999999999997513 0.00048365193030073172151 -0.00033580096456895441653
5.7300000000000004263 0.00049008246877737941024 -0.0003562174069792464
5.7400000000000002132 0.00049668821587583913534 -0.00034284328715766712158
5.75 0.00050347647831092373454 -0.00033364766769825265728
5.7599999999999997868 0.00051045497707261240899 -0.00033263422551269179999
5.7700000000000004619 0.00051763187736425140487 -0.00036378694864607939111
5.7800000000000002487 0.00052501582118870740706 -0.00034719506962878679806
5.7900000000000000355 0.00053261596286127710093 -0.00032082944044767313947
5.7999999999999998224 0.00054044200776236369591 -0.00032266153691428019982
5.8100000000000004974 0.00054850425468203252172 -0.00034670766572844808912
5.8200000000000002842 0.00055681364215322173405 -0.00032105129689786912313
5.8300000000000000711 0.00056538179922159819031 -0.00030164763154704181576
5.8399999999999998579 0.00057422110115882445732 -0.00034245472637709666649
5.8500000000000005329 0.00058334473069371946957 -0.0003276025330702430835
5.8600000000000003197 0.00059276674541386029874 -0.00032503662181759438669
5.8700000000000001066 0.00060250215208053510812 -0.00035075591037876831376
5.8799999999999998934 0.00061256698870467720091 -0.0003048771312683332276
5.8899999999999996803 0.00062297841535322159498 -0.00032128252090327227624
5.9000000000000003553 0.00063375481479730963724 -0.00037801261717383325116
5.9100000000000001421 0.00064491590427978107494 -0.00034122203186897709587
5.9199999999999999289 0.00065648285987410573677 -0.00028285946779508022979
5.9299999999999997158 0.00066847845513590055822 -0.00026688325518958646177
5.9400000000000003908 0.00068092721601847546777 -0.0003033078680177404775
5.9500000000000001776 0.00069385559434388742288 -0.00029625637942311332067
5.9599999999999999645 0.00070729216250130938232 -0.00031568691056693009732
5.9699999999999997513 0.00072126783249809145026 -0.00032566659553817217101
5.9800000000000004263 0.00073581610303203117979 -0.00036019473299215090407
5.9900000000000002132 0.00075097333890627884865 -0.00037135598384085852447
6 0.00076677908789662854554 -0.00035519396904221014859
6.0099999999999997868 0.00078327644113696361441 -0.00036769533725700522322
6.0200000000000004619 0.00080051244425365726716 -0.00039292328132094835351
6.0300000000000002487 0.00081853856790644089706 -0.00044291719786656062133
6.0400000000000000355 0.00083741124814991720927 -0.0003798724615728563906
6.0499999999999998224 0.00085719250920483389903 -0.00042362954546952167559
6.0600000000000004974 0.00087795068393758913475 -0.00038444814854599019486
6.0700000000000002842 0.00089976125074290539546 -0.00039027483345680739207
6.0800000000000000711 0.00092270780981227598031 -0.00037326165868609986146
6.0899999999999998579 0.00094688322722332428361 -0.00049334039656797300244
6.1000000000000005329 0.00097239098227544702203 -0.00052084612958095050962
6.1100000000000003197 0.00099934676253693888875 -0.00044790263344990800115
6.1200000000000001066 0.0010278803628729128207 -0.0005543576652975224818
6.1299999999999998934 0.0010581379603057865062 -0.00046473611941782273435
6.1400000000000005684 0.0010902848573997761354 -0.00047890115665645853135
6.1500000000000003553 0.001124508815211101723 -0.0005510868121393465522
6.1600000000000001421 0.0011610241364240385994 -0.00052366660577428717459
6.1699999999999999289 0.0012000767170464645296 -0.0005427392903728435903
6.1799999999999997158 0.0012419503760998098444 -0.00051068747383625789395
6.1900000000000003908 0.0012869749346394320118 -0.00059966772213766771429
6.2000000000000001776 0.0013355368479423185887 -0.00059228601970597711222
6.2099999999999999645 0.0013880939657020497594 -0.00063485324766143443921
6.2199999999999997513 0.0014451979030704747986 -0.00052412633782612794153
6.2300000000000004263 0.0015075322760122150494 -0.00060244459266236725578
6.2400000000000002132 0.0015759866614979654853 -0.00042514669943274538931
6.25 0.0016518129947668326075 -0.00052095292872548267654
6.2599999999999997868 0.0017369692798122834693 -0.00030840927524269337763
6.2700000000000004619 0.0018348719517157618258 -0.00037634210311036789612
6.2800000000000002487 0.0019519906859996655115 -0.00033961601053950551607
6.2900000000000000355 0.0021010650996343346875 -7.5107181839749893176e-05
6.2999999999999998224 0.0023072048162972708628 8.0388451188228085553e-05
6.3100000000000004974 0.0026186565356796824913 0.00025045145763994856522
6.3200000000000002842 0.0031242975543045192234 0.00047007929098077678304
6.3300000000000000711 0.0039793957857608757908 0.00043215724693537131001
6.3399999999999998579 0.0054390941175397706717 -0.00014443121727073827965
6.3500000000000005329 0.0078947339602310224321 -0.0014372431137163205889
6.3600000000000003197 0.011901508515693425341 -0.0041673048045413486201
6.3700000000000001066 0.018178486675478208734 -0.0087040368844640142454
6.3799999999999998934 0.027557242992440788426 -0.016056835050801368525
6.3900000000000005684 0.040858208712416674291 -0.027481692422407652532
6.4000000000000003553 0.058689031266617626426 -0.04270913962368950989
6.4100000000000001421 0.081187506449206706116 -0.062464379948361750672
6.4199999999999999289 0.10776681113562799896 -0.086901843878843559876
6.4299999999999997158 0.13694895740161783237 -0.11360448907624132175
6.4400000000000003908 0.16637622392450057696 -0.14119160934065067003
6.4500000000000001776 0.19305744646035361001 -0.16644027708016562173
6.4599999999999999645 0.21383845023075301328 -0.18645405358830649534
6.4699999999999997513 0.22600398863298268304 -0.19800221453053326592
6.4800000000000004263 0.22785545419571973103 -0.19978574756203271168
6.4900000000000002132 0.21909548418620075627 -0.19203675987222637578
6.5 0.20089978048216608486 -0.17498789982508924923
6.5099999999999997868 0.17565275530653814973 -0.1516189816160760373
6.5200000000000004619 0.14642946053034286424 -0.12534071881062011644
6.5300000000000002487 0.1163794427318259328 -0.097226749281375035583
6.5400000000000000355 0.088182073101738533971 -0.071784602493384919164
6.5499999999999998224 0.063698106262769033092 -0.049822093736316491741
6.5600000000000004974 0.04386356093943241663 -0.032550964439512525272
6.5700000000000002842 0.028794106649956751481 -0.019729244145355272905
6.5800000000000000711 0.018018498885714516466 -0.010929644442432627505
6.5899999999999998579 0.010748382434076754477 -0.0053498239813513448829
6.6000000000000005329 0.0061118455444080423827 -0.0021538354296786388006
6.6100000000000003197 0.0033128551184813987036 -0.00023995255824732887942
6.6200000000000001066 0.0017117093579398301798 0.00048407732681168087405
6.6299999999999998934 0.00084304804463565432681 0.00067741929537922060834
6.6400000000000005684 0.00039579196268926174164 0.00071109225140650930003
6.6500000000000003553 0.00017712176345211822935 0.00048221364118235747866
6.6600000000000001421 7.555538835050727394e-05 0.0004039612722112778144
6.6699999999999999289 3.0721753075727373944e-05 0.00025898621540143231716
6.6799999999999997158 1.1907271530837393891e-05 0.00017790140600187272246
6.6900000000000003908 4.3990922426422317823e-06 9.1504235504140220086e-05
6.7000000000000001776 1.5491640269858820582e-06 6.8380348365277982534e-05
6.7099999999999999645 5.2001318575809519773e-07 4.7431650687633135713e-05
6.7199999999999997513 1.663845971931259848e-07 2.5807434395304271982e-05
6.7300000000000004263 5.0744967136383277731e-08 9.9391848549043389265e-06
6.7400000000000002132 1.475208070721975937e-08 9.9751777413335025491e-06
6.75 4.087835896365790825e-09 5.9898701482775377057e-06
6.7599999999999997868 1.0797245427667787657e-09 -1.0797245427667787657e-09
6.7700000000000004619 2.7183875217144493553e-10 1.9977140801812373002e-06
6.7800000000000002487 6.5236132837394718499e-11 1.9979206828005713092e-06
6.7900000000000000355 1.4922552114959327182e-11 -1.4922552114959327182e-11
6.7999999999999998224 3.2536864566739585556e-12 -3.2536864566739585556e-12
6.8100000000000004974 6.7621635212806887534e-13 1.9979852427170568116e-06
6.8200000000000002842 1.3395925159956814613e-13 -1.3395925159956814613e-13
6.8300000000000000711 2.5295109107301176198e-14 -2.5295109107301176198e-14
6.8399999999999998579 4.5527829802589373328e-15 -4.5527829802589373328e-15
6.8500000000000005329 7.8107665069447544812e-16 -7.8107665069447544812e-16
6.8600000000000003197 1.2772810233321599848e-16 -1.2772810233321599848e-16
6.8700000000000001066 1.9909262042419022375e-17 -1.9909262042419022375e-17
6.8799999999999998934 2.9580095940565562986e-18 -2.9580095940565562986e-18
6.8900000000000005684 4.1890884833320290372e-19 -4.1890884833320290372e-19
6.9000000000000003553 5.6547689999138259606e-20 -5.6547689999138259606e-20
6.9100000000000001421 7.2758784032426442779e-21 -7.2758784032426442779e-21
6.9199999999999999289 8.9234148811896280587e-22 -8.9234148811896280587e-22
6.9299999999999997158 1.0431618508674389784e-22 -1.0431618508674389784e-22
6.9400000000000003908 1.1623773592775030275e-23 -1.1623773592775030275e-23
6.9500000000000001776 1.2345745158822238744e-24 -1.2345745158822238744e-24
6.9599999999999999645 1.2498620607526113911e-25 1.9979859189334088427e-06
6.9699999999999997513 1.206094598394357346e-26 -1.206094598394357346e-26
6.9800000000000004263 1.1093665668734769258e-27 -1.1093665668734769258e-27
6.9900000000000002132 9.7261978044682470958e-29 -9.7261978044682470958e-29
7 8.1280311651477927809e-30 -8.1280311651477927809e-30
7.0099999999999997868 6.4744335834249335661e-31 -6.4744335834249335661e-31
7.0200000000000004619 4.9157782233469311131e-32 -4.9157782233469311131e-32
7.0300000000000002487 3.5575973396306935909e-33 -3.5575973396306935909e-33
7.0400000000000000355 2.4541168804717390389e-34 -2.4541168804717390389e-34
7.0499999999999998224 1.6136434133886029976e-35 -1.6136434133886029976e-35
7.0600000000000004974 1.011331910552490805e-36 -1.011331910552490805e-36
7.0700000000000002842 6.0416228058234670791e-38 -6.0416228058234670791e-38
7.0800000000000000711 3.4402278290677877292e-39 -3.4402278290677877292e-39
7.0899999999999998579 1.8672155215245178683e-40 -1.8672155215245178683e-40
7.1000000000000005329 9.6599591476574912671e-42 1.9979859189334088427e-06
7.1100000000000003197 4.7635384967594668586e-43 -4.7635384967594668586e-43
7.1200000000000001066 2.2390179315005245647e-44 -2.2390179315005245647e-44
7.1299999999999998934 1.0031339365916621272e-45 -1.0031339365916621272e-45
7.1400000000000005684 4.283844438494014625e-47 -4.283844438494014625e-47
7.1500000000000003553 1.7437404315230319581e-48 -1.7437404315230319581e-48
7.1600000000000001421 6.7655533390826308505e-50 -6.7655533390826308505e-50
7.1699999999999999289 2.5020622445788787827e-51 -2.5020622445788787827e-51
7.1799999999999997158 8.8199508332205917126e-53 -8.8199508332205917126e-53
7.1900000000000003908 2.9635172023587055508e-54 -2.9635172023587055508e-54
7.2000000000000001776 9.4912178651436941489e-56 -9.4912178651436941489e-56
7.2099999999999999645 2.897407654297507034e-57 -2.897407654297507034e-57
7.2199999999999997513 8.4308314071819481328e-59 -8.4308314071819481328e-59
7.2300000000000004263 2.3383220170469524497e-60 -2.3383220170469524497e-60
7.2400000000000002132 6.1817483017768313339e-62 -6.1817483017768313339e-62
7.25 1.5577271032306954956e-63 -1.5577271032306954956e-63
7.2599999999999997868 3.7414889593966569734e-65 1.9979859189334088427e-06
7.2700000000000004619 8.5658520475714220144e-67 -8.5658520475714220144e-67
7.2800000000000002487 1.8692597532401535632e-68 -1.8692597532401535632e-68
7.2900000000000000355 3.8881383060357309734e-70 -3.8881383060357309734e-70
7.2999999999999998224 7.7087985359189065377e-72 -7.7087985359189065377e-72
7.3100000000000004974 1.4568156794140072001e-73 -1.4568156794140072001e-73
7.3200000000000002842 2.6241908585512775794e-75 -2.6241908585512775794e-75
7.3300000000000000711 4.5056671951938663939e-77 -4.5056671951938663939e-77
7.3399999999999998579 7.3738731677807362784e-79 -7.3738731677807362784e-79
7.3500000000000005329 1.1502839500882859585e-80 -1.1502839500882859585e-80
7.3600000000000003197 1.7103590212004277254e-82 -1.7103590212004277254e-82
7.3700000000000001066 2.424054132110230683e-84 -2.424054132110230683e-84
7.3799999999999998934 3.2746895771409826151e-86 -3.2746895771409826151e-86
7.3900000000000005684 4.2166809069537192289e-88 -4.2166809069537192289e-88
7.4000000000000003553 5.175402108070922821e-90 -5.175402108070922821e-90
7.4100000000000001421 6.0546662045836488508e-92 -6.0546662045836488508e-92
7.4199999999999999289 6.7516363694968707766e-94 -6.7516363694968707766e-94
7.4299999999999997158 7.1763002379953844581e-96 -7.1763002379953844581e-96
7.4400000000000003908 7.2705097383098221531e-98 -7.2705097383098221531e-98
7.4500000000000001776 7.0210458917083558784e-100 -7.0210458917083558784e-100
7.4599999999999999645 6.4626619768306940194e-102 -6.4626619768306940194e-102
7.4699999999999997513 5.6701394044832106605e-104 -5.6701394044832106605e-104
7.4800000000000004263 4.7418595417707786895e-106 -4.7418595417707786895e-106
7.4900000000000002132 3.7798648954546970555e-108 -3.7798648954546970555e-108
7.5 2.8719475182322679351e-110 -2.8719475182322679351e-110
7.5099999999999997868 2.0799329820805605375e-112 -2.0799329820805605375e-112
7.5200000000000004619 1.4358027915158428126e-114 -1.4358027915158428126e-114
7.5300000000000002487 9.4474117548716255622e-117 -9.4474117548716255622e-117
7.5400000000000000355 5.925206404450098835e-119 -5.925206404450098835e-119
7.5499999999999998224 3.5421479930939626793e-121 -3.5421479930939626793e-121
7.5600000000000004974 2.018377939179651441e-123 -2.018377939179651441e-123
7.5700000000000002842 1.0962531126817503653e-125 -1.0962531126817503653e-125
7.5800000000000000711 5.6753381080883779853e-128 -5.6753381080883779853e-128
7.5899999999999998579 2.8005619412560235459e-130 -2.8005619412560235459e-130
7.6000000000000005329 1.3172589548072190875e-132 -1.3172589548072190875e-132
7.6100000000000003197 5.9056766211716009574e-135 -5.9056766211716009574e-135
7.6200000000000001066 2.523717174176026542e-137 -2.523717174176026542e-137
7.6299999999999998934 1.0279789311752282069e-139 -1.0279789311752282069e-139
7.6400000000000005684 3.99117018387122708e-142 -3.99117018387122708e-142
7.6500000000000003553 1.4770281558785016472e-144 -1.4770281558785016472e-144
7.6600000000000001421 5.2101447507338264009e-147 -5.2101447507338264009e-147
7.6699999999999999289 1.751795009362355823e-149 -1.751795009362355823e-149
7.6799999999999997158 5.6142177607272299511e-152 -5.6142177607272299511e-152
7.6900000000000003908 1.7150140785329428242e-154 -1.7150140785329428242e-154
7.7000000000000001776 4.9936555836904906074e-157 -4.9936555836904906074e-157
7.7099999999999999645 1.3859320404940033241e-159 -1.3859320404940033241e-159
7.7199999999999997513 3.6663821696398798033e-162 -3.6663821696398798033e-162
7.7300000000000004263 9.2449798866398078346e-165 -9.2449798866398078346e-165
7.7400000000000002132 2.2220132507917461945e-167 -2.2220132507917461945e-167
7.75 5.0904918666210967433e-170 -5.0904918666210967433e-170
7.7599999999999997868 1.1115916482687500099e-172 -1.1115916482687500099e-172
7.7700000000000004619 2.3136796175318355764e-175 -2.3136796175318355764e-175
7.7800000000000002487 4.5902208259895454875e-178 -4.5902208259895454875e-178
7.7900000000000000355 8.6803321768381230962e-181 -8.6803321768381230962e-181
7.7999999999999998224 1.5646294961689165546e-183 -1.5646294961689165546e-183
7.8100000000000004974 2.6881845381183664538e-186 -2.6881845381183664538e-186
7.8200000000000002842 4.4022939373804483414e-189 -4.4022939373804483414e-189
7.8300000000000000711 6.8718137798084626241e-192 -6.8718137798084626241e-192
7.8399999999999998579 1.0224359468336305279e-194 -1.0224359468336305279e-194
7.8500000000000005329 1.4500174080209574334e-197 -1.4500174080209574334e-197
7.8600000000000003197 1.9601201615534904216e-200 -1.9601201615534904216e-200
7.8700000000000001066 2.5255998584556705615e-203 -2.5255998584556705615e-203
7.8799999999999998934 3.1018354710122564032e-206 -3.1018354710122564032e-206
7.8900000000000005684 3.6311595514365137111e-209 -3.6311595514365137111e-209
7.9000000000000003553 4.0517651282422852891e-212 -4.0517651282422852891e-212
7.9100000000000001421 4.3093874732668768679e-215 -4.3093874732668768679e-215
7.9199999999999999289 4.3687699440459921133e-218 -4.3687699440459921133e-218
7.930000000000000604 4.221581236320564184e-221 -4.221581236320564184e-221
7.9400000000000003908 3.8883331374133963887e-224 -3.8883331374133963887e-224
7.9500000000000001776 3.4136903067098530004e-227 -3.4136903067098530004e-227
7.9599999999999999645 2.8566504674321374849e-230 -2.8566504674321374849e-230
7.9699999999999997513 2.278570232628995307e-233 -2.278570232628995307e-233
7.9800000000000004263 1.7323676307806524582e-236 -1.7323676307806524582e-236
7.9900000000000002132 1.2554228348876328294e-239 -1.2554228348876328294e-239
8 8.6718609653477591229e-243 -8.6718609653477591229e-243
8.0099999999999997868 5.7096160495449214092e-246 -5.7096160495449214092e-246
8.0199999999999995737 3.5832228202301279693e-249 -3.5832228202301279693e-249
8.0299999999999993605 2.1434484115199089184e-252 -2.1434484115199089184e-252
8.0400000000000009237 1.2221501393353319141e-255 -1.2221501393353319141e-255
8.0500000000000007105 6.6421455934275119507e-259 -6.6421455934275119507e-259
8.0600000000000004974 3.4408403332428614684e-262 -3.4408403332428614684e-262
8.0700000000000002842 1.6989983098646952368e-265 -1.6989983098646952368e-265
8.0800000000000000711 7.996384479293794911e-269 -7.996384479293794911e-269
8.0899999999999998579 3.5872915917345585328e-272 -3.5872915917345585328e-272
8.0999999999999996447 1.5339527423390843433e-275 -1.5339527423390843433e-275
8.1099999999999994316 6.2521525568430565754e-279 -6.2521525568430565754e-279
8.1200000000000009948 2.4289548160867232867e-282 -2.4289548160867232867e-282
8.1300000000000007816 8.9945944377371361526e-286 -8.9945944377371361526e-286
8.1400000000000005684 3.1747973838307883023e-289 -3.1747973838307883023e-289
8.1500000000000003553 1.0681265660819735158e-292 -1.0681265660819735158e-292
8.1600000000000001421 3.4253242773650486003e-296 -3.4253242773650486003e-296
8.1699999999999999289 1.0470150849207467885e-299 -1.0470150849207467885e-299
8.1799999999999997158 3.0505380956244598138e-303 -3.0505380956244598138e-303
8.1899999999999995026 8.4717324662622213858e-307 -8.4717324662622213858e-307
8.1999999999999992895 2.2425403974583401687e-310 -2.2425403974583401687e-310
8.2100000000000008527 5.6582297631892759252e-314 -5.6582297631892759252e-314
8.2200000000000006395 1.3607956210932743729e-317 -1.3607956210932743729e-317
8.2300000000000004263 3.1224948817166781592e-321 -3.1224948817166781592e-321
8.2400000000000002132 0 0
8.25 0 0
8.2599999999999997868 0 0
8.2699999999999995737 0 0
8.2799999999999993605 0 0
8.2900000000000009237 0 0
8.3000000000000007105 0 0
8.3100000000000004974 0 0
8.3200000000000002842 0 0
8.3300000000000000711 0 0
8.3399999999999998579 0 0
8.3499999999999996447 0 0
8.3599999999999994316 0 0
8.3700000000000009948 0 0
8.3800000000000007816 0 0
8.3900000000000005684 0 0
8.4000000000000003553 0 0
8.4100000000000001421 0 0
8.4199999999999999289 0 0
8.4299999999999997158 0 0
8.4399999999999995026 0 0
8.4499999999999992895 0 0
8.4600000000000008527 0 0
8.4700000000000006395 0 0
8.4800000000000004263 0 0
8.4900000000000002132 0 0
8.5 0 0
8.5099999999999997868 0 0
8.5199999999999995737 0 0
8.5299999999999993605 0 0
8.5400000000000009237 0 0
8.5500000000000007105 0 0
8.5600000000000004974 0 0
8.5700000000000002842 0 0
8.5800000000000000711 0 0
8.5899999999999998579 0 0
8.5999999999999996447 0 0
8.6099999999999994316 0 0
8.6200000000000009948 0 0
8.6300000000000007816 0 0
8.6400000000000005684 0 0
8.6500000000000003553 0 0
8.6600000000000001421 0 0
8.6699999999999999289 0 0
8.6799999999999997158 0 0
8.6899999999999995026 0 0
8.7000000000000010658 0 0
8.7100000000000008527 0 0
8.7200000000000006395 0 0
8.7300000000000004263 0 0
8.7400000000000002132 0 0
8.75 0 0
8.7599999999999997868 0 0
8.7699999999999995737 0 0
8.7799999999999993605 0 0
8.7900000000000009237 0 0
8.8000000000000007105 0 0
8.8100000000000004974 0 0
8.8200000000000002842 0 0
8.8300000000000000711 0 0
8.8399999999999998579 0 0
8.8499999999999996447 0 0
8.8599999999999994316 0 0
8.8700000000000009948 0 0
8.8800000000000007816 0 0
8.8900000000000005684 0 0
8.9000000000000003553 0 0
8.9100000000000001421 0 0
8.9199999999999999289 0 0
8.9299999999999997158 0 0
8.9399999999999995026 0 0
8.9500000000000010658 0 0
8.9600000000000008527 0 0
8.9700000000000006395 0 0
8.9800000000000004263 0 0
8.9900000000000002132 0 0
9 0 0
9.0099999999999997868 0 0
9.0199999999999995737 0 0
9.0299999999999993605 0 0
9.0400000000000009237 0 0
9.0500000000000007105 0 0
9.0600000000000004974 0 0
9.0700000000000002842 0 0
9.0800000000000000711 0 0
9.0899999999999998579 0 0
9.0999999999999996447 0 0
9.1099999999999994316 0 0
9.1200000000000009948 0 0
9.1300000000000007816 0 0
9.1400000000000005684 0 0
9.1500000000000003553 0 0
9.1600000000000001421 0 0
9.1699999999999999289 0 0
9.1799999999999997158 0 0
9.1899999999999995026 0 1.9979859189334088427e-06
9.2000000000000010658 0 0
9.2100000000000008527 0 0
9.2200000000000006395 0 0
9.2300000000000004263 0 0
9.2400000000000002132 0 0
9.25 0 0
9.2599999999999997868 0 0
9.2699999999999995737 0 0
9.2799999999999993605 0 0
9.2900000000000009237 0 0
9.3000000000000007105 0 0
9.3100000000000004974 0 0
9.3200000000000002842 0 0
9.3300000000000000711 0 0
9.3399999999999998579 0 0
9.3499999999999996447 0 0
9.3599999999999994316 0 0
9.3700000000000009948 0 0
9.3800000000000007816 0 0
9.3900000000000005684 0 1.9979859189334088427e-06
9.4000000000000003553 0 0
9.4100000000000001421 0 0
9.4199999999999999289 0 0
9.4299999999999997158 0 1.9979859189334088427e-06
9.4399999999999995026 0 0
9.4500000000000010658 0 0
9.4600000000000008527 0 0
9.4700000000000006395 0 0
9.4800000000000004263 0 0
9.4900000000000002132 0 0
9.5 0 0
9.5099999999999997868 0 0
9.5199999999999995737 0 0
9.5299999999999993605 0 0
9.5400000000000009237 0 0
9.5500000000000007105 0 0
9.5600000000000004974 0 0
9.5700000000000002842 0 0
9.5800000000000000711 0 0
9.5899999999999998579 0 0
9.5999999999999996447 0 0
9.6099999999999994316 0 0
9.6200000000000009948 0 0
9.6300000000000007816 0 0
9.6400000000000005684 0 0
9.6500000000000003553 0 0
9.6600000000000001421 0 0
9.6699999999999999289 0 0
9.6799999999999997158 0 0
9.6899999999999995026 0 0
9.7000000000000010658 0 0
9.7100000000000008527 0 0
9.7200000000000006395 0 0
9.7300000000000004263 0 0
9.7400000000000002132 0 0
9.75 0 0
9.7599999999999997868 0 0
9.7699999999999995737 0 0
9.7799999999999993605 0 0
9.7900000000000009237 0 0
9.8000000000000007105 0 0
9.8100000000000004974 0 0
9.8200000000000002842 0 0
9.8300000000000000711 0 0
9.8399999999999998579 0 0
9.8499999999999996447 0 0
9.8599999999999994316 0 0
9.8700000000000009948 0 1.9979859189334088427e-06
9.8800000000000007816 0 0
9.8900000000000005684 0 0
9.9000000000000003553 0 0
9.9100000000000001421 0 0
9.9199999999999999289 0 0
9.9299999999999997158 0 0
9.9399999999999995026 0 0
9.9500000000000010658 0 0
9.9600000000000008527 0 0
9.9700000000000006395 0 1.9979859189334088427e-06
9.9800000000000004263 0 0
9.9900000000000002132 0 0
10 0 0
10.009999999999999787 0 0
10.019999999999999574 0 0
10.029999999999999361 0 0
10.040000000000000924 0 0
10.050000000000000711 0 0
10.060000000000000497 0 0
10.070000000000000284 0 0
10.080000000000000071 0 0
10.089999999999999858 0 0
10.099999999999999645 0 0
10.109999999999999432 0 0
10.120000000000000995 0 0
10.130000000000000782 0 0
10.140000000000000568 0 0
10.150000000000000355 0 0
10.160000000000000142 0 0
10.169999999999999929 0 0
10.179999999999999716 0 0
10.189999999999999503 0 0
10.200000000000001066 0 0
10.210000000000000853 0 0
10.220000000000000639 0 0
10.230000000000000426 0 0
