0 1.2607374542840473257e-86 -1.2607374542840473257e-86
0.010000000000000000208 5.211786009581182293e-85 -5.211786009581182293e-85
0.020000000000000000416 2.0765620504979535911e-83 -2.0765620504979535911e-83
0.02999999999999999889 7.9744303058268255032e-82 -7.9744303058268255032e-82
0.040000000000000000833 2.9515547069481632465e-80 -2.9515547069481632465e-80
0.050000000000000002776 1.0529273927706924551e-78 -1.0529273927706924551e-78
0.05999999999999999778 3.6202822258357518348e-77 -3.6202822258357518348e-77
0.070000000000000006661 1.1997281481636380914e-75 -1.1997281481636380914e-75
0.080000000000000001665 3.8319486918018736451e-74 -3.8319486918018736451e-74
0.089999999999999996669 1.1796493671001581192e-72 -1.1796493671001581192e-72
0.10000000000000000555 3.5001173813562924921e-71 -3.5001173813562924921e-71
0.11000000000000000056 1.0009415005636889073e-69 -1.0009415005636889073e-69
0.11999999999999999556 2.7588697646123574677e-68 -2.7588697646123574677e-68
0.13000000000000000444 7.3290910962698974829e-67 -7.3290910962698974829e-67
0.14000000000000001332 1.8765729700256006787e-65 -1.8765729700256006787e-65
0.14999999999999999445 4.6310258999041698298e-64 8.4087114373687654734e-05
0.16000000000000000333 1.1015022278710707692e-62 5.6058077461784712296e-05
0.17000000000000001221 2.5251661939690685262e-61 7.6078817073721438646e-05
0.17999999999999999334 5.5794446009826831151e-60 9.0093337348662316799e-05
0.19000000000000000222 1.1881968307598206581e-58 7.0072594098746776581e-05
0.2000000000000000111 2.4388339171610890463e-57 8.6089188698679208755e-05
0.20999999999999999223 4.8247240544073349415e-56 6.6068445448763668537e-05
0.22000000000000000111 9.1993925062057914434e-55 5.8060151786776259542e-05
0.23000000000000000999 1.6906053364012549647e-53 7.2074668423738330603e-05
0.23999999999999999112 2.9944822183097014438e-52 9.8101634648628532887e-05
0.25 5.1120801955013379808e-51 8.4087114373687654734e-05
0.26000000000000000888 8.4114330869835179948e-50 7.8080891398712992668e-05
0.27000000000000001776 1.3339475304883148332e-48 7.6078817073721438646e-05
0.28000000000000002665 2.0389375162069948313e-47 8.4087114373687654734e-05
0.28999999999999998002 3.0037618911290668467e-46 7.8080891398712992668e-05
0.2999999999999999889 4.265043901586652027e-45 7.2074668423738330603e-05
0.30999999999999999778 5.8368418377771987855e-44 9.4097485998645424843e-05
0.32000000000000000666 7.6989014655672890573e-43 7.8080891398712992668e-05
0.33000000000000001554 9.7875955319257678215e-42 6.0062226111767806787e-05
0.34000000000000002442 1.199277493092423767e-40 7.2074668423738330603e-05
0.35000000000000003331 1.4163147212767195805e-39 9.0093337348662316799e-05
0.35999999999999998668 1.6121159388226309423e-38 8.6089188698679208755e-05
0.36999999999999999556 1.7685982502520535363e-37 8.008296572370454669e-05
0.38000000000000000444 1.8700728574013922079e-36 8.8091263023670762777e-05
0.39000000000000001332 1.9058305279435805559e-35 5.8060151786776259542e-05
0.4000000000000000222 1.8720026032810741051e-34 6.6068445448763668537e-05
0.41000000000000003109 1.7722502000655526717e-33 5.4056003136793151498e-05
0.41999999999999998446 1.6171117635991304732e-32 7.8080891398712992668e-05
0.42999999999999999334 1.4221698106291902973e-31 7.6078817073721438646e-05
0.44000000000000000222 1.2054780056037733922e-30 7.2074668423738330603e-05
0.4500000000000000111 9.8483515548625493295e-30 8.008296572370454669e-05
0.46000000000000001998 7.7546859065474852838e-29 6.6068445448763668537e-05
0.47000000000000002887 5.8852009640618797844e-28 8.4087114373687654734e-05
0.47999999999999998224 4.3048180451321574678e-27 6.0062226111767806787e-05
0.48999999999999999112 3.034902324416150508e-26 8.4087114373687654734e-05
0.5 2.062201287252527011e-25 7.6078817073721438646e-05
0.51000000000000000888 1.3505597595116946062e-24 6.2064296798780560493e-05
0.52000000000000001776 8.5249722543909244212e-24 8.008296572370454669e-05
0.53000000000000002665 5.18643046255114054e-23 7.6078817073721438646e-05
0.54000000000000003553 3.0411690449537628189e-22 9.0093337348662316799e-05
0.55000000000000004441 1.7187352328531701098e-21 8.8091263023670762777e-05
0.56000000000000005329 9.3621116243007761676e-21 9.6099560323636965312e-05
0.57000000000000006217 4.9151306530670515505e-20 7.8080891398712938458e-05
0.57999999999999996003 2.4870970651848372755e-19 7.8080891398712748723e-05
0.58999999999999996891 1.2129609516572517146e-18 9.4097485998644205115e-05
0.5999999999999999778 5.7016075603067791217e-18 7.2074668423732624989e-05
0.60999999999999998668 2.5831179654346862354e-17 0.00010210578329858576916
0.61999999999999999556 1.127944094570575328e-16 9.4097485998532627159e-05
0.63000000000000000444 4.7470884778228035295e-16 9.2095411673179166452e-05
0.64000000000000001332 1.9255885482404915661e-15 8.2085040046770516996e-05
0.6500000000000000222 7.5282854734949803298e-15 8.809126301614248302e-05
0.66000000000000003109 2.8367762392047877047e-14 0.0001141182292201932489
0.67000000000000003997 1.030268682629016162e-13 8.408711427066078764e-05
0.68000000000000004885 3.6063870369157795097e-13 0.00010010370861298140328
0.69000000000000005773 1.2167198254636042285e-12 9.6099559106917152303e-05
0.70000000000000006661 3.9564460902725970617e-12 8.2085036092250008742e-05
0.70999999999999996447 1.2399847300842100131e-11 8.0082953323857243772e-05
0.71999999999999997335 3.7456210598983804516e-11 9.8101597192417927962e-05
0.72999999999999998224 1.0905052380808176085e-10 5.8060042736252453718e-05
0.73999999999999999112 3.0600469537974451112e-10 0.000100103402968924722
0.75 8.2760830752010861302e-10 8.6088361090371694033e-05
0.76000000000000000888 2.1573370849910805717e-09 0.00010410570028651820675
0.77000000000000001776 5.4201036711765489672e-09 8.808584291999958175e-05
0.78000000000000002665 1.3124827203778879908e-08 9.6086435496433201067e-05
0.79000000000000003553 3.0632046452089119101e-08 0.00010607929990214260134
0.80000000000000004441 6.8905651945076070885e-08 8.40182087217425746e-05
0.81000000000000005329 1.4939294785012240669e-07 9.7952241700778410242e-05
0.82000000000000006217 3.121776193409885437e-07 9.3785308379304430158e-05
0.83000000000000007105 6.2873820149507867704e-07 0.00013351023429698143444
0.83999999999999996891 1.2204903477341802399e-06 0.00010689151592585212
0.8499999999999999778 2.2834697697356969857e-06 8.7809867578926613461e-05
0.85999999999999998668 4.1176800705925549205e-06 6.5954914028154215731e-05
0.86999999999999999556 7.1565935222590432356e-06 0.00010095541275132725552
0.88000000000000000444 1.1988270073011588496e-05 0.00013616521542444821294
0.89000000000000001332 1.9355442390241918578e-05 0.00013680634040718410742
0.9000000000000000222 3.0119385183634632793e-05 9.8013357063909565745e-05
0.91000000000000003109 4.517368504691004306e-05 0.00013901713830039765115
0.92000000000000003997 6.5301228752658393734e-05 0.00012089166164368331485
0.93000000000000004885 9.0981607045557039192e-05 0.00021133157964837954719
0.94000000000000005773 0.00012217497832745432629 0.00021016931596539795623
0.95000000000000006661 0.0001581274816071981176 0.00029033713808707947235
0.95999999999999996447 0.0001972553788114682718 0.00032929013228152236503
0.96999999999999997335 0.00023716291045893804945 0.00043753605702768192699
0.97999999999999998224 0.00027482808065716358417 0.00058005759063061140129
0.98999999999999999112 0.0003069529806749151735 0.00067806755811709894851
1 0.00033042965863452108521 0.00075469455275132483595
1.0100000000000000089 0.00034283298897229641739 0.00080235337940372068732
1.0200000000000000178 0.00034283298897229598371 0.00071426213820792298394
1.0300000000000000266 0.00033042965863451989258 0.00072866757925047821211
1.0400000000000000355 0.00030695298067491333036 0.00060999695830781181308
1.0500000000000000444 0.00027482808065716119892 0.00060408245342668197807
1.0600000000000000533 0.00023716291045893542026 0.00049759833043317683483
1.0700000000000000622 0.0001972553788114655884 0.00042939380487535703732
1.0800000000000000711 0.00015812748160719521735 0.00033638484028593058223
1.0900000000000000799 0.00012217497832745172421 0.00023219215536818049511
1.1000000000000000888 9.0981607045554843682e-05 0.00017329217474949983047
1.1100000000000000977 6.5301228752656604801e-05 0.00012089166164368510378
1.1200000000000001066 4.5173685046908681031e-05 0.00011899639505048352039
1.1300000000000001155 3.0119385183633650235e-05 8.8002992714910453363e-05
1.1400000000000001243 1.9355442390241257893e-05 8.6754489558353440259e-05
1.1500000000000001332 1.1988270073011307281e-05 6.2088472675718572261e-05
1.1599999999999999201 7.1565935222599122914e-06 6.2916000576486861748e-05
1.1699999999999999289 4.117680070598354555e-06 7.9969434303089306955e-05
1.1799999999999999378 2.2834697697666928858e-06 5.7778756342001115595e-05
1.1899999999999999467 1.2204903478894426497e-06 6.2845880775882673771e-05
1.1999999999999999556 6.2873820223563735936e-07 5.542933925954907716e-05
1.2099999999999999645 3.1217762271051663046e-07 8.1772862425985581858e-05
1.2199999999999999734 1.4939296247854398316e-07 8.5939795736200664481e-05
1.2299999999999999822 6.890571254666966027e-08 8.4018208661140985748e-05
1.2399999999999999911 3.0632286037637688432e-08 6.8039887487717583183e-05
1.25 1.3125731187477764236e-08 8.2071914317508620784e-05
1.2600000000000000089 5.4233591914976895832e-09 6.8065096414563730737e-05
1.2700000000000000178 2.1685283711926258371e-09 9.0091168820291122471e-05
1.2800000000000000266 8.6433512634382752365e-10 7.6077952738595099264e-05
1.2900000000000000355 4.2107911368932517965e-10 9.4097064919531736137e-05
1.3000000000000000444 4.533370173201825758e-10 9.2094958336636544905e-05
1.3100000000000000533 1.021164352281853364e-09 6.0061204947415524323e-05
1.3200000000000000622 2.6970246999768030717e-09 7.6076120049021458882e-05
1.3300000000000000711 7.0031103667155470479e-09 8.8084259913304046902e-05
1.3400000000000000799 1.7436711761755532694e-08 7.6061380361959677449e-05
1.3500000000000000888 4.1509333286025557818e-08 7.803938206542696042e-05
1.3600000000000000977 9.4465400104766051899e-08 7.5984351673616669603e-05
1.3700000000000001066 2.0556169391569369875e-07 8.1879478354780408072e-05
1.3800000000000001155 4.2784236396403301974e-07 8.5661346334715170918e-05
1.3900000000000001243 8.5201531475954547899e-07 7.1222653108978780994e-05
1.4000000000000001332 1.6240670095025036853e-06 5.4434010452282208822e-05
1.4099999999999999201 2.9644805139234053436e-06 6.911018790981492653e-05
1.4199999999999999289 5.1844758096656314161e-06 7.4898489914038916121e-05
1.4299999999999999378 8.6921903001097843022e-06 5.9378329473645441645e-05
1.4399999999999999467 1.3980310020654516899e-05 3.406947014116397084e-05
1.4499999999999999556 2.1587760072674458682e-05 3.4470317389110253614e-05
1.4599999999999999645 3.2032713120876505567e-05 6.4066847202760466521e-05
1.4699999999999999734 4.5722252624951096255e-05 4.4371084723711220544e-05
1.4799999999999999822 6.2853673969317898286e-05 3.1243812029327526557e-05
1.4899999999999999911 8.3330203249563585986e-05 -9.2534605008337013615e-06
1.5 0.00010671602557166898152 -4.6102422730573812491e-06
1.5100000000000000089 0.00013224949055536380023 -2.2135409956785902555e-05
1.5200000000000000178 0.0001589197315947847675 -8.7641644963758571531e-06
1.5300000000000000266 0.00018559461558950558443 -4.7451494441045971107e-05
1.5400000000000000355 0.00021117296093019091805 -2.8984219183832317509e-05
1.5500000000000000444 0.00023472693343247236393 -2.4509151136232061293e-05
1.5600000000000000533 0.00025560409380571578672 -2.136141960957678161e-05
1.5700000000000000622 0.00027347118677719804876 -1.9207783883058758903e-05
1.5800000000000000711 0.00028829849029416337912 -5.4055816098024374013e-05
1.5900000000000000799 0.0003002983585669036031 -5.8047387070798409005e-05
1.6000000000000000888 0.00030983998094947498222 -8.1603522452353079207e-05
1.6100000000000000977 0.00031736291497876486156 -8.7124389432608964493e-05
1.6200000000000001066 0.00032330626783078373959 -7.5049080635661551825e-05
1.6300000000000001155 0.00032806186063085818021 -0.00014186897023451647162
1.6400000000000001243 0.00033195169292015564138 -0.0001097214646739659333
1.6500000000000001332 0.00033522467670365959378 -0.00010498615115750369671
1.6600000000000001421 0.00033806547854107386972 -9.3812425444019453217e-05
1.6699999999999999289 0.00034060872631691411268 -8.4343241821825600413e-05
1.6799999999999999378 0.00034295362823673564492 -7.2673630742663922893e-05
1.6899999999999999467 0.00034517614466264697707 -5.8879552568642768654e-05
1.6999999999999999556 0.00034733759380307834821 -0.00013511772990588885026
1.7099999999999999645 0.00034948973427137658507 -8.7218034077271079131e-05
1.7199999999999999734 0.0003516770023333742716 -0.00014145922003713396896
1.7299999999999999822 0.00035393684123790876764 -8.7660977841904979494e-05
1.7399999999999999911 0.00035629908168740399106 -7.801078689336610715e-05
1.75 0.00035878520204375664512 -0.00011052801484863445736
1.7600000000000000089 0.0003614080642584509024 -0.00010314049816241327613
1.7700000000000000178 0.00036417243107387929245 -0.00014194220282768958436
1.7800000000000000266 0.00036707627702083051686 -0.00012082114232282704057
1.7900000000000000355 0.00037011267089889375494 -0.00018592184755158606751
1.8000000000000000444 0.00037327187768616842435 -0.00013302297323909711589
1.8100000000000000533 0.0003765433182335334002 -0.00013429234673742820611
1.8200000000000000622 0.00037991711413621405847 -0.00013165992694109187071
1.8300000000000000711 0.00038338508581680811682 -0.00020119634407044951628
1.8400000000000000799 0.000386941211751397091 -0.00015670268620524119394
1.8500000000000000888 0.00039058165709249552042 -0.00020639083374518783299
1.8600000000000000977 0.00039430452496075005242 -0.00018608880971354366252
1.8700000000000001066 0.00039810947926103884727 -0.00018188546671386624128
1.8800000000000001155 0.00040199735256131794272 -0.00015173808376524653254
1.8900000000000001243 0.00040596980705050590785 -0.0001677229842043837947
1.9000000000000001332 0.00041002907628675893358 -0.00018179261778963703056
1.9100000000000001421 0.00041417778782528482913 -0.00020195792392809533118
1.9199999999999999289 0.0004184188525445843446 -0.00019018239404746244158
1.9299999999999999378 0.00042275540236351422498 -0.00021654176871725703039
1.9399999999999999467 0.00042719075979406217385 -0.00020896468019785568223
1.9499999999999999556 0.00043172842685368367647 -0.00019748575265754467136
1.9599999999999999645 0.00043637208505728595099 -0.00019211903196023153448
1.9699999999999999734 0.00044112560153178960497 -0.00021689329168465081
1.9799999999999999822 0.00044599303854839949558 -0.00021775658005127759257
1.9899999999999999911 0.00045097866512930253734 -0.00020071939633323112716
2 0.00045608697013610862347 -0.00025587955218886839544
2.0100000000000002309 0.00046132267663086436041 -0.00023909244838467465233
2.0200000000000000178 0.00046669075748564475782 -0.00026848542113935375221
2.0300000000000002487 0.00047219645230432445021 -0.00026798488570710116835
2.0400000000000000355 0.00047784528576396421203 -0.00026162127321679160604
2.0499999999999998224 0.00048364308750951365062 -0.00025140248036240866666
2.0600000000000000533 0.00048959601375605913721 -0.00025735540660895409905
2.0699999999999998401 0.00049571057077271718505 -0.00027348034252652747697
2.0800000000000000711 0.00050199364044366278671 -0.00027375718194654085659
2.0899999999999998579 0.00050845250812571571482 -0.00030424094152849243296
2.1000000000000000888 0.00051509489304908933488 -0.00027684807020296724883
2.1099999999999998757 0.00052192898153891064978 -0.00031971949654263653613
2.1200000000000001066 0.00052896346337061826703 -0.00029872493782446239707
2.1299999999999998934 0.0005362075716130567174 -0.00031197526176591789532
2.1400000000000001243 0.00054367112635992232827 -0.00035747823596358064679
2.1499999999999999112 0.00055136458280417952483 -0.00032913435455798981675
2.1600000000000001421 0.00055929908417246595315 -0.00031504603107541153664
2.1699999999999999289 0.00056748652010874575235 -0.00032723761566167444389
2.1800000000000001599 0.00057593959118043471391 -0.00033569068673336340545
2.1899999999999999467 0.00058467188027797880549 -0.00035843750338180604357
2.2000000000000001776 0.00059369793179311479859 -0.00033342828409612800412
2.2099999999999999645 0.00060303333959481949383 -0.00041483836759752869836
2.2200000000000001954 0.00061269484497929063791 -0.00035843144208515134806
2.2299999999999999822 0.00062270044595569425897 -0.00042449510960940325336
2.2400000000000002132 0.00063306951944885794369 -0.00042485380420165155379
2.25 0.00064382295826056177863 -0.00042359479706340606459
2.2600000000000002309 0.00065498332494152761065 -0.00043275309669533790257
2.2700000000000000178 0.00066657502509761060172 -0.00041231162220347131186
2.2800000000000002487 0.00067862450309981404636 -0.00039833412670482694004
2.2900000000000000355 0.00069116046370602335705 -0.00043889911330900277867
2.3000000000000002665 0.00070421412375462903895 -0.00045996107065757462244
2.3100000000000000533 0.00071781949888454822141 -0.00046555814848752764303
2.3199999999999998401 0.00073201373120832717665 -0.00049777105701218819864
2.3300000000000000711 0.0007468374650612448094 -0.00050658856061417344673
2.3399999999999998579 0.0007623352794297468633 -0.00047804073983286147478
2.3500000000000000888 0.00077855618750576050229 -0.00048425129811179007779
2.3599999999999998757 0.00079555421612334509783 -0.00048323065052849307295
2.3700000000000001066 0.00081338908074931736292 -0.00048705100215548218249
2.3799999999999998934 0.00083212697540613973692 -0.00057786357251200044707
2.3900000000000001243 0.000851841501657223674 -0.000543522070160439583
2.3999999999999999112 0.00087261476693078793721 -0.00053826839103698637806
2.4100000000000001421 0.00089453869048588760277 -0.00061825244818896837613
2.4199999999999999289 0.00091771656592348283335 -0.00061740543172666495844
2.4300000000000001599 0.00094226494331387336024 -0.00054185010741939301261
2.4399999999999999467 0.00096831591322388602637 -0.00063597161893103374385
2.4500000000000001776 0.00099601990143449985887 -0.00059760714714096867944
2.4599999999999999645 0.0010255491205314899023 -0.00057308036673914437842
2.4700000000000001954 0.00105710187889099228 -0.00064667666409559654804
2.4799999999999999822 0.0010909080298254054085 -0.00063443511283116154828
2.4900000000000002132 0.0011272359749592152263 -0.00070079419466771751893
2.5 0.0011664018591304159671 -0.00074596629453793530766
2.5100000000000002309 0.0012087819977049871212 -0.00066621989201206405218
2.5200000000000000178 0.0012548303410068774311 -0.00067222677791795373836
2.5300000000000002487 0.0013051042538784112055 -0.00065843431238975778409
2.5400000000000000355 0.0013603046988918704886 -0.00064756632650636862698
2.5500000000000002665 0.0014213420631516279422 -0.00065855179626154915912
2.5600000000000000533 0.0014894476909505921774 -0.00049241472076054395961
2.5699999999999998401 0.0015663648501315829628 -0.00045721577594966906696
2.5800000000000000711 0.0016546710330929558126 -0.00032529385592154689937
2.5899999999999998579 0.0017583017366590198999 -0.00024273163998743884848
2.6000000000000000888 0.0018833520286120359472 1.0610122758907079149e-05
2.6099999999999998757 0.0020392034959782453021 0.00038731044039236588866
2.6200000000000001066 0.0022399287417028302012 0.0008332550779487739312
2.6299999999999998934 0.002505734125549848642 0.0012681756350892223889
2.6400000000000001243 0.0028639123070012149561 0.0021572896053124847662
2.6499999999999999112 0.0033484500658393801659 0.0034866310830532609016
2.6600000000000001421 0.0039972230319592072512 0.0055907102774170325254
2.6699999999999999289 0.004845831693085184827 0.0088383451468029144982
2.6800000000000001599 0.0059178103138547589329 0.012747527621235309539
2.6899999999999999467 0.0072122353914548936737 0.017595465495867535638
2.7000000000000001776 0.0086914242030373088654 0.023586014586568778556
2.7099999999999999645 0.010272830376369040256 0.03005094488527150845
2.7200000000000001954 0.011829582258728470884 0.037103111639949365452
2.7299999999999999822 0.013202707496471717194 0.043197721960954352238
2.7400000000000002132 0.014224907310436617561 0.048468040375281920551
2.75 0.014751645667985478425 0.051186663167044121892
2.7600000000000002309 0.0146918801206556357 0.051356548295596500531
2.7700000000000000178 0.014029625388582829537 0.049908612338105555473
2.7800000000000002487 0.012829565076225643225 0.047154578747159593688
2.7900000000000000355 0.011224615982347340912 0.041003492066091690171
2.8000000000000002665 0.0093889570356869844758 0.034590605783317074362
2.8100000000000000533 0.0075043459606898019545 0.027273682765887957702
2.8199999999999998401 0.0057289335343615179971 0.020622365602515541072
2.8300000000000000711 0.0041759494950291669441 0.014949864123273181801
2.8399999999999998579 0.0029056410515186392209 0.010890652125191972038
2.8500000000000000888 0.0019294848028839752061 0.0068375975530325251023
2.8599999999999998757 0.0012225828496825207926 0.0043311707312155243998
2.8700000000000001066 0.00073907962274824242146 0.0028246124720099105403
2.8799999999999998934 0.00042621554793468956202 0.001647933190822086294
2.8900000000000001243 0.00023444992192181928576 0.00088270747866389166238
2.8999999999999999112 0.0001230036611216858808 0.00050364552256513682622
2.9100000000000001421 6.1546448675805123904e-05 0.00024076673801813147603
2.9199999999999999289 2.9368333488220918926e-05 0.00011878515200923887743
2.9300000000000001599 1.3363645161665570611e-05 8.0733840836979850844e-05
2.9399999999999999467 5.798569916824188027e-06 2.0228394489076611558e-05
2.9500000000000001776 2.3991129988237009648e-06 2.1625777082085538669e-05
2.9599999999999999645 9.4645499532413163171e-07 7.0618413951473831062e-06
2.9700000000000001954 3.5600498187089082246e-07 5.6502175383564200389e-06
2.9799999999999999822 1.2767560157886352692e-07 3.8764725936568936038e-06
2.9900000000000002132 4.3656171207672185153e-08 -4.3656171207672185153e-08
3 1.4231822798407324361e-08 -1.4231822798407324361e-08
3.0100000000000002309 4.4232833947003790293e-09 -4.4232833947003790293e-09
3.0200000000000000178 1.3106640029720650424e-09 -1.3106640029720650424e-09
3.0300000000000002487 3.702491512530129607e-10 -3.702491512530129607e-10
3.0400000000000000355 9.9711949029059583212e-11 -9.9711949029059583212e-11
3.0500000000000002665 2.5600335347400250992e-11 -2.5600335347400250992e-11
3.0600000000000000533 6.2659189839012318414e-12 -6.2659189839012318414e-12
3.0700000000000002842 1.4620436679883425486e-12 -1.4620436679883425486e-12
3.0800000000000000711 3.2521345715654381682e-13 -3.2521345715654381682e-13
3.0899999999999998579 6.8961348277957664956e-14 -6.8961348277957664956e-14
3.1000000000000000888 1.3940194132788512731e-14 -1.3940194132788512731e-14
3.1099999999999998757 2.6863016258980033518e-15 -2.6863016258980033518e-15
3.1200000000000001066 4.9347013174684943325e-16 -4.9347013174684943325e-16
3.1299999999999998934 8.641409584037019211e-17 -8.641409584037019211e-17
3.1400000000000001243 1.4425258406336827604e-17 -1.4425258406336827604e-17
3.1499999999999999112 2.2954918073338297485e-18 -2.2954918073338297485e-18
3.1600000000000001421 3.4820822392483094066e-19 -3.4820822392483094066e-19
3.1699999999999999289 5.0351402364011420826e-20 -5.0351402364011420826e-20
3.1800000000000001599 6.9405143176942162928e-21 2.0020740976178722259e-06
3.1899999999999999467 9.1196392438324513338e-22 -9.1196392438324513338e-22
3.2000000000000001776 1.1422681681732993133e-22 -1.1422681681732993133e-22
3.2099999999999999645 1.3638339263079656014e-23 -1.3638339263079656014e-23
3.2200000000000001954 1.5522318209688634346e-24 -1.5522318209688634346e-24
3.2299999999999999822 1.6840388738246120345e-25 -1.6840388738246120345e-25
3.2400000000000002132 1.7415939825847147877e-26 -1.7415939825847147877e-26
3.25 1.7168798228807133979e-27 -1.7168798228807133979e-27
3.2600000000000002309 1.6133553200010727432e-28 -1.6133553200010727432e-28
3.2700000000000000178 1.4451613245054852632e-29 -1.4451613245054852632e-29
3.2800000000000002487 1.2339509456614540016e-30 2.0020740976178790021e-06
3.2900000000000000355 1.0043240302152856553e-31 -1.0043240302152856553e-31
3.3000000000000002665 7.7919003339029892863e-33 -7.7919003339029892863e-33
3.3100000000000000533 5.7624308252652301504e-34 2.0020740976178790021e-06
3.3200000000000002842 4.062189027222875929e-35 -4.062189027222875929e-35
3.3300000000000000711 2.7296433355819727243e-36 -2.7296433355819727243e-36
3.3399999999999998579 1.7484064165003040492e-37 2.0020740976178790021e-06
3.3500000000000000888 1.0675026538128215015e-38 -1.0675026538128215015e-38
3.3599999999999998757 6.2127663825030192648e-40 -6.2127663825030192648e-40
3.3700000000000001066 3.4465930181736184939e-41 2.0020740976178790021e-06
3.3799999999999998934 1.8225664237028024882e-42 -1.8225664237028024882e-42
3.3900000000000001243 9.1868069919707579752e-44 -9.1868069919707579752e-44
3.3999999999999999112 4.4140087946787864125e-45 -4.4140087946787864125e-45
3.4100000000000001421 2.0215696192896322095e-46 -2.0215696192896322095e-46
3.4199999999999999289 8.8253242187372979344e-48 -8.8253242187372979344e-48
3.4300000000000001599 3.672473470670798988e-49 -3.672473470670798988e-49
3.4399999999999999467 1.4567072691407941766e-50 -1.4567072691407941766e-50
3.4500000000000001776 5.5077109304886237131e-52 -5.5077109304886237131e-52
3.4599999999999999645 1.9849741052578902403e-53 -1.9849741052578902403e-53
3.4700000000000001954 6.8190370457860617305e-55 -6.8190370457860617305e-55
3.4799999999999999822 2.2329315341798204922e-56 -2.2329315341798204922e-56
3.4900000000000002132 6.9696599109022635492e-58 -6.9696599109022635492e-58
3.5 2.0736300259675778742e-59 -2.0736300259675778742e-59
3.5100000000000002309 5.8807695398834093634e-61 2.0020740976178790021e-06
3.5200000000000000178 1.589717507255277296e-62 -1.589717507255277296e-62
3.5300000000000002487 4.0962681824443314636e-64 -4.0962681824443314636e-64
3.5400000000000000355 1.0060954042800445481e-65 -1.0060954042800445481e-65
3.5500000000000002665 2.3554400012558644898e-67 -2.3554400012558644898e-67
3.5600000000000000533 5.2563802484667830724e-69 -5.2563802484667830724e-69
3.5700000000000002842 1.1181063388517261193e-70 -1.1181063388517261193e-70
3.5800000000000000711 2.2670485377889326935e-72 -2.2670485377889326935e-72
3.5899999999999998579 4.381468335362891109e-74 -4.381468335362891109e-74
3.6000000000000000888 8.0715969998629975643e-76 -8.0715969998629975643e-76
3.6099999999999998757 1.4173594006589970557e-77 -1.4173594006589970557e-77
3.6200000000000001066 2.3723623936409611927e-79 2.0020740976178790021e-06
3.6299999999999998934 3.7849696678744444117e-81 -3.7849696678744444117e-81
3.6400000000000001243 5.7560415222911739911e-83 -5.7560415222911739911e-83
3.6499999999999999112 8.3438289731024829777e-85 -8.3438289731024829777e-85
3.6600000000000001421 1.1528867673986725575e-86 -1.1528867673986725575e-86
3.6699999999999999289 1.5184046711663471364e-88 -1.5184046711663471364e-88
3.6800000000000001599 1.9061973413517831214e-90 4.0041481952357571572e-06
3.6899999999999999467 2.2810115307639242473e-92 -2.2810115307639242473e-92
3.7000000000000001776 2.6017540601620535179e-94 -2.6017540601620535179e-94
3.7099999999999999645 2.828681117569754292e-96 -2.828681117569754292e-96
3.7200000000000001954 2.9314371522466325786e-98 6.006222520227311179e-06
3.7299999999999999822 2.8957154945465782504e-100 -2.8957154945465782504e-100
3.7400000000000002132 2.726526748768422374e-102 -2.726526748768422374e-102
3.75 2.447045667909402032e-104 2.0020740976178790021e-06
3.7600000000000002309 2.0934023029101309665e-106 -2.0934023029101309665e-106
3.7700000000000000178 1.7070313945536168007e-108 2.0020740976178790021e-06
3.7800000000000002487 1.3268089330522192904e-110 2.0020740976178790021e-06
3.7900000000000000355 9.8299931726796541944e-113 -9.8299931726796541944e-113
3.8000000000000002665 6.9418605183794523764e-115 -6.9418605183794523764e-115
3.8100000000000000533 4.6727901511637028866e-117 2.0020740976178790021e-06
3.8200000000000002842 2.9981564620048552764e-119 -2.9981564620048552764e-119
3.8300000000000000711 1.8336220604556765168e-121 2.0020740976178790021e-06
3.8399999999999998579 1.0689140195780494471e-123 -1.0689140195780494471e-123
3.8500000000000000888 5.9395431049829711803e-126 2.0020740976178790021e-06
3.8599999999999998757 3.1458682162699625768e-128 2.0020740976178790021e-06
3.8700000000000001066 1.5881998167826921698e-130 -1.5881998167826921698e-130
3.8799999999999998934 7.6426997072453948275e-133 -7.6426997072453948275e-133
3.8900000000000001243 3.5056245396162215692e-135 -3.5056245396162215692e-135
3.8999999999999999112 1.5327130994642291969e-137 -1.5327130994642291969e-137
3.9100000000000001421 6.3875324402354132909e-140 -6.3875324402354132909e-140
3.9199999999999999289 2.5373598751918736305e-142 -2.5373598751918736305e-142
3.9300000000000001599 9.6074390270272119538e-145 2.0020740976178790021e-06
3.9399999999999999467 3.4674463388311438028e-147 -3.4674463388311438028e-147
3.9500000000000001776 1.1928568477991111796e-149 2.0020740976178790021e-06
3.9599999999999999645 3.9114996995773570128e-152 -3.9114996995773570128e-152
3.9700000000000001954 1.2225724266234388905e-154 -1.2225724266234388905e-154
3.9799999999999999822 3.6423539324230114353e-157 -3.6423539324230114353e-157
3.9900000000000002132 1.0343460885669818829e-159 -1.0343460885669818829e-159
4 2.7997917282414900577e-162 -2.7997917282414900577e-162
4.0099999999999997868 7.2237320521016440076e-165 -7.2237320521016440076e-165
4.0200000000000004619 1.7765339855054060809e-167 -1.7765339855054060809e-167
4.0300000000000002487 4.1644853541045268193e-170 -4.1644853541045268193e-170
4.0400000000000000355 9.3051852806805352963e-173 -9.3051852806805352963e-173
4.0499999999999998224 1.9818214237803943402e-175 -1.9818214237803943402e-175
4.0600000000000004974 4.0232754109602052221e-178 -4.0232754109602052221e-178
4.0700000000000002842 7.7852166161354841209e-181 2.0020740976178790021e-06
4.0800000000000000711 1.4359432537777931621e-183 -1.4359432537777931621e-183
4.0899999999999998579 2.5245236249932484079e-186 -2.5245236249932484079e-186
4.0999999999999996447 4.2305529318783081687e-189 -4.2305529318783081687e-189
4.1100000000000003197 6.7575661863360063818e-192 -6.7575661863360063818e-192
4.1200000000000001066 1.0288662313726465479e-194 -1.0288662313726465479e-194
4.1299999999999998934 1.493148148341784447e-197 -1.493148148341784447e-197
4.1399999999999996803 2.0654858296401015663e-200 -2.0654858296401015663e-200
4.1500000000000003553 2.7234338160023172661e-203 -2.7234338160023172661e-203
4.1600000000000001421 3.4228405739082271575e-206 -3.4228405739082271575e-206
4.1699999999999999289 4.1004518073391990143e-209 -4.1004518073391990143e-209
4.1799999999999997158 4.6822209433696802392e-212 -4.6822209433696802392e-212
4.1900000000000003908 5.0962086637882198151e-215 -5.0962086637882198151e-215
4.2000000000000001776 5.2871004969000244601e-218 -5.2871004969000244601e-218
4.2099999999999999645 5.2283295351998414902e-221 -5.2283295351998414902e-221
4.2199999999999997513 4.9281432477759345228e-224 -4.9281432477759345228e-224
4.2300000000000004263 4.427704579004429703e-227 -4.427704579004429703e-227
4.2400000000000002132 3.791829965568601141e-230 -3.791829965568601141e-230
4.25 3.0952372129558457219e-233 -3.0952372129558457219e-233
4.2599999999999997868 2.4083181047011842499e-236 -2.4083181047011842499e-236
4.2700000000000004619 1.7861114513007935551e-239 -1.7861114513007935551e-239
4.2800000000000002487 1.2626355567451205255e-242 -1.2626355567451205255e-242
4.2900000000000000355 8.5078964666616509244e-246 -8.5078964666616509244e-246
4.2999999999999998224 5.4643821444080493751e-249 4.0041481952357571572e-06
4.3100000000000004974 3.3452962452917872526e-252 -3.3452962452917872526e-252
4.3200000000000002842 1.9521029675980861044e-255 2.0020740976178790021e-06
4.3300000000000000711 1.0857890228333817723e-258 2.0020740976178790021e-06
4.3399999999999998579 5.7565558980128867013e-262 -5.7565558980128867013e-262
4.3500000000000005329 2.9090723915761051796e-265 -2.9090723915761051796e-265
4.3600000000000003197 1.4012667711432166649e-268 -1.4012667711432166649e-268
4.3700000000000001066 6.433711470164327261e-272 2.0020740976178790021e-06
4.3799999999999998934 2.8156376877223820545e-275 2.0020740976178790021e-06
4.3899999999999996803 1.1745360800892862358e-278 2.0020740976178790021e-06
4.4000000000000003553 4.6701446196900125563e-282 -4.6701446196900125563e-282
4.4100000000000001421 1.7699811590258275465e-285 2.0020740976178790021e-06
4.4199999999999999289 6.3941272724005498274e-289 -6.3941272724005498274e-289
4.4299999999999997158 2.2017509963640541395e-292 -2.2017509963640541395e-292
4.4400000000000003908 7.2265230473477210265e-296 2.0020740976178790021e-06
4.4500000000000001776 2.2608139383838866771e-299 -2.2608139383838866771e-299
4.4599999999999999645 6.7417782818184583924e-303 2.0020740976178790021e-06
4.4699999999999997513 1.9162770479547972396e-306 -1.9162770479547972396e-306
4.4800000000000004263 5.1917801533104022846e-310 2.0020740976178790021e-06
4.4900000000000002132 1.340751925710889674e-313 2.0020740976178790021e-06
4.5 3.3003096017205886317e-317 -3.3003096017205886317e-317
4.5099999999999997868 7.7420086703323333472e-321 2.0020740976178790021e-06
4.5200000000000004619 0 0
4.5300000000000002487 0 0
4.5400000000000000355 0 0
4.5499999999999998224 0 2.0020740976178790021e-06
4.5600000000000004974 0 0
4.5700000000000002842 0 0
4.5800000000000000711 0 0
4.5899999999999998579 0 0
4.6000000000000005329 0 0
4.6100000000000003197 0 0
4.6200000000000001066 0 0
4.6299999999999998934 0 0
4.6399999999999996803 0 0
4.6500000000000003553 0 0
4.6600000000000001421 0 0
4.6699999999999999289 0 0
4.6799999999999997158 0 0
4.6900000000000003908 0 2.0020740976178790021e-06
4.7000000000000001776 0 0
4.7099999999999999645 0 0
4.7199999999999997513 0 0
4.7300000000000004263 0 0
4.7400000000000002132 0 0
4.75 0 0
4.7599999999999997868 0 0
4.7700000000000004619 0 0
4.7800000000000002487 0 0
4.7900000000000000355 0 0
4.7999999999999998224 0 0
4.8100000000000004974 0 0
4.8200000000000002842 0 0
4.8300000000000000711 0 0
4.8399999999999998579 0 0
4.8500000000000005329 0 2.0020740976178790021e-06
4.8600000000000003197 0 0
4.8700000000000001066 0 0
4.8799999999999998934 0 0
4.8899999999999996803 0 0
4.9000000000000003553 0 0
4.9100000000000001421 0 0
4.9199999999999999289 0 0
4.9299999999999997158 0 0
4.9400000000000003908 0 0
4.9500000000000001776 0 0
4.9599999999999999645 0 0
4.9699999999999997513 0 0
4.9800000000000004263 0 0
4.9900000000000002132 0 0
5 0 0
5.0099999999999997868 0 0
5.0200000000000004619 0 0
5.0300000000000002487 0 0
5.0400000000000000355 0 0
5.0499999999999998224 0 0
5.0600000000000004974 0 0
5.0700000000000002842 0 0
5.0800000000000000711 0 0
5.0899999999999998579 0 0
5.1000000000000005329 0 2.0020740976178790021e-06
5.1100000000000003197 0 0
5.1200000000000001066 0 0
5.1299999999999998934 0 0
5.1399999999999996803 0 0
5.1500000000000003553 0 0
5.1600000000000001421 0 0
5.1699999999999999289 0 2.0020740976178790021e-06
5.1799999999999997158 0 0
5.1900000000000003908 0 0
5.2000000000000001776 0 2.0020740976178790021e-06
5.2099999999999999645 0 2.0020740976178790021e-06
5.2199999999999997513 0 0
5.2300000000000004263 0 6.006222520227311179e-06
5.2400000000000002132 0 0
5.25 0 0
5.2599999999999997868 0 0
5.2700000000000004619 0 0
5.2800000000000002487 0 2.0020740976178790021e-06
5.2900000000000000355 0 0
5.2999999999999998224 0 0
5.3100000000000004974 0 2.0020740976178790021e-06
5.3200000000000002842 0 6.006222520227311179e-06
5.3300000000000000711 0 2.0020740976178790021e-06
5.3399999999999998579 0 0
5.3500000000000005329 0 0
5.3600000000000003197 0 8.0082963904715143144e-06
5.3700000000000001066 0 0
5.3799999999999998934 0 0
5.3899999999999996803 0 4.0041481952357571572e-06
5.4000000000000003553 0 2.0020740976178790021e-06
5.4100000000000001421 0 8.0082963904715143144e-06
5.4199999999999999289 0 6.006222520227311179e-06
5.4299999999999997158 0 1.4014519365446179768e-05
5.4400000000000003908 0 1.6016592780943028629e-05
5.4500000000000001776 0 1.8018667105934579263e-05
5.4599999999999999645 0 1.2012445040454620664e-05
5.4699999999999997513 0 2.4024890080909241328e-05
5.4800000000000004263 0 1.8018667105934579263e-05
5.4900000000000002132 0 2.8029038730892349372e-05
5.5 0 1.8018667105934579263e-05
5.5099999999999997868 0 2.0020741430926140061e-05
5.5200000000000004619 0 3.6037334211869172078e-05
5.5300000000000002487 0 2.8029038730892349372e-05
5.5400000000000000355 0 2.6026964405900798738e-05
5.5499999999999998224 0 2.6026964405900798738e-05
5.5600000000000004974 0 3.2033185561886057258e-05
5.5700000000000002842 0 2.0020741430926140061e-05
5.5800000000000000711 0 1.8018667105934579263e-05
5.5899999999999998579 0 8.0082963904715143144e-06
5.6000000000000005329 0 1.2012445040454620664e-05
5.6100000000000003197 0 1.001037071546307003e-05
5.6200000000000001066 0 8.0082963904715143144e-06
5.6299999999999998934 0 8.0082963904715143144e-06
5.6399999999999996803 0 2.0020740976178790021e-06
5.6500000000000003553 0 4.0041481952357571572e-06
5.6600000000000001421 0 0
5.6699999999999999289 0 4.0041481952357571572e-06
5.6799999999999997158 0 0
5.6900000000000003908 0 2.0020740976178790021e-06
5.7000000000000001776 0 0
5.7099999999999999645 0 0
5.7199999999999997513 0 0
5.7300000000000004263 0 0
5.7400000000000002132 0 0
5.75 0 0
5.7599999999999997868 0 0
5.7700000000000004619 0 0
5.7800000000000002487 0 0
5.7900000000000000355 0 0
5.7999999999999998224 0 0
5.8100000000000004974 0 0
5.8200000000000002842 0 0
5.8300000000000000711 0 0
5.8399999999999998579 0 0
5.8500000000000005329 0 0
5.8600000000000003197 0 0
5.8700000000000001066 0 0
5.8799999999999998934 0 0
5.8899999999999996803 0 0
5.9000000000000003553 0 0
5.9100000000000001421 0 0
5.9199999999999999289 0 0
5.9299999999999997158 0 0
5.9400000000000003908 0 0
5.9500000000000001776 0 0
5.9599999999999999645 0 0
5.9699999999999997513 0 0
5.9800000000000004263 0 0
5.9900000000000002132 0 0
6 0 0
6.0099999999999997868 0 0
6.0200000000000004619 0 0
6.0300000000000002487 0 0
6.0400000000000000355 0 0
6.0499999999999998224 0 0
6.0600000000000004974 0 0
6.0700000000000002842 0 0
6.0800000000000000711 0 0
6.0899999999999998579 0 0
6.1000000000000005329 0 0
6.1100000000000003197 0 0
6.1200000000000001066 0 0
6.1299999999999998934 0 0
6.1400000000000005684 0 0
6.1500000000000003553 0 0
6.1600000000000001421 0 0
6.1699999999999999289 0 0
6.1799999999999997158 0 0
6.1900000000000003908 0 0
6.2000000000000001776 0 0
6.2099999999999999645 0 0
6.2199999999999997513 0 0
6.2300000000000004263 0 0
6.2400000000000002132 0 0
6.25 0 0
6.2599999999999997868 0 0
6.2700000000000004619 0 0
6.2800000000000002487 0 0
6.2900000000000000355 0 0
6.2999999999999998224 0 0
6.3100000000000004974 0 0
6.3200000000000002842 0 0
6.3300000000000000711 0 0
6.3399999999999998579 0 0
6.3500000000000005329 0 0
6.3600000000000003197 0 0
6.3700000000000001066 0 0
6.3799999999999998934 0 0
6.3900000000000005684 0 0
6.4000000000000003553 0 0
6.4100000000000001421 0 0
6.4199999999999999289 0 0
6.4299999999999997158 0 0
6.4400000000000003908 0 0
6.4500000000000001776 0 0
6.4599999999999999645 0 0
6.4699999999999997513 0 0
6.4800000000000004263 0 0
6.4900000000000002132 0 0
6.5 0 0
6.5099999999999997868 0 0
6.5200000000000004619 0 0
6.5300000000000002487 0 0
6.5400000000000000355 0 0
6.5499999999999998224 0 0
6.5600000000000004974 0 0
6.5700000000000002842 0 0
6.5800000000000000711 0 0
6.5899999999999998579 0 0
6.6000000000000005329 0 0
6.6100000000000003197 0 0
6.6200000000000001066 0 0
6.6299999999999998934 0 0
6.6400000000000005684 0 0
6.6500000000000003553 0 0
6.6600000000000001421 0 0
6.6699999999999999289 0 0
6.6799999999999997158 0 0
6.6900000000000003908 0 0
6.7000000000000001776 0 0
6.7099999999999999645 0 0
6.7199999999999997513 0 0
6.7300000000000004263 0 0
6.7400000000000002132 0 0
6.75 0 0
6.7599999999999997868 0 0
6.7700000000000004619 0 0
6.7800000000000002487 0 0
6.7900000000000000355 0 0
6.7999999999999998224 0 0
6.8100000000000004974 0 0
6.8200000000000002842 0 0
6.8300000000000000711 0 0
6.8399999999999998579 0 0
6.8500000000000005329 0 0
6.8600000000000003197 0 0
6.8700000000000001066 0 0
6.8799999999999998934 0 0
6.8900000000000005684 0 0
6.9000000000000003553 0 0
6.9100000000000001421 0 0
6.9199999999999999289 0 0
6.9299999999999997158 0 0
6.9400000000000003908 0 0
6.9500000000000001776 0 0
6.9599999999999999645 0 0
6.9699999999999997513 0 0
6.9800000000000004263 0 0
6.9900000000000002132 0 0
7 0 0
7.0099999999999997868 0 0
7.0200000000000004619 0 0
7.0300000000000002487 0 0
7.0400000000000000355 0 0
7.0499999999999998224 0 0
7.0600000000000004974 0 0
7.0700000000000002842 0 0
7.0800000000000000711 0 0
7.0899999999999998579 0 0
7.1000000000000005329 0 0
7.1100000000000003197 0 0
7.1200000000000001066 0 0
7.1299999999999998934 0 0
7.1400000000000005684 0 0
7.1500000000000003553 0 0
7.1600000000000001421 0 0
7.1699999999999999289 0 0
7.1799999999999997158 0 0
7.1900000000000003908 0 0
7.2000000000000001776 0 0
7.2099999999999999645 0 0
7.2199999999999997513 0 0
7.2300000000000004263 0 0
7.2400000000000002132 0 0
7.25 0 0
7.2599999999999997868 0 0
7.2700000000000004619 0 0
7.2800000000000002487 0 0
7.2900000000000000355 0 0
7.2999999999999998224 0 0
7.3100000000000004974 0 0
7.3200000000000002842 0 0
7.3300000000000000711 0 0
7.3399999999999998579 0 0
7.3500000000000005329 0 0
7.3600000000000003197 0 0
7.3700000000000001066 0 0
7.3799999999999998934 0 0
7.3900000000000005684 0 0
7.4000000000000003553 0 0
7.4100000000000001421 0 0
7.4199999999999999289 0 0
7.4299999999999997158 0 0
7.4400000000000003908 0 0
7.4500000000000001776 0 0
7.4599999999999999645 0 0
7.4699999999999997513 0 0
7.4800000000000004263 0 0
7.4900000000000002132 0 0
7.5 0 0
7.5099999999999997868 0 0
7.5200000000000004619 0 0
7.5300000000000002487 0 0
7.5400000000000000355 0 0
7.5499999999999998224 0 0
7.5600000000000004974 0 0
7.5700000000000002842 0 0
7.5800000000000000711 0 0
7.5899999999999998579 0 0
7.6000000000000005329 0 0
7.6100000000000003197 0 0
7.6200000000000001066 0 0
7.6299999999999998934 0 0
7.6400000000000005684 0 0
7.6500000000000003553 0 0
7.6600000000000001421 0 0
7.6699999999999999289 0 0
7.6799999999999997158 0 0
7.6900000000000003908 0 0
7.7000000000000001776 0 0
7.7099999999999999645 0 0
7.7199999999999997513 0 0
7.7300000000000004263 0 0
7.7400000000000002132 0 0
7.75 0 0
7.7599999999999997868 0 0
7.7700000000000004619 0 0
7.7800000000000002487 0 0
7.7900000000000000355 0 0
7.7999999999999998224 0 0
7.8100000000000004974 0 0
7.8200000000000002842 0 0
7.8300000000000000711 0 0
7.8399999999999998579 0 0
7.8500000000000005329 0 0
7.8600000000000003197 0 0
7.8700000000000001066 0 0
7.8799999999999998934 0 0
7.8900000000000005684 0 0
7.9000000000000003553 0 0
7.9100000000000001421 0 0
7.9199999999999999289 0 0
7.930000000000000604 0 0
7.9400000000000003908 0 0
7.9500000000000001776 0 0
7.9599999999999999645 0 0
7.9699999999999997513 0 0
7.9800000000000004263 0 0
7.9900000000000002132 0 0
8 0 0
8.0099999999999997868 0 0
8.0199999999999995737 0 0
8.0299999999999993605 0 0
8.0400000000000009237 0 0
8.0500000000000007105 0 0
8.0600000000000004974 0 0
8.0700000000000002842 0 0
8.0800000000000000711 0 0
8.0899999999999998579 0 0
8.0999999999999996447 0 0
8.1099999999999994316 0 0
8.1200000000000009948 0 0
8.1300000000000007816 0 0
8.1400000000000005684 0 0
8.1500000000000003553 0 0
8.1600000000000001421 0 0
8.1699999999999999289 0 0
8.1799999999999997158 0 0
8.1899999999999995026 0 0
8.1999999999999992895 0 0
8.2100000000000008527 0 0
8.2200000000000006395 0 0
8.2300000000000004263 0 0
8.2400000000000002132 0 0
8.25 0 0
8.2599999999999997868 0 0
8.2699999999999995737 0 0
8.2799999999999993605 0 0
8.2900000000000009237 0 0
8.3000000000000007105 0 0
8.3100000000000004974 0 0
8.3200000000000002842 0 0
8.3300000000000000711 0 0
8.3399999999999998579 0 0
8.3499999999999996447 0 0
8.3599999999999994316 0 0
8.3700000000000009948 0 0
8.3800000000000007816 0 0
8.3900000000000005684 0 0
8.4000000000000003553 0 0
8.4100000000000001421 0 0
8.4199999999999999289 0 0
8.4299999999999997158 0 0
8.4399999999999995026 0 0
8.4499999999999992895 0 0
8.4600000000000008527 0 0
8.4700000000000006395 0 0
8.4800000000000004263 0 0
8.4900000000000002132 0 0
8.5 0 0
8.5099999999999997868 0 0
8.5199999999999995737 0 0
8.5299999999999993605 0 0
8.5400000000000009237 0 0
8.5500000000000007105 0 0
8.5600000000000004974 0 0
8.5700000000000002842 0 0
8.5800000000000000711 0 0
8.5899999999999998579 0 0
8.5999999999999996447 0 0
8.6099999999999994316 0 0
8.6200000000000009948 0 0
8.6300000000000007816 0 0
8.6400000000000005684 0 0
8.6500000000000003553 0 0
8.6600000000000001421 0 0
8.6699999999999999289 0 0
8.6799999999999997158 0 0
8.6899999999999995026 0 0
8.7000000000000010658 0 0
8.7100000000000008527 0 0
8.7200000000000006395 0 0
8.7300000000000004263 0 0
8.7400000000000002132 0 0
8.75 0 0
8.7599999999999997868 0 0
8.7699999999999995737 0 0
8.7799999999999993605 0 0
8.7900000000000009237 0 0
8.8000000000000007105 0 0
8.8100000000000004974 0 0
8.8200000000000002842 0 0
8.8300000000000000711 0 0
8.8399999999999998579 0 0
8.8499999999999996447 0 0
8.8599999999999994316 0 0
8.8700000000000009948 0 0
8.8800000000000007816 0 0
8.8900000000000005684 0 0
8.9000000000000003553 0 0
8.9100000000000001421 0 0
8.9199999999999999289 0 0
8.9299999999999997158 0 0
8.9399999999999995026 0 0
8.9500000000000010658 0 0
8.9600000000000008527 0 0
8.9700000000000006395 0 0
8.9800000000000004263 0 0
8.9900000000000002132 0 0
9 0 0
9.0099999999999997868 0 0
9.0199999999999995737 0 0
9.0299999999999993605 0 0
9.0400000000000009237 0 0
9.0500000000000007105 0 0
9.0600000000000004974 0 0
9.0700000000000002842 0 0
9.0800000000000000711 0 0
9.0899999999999998579 0 0
9.0999999999999996447 0 0
9.1099999999999994316 0 0
9.1200000000000009948 0 0
9.1300000000000007816 0 0
9.1400000000000005684 0 0
9.1500000000000003553 0 0
9.1600000000000001421 0 0
9.1699999999999999289 0 0
9.1799999999999997158 0 0
9.1899999999999995026 0 0
9.2000000000000010658 0 0
9.2100000000000008527 0 0
9.2200000000000006395 0 0
9.2300000000000004263 0 0
9.2400000000000002132 0 0
9.25 0 0
9.2599999999999997868 0 0
9.2699999999999995737 0 0
9.2799999999999993605 0 0
9.2900000000000009237 0 0
9.3000000000000007105 0 0
9.3100000000000004974 0 0
9.3200000000000002842 0 0
9.3300000000000000711 0 0
9.3399999999999998579 0 0
9.3499999999999996447 0 0
9.3599999999999994316 0 0
9.3700000000000009948 0 0
9.3800000000000007816 0 0
9.3900000000000005684 0 0
9.4000000000000003553 0 0
9.4100000000000001421 0 0
9.4199999999999999289 0 0
9.4299999999999997158 0 0
9.4399999999999995026 0 0
9.4500000000000010658 0 0
9.4600000000000008527 0 0
9.4700000000000006395 0 0
9.4800000000000004263 0 0
9.4900000000000002132 0 0
9.5 0 0
9.5099999999999997868 0 0
9.5199999999999995737 0 0
9.5299999999999993605 0 0
9.5400000000000009237 0 0
9.5500000000000007105 0 0
9.5600000000000004974 0 0
9.5700000000000002842 0 0
9.5800000000000000711 0 0
9.5899999999999998579 0 0
9.5999999999999996447 0 0
9.6099999999999994316 0 0
9.6200000000000009948 0 0
9.6300000000000007816 0 0
9.6400000000000005684 0 0
9.6500000000000003553 0 0
9.6600000000000001421 0 0
9.6699999999999999289 0 0
9.6799999999999997158 0 0
9.6899999999999995026 0 0
9.7000000000000010658 0 0
9.7100000000000008527 0 0
9.7200000000000006395 0 0
9.7300000000000004263 0 0
9.7400000000000002132 0 0
9.75 0 0
9.7599999999999997868 0 0
9.7699999999999995737 0 0
9.7799999999999993605 0 0
9.7900000000000009237 0 0
9.8000000000000007105 0 0
9.8100000000000004974 0 0
9.8200000000000002842 0 0
9.8300000000000000711 0 0
9.8399999999999998579 0 0
9.8499999999999996447 0 0
9.8599999999999994316 0 0
9.8700000000000009948 0 0
9.8800000000000007816 0 0
9.8900000000000005684 0 0
9.9000000000000003553 0 0
9.9100000000000001421 0 0
9.9199999999999999289 0 0
9.9299999999999997158 0 0
9.9399999999999995026 0 0
9.9500000000000010658 0 0
9.9600000000000008527 0 0
9.9700000000000006395 0 0
9.9800000000000004263 0 0
9.9900000000000002132 0 0
10 0 0
10.009999999999999787 0 0
10.019999999999999574 0 0
10.029999999999999361 0 0
10.040000000000000924 0 0
10.050000000000000711 0 0
10.060000000000000497 0 0
10.070000000000000284 0 0
10.080000000000000071 0 0
10.089999999999999858 0 0
10.099999999999999645 0 0
10.109999999999999432 0 0
10.120000000000000995 0 0
10.130000000000000782 0 0
10.140000000000000568 0 0
10.150000000000000355 0 0
10.160000000000000142 0 0
10.169999999999999929 0 0
10.179999999999999716 0 0
10.189999999999999503 0 0
10.200000000000001066 0 0
10.210000000000000853 0 0
10.220000000000000639 0 0
10.230000000000000426 0 0
