0 1.1366864011854641205e-32 -1.1366864011854641205e-32
0.010000000000000000208 1.7184643201271507174e-31 -1.7184643201271507174e-31
0.020000000000000000416 2.4500968972822198726e-30 -2.4500968972822198726e-30
0.02999999999999999889 3.2944184315217061538e-29 -3.2944184315217061538e-29
0.040000000000000000833 4.177702755802839259e-28 -4.177702755802839259e-28
0.050000000000000002776 4.9965566984695166503e-27 -4.9965566984695166503e-27
0.05999999999999999778 5.6362546316293723012e-26 -5.6362546316293723012e-26
0.070000000000000006661 5.9966641783732788791e-25 -5.9966641783732788791e-25
0.080000000000000001665 6.0178581143420520205e-24 -6.0178581143420520205e-24
0.089999999999999996669 5.6964201295039285071e-23 -5.6964201295039285071e-23
0.10000000000000000555 5.0863448173455776996e-22 -5.0863448173455776996e-22
0.11000000000000000056 4.2842063744777203657e-21 -4.2842063744777203657e-21
0.11999999999999999556 3.4041930735471249401e-20 -3.4041930735471249401e-20
0.13000000000000000444 2.5518614913973951699e-19 -2.5518614913973951699e-19
0.14000000000000001332 1.8047650038949956765e-18 -1.8047650038949956765e-18
0.14999999999999999445 1.2042820750986807068e-17 0.00030666793463750464813
0.16000000000000000333 7.5823731235142851233e-17 0.00029263735632404557028
0.17000000000000001221 4.5048369010516166838e-16 0.00024653694708786559695
0.17999999999999999334 2.5256904393125796514e-15 0.00027058934210547058719
0.19000000000000000222 1.3364147373364899321e-14 0.00025054567957823197953
0.2000000000000000111 6.6741906491996452829e-14 0.00030466355376721957317
0.20999999999999999223 3.1462402097449578929e-13 0.00026457625759036747541
0.22000000000000000111 1.4001185252125963755e-12 0.00028461988991744280363
0.23000000000000000999 5.8825509754397644016e-12 0.0003146853646576954649
0.23999999999999999112 2.3337164813622419309e-11 0.00033072027721620165901
0.25 8.7432208735623968485e-11 0.00032871586142143297731
0.26000000000000000888 3.0938698263377739077e-10 0.00025254975100816876368
0.27000000000000001776 1.0342223955571123364e-09 0.00029063197040200106731
0.28000000000000002665 3.2665570333347792008e-09 0.00025855987804112288454
0.28999999999999998002 9.7504458359233185695e-09 0.00026256212665560037982
0.2999999999999999889 2.7512004964205535836e-08 0.00028459237931259713517
0.30999999999999999778 7.3401217489410279749e-08 0.00026049412418422209945
0.32000000000000000666 1.8522676669625617885e-07 0.00021027315689592983934
0.33000000000000001554 4.4226160461474600614e-07 0.00028618201051650179155
0.34000000000000002442 9.9955813480748804202e-07 0.00030566837650270920574
0.35000000000000003331 2.1394168429393198421e-06 0.00026444119276177699722
0.35999999999999998668 4.3388867727194053647e-06 0.00029832031536151731258
0.36999999999999999556 8.3431785344552550804e-06 0.00028028544528638606919
0.38000000000000000444 1.5222102558527350518e-05 0.00025336288784974427685
0.39000000000000001332 2.6374269152251581449e-05 0.00025223253796230482322
0.4000000000000000222 4.3439502569220033801e-05 0.00022314110703549626716
0.41000000000000003109 6.8092374116868911141e-05 0.00021452316550096757778
0.41999999999999998446 0.00010172313859862949607 0.0001929185985290471101
0.42999999999999999334 0.00014506059261451615858 0.00015358987701644043699
0.44000000000000000222 0.00019783634692946484618 8.6783544388096476837e-05
0.4500000000000000111 0.00025860744888222349149 7.8125964977978289931e-05
0.46000000000000001998 0.00032482652073268278694 5.6002921559769125795e-05
0.47000000000000002887 0.00039317739616345922203 1.3708792848397691536e-05
0.47999999999999998224 0.00046010478361208919599 -1.1050720575917155966e-06
0.48999999999999999112 0.00052239712136833852188 1.0764097841094080049e-05
0.5 0.00057766428020051673736 -3.2476834377413547894e-05
0.51000000000000000888 0.00062459367660725514243 -7.5397527384702366093e-05
0.52000000000000001776 0.00066294902944166896313 -8.9700485199435925181e-05
0.53000000000000002665 0.00069335864763012523913 -0.00013414065259745712542
0.54000000000000003553 0.00071699190674463710461 -0.00010966917988026938114
0.55000000000000004441 0.00073522984040550799258 -0.00015396383115671486742
0.56000000000000005329 0.00074940675832535269454 -0.00015611458067054989531
0.57000000000000006217 0.00076065546976308352246 -0.00012126288287247545018
0.57999999999999996003 0.00076984973813721386225 -0.00018457502548897115023
0.58999999999999996891 0.00077761551785418190057 -0.00014022731176712907846
0.5999999999999999778 0.00078437805857773453162 -0.00015099855589013129638
0.60999999999999998668 0.00079041901415630980068 -0.0001690656798747162395
0.61999999999999999556 0.00079592870539188097408 -0.00020063214693352292468
0.63000000000000000444 0.00080104823607584512996 -0.00017368181759124673175
0.64000000000000001332 0.00080590194645473753419 -0.00019256607717970406022
0.6500000000000000222 0.00081062274018147101144 -0.00020129563251354803781
0.66000000000000003109 0.00081537226485716601029 -0.00024212372061493297234
0.67000000000000003997 0.00082035610299706883137 -0.00026915557297096080486
0.68000000000000004885 0.00082583224187273416607 -0.0002886622610561910638
0.69000000000000005773 0.00083211011794989534797 -0.00028291396872734257163
0.70000000000000006661 0.00083953812908329475059 -0.00020214992299624192848
0.70999999999999996447 0.00084847978431204409532 -0.00024115705744767637186
0.71999999999999997335 0.00085928199177460811917 -0.00029805967414604566876
0.72999999999999998224 0.00087224209461710003159 -0.0003370764946041121795
0.73999999999999999112 0.00088758170324562191741 -0.00029629390639437436835
0.75 0.00090543422427675904814 -0.00028207656739927115027
0.76000000000000000888 0.00092584942141941397806 -0.0003365659471640607657
0.77000000000000001776 0.00094881363762391651359 -0.00042366988342104399887
0.78000000000000002665 0.00097428026398617764703 -0.00041305794635761519662
0.79000000000000003553 0.0010022031170781482961 -0.00042294148863291042111
0.80000000000000004441 0.0010325660363650723643 -0.0003611035894482239432
0.81000000000000005329 0.0010654045955411227571 -0.00044405126125952919594
0.82000000000000006217 0.001100819062291463063 -0.00043937846118472997925
0.83000000000000007105 0.0011389804180157172501 -0.00048756160451143859026
0.83999999999999996891 0.0011801326977332454986 -0.00055076195665275276374
0.8499999999999999778 0.0012245951436916260695 -0.00055714145838188814872
0.85999999999999998668 0.001272767170028145595 -0.00057725232809161691229
0.86999999999999999556 0.0013251385687706165525 -0.00059354516340839793415
0.88000000000000000444 0.0013823074290152254084 -0.00052844772595871114529
0.89000000000000001332 0.0014450097753294394599 -0.00062522425489505988223
0.9000000000000000222 0.001514169745068584625 -0.0005099825876909835215
0.91000000000000003109 0.0015909913796808118971 -0.0006188740823294515761
0.92000000000000003997 0.0016771418456808493986 -0.00053866228041060432337
0.93000000000000004885 0.0017751382486365350783 -0.0005424534258834630765
0.94000000000000005773 0.0018891728290143384571 -0.00031374150819806043318
0.95000000000000006661 0.0020268235157337344439 -0.00028703424959446535193
0.95999999999999996447 0.0022024032328836666908 -0.00020405088035390251539
0.96999999999999997335 0.0024430226790355109683 -6.9853968416299771355e-05
0.97999999999999998224 0.0027985284192242167525 -0.00016278774419207792806
0.98999999999999999112 0.0033558527709849047052 -0.00011479363347663158051
1 0.004256352713057268318 -0.00034182698065923517589
1.0100000000000000089 0.005711034013988775665 -0.00073419425553302233856
1.0200000000000000178 0.0080036931216687541568 -0.0016478500805765967929
1.0300000000000000266 0.011468133836165987291 -0.0023883580631771910568
1.0400000000000000355 0.016426523735313253161 -0.0033720913878963736793
1.0500000000000000444 0.023085540051615595358 -0.0035048927022579938473
1.0600000000000000533 0.031406096048514561825 -0.003673693962256630724
1.0700000000000000622 0.04098581078348494805 -0.0028467431932482911705
1.0800000000000000711 0.051009062234865586161 -0.0009700763268341294765
1.0900000000000000799 0.060313689493571132072 -0.00015265771094401942021
1.1000000000000000888 0.067589609780958445628 0.0012082318871705216567
1.1100000000000000977 0.07167134210152679985 7.4917826222833938665e-05
1.1200000000000001066 0.071837246806333812654 -0.0025703836390478934648
1.1300000000000001155 0.06801067219250979401 -0.0061459310459453173059
1.1400000000000001243 0.060786680722102012786 -0.0096412873207176660872
1.1500000000000001332 0.051272922926919498043 -0.011744832420127429562
1.1599999999999999201 0.040804046127693401058 -0.012969422075645671566
1.1699999999999999289 0.030631667009090823156 -0.012542268267368712753
1.1799999999999999378 0.021688409977863396666 -0.010568190262923805867
1.1899999999999999467 0.014481937497020489283 -0.008264395858258730479
1.1999999999999999556 0.0091186469840968085998 -0.0059838193888926936859
1.2099999999999999645 0.0054138937039450406308 -0.0037763271020874976391
1.2199999999999999734 0.0030306888910375099667 -0.0023371784299045365342
1.2299999999999999822 0.0015995820237145010664 -0.0012949184698805395796
1.2399999999999999911 0.00079595747860134900484 -0.00065565189919420839224
1.25 0.0003734038366902069344 -0.00031928596972379918832
1.2600000000000000089 0.0001651439698198990311 -0.00013106975445595508175
1.2700000000000000178 6.8854585483615394527e-05 -5.4824027179103452558e-05
1.2800000000000000266 2.7063361861546371379e-05 -2.1050265380363060409e-05
1.2900000000000000355 1.002773792799083519e-05 -1.002773792799083519e-05
1.3000000000000000444 3.5026043907887221143e-06 5.0612674824926882832e-07
1.3100000000000000533 1.1532975062698169353e-06 -1.1532975062698169353e-06
1.3200000000000000622 3.5797249627961999879e-07 1.6463930732393751019e-06
1.3300000000000000711 1.0473996309532952983e-07 -1.0473996309532952983e-07
1.3400000000000000799 2.8888597973261362589e-08 -2.8888597973261362589e-08
1.3500000000000000888 7.5108487941889255029e-09 -7.5108487941889255029e-09
1.3600000000000000977 1.8407618579503010088e-09 2.0025248076610446105e-06
1.3700000000000001066 4.2525558657321027469e-10 -4.2525558657321027469e-10
1.3800000000000001155 9.260710622728149644e-11 -9.260710622728149644e-11
1.3900000000000001243 1.900985039157070811e-11 -1.900985039157070811e-11
1.4000000000000001332 3.6783376576828774726e-12 -3.6783376576828774726e-12
1.4099999999999999201 6.7090582109038448133e-13 -6.7090582109038448133e-13
1.4199999999999999289 1.1534726379369015013e-13 -1.1534726379369015013e-13
1.4299999999999999378 1.8693370782956482783e-14 -1.8693370782956482783e-14
1.4399999999999999467 2.8556268151830532018e-15 -2.8556268151830532018e-15
1.4499999999999999556 4.1119498046058395603e-16 -4.1119498046058395603e-16
1.4599999999999999645 5.5811767476589730216e-17 -5.5811767476589730216e-17
1.4699999999999999734 7.1405972307486806096e-18 2.00436556951185456e-06
1.4799999999999999822 8.6113913009331129835e-19 -8.6113913009331129835e-19
1.4899999999999999911 9.7890699675823270646e-20 2.0043655695188972155e-06
1.5 1.0489099675857095661e-20 2.0043655695189844599e-06
1.5100000000000000089 1.0594075431537845044e-21 -1.0594075431537845044e-21
1.5200000000000000178 1.0085917674087913432e-22 -1.0085917674087913432e-22
1.5300000000000000266 9.0509625348309496893e-24 -9.0509625348309496893e-24
1.5400000000000000355 7.6559770362240796279e-25 -7.6559770362240796279e-25
1.5500000000000000444 6.1042531058168824355e-26 -6.1042531058168824355e-26
1.5600000000000000533 4.5876478971459242382e-27 -4.5876478971459242382e-27
1.5700000000000000622 3.249921454023538163e-28 -3.249921454023538163e-28
1.5800000000000000711 2.1701038807030678474e-29 -2.1701038807030678474e-29
1.5900000000000000799 1.3658805123319415786e-30 -1.3658805123319415786e-30
1.6000000000000000888 8.1034339328201242816e-32 -8.1034339328201242816e-32
1.6100000000000000977 4.5315771570912964326e-33 -4.5315771570912964326e-33
1.6200000000000001066 2.3886541374924550463e-34 -2.3886541374924550463e-34
1.6300000000000001155 1.1868080990255266683e-35 -1.1868080990255266683e-35
1.6400000000000001243 5.5581570521732248405e-37 -5.5581570521732248405e-37
1.6500000000000001332 2.4536011579473791451e-38 2.0043655695189950478e-06
1.6600000000000001421 1.0209388598169730505e-39 -1.0209388598169730505e-39
1.6699999999999999289 4.0042197013858373075e-41 -4.0042197013858373075e-41
1.6799999999999999378 1.4803290225185176552e-42 -1.4803290225185176552e-42
1.6899999999999999467 5.1584664172025396153e-44 2.0043655695189950478e-06
1.6999999999999999556 1.6943564303584271611e-45 -1.6943564303584271611e-45
1.7099999999999999645 5.2457861462847268152e-47 2.0043655695189950478e-06
1.7199999999999999734 1.5308684089945992275e-48 2.0043655695189950478e-06
1.7299999999999999822 4.211011762623866694e-50 2.0043655695189950478e-06
1.7399999999999999911 1.0918329877258139794e-51 2.0043655695189950478e-06
1.75 2.6683757704998151702e-53 -2.6683757704998151702e-53
1.7600000000000000089 6.146935389699952105e-55 -6.146935389699952105e-55
1.7700000000000000178 1.33472274138151186e-56 2.0043655695189950478e-06
1.7800000000000000266 2.7317697979887841171e-58 -2.7317697979887841171e-58
1.7900000000000000355 5.2700853179365908045e-60 2.0043655695189950478e-06
1.8000000000000000444 9.5832228323328877635e-62 2.0043655695189950478e-06
1.8100000000000000533 1.6425772804763261103e-63 -1.6425772804763261103e-63
1.8200000000000000622 2.6537512771889690745e-65 -2.6537512771889690745e-65
1.8300000000000000711 4.0412405339856299757e-67 -4.0412405339856299757e-67
1.8400000000000000799 5.8008170403179622021e-69 -5.8008170403179622021e-69
1.8500000000000000888 7.8484433269811796264e-71 -7.8484433269811796264e-71
1.8600000000000000977 1.0009161298652522694e-72 -1.0009161298652522694e-72
1.8700000000000001066 1.203182667591617311e-74 2.0043655695189950478e-06
1.8800000000000001155 1.3632800587541238281e-76 -1.3632800587541238281e-76
1.8900000000000001243 1.4559892039525096004e-78 2.0043655695189950478e-06
1.9000000000000001332 1.465718971849506484e-80 -1.465718971849506484e-80
1.9100000000000001421 1.3907935666379567617e-82 2.0043655695189950478e-06
1.9199999999999999289 1.2439243700213272327e-84 -1.2439243700213272327e-84
1.9299999999999999378 1.0486837812873299328e-86 2.0043655695189950478e-06
1.9399999999999999467 8.3332485113892978957e-89 2.0043655695189950478e-06
1.9499999999999999556 6.2417053008417580395e-91 2.0043655695189950478e-06
1.9599999999999999645 4.406677520844491339e-93 2.0043655695189950478e-06
1.9699999999999999734 2.9325019269228466423e-95 2.0043655695189950478e-06
1.9799999999999999822 1.8394344314495538605e-97 -1.8394344314495538605e-97
1.9899999999999999911 1.0875499982552906691e-99 -1.0875499982552906691e-99
2 6.0608427330379093924e-102 -6.0608427330379093924e-102
2.0100000000000002309 3.1837254560941404412e-104 -3.1837254560941404412e-104
2.0200000000000000178 1.576365667502870498e-106 -1.576365667502870498e-106
2.0300000000000002487 7.3569370590802062337e-109 -7.3569370590802062337e-109
2.0400000000000000355 3.2363522355476283917e-111 -3.2363522355476283917e-111
2.0499999999999998224 1.3419401604149480374e-113 -1.3419401604149480374e-113
2.0600000000000000533 5.2448020252323158998e-116 2.0043655695189950478e-06
2.0699999999999998401 1.9321622341786320261e-118 2.0043655695189950478e-06
2.0800000000000000711 6.7092902257380140337e-121 2.0043655695189950478e-06
2.0899999999999998579 2.1959782227489088521e-123 2.0043655695189950478e-06
2.1000000000000000888 6.7748222011462573843e-126 2.0043655695189950478e-06
2.1099999999999998757 1.9700904290811851356e-128 6.0130964811833109707e-06
2.1200000000000001066 5.3999877000987442077e-131 1.0021827620221300219e-05
2.1299999999999998934 1.3951396954456700634e-133 6.0130964811833109707e-06
2.1400000000000001243 3.3975112456092710719e-136 1.4030558304511940275e-05
2.1499999999999999112 7.7987026079298100558e-139 2.0043655695189950478e-06
2.1600000000000001421 1.6873377921292741048e-141 1.6034924556151960382e-05
2.1699999999999999289 3.4411206108118363406e-144 1.4030558304511940275e-05
2.1800000000000001599 6.6147877414800796305e-147 1.6034924556151960382e-05
2.1899999999999999467 1.1985331724906246386e-149 8.0174622780759818852e-06
2.2000000000000001776 2.0469267620896385003e-152 3.0065482860663909128e-05
2.2099999999999999645 3.2951305186219016308e-155 2.6056752176373269072e-05
2.2200000000000001954 4.9998961510519706031e-158 3.4074215363943949342e-05
2.2299999999999999822 7.1510096770168820222e-161 2.4052385924733240495e-05
2.2400000000000002132 9.6403264630854978559e-164 2.6056752176373269072e-05
2.25 1.2249943505749298355e-166 2.4052385924733240495e-05
2.2600000000000002309 1.467217084909052603e-169 2.0043655240442600438e-05
2.2700000000000000178 1.6564280900271388972e-172 1.4030558304511940275e-05
2.2800000000000002487 1.7626605992550532922e-175 6.0130964811833109707e-06
2.2900000000000000355 1.7680017213809774902e-178 1.0021827620221300219e-05
2.3000000000000002665 1.6715313454371464251e-181 8.0174622780759818852e-06
2.3100000000000000533 1.4895812620279646186e-184 6.0130964811833109707e-06
2.3199999999999998401 1.2512142708469478756e-187 6.0130964811833109707e-06
2.3300000000000000711 9.9064253408676550522e-191 -9.9064253408676550522e-191
2.3399999999999998579 7.3929884226063077547e-194 4.0087311390379909426e-06
2.3500000000000000888 5.2004489289338881725e-197 -5.2004489289338881725e-197
2.3599999999999998757 3.4480962574087841435e-200 -3.4480962574087841435e-200
2.3700000000000001066 2.154942289722530389e-203 -2.154942289722530389e-203
2.3799999999999998934 1.2694324819522825412e-206 -1.2694324819522825412e-206
2.3900000000000001243 7.0485738095158235596e-210 -7.0485738095158235596e-210
2.3999999999999999112 3.6890161998492521134e-213 -3.6890161998492521134e-213
2.4100000000000001421 1.8198580823914584784e-216 -1.8198580823914584784e-216
2.4199999999999999289 8.4621771733715399337e-220 -8.4621771733715399337e-220
2.4300000000000001599 3.7088931597308702558e-223 -3.7088931597308702558e-223
2.4399999999999999467 1.5322306076447223039e-226 -1.5322306076447223039e-226
2.4500000000000001776 5.966525902332315457e-230 -5.966525902332315457e-230
2.4599999999999999645 2.1899615952184793668e-233 -2.1899615952184793668e-233
2.4700000000000001954 7.576506922812021571e-237 -7.576506922812021571e-237
2.4799999999999999822 2.4706947535407065975e-240 -2.4706947535407065975e-240
2.4900000000000002132 7.5942814931904333203e-244 -7.5942814931904333203e-244
2.5 2.2002488588643442046e-247 -2.2002488588643442046e-247
2.5100000000000002309 6.0086155926880428853e-251 -6.0086155926880428853e-251
2.5200000000000000178 1.5466588325949682194e-254 -1.5466588325949682194e-254
2.5300000000000002487 3.752598568505211606e-258 -3.752598568505211606e-258
2.5400000000000000355 8.581973231161066198e-262 -8.581973231161066198e-262
2.5500000000000002665 1.8499485702081599102e-265 -1.8499485702081599102e-265
2.5600000000000000533 3.75880325892451686e-269 -3.75880325892451686e-269
2.5699999999999998401 7.1987478757643413888e-273 -7.1987478757643413888e-273
2.5800000000000000711 1.2995163544719276735e-276 -1.2995163544719276735e-276
2.5899999999999998579 2.2111792073667172644e-280 -2.2111792073667172644e-280
2.6000000000000000888 3.5463657955358687512e-284 -3.5463657955358687512e-284
2.6099999999999998757 5.3611813963232599276e-288 -5.3611813963232599276e-288
2.6200000000000001066 7.6393225670895002852e-292 -7.6393225670895002852e-292
2.6299999999999998934 1.0260453548060890347e-295 -1.0260453548060890347e-295
2.6400000000000001243 1.2989595358242641505e-299 -1.2989595358242641505e-299
2.6499999999999999112 1.5500368756426680679e-303 -1.5500368756426680679e-303
2.6600000000000001421 1.7434350472095627196e-307 -1.7434350472095627196e-307
2.6699999999999999289 1.8483611792521844264e-311 -1.8483611792521844264e-311
2.6800000000000001599 1.8470779296729139635e-315 -1.8470779296729139635e-315
2.6899999999999999467 1.7398027652653655807e-319 -1.7398027652653655807e-319
2.7000000000000001776 1.4821969375237396325e-323 -1.4821969375237396325e-323
2.7099999999999999645 0 0
2.7200000000000001954 0 0
2.7299999999999999822 0 0
2.7400000000000002132 0 0
2.75 0 0
2.7600000000000002309 0 0
2.7700000000000000178 0 0
2.7800000000000002487 0 0
2.7900000000000000355 0 0
2.8000000000000002665 0 0
2.8100000000000000533 0 0
2.8199999999999998401 0 0
2.8300000000000000711 0 0
2.8399999999999998579 0 0
2.8500000000000000888 0 0
2.8599999999999998757 0 0
2.8700000000000001066 0 0
2.8799999999999998934 0 0
2.8900000000000001243 0 0
2.8999999999999999112 0 0
2.9100000000000001421 0 0
2.9199999999999999289 0 0
2.9300000000000001599 0 0
2.9399999999999999467 0 0
2.9500000000000001776 0 0
2.9599999999999999645 0 0
2.9700000000000001954 0 0
2.9799999999999999822 0 0
2.9900000000000002132 0 0
3 0 0
3.0100000000000002309 0 0
3.0200000000000000178 0 0
3.0300000000000002487 0 0
3.0400000000000000355 0 0
3.0500000000000002665 0 0
3.0600000000000000533 0 0
3.0700000000000002842 0 0
3.0800000000000000711 0 0
3.0899999999999998579 0 0
3.1000000000000000888 0 0
3.1099999999999998757 0 0
3.1200000000000001066 0 0
3.1299999999999998934 0 0
3.1400000000000001243 0 0
3.1499999999999999112 0 0
3.1600000000000001421 0 0
3.1699999999999999289 0 0
3.1800000000000001599 0 0
3.1899999999999999467 0 0
3.2000000000000001776 0 0
3.2099999999999999645 0 0
3.2200000000000001954 0 0
3.2299999999999999822 0 0
3.2400000000000002132 0 0
3.25 0 0
3.2600000000000002309 0 0
3.2700000000000000178 0 0
3.2800000000000002487 0 0
3.2900000000000000355 0 0
3.3000000000000002665 0 0
3.3100000000000000533 0 0
3.3200000000000002842 0 0
3.3300000000000000711 0 0
3.3399999999999998579 0 0
3.3500000000000000888 0 0
3.3599999999999998757 0 0
3.3700000000000001066 0 0
3.3799999999999998934 0 0
3.3900000000000001243 0 0
3.3999999999999999112 0 0
3.4100000000000001421 0 0
3.4199999999999999289 0 0
3.4300000000000001599 0 0
3.4399999999999999467 0 0
3.4500000000000001776 0 0
3.4599999999999999645 0 0
3.4700000000000001954 0 0
3.4799999999999999822 0 0
3.4900000000000002132 0 0
3.5 0 0
3.5100000000000002309 0 0
3.5200000000000000178 0 0
3.5300000000000002487 0 0
3.5400000000000000355 0 0
3.5500000000000002665 0 0
3.5600000000000000533 0 0
3.5700000000000002842 0 0
3.5800000000000000711 0 0
3.5899999999999998579 0 0
3.6000000000000000888 0 0
3.6099999999999998757 0 0
3.6200000000000001066 0 0
3.6299999999999998934 0 0
3.6400000000000001243 0 0
3.6499999999999999112 0 0
3.6600000000000001421 0 0
3.6699999999999999289 0 0
3.6800000000000001599 0 0
3.6899999999999999467 0 0
3.7000000000000001776 0 0
3.7099999999999999645 0 0
3.7200000000000001954 0 0
3.7299999999999999822 0 0
3.7400000000000002132 0 0
3.75 0 0
3.7600000000000002309 0 0
3.7700000000000000178 0 0
3.7800000000000002487 0 0
3.7900000000000000355 0 0
3.8000000000000002665 0 0
3.8100000000000000533 0 0
3.8200000000000002842 0 0
3.8300000000000000711 0 0
3.8399999999999998579 0 0
3.8500000000000000888 0 0
3.8599999999999998757 0 0
3.8700000000000001066 0 0
3.8799999999999998934 0 0
3.8900000000000001243 0 0
3.8999999999999999112 0 0
3.9100000000000001421 0 0
3.9199999999999999289 0 0
3.9300000000000001599 0 0
3.9399999999999999467 0 0
3.9500000000000001776 0 0
3.9599999999999999645 0 0
3.9700000000000001954 0 0
3.9799999999999999822 0 0
3.9900000000000002132 0 0
4 0 0
4.0099999999999997868 0 0
4.0200000000000004619 0 0
4.0300000000000002487 0 0
4.0400000000000000355 0 0
4.0499999999999998224 0 0
4.0600000000000004974 0 0
4.0700000000000002842 0 0
4.0800000000000000711 0 0
4.0899999999999998579 0 0
4.0999999999999996447 0 0
4.1100000000000003197 0 0
4.1200000000000001066 0 0
4.1299999999999998934 0 0
4.1399999999999996803 0 0
4.1500000000000003553 0 0
4.1600000000000001421 0 0
4.1699999999999999289 0 0
4.1799999999999997158 0 0
4.1900000000000003908 0 0
4.2000000000000001776 0 0
4.2099999999999999645 0 0
4.2199999999999997513 0 0
4.2300000000000004263 0 0
4.2400000000000002132 0 0
4.25 0 0
4.2599999999999997868 0 0
4.2700000000000004619 0 0
4.2800000000000002487 0 0
4.2900000000000000355 0 0
4.2999999999999998224 0 0
4.3100000000000004974 0 0
4.3200000000000002842 0 0
4.3300000000000000711 0 0
4.3399999999999998579 0 0
4.3500000000000005329 0 0
4.3600000000000003197 0 0
4.3700000000000001066 0 0
4.3799999999999998934 0 0
4.3899999999999996803 0 0
4.4000000000000003553 0 0
4.4100000000000001421 0 0
4.4199999999999999289 0 0
4.4299999999999997158 0 0
4.4400000000000003908 0 0
4.4500000000000001776 0 0
4.4599999999999999645 0 0
4.4699999999999997513 0 0
4.4800000000000004263 0 0
4.4900000000000002132 0 0
4.5 0 0
4.5099999999999997868 0 0
4.5200000000000004619 0 0
4.5300000000000002487 0 0
4.5400000000000000355 0 0
4.5499999999999998224 0 0
4.5600000000000004974 0 0
4.5700000000000002842 0 0
4.5800000000000000711 0 0
4.5899999999999998579 0 0
4.6000000000000005329 0 0
4.6100000000000003197 0 0
4.6200000000000001066 0 0
4.6299999999999998934 0 0
4.6399999999999996803 0 0
4.6500000000000003553 0 0
4.6600000000000001421 0 0
4.6699999999999999289 0 0
4.6799999999999997158 0 0
4.6900000000000003908 0 0
4.7000000000000001776 0 0
4.7099999999999999645 0 0
4.7199999999999997513 0 0
4.7300000000000004263 0 0
4.7400000000000002132 0 0
4.75 0 0
4.7599999999999997868 0 0
4.7700000000000004619 0 0
4.7800000000000002487 0 0
4.7900000000000000355 0 0
4.7999999999999998224 0 0
4.8100000000000004974 0 0
4.8200000000000002842 0 0
4.8300000000000000711 0 0
4.8399999999999998579 0 0
4.8500000000000005329 0 0
4.8600000000000003197 0 0
4.8700000000000001066 0 0
4.8799999999999998934 0 0
4.8899999999999996803 0 0
4.9000000000000003553 0 0
4.9100000000000001421 0 0
4.9199999999999999289 0 0
4.9299999999999997158 0 0
4.9400000000000003908 0 0
4.9500000000000001776 0 0
4.9599999999999999645 0 0
4.9699999999999997513 0 0
4.9800000000000004263 0 0
4.9900000000000002132 0 0
5 0 0
5.0099999999999997868 0 0
5.0200000000000004619 0 0
5.0300000000000002487 0 0
5.0400000000000000355 0 0
5.0499999999999998224 0 0
5.0600000000000004974 0 0
5.0700000000000002842 0 0
5.0800000000000000711 0 0
5.0899999999999998579 0 0
5.1000000000000005329 0 0
5.1100000000000003197 0 0
5.1200000000000001066 0 0
5.1299999999999998934 0 0
5.1399999999999996803 0 0
5.1500000000000003553 0 0
5.1600000000000001421 0 0
5.1699999999999999289 0 0
5.1799999999999997158 0 0
5.1900000000000003908 0 0
5.2000000000000001776 0 0
5.2099999999999999645 0 0
5.2199999999999997513 0 0
5.2300000000000004263 0 0
5.2400000000000002132 0 0
5.25 0 0
5.2599999999999997868 0 0
5.2700000000000004619 0 0
5.2800000000000002487 0 0
5.2900000000000000355 0 0
5.2999999999999998224 0 0
5.3100000000000004974 0 0
5.3200000000000002842 0 0
5.3300000000000000711 0 0
5.3399999999999998579 0 0
5.3500000000000005329 0 0
5.3600000000000003197 0 0
5.3700000000000001066 0 0
5.3799999999999998934 0 0
5.3899999999999996803 0 0
5.4000000000000003553 0 0
5.4100000000000001421 0 0
5.4199999999999999289 0 0
5.4299999999999997158 0 0
5.4400000000000003908 0 0
5.4500000000000001776 0 0
5.4599999999999999645 0 0
5.4699999999999997513 0 0
5.4800000000000004263 0 0
5.4900000000000002132 0 0
5.5 0 0
5.5099999999999997868 0 0
5.5200000000000004619 0 0
5.5300000000000002487 0 0
5.5400000000000000355 0 0
5.5499999999999998224 0 0
5.5600000000000004974 0 0
5.5700000000000002842 0 0
5.5800000000000000711 0 0
5.5899999999999998579 0 0
5.6000000000000005329 0 0
5.6100000000000003197 0 0
5.6200000000000001066 0 0
5.6299999999999998934 0 0
5.6399999999999996803 0 0
5.6500000000000003553 0 0
5.6600000000000001421 0 0
5.6699999999999999289 0 0
5.6799999999999997158 0 0
5.6900000000000003908 0 0
5.7000000000000001776 0 0
5.7099999999999999645 0 0
5.7199999999999997513 0 0
5.7300000000000004263 0 0
5.7400000000000002132 0 0
5.75 0 0
5.7599999999999997868 0 0
5.7700000000000004619 0 0
5.7800000000000002487 0 0
5.7900000000000000355 0 0
5.7999999999999998224 0 0
5.8100000000000004974 0 0
5.8200000000000002842 0 0
5.8300000000000000711 0 0
5.8399999999999998579 0 0
5.8500000000000005329 0 0
5.8600000000000003197 0 0
5.8700000000000001066 0 0
5.8799999999999998934 0 0
5.8899999999999996803 0 0
5.9000000000000003553 0 0
5.9100000000000001421 0 0
5.9199999999999999289 0 0
5.9299999999999997158 0 0
5.9400000000000003908 0 0
5.9500000000000001776 0 0
5.9599999999999999645 0 0
5.9699999999999997513 0 0
5.9800000000000004263 0 0
5.9900000000000002132 0 0
6 0 0
6.0099999999999997868 0 0
6.0200000000000004619 0 0
6.0300000000000002487 0 0
6.0400000000000000355 0 0
6.0499999999999998224 0 0
6.0600000000000004974 0 0
6.0700000000000002842 0 0
6.0800000000000000711 0 0
6.0899999999999998579 0 0
6.1000000000000005329 0 0
6.1100000000000003197 0 0
6.1200000000000001066 0 0
6.1299999999999998934 0 0
6.1400000000000005684 0 0
6.1500000000000003553 0 0
6.1600000000000001421 0 0
6.1699999999999999289 0 0
6.1799999999999997158 0 0
6.1900000000000003908 0 0
6.2000000000000001776 0 0
6.2099999999999999645 0 0
6.2199999999999997513 0 0
6.2300000000000004263 0 0
6.2400000000000002132 0 0
6.25 0 0
6.2599999999999997868 0 0
6.2700000000000004619 0 0
6.2800000000000002487 0 0
6.2900000000000000355 0 0
6.2999999999999998224 0 0
6.3100000000000004974 0 0
6.3200000000000002842 0 0
6.3300000000000000711 0 0
6.3399999999999998579 0 0
6.3500000000000005329 0 0
6.3600000000000003197 0 0
6.3700000000000001066 0 0
6.3799999999999998934 0 0
6.3900000000000005684 0 0
6.4000000000000003553 0 0
6.4100000000000001421 0 0
6.4199999999999999289 0 0
6.4299999999999997158 0 0
6.4400000000000003908 0 0
6.4500000000000001776 0 0
6.4599999999999999645 0 0
6.4699999999999997513 0 0
6.4800000000000004263 0 0
6.4900000000000002132 0 0
6.5 0 0
6.5099999999999997868 0 0
6.5200000000000004619 0 0
6.5300000000000002487 0 0
6.5400000000000000355 0 0
6.5499999999999998224 0 0
6.5600000000000004974 0 0
6.5700000000000002842 0 0
6.5800000000000000711 0 0
6.5899999999999998579 0 0
6.6000000000000005329 0 0
6.6100000000000003197 0 0
6.6200000000000001066 0 0
6.6299999999999998934 0 0
6.6400000000000005684 0 0
6.6500000000000003553 0 0
6.6600000000000001421 0 0
6.6699999999999999289 0 0
6.6799999999999997158 0 0
6.6900000000000003908 0 0
6.7000000000000001776 0 0
6.7099999999999999645 0 0
6.7199999999999997513 0 0
6.7300000000000004263 0 0
6.7400000000000002132 0 0
6.75 0 0
6.7599999999999997868 0 0
6.7700000000000004619 0 0
6.7800000000000002487 0 0
6.7900000000000000355 0 0
6.7999999999999998224 0 0
6.8100000000000004974 0 0
6.8200000000000002842 0 0
6.8300000000000000711 0 0
6.8399999999999998579 0 0
6.8500000000000005329 0 0
6.8600000000000003197 0 0
6.8700000000000001066 0 0
6.8799999999999998934 0 0
6.8900000000000005684 0 0
6.9000000000000003553 0 0
6.9100000000000001421 0 0
6.9199999999999999289 0 0
6.9299999999999997158 0 0
6.9400000000000003908 0 0
6.9500000000000001776 0 0
6.9599999999999999645 0 0
6.9699999999999997513 0 0
6.9800000000000004263 0 0
6.9900000000000002132 0 0
7 0 0
7.0099999999999997868 0 0
7.0200000000000004619 0 0
7.0300000000000002487 0 0
7.0400000000000000355 0 0
7.0499999999999998224 0 0
7.0600000000000004974 0 0
7.0700000000000002842 0 0
7.0800000000000000711 0 0
7.0899999999999998579 0 0
7.1000000000000005329 0 0
7.1100000000000003197 0 0
7.1200000000000001066 0 0
7.1299999999999998934 0 0
7.1400000000000005684 0 0
7.1500000000000003553 0 0
7.1600000000000001421 0 0
7.1699999999999999289 0 0
7.1799999999999997158 0 0
7.1900000000000003908 0 0
7.2000000000000001776 0 0
7.2099999999999999645 0 0
7.2199999999999997513 0 0
7.2300000000000004263 0 0
7.2400000000000002132 0 0
7.25 0 0
7.2599999999999997868 0 0
7.2700000000000004619 0 0
7.2800000000000002487 0 0
7.2900000000000000355 0 0
7.2999999999999998224 0 0
7.3100000000000004974 0 0
7.3200000000000002842 0 0
7.3300000000000000711 0 0
7.3399999999999998579 0 0
7.3500000000000005329 0 0
7.3600000000000003197 0 0
7.3700000000000001066 0 0
7.3799999999999998934 0 0
7.3900000000000005684 0 0
7.4000000000000003553 0 0
7.4100000000000001421 0 0
7.4199999999999999289 0 0
7.4299999999999997158 0 0
7.4400000000000003908 0 0
7.4500000000000001776 0 0
7.4599999999999999645 0 0
7.4699999999999997513 0 0
7.4800000000000004263 0 0
7.4900000000000002132 0 0
7.5 0 0
7.5099999999999997868 0 0
7.5200000000000004619 0 0
7.5300000000000002487 0 0
7.5400000000000000355 0 0
7.5499999999999998224 0 0
7.5600000000000004974 0 0
7.5700000000000002842 0 0
7.5800000000000000711 0 0
7.5899999999999998579 0 0
7.6000000000000005329 0 0
7.6100000000000003197 0 0
7.6200000000000001066 0 0
7.6299999999999998934 0 0
7.6400000000000005684 0 0
7.6500000000000003553 0 0
7.6600000000000001421 0 0
7.6699999999999999289 0 0
7.6799999999999997158 0 0
7.6900000000000003908 0 0
7.7000000000000001776 0 0
7.7099999999999999645 0 0
7.7199999999999997513 0 0
7.7300000000000004263 0 0
7.7400000000000002132 0 0
7.75 0 0
7.7599999999999997868 0 0
7.7700000000000004619 0 0
7.7800000000000002487 0 0
7.7900000000000000355 0 0
7.7999999999999998224 0 0
7.8100000000000004974 0 0
7.8200000000000002842 0 0
7.8300000000000000711 0 0
7.8399999999999998579 0 0
7.8500000000000005329 0 0
7.8600000000000003197 0 0
7.8700000000000001066 0 0
7.8799999999999998934 0 0
7.8900000000000005684 0 0
7.9000000000000003553 0 0
7.9100000000000001421 0 0
7.9199999999999999289 0 0
7.930000000000000604 0 0
7.9400000000000003908 0 0
7.9500000000000001776 0 0
7.9599999999999999645 0 0
7.9699999999999997513 0 0
7.9800000000000004263 0 0
7.9900000000000002132 0 0
8 0 0
8.0099999999999997868 0 0
8.0199999999999995737 0 0
8.0299999999999993605 0 0
8.0400000000000009237 0 0
8.0500000000000007105 0 0
8.0600000000000004974 0 0
8.0700000000000002842 0 0
8.0800000000000000711 0 0
8.0899999999999998579 0 0
8.0999999999999996447 0 0
8.1099999999999994316 0 0
8.1200000000000009948 0 0
8.1300000000000007816 0 0
8.1400000000000005684 0 0
8.1500000000000003553 0 0
8.1600000000000001421 0 0
8.1699999999999999289 0 0
8.1799999999999997158 0 0
8.1899999999999995026 0 0
8.1999999999999992895 0 0
8.2100000000000008527 0 0
8.2200000000000006395 0 0
8.2300000000000004263 0 0
8.2400000000000002132 0 0
8.25 0 0
8.2599999999999997868 0 0
8.2699999999999995737 0 0
8.2799999999999993605 0 0
8.2900000000000009237 0 0
8.3000000000000007105 0 0
8.3100000000000004974 0 0
8.3200000000000002842 0 0
8.3300000000000000711 0 0
8.3399999999999998579 0 0
8.3499999999999996447 0 0
8.3599999999999994316 0 0
8.3700000000000009948 0 0
8.3800000000000007816 0 0
8.3900000000000005684 0 0
8.4000000000000003553 0 0
8.4100000000000001421 0 0
8.4199999999999999289 0 0
8.4299999999999997158 0 0
8.4399999999999995026 0 0
8.4499999999999992895 0 0
8.4600000000000008527 0 0
8.4700000000000006395 0 0
8.4800000000000004263 0 0
8.4900000000000002132 0 0
8.5 0 0
8.5099999999999997868 0 0
8.5199999999999995737 0 0
8.5299999999999993605 0 0
8.5400000000000009237 0 0
8.5500000000000007105 0 0
8.5600000000000004974 0 0
8.5700000000000002842 0 0
8.5800000000000000711 0 0
8.5899999999999998579 0 0
8.5999999999999996447 0 0
8.6099999999999994316 0 0
8.6200000000000009948 0 0
8.6300000000000007816 0 0
8.6400000000000005684 0 0
8.6500000000000003553 0 0
8.6600000000000001421 0 0
8.6699999999999999289 0 0
8.6799999999999997158 0 0
8.6899999999999995026 0 0
8.7000000000000010658 0 0
8.7100000000000008527 0 0
8.7200000000000006395 0 0
8.7300000000000004263 0 0
8.7400000000000002132 0 0
8.75 0 0
8.7599999999999997868 0 0
8.7699999999999995737 0 0
8.7799999999999993605 0 0
8.7900000000000009237 0 0
8.8000000000000007105 0 0
8.8100000000000004974 0 0
8.8200000000000002842 0 0
8.8300000000000000711 0 0
8.8399999999999998579 0 0
8.8499999999999996447 0 0
8.8599999999999994316 0 0
8.8700000000000009948 0 0
8.8800000000000007816 0 0
8.8900000000000005684 0 0
8.9000000000000003553 0 0
8.9100000000000001421 0 0
8.9199999999999999289 0 0
8.9299999999999997158 0 0
8.9399999999999995026 0 0
8.9500000000000010658 0 0
8.9600000000000008527 0 0
8.9700000000000006395 0 0
8.9800000000000004263 0 0
8.9900000000000002132 0 0
9 0 0
9.0099999999999997868 0 0
9.0199999999999995737 0 0
9.0299999999999993605 0 0
9.0400000000000009237 0 0
9.0500000000000007105 0 0
9.0600000000000004974 0 0
9.0700000000000002842 0 0
9.0800000000000000711 0 0
9.0899999999999998579 0 0
9.0999999999999996447 0 0
9.1099999999999994316 0 0
9.1200000000000009948 0 0
9.1300000000000007816 0 0
9.1400000000000005684 0 0
9.1500000000000003553 0 0
9.1600000000000001421 0 0
9.1699999999999999289 0 0
9.1799999999999997158 0 0
9.1899999999999995026 0 0
9.2000000000000010658 0 0
9.2100000000000008527 0 0
9.2200000000000006395 0 0
9.2300000000000004263 0 0
9.2400000000000002132 0 0
9.25 0 0
9.2599999999999997868 0 0
9.2699999999999995737 0 0
9.2799999999999993605 0 0
9.2900000000000009237 0 0
9.3000000000000007105 0 0
9.3100000000000004974 0 0
9.3200000000000002842 0 0
9.3300000000000000711 0 0
9.3399999999999998579 0 0
9.3499999999999996447 0 0
9.3599999999999994316 0 0
9.3700000000000009948 0 0
9.3800000000000007816 0 0
9.3900000000000005684 0 0
9.4000000000000003553 0 0
9.4100000000000001421 0 0
9.4199999999999999289 0 0
9.4299999999999997158 0 0
9.4399999999999995026 0 0
9.4500000000000010658 0 0
9.4600000000000008527 0 0
9.4700000000000006395 0 0
9.4800000000000004263 0 0
9.4900000000000002132 0 0
9.5 0 0
9.5099999999999997868 0 0
9.5199999999999995737 0 0
9.5299999999999993605 0 0
9.5400000000000009237 0 0
9.5500000000000007105 0 0
9.5600000000000004974 0 0
9.5700000000000002842 0 0
9.5800000000000000711 0 0
9.5899999999999998579 0 0
9.5999999999999996447 0 0
9.6099999999999994316 0 0
9.6200000000000009948 0 0
9.6300000000000007816 0 0
9.6400000000000005684 0 0
9.6500000000000003553 0 0
9.6600000000000001421 0 0
9.6699999999999999289 0 0
9.6799999999999997158 0 0
9.6899999999999995026 0 0
9.7000000000000010658 0 0
9.7100000000000008527 0 0
9.7200000000000006395 0 0
9.7300000000000004263 0 0
9.7400000000000002132 0 0
9.75 0 0
9.7599999999999997868 0 0
9.7699999999999995737 0 0
9.7799999999999993605 0 0
9.7900000000000009237 0 0
9.8000000000000007105 0 0
9.8100000000000004974 0 0
9.8200000000000002842 0 0
9.8300000000000000711 0 0
9.8399999999999998579 0 0
9.8499999999999996447 0 0
9.8599999999999994316 0 0
9.8700000000000009948 0 0
9.8800000000000007816 0 0
9.8900000000000005684 0 0
9.9000000000000003553 0 0
9.9100000000000001421 0 0
9.9199999999999999289 0 0
9.9299999999999997158 0 0
9.9399999999999995026 0 0
9.9500000000000010658 0 0
9.9600000000000008527 0 0
9.9700000000000006395 0 0
9.9800000000000004263 0 0
9.9900000000000002132 0 0
10 0 0
10.009999999999999787 0 0
10.019999999999999574 0 0
10.029999999999999361 0 0
10.040000000000000924 0 0
10.050000000000000711 0 0
10.060000000000000497 0 0
10.070000000000000284 0 0
10.080000000000000071 0 0
10.089999999999999858 0 0
10.099999999999999645 0 0
10.109999999999999432 0 0
10.120000000000000995 0 0
10.130000000000000782 0 0
10.140000000000000568 0 0
10.150000000000000355 0 0
10.160000000000000142 0 0
10.169999999999999929 0 0
10.179999999999999716 0 0
10.189999999999999503 0 0
10.200000000000001066 0 0
10.210000000000000853 0 0
10.220000000000000639 0 0
10.230000000000000426 0 0
