0 0 0
0.010000000000000000208 0 0
0.020000000000000000416 0 0
0.02999999999999999889 0 0
0.040000000000000000833 0 0
0.050000000000000002776 0 0
0.05999999999999999778 0 0
0.070000000000000006661 0 0
0.080000000000000001665 0 0
0.089999999999999996669 0 0
0.10000000000000000555 0 0
0.11000000000000000056 0 0
0.11999999999999999556 0 0
0.13000000000000000444 0 0
0.14000000000000001332 0 0
0.14999999999999999445 0 9.6005758678074926138e-05
0.16000000000000000333 0 6.4003841544035822153e-05
0.17000000000000001221 0 9.2005517217330634594e-05
0.17999999999999999334 0 6.2003717175684869289e-05
0.19000000000000000222 0 4.6002758608665317297e-05
0.2000000000000000111 0 3.4002041502390056849e-05
0.20999999999999999223 0 4.2002520785899832845e-05
0.22000000000000000111 0 4.0002400055527687073e-05
0.23000000000000000999 0 2.2001320758135989308e-05
0.23999999999999999112 0 3.0001800041645768693e-05
0.25 0 1.8001079297391701153e-05
0.26000000000000000888 0 1.6000960386008958926e-05
0.27000000000000001776 0 3.2001920772017911077e-05
0.28000000000000002665 0 3.6002158594783402305e-05
0.28999999999999998002 0 2.6001560399890880695e-05
0.2999999999999999889 0 1.0000600013881920074e-05
0.30999999999999999778 0 2.6001560399890880695e-05
0.32000000000000000666 0 2.4001439669518731534e-05
0.33000000000000001554 0 3.0001800041645768693e-05
0.34000000000000002442 0 4.2002520785899832845e-05
0.35000000000000003331 0 3.2001920772017911077e-05
0.35999999999999998668 0 4.2002520785899832845e-05
0.36999999999999999556 0 5.6003358622547239065e-05
0.38000000000000000444 0 3.2001920772017911077e-05
0.39000000000000001332 0 4.2002520785899832845e-05
0.4000000000000000222 0 5.2003120799781747837e-05
0.41000000000000003109 0 4.0002400055527687073e-05
0.41999999999999998446 0 4.6002758608665317297e-05
0.42999999999999999334 0 2.6001560399890880695e-05
0.44000000000000000222 0 2.4001439669518731534e-05
0.4500000000000000111 0 2.6001560399890880695e-05
0.46000000000000001998 0 2.6001560399890880695e-05
0.47000000000000002887 0 2.8001679311273619533e-05
0.47999999999999998224 0 2.6001560399890880695e-05
0.48999999999999999112 0 1.4000839655636809766e-05
0.5 0 2.8001679311273619533e-05
0.51000000000000000888 0 2.4001439669518731534e-05
0.52000000000000001776 0 1.8001079297391701153e-05
0.53000000000000002665 0 2.2001320758135989308e-05
0.54000000000000003553 0 1.6000960386008958926e-05
0.55000000000000004441 0 2.6001560399890880695e-05
0.56000000000000005329 0 1.8001079297391701153e-05
0.57000000000000006217 0 2.4001439669518731534e-05
0.57999999999999996003 0 1.2000719834759369155e-05
0.58999999999999996891 0 1.6000960386008958926e-05
0.5999999999999999778 0 3.0001800041645768693e-05
0.60999999999999998668 0 2.4001439669518731534e-05
0.61999999999999999556 0 1.6000960386008958926e-05
0.63000000000000000444 0 2.6001560399890880695e-05
0.64000000000000001332 0 3.6002158594783402305e-05
0.6500000000000000222 0 2.0001200027763840148e-05
0.66000000000000003109 0 1.6000960386008958926e-05
0.67000000000000003997 0 1.2000719834759369155e-05
0.68000000000000004885 0 1.4000839655636809766e-05
0.69000000000000005773 0 1.4000839655636809766e-05
0.70000000000000006661 0 2.2001320758135989308e-05
0.70999999999999996447 0 2.0001200027763840148e-05
0.71999999999999997335 0 2.6001560399890880695e-05
0.72999999999999998224 0 2.4001439669518731534e-05
0.73999999999999999112 0 2.0001200027763840148e-05
0.75 0 2.0001200027763840148e-05
0.76000000000000000888 0 1.4000839655636809766e-05
0.77000000000000001776 0 1.8001079297391701153e-05
0.78000000000000002665 0 3.4002041502390056849e-05
0.79000000000000003553 0 1.0000600013881920074e-05
0.80000000000000004441 0 1.8001079297391701153e-05
0.81000000000000005329 0 2.4001439669518731534e-05
0.82000000000000006217 0 1.0000600013881920074e-05
0.83000000000000007105 0 1.4000839655636809766e-05
0.83999999999999996891 0 1.6000960386008958926e-05
0.8499999999999999778 1.2845706791872410149e-322 2.0001200027763840148e-05
0.85999999999999998668 2.0380207890951419947e-320 2.2001320758135989308e-05
0.86999999999999999556 3.1198911557630947899e-318 2.0001200027763840148e-05
0.88000000000000000444 4.6933306545638583105e-316 2.2001320758135989308e-05
0.89000000000000001332 6.9384556542843369558e-314 1.2000719834759369155e-05
0.9000000000000000222 1.0080550928457993305e-311 2.2001320758135989308e-05
0.91000000000000003109 1.4392807086208163674e-309 2.6001560399890880695e-05
0.92000000000000003997 2.0195124077569238975e-307 1.6000960386008958926e-05
0.93000000000000004885 2.7847571798617182008e-305 2.6001560399890880695e-05
0.94000000000000005773 3.7737047981977726169e-303 2.6001560399890880695e-05
0.95000000000000006661 5.0256044183121143333e-301 1.8001079297391701153e-05
0.95999999999999996447 6.5773122935462534066e-299 1.8001079297391701153e-05
0.96999999999999997335 8.4595723671557570982e-297 1.8001079297391701153e-05
0.97999999999999998224 1.0692718711070814455e-294 1.2000719834759369155e-05
0.98999999999999999112 1.3282127948519136849e-292 2.6001560399890880695e-05
1 1.6213880283602049106e-290 1.4000839655636809766e-05
1.0100000000000000089 1.9451184339293734528e-288 1.2000719834759369155e-05
1.0200000000000000178 2.2932157847727800281e-286 1.8001079297391701153e-05
1.0300000000000000266 2.6569512156078055052e-284 1.2000719834759369155e-05
1.0400000000000000355 3.0252552510620951303e-282 1.2000719834759369155e-05
1.0500000000000000444 3.385168193197483425e-280 1.8001079297391701153e-05
1.0600000000000000533 3.7225305015260112132e-278 2.2001320758135989308e-05
1.0700000000000000622 4.0228706014803240401e-276 1.6000960386008958926e-05
1.0800000000000000711 4.2724171233210067652e-274 2.2001320758135989308e-05
1.0900000000000000799 4.4591390550911558594e-272 1.4000839655636809766e-05
1.1000000000000000888 4.573705210994641808e-270 1.8001079297391701153e-05
1.1100000000000000977 4.6102567098576290223e-268 1.4000839655636809766e-05
1.1200000000000001066 4.566903476824050588e-266 1.8001079297391701153e-05
1.1300000000000001155 4.4458862000346645759e-264 2.4001439669518731534e-05
1.1400000000000001243 4.2533844247080446833e-262 2.6001560399890880695e-05
1.1500000000000001332 3.9989936632641059719e-260 1.8001079297391701153e-05
1.1599999999999999201 3.6949331095228880656e-258 1.4000839655636809766e-05
1.1699999999999999289 3.3550749809892814576e-256 2.8001679311273619533e-05
1.1799999999999999378 2.9939025860906950561e-254 2.6001560399890880695e-05
1.1899999999999999467 2.6255052164551712083e-252 1.8001079297391701153e-05
1.1999999999999999556 2.2627047613125552887e-250 1.4000839655636809766e-05
1.2099999999999999645 1.9163846390803146235e-248 2.2001320758135989308e-05
1.2199999999999999734 1.5950608535305851866e-246 2.6001560399890880695e-05
1.2299999999999999822 1.3047028684684089151e-244 2.6001560399890880695e-05
1.2399999999999999911 1.0487832990410040061e-242 1.6000960386008958926e-05
1.25 8.2851369948519692289e-241 1.2000719834759369155e-05
1.2600000000000000089 6.4321092141909039003e-239 1.2000719834759369155e-05
1.2700000000000000178 4.9073486150783150597e-237 1.4000839655636809766e-05
1.2800000000000000266 3.6794270548995566798e-235 1.6000960386008958926e-05
1.2900000000000000355 2.7111482668104475657e-233 2.2001320758135989308e-05
1.3000000000000000444 1.9632071425340959996e-231 8.0004801930044777691e-06
1.3100000000000000533 1.3970719308599704934e-229 1.8001079297391701153e-05
1.3200000000000000622 9.7703741263979127292e-228 8.0004801930044777691e-06
1.3300000000000000711 6.7149596290968171783e-226 1.0000600013881920074e-05
1.3400000000000000799 4.5353979886348224831e-224 1.6000960386008958926e-05
1.3500000000000000888 3.0104206570532704315e-222 3.8002279325155541301e-05
1.3600000000000000977 1.9637163350228879838e-220 2.2001320758135989308e-05
1.3700000000000001066 1.2588387565801255634e-218 1.2000719834759369155e-05
1.3800000000000001155 7.9305122990192272048e-217 1.8001079297391701153e-05
1.3900000000000001243 4.9098945604902910433e-215 1.0000600013881920074e-05
1.4000000000000001332 2.987327753942093158e-213 1.8001079297391701153e-05
1.4099999999999999201 1.786213497604911244e-211 2.6001560399890880695e-05
1.4199999999999999289 1.049599572204237705e-209 1.4000839655636809766e-05
1.4299999999999999378 6.0611315275031182102e-208 2.4001439669518731534e-05
1.4399999999999999467 3.4397236850792636474e-206 2.0001200027763840148e-05
1.4499999999999999556 1.9183736057029255826e-204 2.0001200027763840148e-05
1.4599999999999999645 1.0514354347740829361e-202 1.8001079297391701153e-05
1.4699999999999999734 5.6633292774591581147e-201 2.4001439669518731534e-05
1.4799999999999999822 2.9977872085536414427e-199 1.2000719834759369155e-05
1.4899999999999999911 1.5594432551283651845e-197 1.8001079297391701153e-05
1.5 7.972199086318232413e-196 2.2001320758135989308e-05
1.5100000000000000089 4.0052209582817909282e-194 1.8001079297391701153e-05
1.5200000000000000178 1.9774914280915461256e-192 3.2001920772017911077e-05
1.5300000000000000266 9.5949457667530020879e-191 3.0001800041645768693e-05
1.5400000000000000355 4.5752014815285970375e-189 1.8001079297391701153e-05
1.5500000000000000444 2.1439650882767275006e-187 1.8001079297391701153e-05
1.5600000000000000533 9.8733601551296157276e-186 2.0001200027763840148e-05
1.5700000000000000622 4.468399911247062301e-184 2.2001320758135989308e-05
1.5800000000000000711 1.9873706643757508637e-182 2.0001200027763840148e-05
1.5900000000000000799 8.6865135296326252871e-181 1.6000960386008958926e-05
1.6000000000000000888 3.7312290591470097691e-179 2.0001200027763840148e-05
1.6100000000000000977 1.5750636430778338243e-177 2.8001679311273619533e-05
1.6200000000000001066 6.5340745889385083108e-176 1.8001079297391701153e-05
1.6300000000000001155 2.663850537178960396e-174 1.4000839655636809766e-05
1.6400000000000001243 1.067272710849978085e-172 1.6000960386008958926e-05
1.6500000000000001332 4.2022389262576597696e-171 2.4001439669518731534e-05
1.6600000000000001421 1.6260199242952743207e-169 2.8001679311273619533e-05
1.6699999999999999289 6.1831640536535588951e-168 3.0001800041645768693e-05
1.6799999999999999378 2.3106568871280295804e-166 2.8001679311273619533e-05
1.6899999999999999467 8.4859396357943985751e-165 3.4002041502390056849e-05
1.6999999999999999556 3.062698177701770664e-163 4.8002879339037463069e-05
1.7099999999999999645 1.0862961673840906528e-161 3.2001920772017911077e-05
1.7199999999999999734 3.7864487203085278473e-160 3.4002041502390056849e-05
1.7299999999999999822 1.2970469506097396687e-158 3.8002279325155541301e-05
1.7399999999999999911 4.3663555738692167514e-157 3.4002041502390056849e-05
1.75 1.4445157692847542443e-155 4.0002400055527687073e-05
1.7600000000000000089 4.6964019540873849697e-154 3.8002279325155541301e-05
1.7700000000000000178 1.5005415241081742915e-152 4.2002520785899832845e-05
1.7800000000000000266 4.7116233038622730441e-151 1.8001079297391701153e-05
1.7900000000000000355 1.4538944857721199788e-149 2.6001560399890880695e-05
1.8000000000000000444 4.4089482646031510902e-148 3.2001920772017911077e-05
1.8100000000000000533 1.3139441367357223244e-146 1.6000960386008958926e-05
1.8200000000000000622 3.8482084150671325152e-145 2.4001439669518731534e-05
1.8300000000000000711 1.1075926217136852972e-143 1.4000839655636809766e-05
1.8400000000000000799 3.1328623299079240806e-142 2.6001560399890880695e-05
1.8500000000000000888 8.7084803747293405091e-141 3.0001800041645768693e-05
1.8600000000000000977 2.3789398842524475251e-139 1.2000719834759369155e-05
1.8700000000000001066 6.386553494001792931e-138 2.0001200027763840148e-05
1.8800000000000001155 1.6850365730582764208e-136 2.2001320758135989308e-05
1.8900000000000001243 4.3708470245902446844e-135 1.6000960386008958926e-05
1.9000000000000001332 1.1179661352356645951e-133 1.6000960386008958926e-05
1.9100000000000001421 2.8876182326163940817e-132 1.2000719834759369155e-05
1.9199999999999999289 8.8409905800392199378e-131 1.4000839655636809766e-05
1.9299999999999999378 5.3914793171350922611e-129 1.6000960386008958926e-05
1.9399999999999999467 7.0957216240307817139e-127 1.2000719834759369155e-05
1.9499999999999999556 1.156123412103654455e-124 3.4002041502390056849e-05
1.9599999999999999645 1.8732493791675250633e-122 1.0000600013881920074e-05
1.9699999999999999734 2.9104836394833446317e-120 1.2000719834759369155e-05
1.9799999999999999822 4.3142871539913219449e-118 1.4000839655636809766e-05
1.9899999999999999911 6.0970673364469472994e-116 2.2001320758135989308e-05
2 8.214061867636641492e-114 1.8001079297391701153e-05
2.0100000000000002309 1.0549075766013582725e-111 1.0000600013881920074e-05
2.0200000000000000178 1.2914876310854126257e-109 2.0001200027763840148e-05
2.0300000000000002487 1.5072534118144143327e-107 2.4001439669518731534e-05
2.0400000000000000355 1.6768855737573771859e-105 3.0001800041645768693e-05
2.0499999999999998224 1.7784542740400169775e-103 1.6000960386008958926e-05
2.0600000000000000533 1.7980639265585224025e-101 1.4000839655636809766e-05
2.0699999999999998401 1.7329728647374792223e-99 2.6001560399890880695e-05
2.0800000000000000711 1.5922222914952750404e-97 1.8001079297391701153e-05
2.0899999999999998579 1.3945756185585790233e-95 2.0001200027763840148e-05
2.1000000000000000888 1.1644156432956994536e-93 2.8001679311273619533e-05
2.1099999999999998757 9.2683577954872494494e-92 2.2001320758135989308e-05
2.1200000000000001066 7.03278900005131678e-90 1.6000960386008958926e-05
2.1299999999999998934 5.0872572984891348088e-88 1.6000960386008958926e-05
2.1400000000000001243 3.5081040228165884154e-86 3.0001800041645768693e-05
2.1499999999999999112 2.3061907945066781965e-84 1.8001079297391701153e-05
2.1600000000000001421 1.4452847962927438996e-82 2.4001439669518731534e-05
2.1699999999999999289 8.6347253224420317663e-81 2.2001320758135989308e-05
2.1800000000000001599 4.9179264359152272667e-79 2.2001320758135989308e-05
2.1899999999999999467 2.670272031731899121e-77 1.6000960386008958926e-05
2.2000000000000001776 1.3821990451485721089e-75 2.4001439669518731534e-05
2.2099999999999999645 6.8207001357549614067e-74 2.4001439669518731534e-05
2.2200000000000001954 3.2087239545224914548e-72 2.4001439669518731534e-05
2.2299999999999999822 1.4390722470253875209e-70 1.0000600013881920074e-05
2.2400000000000002132 6.152924101589164768e-69 2.2001320758135989308e-05
2.25 2.508021098459227342e-67 8.0004801930044777691e-06
2.2600000000000002309 9.7461592653704659394e-66 1.6000960386008958926e-05
2.2700000000000000178 3.6106934244160938689e-64 8.0004801930044777691e-06
2.2800000000000002487 1.2752775166617644893e-62 1.4000839655636809766e-05
2.2900000000000000355 4.2941581943983250424e-61 1.6000960386008958926e-05
2.3000000000000002665 1.3785197341045113832e-59 1.2000719834759369155e-05
2.3100000000000000533 4.2190241066771839451e-58 1.8001079297391701153e-05
2.3199999999999998401 1.231055574057860184e-56 1.4000839655636809766e-05
2.3300000000000000711 3.4246217678309280543e-55 1.4000839655636809766e-05
2.3399999999999998579 9.0827979100878774724e-54 1.4000839655636809766e-05
2.3500000000000000888 2.2966862862955517303e-52 1.4000839655636809766e-05
2.3599999999999998757 5.5368367670308111313e-51 2.2001320758135989308e-05
2.3700000000000001066 1.2726323081900820516e-49 1.6000960386008958926e-05
2.3799999999999998934 2.7888724795971168549e-48 3.0001800041645768693e-05
2.3900000000000001243 5.8269637291629602231e-47 2.8001679311273619533e-05
2.3999999999999999112 1.1607736384068517738e-45 2.8001679311273619533e-05
2.4100000000000001421 2.2046929347836820331e-44 1.6000960386008958926e-05
2.4199999999999999289 3.9925283198917997303e-43 3.2001920772017911077e-05
2.4300000000000001599 6.8936841825163136271e-42 1.8001079297391701153e-05
2.4399999999999999467 1.1349131057408904101e-40 4.0002400965022388846e-06
2.4500000000000001776 1.7815018356619357009e-39 2.8001679311273619533e-05
2.4599999999999999645 2.6664116059642921366e-38 1.2000719834759369155e-05
2.4700000000000001954 3.8053133901333714635e-37 1.4000839655636809766e-05
2.4799999999999999822 5.178229841501450839e-36 1.2000719834759369155e-05
2.4900000000000002132 6.7190131594421964121e-35 2.0001200027763840148e-05
2.5 8.3132120668734590459e-34 2.4001439669518731534e-05
2.5100000000000002309 9.8079372426208530787e-33 2.2001320758135989308e-05
2.5200000000000000178 1.1034141591151175664e-31 2.0001200027763840148e-05
2.5300000000000002487 1.1837458364236019589e-30 2.2001320758135989308e-05
2.5400000000000000355 1.2110018417212796473e-29 2.0001200027763840148e-05
2.5500000000000002665 1.1814229379366358809e-28 2.8001679311273619533e-05
2.5600000000000000533 1.0991287098480589918e-27 2.2001320758135989308e-05
2.5699999999999998401 9.7517616617218329061e-27 2.0001200027763840148e-05
2.5800000000000000711 8.2512234156338401078e-26 1.4000839655636809766e-05
2.5899999999999998579 6.6583148275866318281e-25 2.4001439669518731534e-05
2.6000000000000000888 5.1242656862909629366e-24 6.0003599173796828836e-06
2.6099999999999998757 3.7612449392067670794e-23 2.0001200027763840148e-05
2.6200000000000001066 2.6331546119913434409e-22 8.0004801930044777691e-06
2.6299999999999998934 1.7582426732933753907e-21 1.000060001388191838e-05
2.6400000000000001243 1.119831935891764707e-20 2.600156039989087053e-05
2.6499999999999999112 6.8032014220477130541e-20 2.2001320758135921546e-05
2.6600000000000001421 3.9425411372460390001e-19 1.8001079297391308129e-05
2.6699999999999999289 2.179509416869127352e-18 2.200132075813381074e-05
2.6800000000000001599 1.1494217241759247474e-17 1.800107929738020861e-05
2.6899999999999999467 5.7830664494926023132e-17 1.8001079297333869131e-05
2.7000000000000001776 2.7759824496551926942e-16 1.2000719834481771048e-05
2.7099999999999999645 1.2713889293378693353e-15 1.4000839654365420089e-05
2.7200000000000001954 5.5560831209920410834e-15 2.0001200022207758024e-05
2.7299999999999999822 2.3169426877893984013e-14 1.2000719811589941624e-05
2.7400000000000002132 9.2203673811181051553e-14 2.4001439577315058317e-05
2.75 3.5018733967844680944e-13 1.6000960035821618321e-05
2.7600000000000002309 1.2694276348992912674e-12 1.4000838386209175603e-05
2.7700000000000000178 4.3924846418341531043e-12 1.6000955993524315635e-05
2.7800000000000002487 1.4509444582329153275e-11 2.0001185518319257109e-05
2.7900000000000000355 4.5759096306611115691e-11 2.0001154268667532848e-05
2.8000000000000002665 1.3779806506688760094e-10 3.200178297395284507e-05
2.8100000000000000533 3.9628393022351038688e-10 1.9997237643208953726e-06
2.8199999999999998401 1.0885104719315203136e-09 1.1999631324287437218e-05
2.8300000000000000711 2.8562364447476460516e-09 1.5998104149564211924e-05
2.8399999999999998579 7.1609758516843077881e-09 1.5993799410157273112e-05
2.8500000000000000888 1.7157645100147805473e-08 1.9984042382663693739e-05
2.8599999999999998757 3.9296400338221339527e-08 1.3961543255298589241e-05
2.8700000000000001066 8.6054328842053541156e-08 2.1915266429293936667e-05
2.8799999999999998934 1.8023863709143787857e-07 2.1821082121044553097e-05
2.8900000000000001243 3.6118208165773790561e-07 2.3640257587860994635e-05
2.8999999999999999112 6.927490841710612867e-07 2.1308571673964927704e-05
2.9100000000000001421 1.2722994151830224055e-06 2.2729140254335708282e-05
2.9199999999999999289 2.2386501529201495398e-06 7.7619498609617705343e-06
2.9300000000000001599 3.7758874849084623673e-06 2.4225791826365156742e-05
2.9399999999999999467 6.1091111733177731605e-06 2.3892688868327995532e-05
2.9500000000000001776 9.4885002485054151656e-06 2.0513299793140353527e-05
2.9599999999999999645 1.4160003076881594108e-05 9.8414365926371374265e-06
2.9700000000000001954 2.0324519470562103427e-05 1.6768012875738858816e-06
2.9799999999999999822 2.8091912238246573888e-05 -1.4091072582609764121e-05
2.9900000000000002132 3.7440051082776505014e-05 -1.9438971785384803861e-05
3 4.8190549000373419074e-05 -2.8189348972609578925e-05
3.0100000000000002309 6.0010614869882138048e-05 -4.4009654483873175733e-05
3.0200000000000000178 7.2444535270086744751e-05 -4.8443095600568013216e-05
3.0300000000000002487 8.4970329227050957178e-05 -6.6969249929659259413e-05
3.0400000000000000355 9.7069818890202177368e-05 -7.9068739592810479604e-05
3.0500000000000002665 0.00010829644322020417146 -8.8295243192440327922e-05
3.0600000000000000533 0.00011832608992300914824 -9.8324889895245304707e-05
3.0700000000000002842 0.0001269815941278012875 -0.00010298015445828255596
3.0800000000000000711 0.00013422922488598839014 -0.00012022838523035158037
3.0899999999999998579 0.00014015264595870560184 -0.00012615180630306879208
3.1000000000000000888 0.00014491423680596841818 -0.00012891327641995946264
3.1099999999999998757 0.00014871441018851866249 -0.00012271284978862778518
3.1200000000000001066 0.00015175724858100205937 -0.00013175604855323821583
3.1299999999999998934 0.00015422690255518083113 -0.00013422570252741698759
3.1400000000000001243 0.00015627536518639269908 -0.00014627476517251077732
3.1499999999999999112 0.00015801955840278168893 -0.00013801835837501784539
3.1600000000000001421 0.00015954449590696188682 -0.00013954329587919804328
3.1699999999999999289 0.00016090937097714878108 -0.00014690853132151197131
3.1800000000000001599 0.00016215421577829740372 -0.00013815277610877867219
3.1899999999999999467 0.00016330576416674912098 -0.00014730480378074016544
3.2000000000000001776 0.00016438197685485276926 -0.0001463808975574610715
3.2099999999999999645 0.00016539522098866609855 -0.00013939366058877522125
3.2200000000000001954 0.00016635435161255896072 -0.00013835267230128534119
3.2299999999999999822 0.00016726600534501651052 -0.00014526468458688052122
3.2400000000000002132 0.00016813537851522131162 -0.00014813417848745746809
3.25 0.00016896669008917573939 -0.00015096561079178404162
3.2600000000000002309 0.0001697634608194254185 -0.00014776214006128942919
3.2700000000000000178 0.00017052868810811045363 -0.00015652784845247364387
3.2800000000000002487 0.00017126496214178675288 -0.00014526340174189587558
3.2900000000000000355 0.00017197454895278750046 -0.00015997382911802813469
3.3000000000000002665 0.00017265945553364092061 -0.00015865861587800411084
3.3100000000000000533 0.00017332148737479613639 -0.00014331968733315037109
3.3200000000000002842 0.0001739623074792856299 -0.00015796134709327667436
3.3300000000000000711 0.00017458350658702774375 -0.00014458170654538197845
3.3399999999999998579 0.0001751866959739995682 -0.00015918573558799061266
3.3500000000000000888 0.00017577363579773769937 -0.00015577243576997385583
3.3599999999999998757 0.0001763464125828256466 -0.00015034485218293476929
3.3700000000000001066 0.00017690767850258055515 -0.00015290623883306182361
3.3799999999999998934 0.00017746096317691281859 -0.00014545904240489490752
3.3900000000000001243 0.00017801106838764166004 -0.00015000938907636804051
3.3999999999999999112 0.00017856456265332121226 -0.00014256240405853781673
3.4100000000000001421 0.00017913041341526401875 -0.00013512777189899204014
3.4199999999999999289 0.00017972083725238969924 -0.00012571759572223579885
3.4300000000000001599 0.0001803525174260556935 -0.00013834999664015586065
3.4399999999999999467 0.00018104843045803199037 -0.00012704518892787808998
3.4500000000000001776 0.0001818406269522839598 -0.00013183762688287435096
3.4599999999999999645 0.00018277440433999713495 -0.00010876996278207939103
3.4700000000000001954 0.00018391436176974792181 -0.00013591148243071045874
3.4799999999999999822 0.00018535280919902414991 -0.00013935005059035883261
3.4900000000000002132 0.00018722088581046668473 -0.00013321764428031278435
3.5 0.0001897025045742326639 -0.00014169962523519520083
3.5100000000000002309 0.00019305086396229501956 -0.00015504858463713947826
3.5200000000000000178 0.00019760674630425669341 -0.00014160338768170945434
3.5300000000000002487 0.00020381715990035968039 -0.00015781440129169436309
3.5400000000000000355 0.00021225210699823976327 -0.00016824946548196778465
3.5500000000000002665 0.00022361643777930666991 -0.00017361343770989706107
3.5600000000000000533 0.00023875299737014798475 -0.0001747491558261121626
3.5700000000000002842 0.00025863275830423614879 -0.00018462831674631840486
3.5800000000000000711 0.00028432756655264297902 -0.00023032432502248907863
3.5899999999999998579 0.00031696173761244377009 -0.00026095837898989653102
3.6000000000000000888 0.00035764020364591745564 -0.0003076372035765078468
3.6099999999999998757 0.00040735331707444845818 -0.00031334767548876687072
3.6200000000000001066 0.00046686168478279671187 -0.00038885700176413467641
3.6299999999999998934 0.00053656826254245084968 -0.00045056310387825784531
3.6400000000000001243 0.00061638889234653731434 -0.00048838120925846577845
3.6499999999999999112 0.00070563585269793561907 -0.00055162661830492011519
3.6600000000000001421 0.00080293106468452488111 -0.00066492278158257131504
3.6699999999999999289 0.00090616565450851878881 -0.00069015268838790318727
3.6800000000000001599 0.001012520122652649365 -0.00082450883948128619004
3.6899999999999999467 0.0011185542759088484051 -0.00089254070977435088184
3.7000000000000001776 0.0012203686695437523588 -0.00094235200079936711631
3.7099999999999999645 0.0013138303995468519729 -0.0010118122674860857528
3.7200000000000001954 0.001394846905833679266 -0.0010428257737035034371
3.7299999999999999822 0.0014596634527039361196 -0.0010956416180194002586
3.7400000000000002132 0.0015051545722383383955 -0.0010911297374843929257
3.75 0.0015290781090412410015 -0.0010850514742456497663
3.7600000000000002309 0.0015302631520244813507 -0.0011602409515108502453
3.7700000000000000178 0.0015087099310356500564 -0.0010986853304664912639
3.7800000000000002487 0.0014655898170081815921 -0.001127569548180504819
3.7900000000000000355 0.001403145425633175146 -0.0010751257568193802946
3.8000000000000002665 0.0013245026858749787448 -0.00099448288541687532641
3.8100000000000000533 0.001233416795524993519 -0.0009674008293349683086
3.8200000000000002842 0.0011339807780910990745 -0.00085796421188719194234
3.8300000000000000711 0.0010303280025960182952 -0.00079831408518434075587
3.8399999999999998579 0.00092635838055147906502 -0.00071634578025995859947
3.8500000000000000888 0.00082551257369231417424 -0.00066350285637781008727
3.8599999999999998757 0.00073061055134376797632 -0.00061660370973032254532
3.8700000000000001066 0.00064376165695475184771 -0.00053575517389444404694
3.8799999999999998934 0.00056634443553012876402 -0.00047833915249758480678
3.8900000000000001243 0.00049904706398839994083 -0.00042904286389122648845
3.8999999999999999112 0.00044195413144606880956 -0.00039795148992979683094
3.9100000000000001421 0.00039466306467220716369 -0.00034666018533316970062
3.9199999999999999289 0.00035641355068360156075 -0.00031041079207493624346
3.9300000000000001599 0.00032621538103688182226 -0.00028821310171172628096
3.9399999999999999467 0.00030296353149502762859 -0.00027896209182550889705
3.9500000000000001776 0.00028553324872779327695 -0.00024353072794189344411
3.9599999999999999645 0.00027285177981773117532 -0.00023084925903183134248
3.9700000000000001954 0.00026394666081758314533 -0.00023194474004556523425
3.9799999999999999822 0.00025797289708664105853 -0.00022597097631462314746
3.9900000000000002132 0.00025422284031061446021 -0.00020421984024120485137
4 0.00025212317312408303368 -0.00021012065233818320083
4.0099999999999997868 0.00025122333139290391234 -0.00021322105206774837104
4.0200000000000004619 0.00025117914893903669701 -0.00020517639033037137972
4.0300000000000002487 0.0002517347176598519953 -0.00022373303834857837576
4.0400000000000000355 0.00025270459883940040195 -0.00021670244024461700642
4.0499999999999998224 0.00025395772807361774708 -0.00021995568657122769023
4.0600000000000004974 0.00025540370194537511056 -0.00022540190190372934526
4.0700000000000002842 0.00025698164864211819197 -0.00021097889003345287467
4.0800000000000000711 0.00025865156275668103186 -0.00022264940416189763633
4.0899999999999998579 0.00026038780186287161997 -0.0002423867225654799222
4.0999999999999996447 0.00026217436556356916262 -0.00023017244479155125154
4.1100000000000003197 0.00026400157255676863412 -0.00022999953105437857728
4.1200000000000001066 0.00026586378847343668675 -0.00023786210916216306722
4.1299999999999998934 0.00026775791433666739196 -0.00023175575574188399643
4.1399999999999996803 0.00026968240715222928719 -0.00022167952781319182412
4.1500000000000003553 0.00027163666123200557768 -0.00022163366116259596884
4.1600000000000001421 0.00027362062694430113385 -0.00023761846834951773832
4.1699999999999999289 0.00027563458142417060666 -0.00023363206063827077381
4.1799999999999997158 0.00027767899398031798243 -0.00024767719393867221713
4.1900000000000003908 0.00027975444902033307342 -0.00024175216969517753212
4.2000000000000001776 0.00028186160306007703152 -0.00024185920300454934444
4.2099999999999999645 0.00028400116145559214844 -0.00024799900286080875291
4.2199999999999997513 0.00028617386628983671219 -0.00023617086622042710335
4.2300000000000004263 0.00028838049043411429981 -0.00024037761109507683674
4.2400000000000002132 0.00029062183496155098456 -0.00026062003491990521926
4.25 0.00029289872835190725606 -0.00025289632829637956899
4.2599999999999997868 0.00029521202664563967952 -0.00025920986805085628399
4.2700000000000004619 0.00029756261410405641975 -0.00025355997258778444113
4.2800000000000002487 0.00029995140414839282714 -0.00026394924555360943161
4.2900000000000000355 0.00030237934046482481659 -0.00026437706113966927528
4.2999999999999998224 0.00030484739822144319701 -0.00026884523962665980148
4.3100000000000004974 0.00030735658537308632385 -0.000273354543870696267
4.3200000000000002842 0.00030990794404474721405 -0.00025190446469182782921
4.3300000000000000711 0.00031250255199158295978 -0.00027450027266642741848
4.3399999999999998579 0.00031514152413713366219 -0.00027513912408160597512
4.3500000000000005329 0.00031782601419319848543 -0.00026982313485416102236
4.3600000000000003197 0.00032055721636583455131 -0.00029055541632418878601
4.3700000000000001066 0.00032333636715260461987 -0.00029533468784133100034
4.3799999999999998934 0.00032616474723671292496 -0.00028616234718118523789
4.3899999999999996803 0.00032904368348415187137 -0.0002810408041451144083
4.4000000000000003553 0.00033197455105044270654 -0.00027597119242789546747
4.4100000000000001421 0.00033495877560406963095 -0.00029695649627891408965
4.4199999999999999289 0.00033799783567422907182 -0.00028399459414407517144
4.4299999999999997158 0.00034109326513109746457 -0.00027908954795541259528
4.4400000000000003908 0.00034424665580745200102 -0.00029024341427729810064
4.4500000000000001776 0.00034745966027115252625 -0.00029345641874099862587
4.4599999999999999645 0.00035073399475874346767 -0.00029273051540582408284
4.4699999999999997513 0.00035407144228122560542 -0.00029806808365867836635
4.4800000000000004263 0.00035747385591394195995 -0.00031147109730527664266
4.4900000000000002132 0.00036094316228346944855 -0.00029893944510778457926
4.5 0.00036448136526545736168 -0.00031447836519604775284
4.5099999999999997868 0.00036809054990849369472 -0.00030208659127206453389
4.5200000000000004619 0.00037177288660033002169 -0.000303768803595549908
4.5300000000000002487 0.00037553063549415963271 -0.00030552643539698618033
4.5400000000000000355 0.00037936615121414798708 -0.00031136206820936787338
4.5499999999999998224 0.00038328188786103953647 -0.00029327648773610224056
4.5600000000000004974 0.00038728040434048491411 -0.00033327716281033101372
4.5700000000000002842 0.00039136437003869321144 -0.00030535921137450020707
4.5800000000000000711 0.00039553657087220610387 -0.00029753068782578022487
4.5899999999999998579 0.0003997999157409680795 -0.00031979511562991270535
4.6000000000000005329 0.00040415744341652283262 -0.00030215132618531022205
4.6100000000000003197 0.00040861232990006395591 -0.00028260476390438565028
4.6200000000000001066 0.00041316789628829649408 -0.00029916105467485106309
4.6299999999999998934 0.00041782761718861034144 -0.00029182005119293203581
4.6399999999999996803 0.00042259512972900813675 -0.00030458804665481841421
4.6500000000000003553 0.00042747424321259883074 -0.00031346740159915345396
4.6600000000000001421 0.00043246894947129524032 -0.00033446306642486936132
4.6699999999999999289 0.00043758343397875290549 -0.00029557491669201271627
4.6799999999999997158 0.0004428220877885513814 -0.00031681452179287307577
4.6900000000000003908 0.00044818952037030802913 -0.0003281823202037249137
4.7000000000000001776 0.00045369057342382852283 -0.00031768240741426834964
4.7099999999999999645 0.00045933033575973428739 -0.00030732121845911206798
4.7199999999999997513 0.00046511415934427668452 -0.00029710407620067735314
4.7300000000000004263 0.00047104767661647535017 -0.0003090379593019712632
4.7400000000000002132 0.00047713681919739348025 -0.00025312338470720446978
4.75 0.00048338783812450827069 -0.00029737667204553848866
4.7599999999999997868 0.0004898073257588896794 -0.00027779460837497598358
4.7700000000000004619 0.00049640223952957917685 -0.00026638843921029497618
4.7800000000000002487 0.0005031799276983739324 -0.00031716876161940409616
4.7900000000000000355 0.00051014815734950591086 -0.00026813363992394644974
4.7999999999999998224 0.00051731514483282538264 -0.00027930086159205259888
4.8100000000000004974 0.0005246895889164979827 -0.00027467458856944999271
4.8200000000000002842 0.0005322807069363809547 -0.00026226450656156906696
4.8300000000000000711 0.00054009827426476457717 -0.00029608363974681177738
4.8399999999999998579 0.00054815266746171837503 -0.00026813586707302456552
4.8500000000000005329 0.00055645491151873273557 -0.00029243907697301614644
4.8600000000000003197 0.00056501673165758098307 -0.00027299919961069668475
4.8700000000000001066 0.00057385061020857647436 -0.00027583274143642738836
4.8799999999999998934 0.0005829698491629195815 -0.00032895461463108485994
4.8899999999999996803 0.00059238863907535037247 -0.00023436717021990975587
4.9000000000000003553 0.00060212213508766530314 -0.00029010340301301721548
4.9100000000000001421 0.00061218654095321258651 -0.00028616697467989589973
4.9199999999999999289 0.00062259920207002905114 -0.00024657663572730275552
4.9299999999999997158 0.00063337870867912534484 -0.0002273543422947532297
4.9400000000000003908 0.00064454501055875867716 -0.00024052077581869518328
4.9500000000000001776 0.00065611954475018347682 -0.00031609914427819819091
4.9599999999999999645 0.00066812537809152910441 -0.00025210041169327512172
4.9699999999999997513 0.0006805873666213995473 -0.00028056336606612262237
4.9800000000000004263 0.0006935323342518392737 -0.00023350473361327087236
4.9900000000000002132 0.00070698927351257943689 -0.00025896240453220152437
5 0.00072098957164921527365 -0.00032096557109393834871
5.0099999999999997868 0.0007355672659345026225 -0.00028754039695412470998
5.0200000000000004619 0.000750759332746535335 -0.00029073173210796693366
5.0300000000000002487 0.00076660601580776695924 -0.00024457468344159846024
5.0400000000000000355 0.00078315120000009585434 -0.00028112106766169119888
5.0499999999999998224 0.00080044283841846481341 -0.000300412837724368725
5.0600000000000004974 0.00081853344185663545925 -0.00030050237277908409435
5.0700000000000002842 0.00083748064180887431436 -0.00032144970437563151651
5.0800000000000000711 0.00085734784041797723782 -0.00034731723970999922764
5.0899999999999998579 0.00087820496373175005282 -0.00034617303135169963206
5.1000000000000005329 0.00090012933831714659651 -0.00033009513752587705572
5.1100000000000003197 0.00092320671595133942978 -0.00032717097840704125779
5.1200000000000001066 0.00094753247707004856649 -0.00035949720789532374921
5.1299999999999998934 0.00097321305132596085032 -0.00043118051893202850779
5.1399999999999996803 0.001000367603576218789 -0.00035432886596251100819
5.1500000000000003553 0.0010291300466949966728 -0.00044509498260122807613
5.1600000000000001421 0.001059651459965310627 -0.00040161199069341235734
5.1699999999999999289 0.0010921030151660731256 -0.00046206521429151205423
5.1799999999999997158 0.0011266795444917437983 -0.00043463801188958262924
5.1900000000000003908 0.0011636039295475997333 -0.00038355712846480983537
5.2000000000000001776 0.0012031325571353018548 -0.00044708721936889293455
5.2099999999999999645 0.0012455621931531869924 -0.0005515205289067172563
5.2199999999999997513 0.0012912388134090450886 -0.00044118781222908173834
5.2300000000000004263 0.0013405693085262503431 -0.00044251543892118595097
5.2400000000000002132 0.0013940378296212977555 -0.00046198189668597046398
5.25 0.0014522305601384875601 -0.00038416643208976958453
5.2599999999999997868 0.0015158775324517210614 -0.00032980633588072902525
5.2700000000000004619 0.0015859313587107031276 -0.00036185789372849110415
5.2800000000000002487 0.0016637276213707667336 -0.00034764868282696976057
5.2900000000000000355 0.0017513230470818702458 -0.00020122998672251124139
5.2999999999999998224 0.0018522052292126347638 -8.609923183649083149e-05
5.3100000000000004974 0.0019727352948025449891 3.9385497839691200467e-05
5.3200000000000002842 0.0021249373132903762 0.00034521094834611982388
5.3300000000000000711 0.0023315614322618068675 0.00055461165025379004223
5.3399999999999998579 0.0026346101192100076539 0.00090960243257748839285
5.3500000000000005329 0.0031084755942482962705 0.0012897883966307625674
5.3600000000000003197 0.0038780816428234912881 0.0015062415443489215842
5.3700000000000001066 0.0051404819907755255545 0.0014999164184420704996
5.3799999999999998934 0.0071849795437967768977 0.0011875228576743611028
5.3899999999999996803 0.01040239445406630249 0.00026624557089373682151
5.4000000000000003553 0.01527012741763019224 -0.0023713535313668217264
5.4100000000000001421 0.022298817385773175848 -0.0060858455047411857963
5.4199999999999999289 0.03193179997453388097 -0.01269264626154598119
5.4299999999999997158 0.044402094787958125421 -0.021732734746339774784
5.4400000000000003908 0.059571734159348875559 -0.03334615984475460676
5.4500000000000001776 0.076798598388153838101 -0.04677879727812461752
5.4599999999999999645 0.094886529423974574904 -0.061486526556991168146
5.4699999999999997513 0.11216566225348113817 -0.075721475089174497541
5.4800000000000004263 0.12671808938337986161 -0.088213779431120797891
5.4900000000000002132 0.13671620378713306154 -0.096713801868960225239
5.5 0.14079458321490126438 -0.10088418851651984043
5.5099999999999997868 0.13835189986681761809 -0.099785586182830954272
5.5200000000000004619 0.12969116765992011464 -0.092460933066767114763
5.5300000000000002487 0.11595366322831809902 -0.08130558380322158718
5.5400000000000000355 0.098866818524808441904 -0.067454932309598480966
5.5499999999999998224 0.080383370317918811931 -0.053291744240028415813
5.5600000000000004974 0.062315945524317906123 -0.039082552317125485164
5.5700000000000002842 0.046060073865889519795 -0.026586904866932839497
5.5800000000000000711 0.032458099922362523837 -0.016637151515308572919
5.5899999999999998579 0.021806159024480218506 -0.0094934198682936378477
5.6000000000000005329 0.013966272957992562076 -0.004907729477059849521
5.6100000000000003197 0.0085274097275445052274 -0.0011869692009398528226
5.6200000000000001066 0.0049634172379100357717 0.00024089479976653702803
5.6299999999999998934 0.0027540048495606106634 0.00084821117066586834699
5.6399999999999996803 0.0014566768357340716383 0.0010934762260134793261
5.6500000000000003553 0.00073446576657802339905 0.0009496352990427565921
5.6600000000000001421 0.00035300892928367586746 0.00070105427725488213882
5.6699999999999999289 0.00016173431014645909968 0.00055030842248346596712
5.6799999999999997158 7.063468280840750008e-05 0.00037939231781627897949
5.6900000000000003908 2.9405640299736494203e-05 0.00025461139427374398928
5.7000000000000001776 1.1669113151082327964e-05 0.00017434205292788748794
5.7099999999999999645 4.4140543659117896364e-06 8.9591587219769802056e-05
5.7199999999999997513 1.5915797470467729977e-06 6.4412378889382385506e-05
5.7300000000000004263 5.4702668615782811678e-07 2.5454533713733053425e-05
5.7400000000000002132 1.7921595097619786046e-07 1.3821623704660611535e-05
5.75 5.5966951147396420198e-08 7.9445132418570821298e-06
5.7599999999999997868 1.6659900599355913867e-08 5.9837000167803266058e-06
5.7700000000000004619 4.7271346220336776086e-09 3.9955129618802053145e-06
5.7800000000000002487 1.2785198563632971725e-09 3.9989615766458758728e-06
5.7900000000000000355 3.2960982152989172565e-10 6.0000303075581532897e-06
5.7999999999999998224 8.0998180285769085657e-11 4.0001590983219528929e-06
5.8100000000000004974 1.8972833137204355068e-11 2.0001010754179818594e-06
5.8200000000000002842 4.2361402705170941846e-12 6.0003556812394119905e-06
5.8300000000000000711 9.0154863736870946464e-13 -9.0154863736870946464e-13
5.8399999999999998579 1.8288925156958403489e-13 4.0002399136129872492e-06
5.8500000000000005329 3.5364453032269055882e-14 2.0001200128866659197e-06
5.8600000000000003197 6.5181602655303694754e-15 -6.5181602655303694754e-15
5.8700000000000001066 1.1451491819983844819e-15 -1.1451491819983844819e-15
5.8799999999999998934 1.9176868486871123366e-16 -1.9176868486871123366e-16
5.8899999999999996803 3.0610581177513155096e-17 2.0001200482205085186e-06
5.9000000000000003553 4.6573987216578806956e-18 -4.6573987216578806956e-18
5.9100000000000001421 6.7544958774439672047e-19 -6.7544958774439672047e-19
5.9199999999999999289 9.337269128379912922e-20 -9.337269128379912922e-20
5.9299999999999997158 1.230336709090006781e-20 2.0001200482511067368e-06
5.9400000000000003908 1.5452723322160634816e-21 -1.5452723322160634816e-21
5.9500000000000001776 1.8499619799823796238e-22 -1.8499619799823796238e-22
5.9599999999999999645 2.1110431227799488446e-23 -2.1110431227799488446e-23
5.9699999999999997513 2.296189606398315163e-24 -2.296189606398315163e-24
5.9800000000000004263 2.3806445299478757284e-25 -2.3806445299478757284e-25
5.9900000000000002132 2.3526501881256929541e-26 -2.3526501881256929541e-26
6 2.2161339392558580475e-27 -2.2161339392558580475e-27
6.0099999999999997868 1.9898042236953993035e-28 -1.9898042236953993035e-28
6.0200000000000004619 1.7029435407381970953e-29 -1.7029435407381970953e-29
6.0300000000000002487 1.3892025693305338828e-30 -1.3892025693305338828e-30
6.0400000000000000355 1.0802050655350543898e-31 -1.0802050655350543898e-31
6.0499999999999998224 8.0061187553773105629e-33 -8.0061187553773105629e-33
6.0600000000000004974 5.6560458549967094023e-34 -5.6560458549967094023e-34
6.0700000000000002842 3.8087177207026628858e-35 -3.8087177207026628858e-35
6.0800000000000000711 2.4446659442483053468e-36 -2.4446659442483053468e-36
6.0899999999999998579 1.495667425551098596e-37 2.0001200482511190188e-06
6.1000000000000005329 8.7221838046731661111e-39 -8.7221838046731661111e-39
6.1100000000000003197 4.8483061376915879856e-40 -4.8483061376915879856e-40
6.1200000000000001066 2.5687944530945483232e-41 -2.5687944530945483232e-41
6.1299999999999998934 1.2973080614042064634e-42 -1.2973080614042064634e-42
6.1400000000000005684 6.2449828032127380407e-44 -6.2449828032127380407e-44
6.1500000000000003553 2.8654555386833164555e-45 -2.8654555386833164555e-45
6.1600000000000001421 1.2532286985487139005e-46 -1.2532286985487139005e-46
6.1699999999999999289 5.224456943502456592e-48 -5.224456943502456592e-48
6.1799999999999997158 2.0759939382054568832e-49 -2.0759939382054568832e-49
6.1900000000000003908 7.8629416470239794071e-51 -7.8629416470239794071e-51
6.2000000000000001776 2.8386902932323371379e-52 -2.8386902932323371379e-52
6.2099999999999999645 9.7684331133404592555e-54 -9.7684331133404592555e-54
6.2199999999999997513 3.2040972121096301404e-55 -3.2040972121096301404e-55
6.2300000000000004263 1.0017521744799874797e-56 -1.0017521744799874797e-56
6.2400000000000002132 2.9853048644929515102e-58 -2.9853048644929515102e-58
6.25 8.4799017938645074856e-60 -8.4799017938645074856e-60
6.2599999999999997868 2.2959723414169810784e-61 -2.2959723414169810784e-61
6.2700000000000004619 5.925379003186837734e-63 -5.925379003186837734e-63
6.2800000000000002487 1.4576029166499239248e-64 -1.4576029166499239248e-64
6.2900000000000000355 3.4177154065143365896e-66 2.0001200482511190188e-06
6.2999999999999998224 7.638465105841241611e-68 -7.638465105841241611e-68
6.3100000000000004974 1.6272332168225869022e-69 -1.6272332168225869022e-69
6.3200000000000002842 3.3042048700898917606e-71 -3.3042048700898917606e-71
6.3300000000000000711 6.3952505447057912121e-73 -6.3952505447057912121e-73
6.3399999999999998579 1.1798357665418455781e-74 -1.1798357665418455781e-74
6.3500000000000005329 2.0747172522125173533e-76 -2.0747172522125173533e-76
6.3600000000000003197 3.4775198303985325072e-78 -3.4775198303985325072e-78
6.3700000000000001066 5.5558897495831650087e-80 -5.5558897495831650087e-80
6.3799999999999998934 8.4607897229237119125e-82 -8.4607897229237119125e-82
6.3900000000000005684 1.2281217861379085304e-83 -1.2281217861379085304e-83
6.4000000000000003553 1.6992027196591778948e-85 -1.6992027196591778948e-85
6.4100000000000001421 2.2408983300071106235e-87 -2.2408983300071106235e-87
6.4199999999999999289 2.816905554751896486e-89 -2.816905554751896486e-89
6.4299999999999997158 3.3751693638944375233e-91 -3.3751693638944375233e-91
6.4400000000000003908 3.8547124119982072574e-93 -3.8547124119982072574e-93
6.4500000000000001776 4.1962514034981843343e-95 -4.1962514034981843343e-95
6.4599999999999999645 4.354157159123669661e-97 -4.354157159123669661e-97
6.4699999999999997513 4.3064535177475563079e-99 -4.3064535177475563079e-99
6.4800000000000004263 4.0598358077015288475e-101 -4.0598358077015288475e-101
6.4900000000000002132 3.648129093151070427e-103 -3.648129093151070427e-103
6.5 3.1246755517757944317e-105 -3.1246755517757944317e-105
6.5099999999999997868 2.5510128456797486666e-107 -2.5510128456797486666e-107
6.5200000000000004619 1.9851500006120988338e-109 -1.9851500006120988338e-109
6.5300000000000002487 1.4724717111637236256e-111 -1.4724717111637236256e-111
6.5400000000000000355 1.0410546389237486757e-113 -1.0410546389237486757e-113
6.5499999999999998224 7.0157321975663431837e-116 -7.0157321975663431837e-116
6.5600000000000004974 4.5065623232712713922e-118 2.0001200482511190188e-06
6.5700000000000002842 2.7592474116351644775e-120 -2.7592474116351644775e-120
6.5800000000000000711 1.6103073481299135321e-122 -1.6103073481299135321e-122
6.5899999999999998579 8.9577669485084047647e-125 -8.9577669485084047647e-125
6.6000000000000005329 4.7496716060466453235e-127 -4.7496716060466453235e-127
6.6100000000000003197 2.400491833546562624e-129 -2.400491833546562624e-129
6.6200000000000001066 1.1564042898710011143e-131 -1.1564042898710011143e-131
6.6299999999999998934 5.3099686116170740263e-134 -5.3099686116170740263e-134
6.6400000000000005684 2.324058198298595347e-136 -2.324058198298595347e-136
6.6500000000000003553 9.6956028533753970419e-139 -9.6956028533753970419e-139
6.6600000000000001421 3.8554528575778742474e-141 -3.8554528575778742474e-141
6.6699999999999999289 1.461331431093934181e-143 -1.461331431093934181e-143
6.6799999999999997158 5.2795242736193405513e-146 -5.2795242736193405513e-146
6.6900000000000003908 1.8180824830348036608e-148 -1.8180824830348036608e-148
6.7000000000000001776 5.9676739759468291548e-151 -5.9676739759468291548e-151
6.7099999999999999645 1.8671073965821102369e-153 -1.8671073965821102369e-153
6.7199999999999997513 5.5680894511928712338e-156 -5.5680894511928712338e-156
6.7300000000000004263 1.5827626423038683287e-158 -1.5827626423038683287e-158
6.7400000000000002132 4.2884272999315841931e-161 -4.2884272999315841931e-161
6.75 1.1075235675742090614e-163 -1.1075235675742090614e-163
6.7599999999999997868 2.7263433882414839207e-166 -2.7263433882414839207e-166
6.7700000000000004619 6.3970652207324438101e-169 -6.3970652207324438101e-169
6.7800000000000002487 1.4307166708141357984e-171 -1.4307166708141357984e-171
6.7900000000000000355 3.0499949725862897839e-174 -3.0499949725862897839e-174
6.7999999999999998224 6.1975098758093374627e-177 -6.1975098758093374627e-177
6.8100000000000004974 1.2003501226277949094e-179 -1.2003501226277949094e-179
6.8200000000000002842 2.2160076547097532103e-182 -2.2160076547097532103e-182
6.8300000000000000711 3.8994841963454747314e-185 -3.8994841963454747314e-185
6.8399999999999998579 6.5405709082017277995e-188 -6.5405709082017277995e-188
6.8500000000000005329 1.0456750113014221614e-190 -1.0456750113014221614e-190
6.8600000000000003197 1.5934937748546127668e-193 2.0001200482511190188e-06
6.8700000000000001066 2.3146033393465741084e-196 -2.3146033393465741084e-196
6.8799999999999998934 3.2046111170989795897e-199 -3.2046111170989795897e-199
6.8900000000000005684 4.2290872285680143896e-202 -4.2290872285680143896e-202
6.9000000000000003553 5.3197410471738145747e-205 2.0001200482511190188e-06
6.9100000000000001421 6.378328407023148548e-208 -6.378328407023148548e-208
6.9199999999999999289 7.2894672397145337449e-211 -7.2894672397145337449e-211
6.9299999999999997158 7.9406713566573296023e-214 -7.9406713566573296023e-214
6.9400000000000003908 8.2450096987558692573e-217 -8.2450096987558692573e-217
6.9500000000000001776 8.1601403514680725662e-220 -8.1601403514680725662e-220
6.9599999999999999645 7.6979766427706644695e-223 -7.6979766427706644695e-223
6.9699999999999997513 6.9219434409114770912e-226 -6.9219434409114770912e-226
6.9800000000000004263 5.9326946292238815252e-229 -5.9326946292238815252e-229
6.9900000000000002132 4.8467255513584571912e-232 -4.8467255513584571912e-232
7 3.7741342239413162957e-235 -3.7741342239413162957e-235
7.0099999999999997868 2.8012942428059806566e-238 -2.8012942428059806566e-238
7.0200000000000004619 1.9818582309782500598e-241 -1.9818582309782500598e-241
7.0300000000000002487 1.3364690447822230421e-244 -1.3364690447822230421e-244
7.0400000000000000355 8.5904849579714897957e-248 -8.5904849579714897957e-248
7.0499999999999998224 5.2631883543427537608e-251 -5.2631883543427537608e-251
7.0600000000000004974 3.0736371116061053149e-254 -3.0736371116061053149e-254
7.0700000000000002842 1.7109161010238144394e-257 -1.7109161010238144394e-257
7.0800000000000000711 9.0777302618606207425e-261 -9.0777302618606207425e-261
7.0899999999999998579 4.590904599127104351e-264 -4.590904599127104351e-264
7.1000000000000005329 2.2130523702339940444e-267 -2.2130523702339940444e-267
7.1100000000000003197 1.0168515128428424583e-270 -1.0168515128428424583e-270
7.1200000000000001066 4.4534420653008086298e-274 -4.4534420653008086298e-274
7.1299999999999998934 1.8591160085756294032e-277 -1.8591160085756294032e-277
7.1400000000000005684 7.3975785527429243654e-281 -7.3975785527429243654e-281
7.1500000000000003553 2.8057249081110293107e-284 -2.8057249081110293107e-284
7.1600000000000001421 1.0143153383406553675e-287 2.0001200482511190188e-06
7.1699999999999999289 3.4952101837191439692e-291 -3.4952101837191439692e-291
7.1799999999999997158 1.1480108595260421535e-294 -1.1480108595260421535e-294
7.1900000000000003908 3.5941076967000345614e-298 -3.5941076967000345614e-298
7.2000000000000001776 1.0725278149066532698e-301 -1.0725278149066532698e-301
7.2099999999999999645 3.0506924334481796795e-305 -3.0506924334481796795e-305
7.2199999999999997513 8.2710503671568438383e-309 -8.2710503671568438383e-309
7.2300000000000004263 2.1374466425783311344e-312 -2.1374466425783311344e-312
7.2400000000000002132 5.2650472639847298026e-316 -5.2650472639847298026e-316
7.25 1.2361522458947988535e-319 -1.2361522458947988535e-319
7.2599999999999997868 2.4703282292062327209e-323 -2.4703282292062327209e-323
7.2700000000000004619 0 0
7.2800000000000002487 0 0
7.2900000000000000355 0 2.0001200482511190188e-06
7.2999999999999998224 0 0
7.3100000000000004974 0 0
7.3200000000000002842 0 0
7.3300000000000000711 0 2.0001200482511190188e-06
7.3399999999999998579 0 0
7.3500000000000005329 0 0
7.3600000000000003197 0 0
7.3700000000000001066 0 0
7.3799999999999998934 0 0
7.3900000000000005684 0 0
7.4000000000000003553 0 0
7.4100000000000001421 0 0
7.4199999999999999289 0 0
7.4299999999999997158 0 0
7.4400000000000003908 0 0
7.4500000000000001776 0 0
7.4599999999999999645 0 0
7.4699999999999997513 0 0
7.4800000000000004263 0 0
7.4900000000000002132 0 0
7.5 0 0
7.5099999999999997868 0 0
7.5200000000000004619 0 0
7.5300000000000002487 0 0
7.5400000000000000355 0 0
7.5499999999999998224 0 0
7.5600000000000004974 0 0
7.5700000000000002842 0 0
7.5800000000000000711 0 0
7.5899999999999998579 0 0
7.6000000000000005329 0 0
7.6100000000000003197 0 0
7.6200000000000001066 0 0
7.6299999999999998934 0 0
7.6400000000000005684 0 0
7.6500000000000003553 0 0
7.6600000000000001421 0 0
7.6699999999999999289 0 0
7.6799999999999997158 0 0
7.6900000000000003908 0 0
7.7000000000000001776 0 0
7.7099999999999999645 0 0
7.7199999999999997513 0 0
7.7300000000000004263 0 0
7.7400000000000002132 0 0
7.75 0 0
7.7599999999999997868 0 0
7.7700000000000004619 0 0
7.7800000000000002487 0 2.0001200482511190188e-06
7.7900000000000000355 0 0
7.7999999999999998224 0 0
7.8100000000000004974 0 0
7.8200000000000002842 0 0
7.8300000000000000711 0 0
7.8399999999999998579 0 0
7.8500000000000005329 0 0
7.8600000000000003197 0 0
7.8700000000000001066 0 0
7.8799999999999998934 0 0
7.8900000000000005684 0 0
7.9000000000000003553 0 0
7.9100000000000001421 0 2.0001200482511190188e-06
7.9199999999999999289 0 0
7.930000000000000604 0 0
7.9400000000000003908 0 0
7.9500000000000001776 0 0
7.9599999999999999645 0 0
7.9699999999999997513 0 0
7.9800000000000004263 0 0
7.9900000000000002132 0 0
8 0 0
8.0099999999999997868 0 0
8.0199999999999995737 0 0
8.0299999999999993605 0 0
8.0400000000000009237 0 0
8.0500000000000007105 0 0
8.0600000000000004974 0 0
8.0700000000000002842 0 0
8.0800000000000000711 0 0
8.0899999999999998579 0 0
8.0999999999999996447 0 0
8.1099999999999994316 0 0
8.1200000000000009948 0 0
8.1300000000000007816 0 0
8.1400000000000005684 0 0
8.1500000000000003553 0 0
8.1600000000000001421 0 0
8.1699999999999999289 0 0
8.1799999999999997158 0 0
8.1899999999999995026 0 0
8.1999999999999992895 0 0
8.2100000000000008527 0 0
8.2200000000000006395 0 0
8.2300000000000004263 0 0
8.2400000000000002132 0 0
8.25 0 0
8.2599999999999997868 0 0
8.2699999999999995737 0 0
8.2799999999999993605 0 0
8.2900000000000009237 0 0
8.3000000000000007105 0 0
8.3100000000000004974 0 0
8.3200000000000002842 0 0
8.3300000000000000711 0 0
8.3399999999999998579 0 0
8.3499999999999996447 0 0
8.3599999999999994316 0 0
8.3700000000000009948 0 0
8.3800000000000007816 0 0
8.3900000000000005684 0 0
8.4000000000000003553 0 0
8.4100000000000001421 0 0
8.4199999999999999289 0 0
8.4299999999999997158 0 0
8.4399999999999995026 0 0
8.4499999999999992895 0 0
8.4600000000000008527 0 0
8.4700000000000006395 0 0
8.4800000000000004263 0 0
8.4900000000000002132 0 0
8.5 0 0
8.5099999999999997868 0 0
8.5199999999999995737 0 0
8.5299999999999993605 0 0
8.5400000000000009237 0 0
8.5500000000000007105 0 0
8.5600000000000004974 0 0
8.5700000000000002842 0 0
8.5800000000000000711 0 0
8.5899999999999998579 0 0
8.5999999999999996447 0 0
8.6099999999999994316 0 0
8.6200000000000009948 0 0
8.6300000000000007816 0 0
8.6400000000000005684 0 0
8.6500000000000003553 0 0
8.6600000000000001421 0 0
8.6699999999999999289 0 0
8.6799999999999997158 0 0
8.6899999999999995026 0 0
8.7000000000000010658 0 0
8.7100000000000008527 0 0
8.7200000000000006395 0 0
8.7300000000000004263 0 0
8.7400000000000002132 0 0
8.75 0 0
8.7599999999999997868 0 0
8.7699999999999995737 0 0
8.7799999999999993605 0 0
8.7900000000000009237 0 0
8.8000000000000007105 0 0
8.8100000000000004974 0 0
8.8200000000000002842 0 0
8.8300000000000000711 0 0
8.8399999999999998579 0 2.0001200482511190188e-06
8.8499999999999996447 0 0
8.8599999999999994316 0 0
8.8700000000000009948 0 0
8.8800000000000007816 0 0
8.8900000000000005684 0 2.0001200482511190188e-06
8.9000000000000003553 0 0
8.9100000000000001421 0 0
8.9199999999999999289 0 0
8.9299999999999997158 0 0
8.9399999999999995026 0 0
8.9500000000000010658 0 0
8.9600000000000008527 0 0
8.9700000000000006395 0 0
8.9800000000000004263 0 0
8.9900000000000002132 0 0
9 0 0
9.0099999999999997868 0 0
9.0199999999999995737 0 0
9.0299999999999993605 0 0
9.0400000000000009237 0 0
9.0500000000000007105 0 0
9.0600000000000004974 0 0
9.0700000000000002842 0 0
9.0800000000000000711 0 0
9.0899999999999998579 0 0
9.0999999999999996447 0 0
9.1099999999999994316 0 0
9.1200000000000009948 0 0
9.1300000000000007816 0 0
9.1400000000000005684 0 0
9.1500000000000003553 0 0
9.1600000000000001421 0 0
9.1699999999999999289 0 0
9.1799999999999997158 0 0
9.1899999999999995026 0 0
9.2000000000000010658 0 0
9.2100000000000008527 0 0
9.2200000000000006395 0 0
9.2300000000000004263 0 0
9.2400000000000002132 0 0
9.25 0 2.0001200482511190188e-06
9.2599999999999997868 0 0
9.2699999999999995737 0 0
9.2799999999999993605 0 0
9.2900000000000009237 0 2.0001200482511190188e-06
9.3000000000000007105 0 2.0001200482511190188e-06
9.3100000000000004974 0 0
9.3200000000000002842 0 0
9.3300000000000000711 0 0
9.3399999999999998579 0 0
9.3499999999999996447 0 0
9.3599999999999994316 0 0
9.3700000000000009948 0 0
9.3800000000000007816 0 0
9.3900000000000005684 0 0
9.4000000000000003553 0 0
9.4100000000000001421 0 0
9.4199999999999999289 0 0
9.4299999999999997158 0 0
9.4399999999999995026 0 0
9.4500000000000010658 0 0
9.4600000000000008527 0 0
9.4700000000000006395 0 0
9.4800000000000004263 0 0
9.4900000000000002132 0 0
9.5 0 0
9.5099999999999997868 0 0
9.5199999999999995737 0 0
9.5299999999999993605 0 0
9.5400000000000009237 0 0
9.5500000000000007105 0 0
9.5600000000000004974 0 0
9.5700000000000002842 0 0
9.5800000000000000711 0 2.0001200482511190188e-06
9.5899999999999998579 0 0
9.5999999999999996447 0 2.0001200482511190188e-06
9.6099999999999994316 0 0
9.6200000000000009948 0 0
9.6300000000000007816 0 0
9.6400000000000005684 0 0
9.6500000000000003553 0 0
9.6600000000000001421 0 0
9.6699999999999999289 0 0
9.6799999999999997158 0 0
9.6899999999999995026 0 0
9.7000000000000010658 0 0
9.7100000000000008527 0 0
9.7200000000000006395 0 0
9.7300000000000004263 0 2.0001200482511190188e-06
9.7400000000000002132 0 0
9.75 0 0
9.7599999999999997868 0 2.0001200482511190188e-06
9.7699999999999995737 0 0
9.7799999999999993605 0 0
9.7900000000000009237 0 0
9.8000000000000007105 0 0
9.8100000000000004974 0 0
9.8200000000000002842 0 2.0001200482511190188e-06
9.8300000000000000711 0 0
9.8399999999999998579 0 0
9.8499999999999996447 0 0
9.8599999999999994316 0 0
9.8700000000000009948 0 0
9.8800000000000007816 0 0
9.8900000000000005684 0 0
9.9000000000000003553 0 0
9.9100000000000001421 0 0
9.9199999999999999289 0 2.0001200482511190188e-06
9.9299999999999997158 0 0
9.9399999999999995026 0 0
9.9500000000000010658 0 0
9.9600000000000008527 0 0
9.9700000000000006395 0 0
9.9800000000000004263 0 0
9.9900000000000002132 0 0
10 0 0
10.009999999999999787 0 0
10.019999999999999574 0 0
10.029999999999999361 0 0
10.040000000000000924 0 0
10.050000000000000711 0 0
10.060000000000000497 0 0
10.070000000000000284 0 0
10.080000000000000071 0 0
10.089999999999999858 0 0
10.099999999999999645 0 0
10.109999999999999432 0 0
10.120000000000000995 0 0
10.130000000000000782 0 0
10.140000000000000568 0 0
10.150000000000000355 0 0
10.160000000000000142 0 0
10.169999999999999929 0 0
10.179999999999999716 0 0
10.189999999999999503 0 2.0001200482511190188e-06
10.200000000000001066 0 0
10.210000000000000853 0 0
10.220000000000000639 0 0
10.230000000000000426 0 0
