0.000000000000000e+00 0.000000000000000e+00
1.000000000000000e+00 0.000000000000000e+00
2.000000000000000e+00 0.000000000000000e+00
3.000000000000000e+00 0.000000000000000e+00
4.000000000000000e+00 0.000000000000000e+00
5.000000000000000e+00 0.000000000000000e+00
6.000000000000000e+00 0.000000000000000e+00
7.000000000000000e+00 0.000000000000000e+00
8.000000000000000e+00 0.000000000000000e+00
9.000000000000000e+00 0.000000000000000e+00
1.000000000000000e+01 0.000000000000000e+00
1.100000000000000e+01 0.000000000000000e+00
1.200000000000000e+01 0.000000000000000e+00
1.300000000000000e+01 0.000000000000000e+00
1.400000000000000e+01 0.000000000000000e+00
1.500000000000000e+01 1.978116779355332e-04
1.600000000000000e+01 1.998097868636250e-04
1.700000000000000e+01 1.598478265805170e-04
1.800000000000000e+01 1.019029878079891e-04
1.900000000000000e+01 6.393912917701527e-05
2.000000000000000e+01 8.991439972305670e-05
2.100000000000000e+01 6.793532520532608e-05
2.200000000000000e+01 5.394863910623826e-05
2.300000000000000e+01 4.196005465928465e-05
2.400000000000000e+01 3.396766260266304e-05
2.500000000000000e+01 3.596576061681844e-05
2.600000000000000e+01 2.597527236503083e-05
2.700000000000000e+01 1.998097832256462e-05
2.800000000000000e+01 3.196956458850764e-05
2.900000000000000e+01 2.597527236503083e-05
3.000000000000000e+01 2.197907633672003e-05
3.100000000000000e+01 3.196956458850764e-05
3.200000000000000e+01 2.597527236503083e-05
3.300000000000000e+01 3.796385863097385e-05
3.400000000000000e+01 5.195054473006167e-05
3.500000000000000e+01 3.396766260266304e-05
3.600000000000000e+01 4.595625068759546e-05
3.700000000000000e+01 6.393912917701527e-05
3.800000000000000e+01 4.995244671590626e-05
3.900000000000000e+01 7.592771726194769e-05
4.000000000000000e+01 5.994293314870447e-05
4.100000000000000e+01 5.794483513454907e-05
4.200000000000000e+01 4.995244671590626e-05
4.300000000000000e+01 5.794483513454907e-05
4.400000000000000e+01 5.794483513454907e-05
4.500000000000000e+01 3.796385863097385e-05
4.600000000000000e+01 4.795434870175086e-05
4.700000000000000e+01 3.796385863097385e-05
4.800000000000000e+01 3.596576061681844e-05
4.900000000000000e+01 1.998097832256462e-05
5.000000000000000e+01 1.998097832256462e-05
5.100000000000000e+01 2.597527236503083e-05
5.200000000000000e+01 2.997146657435223e-05
5.300000000000000e+01 1.998097832256462e-05
5.400000000000000e+01 2.797336856019683e-05
5.500000000000000e+01 1.398668428009842e-05
5.600000000000000e+01 1.398668428009842e-05
5.700000000000000e+01 1.198858717543771e-05
5.800000000000000e+01 3.996195573563455e-06
5.900000000000000e+01 5.994293587718857e-06
6.000000000000000e+01 9.990489161282312e-06
6.100000000000000e+01 1.598478229425382e-05
6.200000000000000e+01 3.996195573563455e-06
6.300000000000000e+01 9.990489161282312e-06
6.400000000000000e+01 7.992391147126909e-06
6.500000000000000e+01 1.398668428009842e-05
6.600000000000000e+01 1.598478229425382e-05
6.700000000000000e+01 1.398668428009842e-05
6.800000000000000e+01 3.996195573563455e-06
6.900000000000000e+01 1.998097786781727e-06
7.000000000000000e+01 1.998097832256462e-05
7.100000000000000e+01 1.398668428009842e-05
7.200000000000000e+01 7.992391147126909e-06
7.300000000000000e+01 9.990489161282312e-06
7.400000000000000e+01 2.797336856019683e-05
7.500000000000000e+01 1.198858717543771e-05
7.600000000000000e+01 1.598478229425382e-05
7.700000000000000e+01 7.992391147126909e-06
7.800000000000000e+01 1.398668428009842e-05
7.900000000000000e+01 5.994293587718857e-06
8.000000000000000e+01 3.996195573563455e-06
8.100000000000000e+01 7.992391147126909e-06
8.200000000000000e+01 3.996195573563455e-06
8.300000000000000e+01 1.798288030840922e-05
8.400000000000000e+01 7.992391147126909e-06
8.500000000000000e+01 1.198858717543771e-05
8.600000000000000e+01 3.996195573563455e-06
8.700000000000000e+01 7.992391147126909e-06
8.800000000000000e+01 1.998097786781727e-06
8.900000000000000e+01 9.990489161282312e-06
9.000000000000000e+01 5.994293587718857e-06
9.100000000000000e+01 1.198858717543771e-05
9.200000000000000e+01 7.992391147126909e-06
9.300000000000000e+01 5.994293587718857e-06
9.400000000000000e+01 7.992391147126909e-06
9.500000000000000e+01 1.598478229425382e-05
9.600000000000000e+01 1.398668428009842e-05
9.700000000000000e+01 5.994293587718857e-06
9.800000000000000e+01 1.398668428009842e-05
9.900000000000000e+01 5.994293587718857e-06
1.000000000000000e+02 1.998097832256462e-05
1.010000000000000e+02 9.990489161282312e-06
1.020000000000000e+02 7.992391147126909e-06
1.030000000000000e+02 1.198858717543771e-05
1.040000000000000e+02 1.398668428009842e-05
1.050000000000000e+02 9.990489161282312e-06
1.060000000000000e+02 3.996195573563455e-06
1.070000000000000e+02 1.198858717543771e-05
1.080000000000000e+02 9.990489161282312e-06
1.090000000000000e+02 1.198858717543771e-05
1.100000000000000e+02 9.990489161282312e-06
1.110000000000000e+02 1.198858717543771e-05
1.120000000000000e+02 5.994293587718857e-06
1.130000000000000e+02 1.198858717543771e-05
1.140000000000000e+02 1.198858717543771e-05
1.150000000000000e+02 1.398668428009842e-05
1.160000000000000e+02 7.992391147126909e-06
1.170000000000000e+02 1.198858717543771e-05
1.180000000000000e+02 3.996195573563455e-06
1.190000000000000e+02 1.198858717543771e-05
1.200000000000000e+02 1.198858717543771e-05
1.210000000000000e+02 9.990489161282312e-06
1.220000000000000e+02 5.994293587718857e-06
1.230000000000000e+02 5.994293587718857e-06
1.240000000000000e+02 3.996195573563455e-06
1.250000000000000e+02 9.990489161282312e-06
1.260000000000000e+02 1.598478229425382e-05
1.270000000000000e+02 5.994293587718857e-06
1.280000000000000e+02 9.990489161282312e-06
1.290000000000000e+02 7.992391147126909e-06
1.300000000000000e+02 7.992391147126909e-06
1.310000000000000e+02 5.994293587718857e-06
1.320000000000000e+02 3.996195573563455e-06
1.330000000000000e+02 1.798288030840922e-05
1.340000000000000e+02 7.992391147126909e-06
1.350000000000000e+02 1.998097786781727e-06
1.360000000000000e+02 1.398668428009842e-05
1.370000000000000e+02 9.990489161282312e-06
1.380000000000000e+02 1.598478229425382e-05
1.390000000000000e+02 9.990489161282312e-06
1.400000000000000e+02 1.198858717543771e-05
1.410000000000000e+02 1.398668428009842e-05
1.420000000000000e+02 1.798288030840922e-05
1.430000000000000e+02 1.398668428009842e-05
1.440000000000000e+02 1.398668428009842e-05
1.450000000000000e+02 5.994293587718857e-06
1.460000000000000e+02 2.397717435087543e-05
1.470000000000000e+02 1.198858717543771e-05
1.480000000000000e+02 1.998097786781727e-06
1.490000000000000e+02 7.992391147126909e-06
1.500000000000000e+02 2.197907633672003e-05
1.510000000000000e+02 2.197907633672003e-05
1.520000000000000e+02 1.198858717543771e-05
1.530000000000000e+02 1.198858717543771e-05
1.540000000000000e+02 9.990489161282312e-06
1.550000000000000e+02 2.197907633672003e-05
1.560000000000000e+02 5.994293587718857e-06
1.570000000000000e+02 5.994293587718857e-06
1.580000000000000e+02 1.198858717543771e-05
1.590000000000000e+02 3.996195573563455e-06
1.600000000000000e+02 1.998097786781727e-06
1.610000000000000e+02 9.990489161282312e-06
1.620000000000000e+02 7.992391147126909e-06
1.630000000000000e+02 9.990489161282312e-06
1.640000000000000e+02 1.398668428009842e-05
1.650000000000000e+02 3.996195573563455e-06
1.660000000000000e+02 7.992391147126909e-06
1.670000000000000e+02 1.198858717543771e-05
1.680000000000000e+02 5.994293587718857e-06
1.690000000000000e+02 2.197907633672003e-05
1.700000000000000e+02 1.398668428009842e-05
1.710000000000000e+02 1.998097832256462e-05
1.720000000000000e+02 2.397717435087543e-05
1.730000000000000e+02 4.995244671590626e-05
1.740000000000000e+02 2.797336856019683e-05
1.750000000000000e+02 3.196956458850764e-05
1.760000000000000e+02 2.597527236503083e-05
1.770000000000000e+02 2.797336856019683e-05
1.780000000000000e+02 1.798288030840922e-05
1.790000000000000e+02 9.990489161282312e-06
1.800000000000000e+02 1.398668428009842e-05
1.810000000000000e+02 7.992391147126909e-06
1.820000000000000e+02 1.198858717543771e-05
1.830000000000000e+02 2.397717435087543e-05
1.840000000000000e+02 1.398668428009842e-05
1.850000000000000e+02 1.398668428009842e-05
1.860000000000000e+02 1.398668428009842e-05
1.870000000000000e+02 9.990489161282312e-06
1.880000000000000e+02 1.198858717543771e-05
1.890000000000000e+02 7.992391147126909e-06
1.900000000000000e+02 1.598478229425382e-05
1.910000000000000e+02 7.992391147126909e-06
1.920000000000000e+02 7.992391147126909e-06
1.930000000000000e+02 1.798288030840922e-05
1.940000000000000e+02 3.996195573563455e-06
1.950000000000000e+02 9.990489161282312e-06
1.960000000000000e+02 1.998097786781727e-06
1.970000000000000e+02 1.198858717543771e-05
1.980000000000000e+02 9.990489161282312e-06
1.990000000000000e+02 3.996195573563455e-06
2.000000000000000e+02 9.990489161282312e-06
2.010000000000000e+02 1.598478229425382e-05
2.020000000000000e+02 9.990489161282312e-06
2.030000000000000e+02 3.996195573563455e-06
2.040000000000000e+02 7.992391147126909e-06
2.050000000000000e+02 1.598478229425382e-05
2.060000000000000e+02 3.996195573563455e-06
2.070000000000000e+02 1.198858717543771e-05
2.080000000000000e+02 7.992391147126909e-06
2.090000000000000e+02 1.198858717543771e-05
2.100000000000000e+02 9.990489161282312e-06
2.110000000000000e+02 1.998097832256462e-05
2.120000000000000e+02 1.398668428009842e-05
2.130000000000000e+02 5.994293587718857e-06
2.140000000000000e+02 5.994293587718857e-06
2.150000000000000e+02 1.198858717543771e-05
2.160000000000000e+02 9.990489161282312e-06
2.170000000000000e+02 1.598478229425382e-05
2.180000000000000e+02 5.994293587718857e-06
2.190000000000000e+02 1.198858717543771e-05
2.200000000000000e+02 7.992391147126909e-06
2.210000000000000e+02 7.992391147126909e-06
2.220000000000000e+02 3.996195573563455e-06
2.230000000000000e+02 7.992391147126909e-06
2.240000000000000e+02 7.992391147126909e-06
2.250000000000000e+02 9.990489161282312e-06
2.260000000000000e+02 1.398668428009842e-05
2.270000000000000e+02 5.994293587718857e-06
2.280000000000000e+02 7.992391147126909e-06
2.290000000000000e+02 3.996195573563455e-06
2.300000000000000e+02 1.598478229425382e-05
2.310000000000000e+02 3.996195573563455e-06
2.320000000000000e+02 7.992391147126909e-06
2.330000000000000e+02 1.198858717543771e-05
2.340000000000000e+02 5.994293587718857e-06
2.350000000000000e+02 1.398668428009842e-05
2.360000000000000e+02 1.998097832256462e-05
2.370000000000000e+02 7.992391147126909e-06
2.380000000000000e+02 1.798288030840922e-05
2.390000000000000e+02 1.198858717543771e-05
2.400000000000000e+02 3.996195573563455e-06
2.410000000000000e+02 1.398668428009842e-05
2.420000000000000e+02 1.198858717543771e-05
2.430000000000000e+02 9.990489161282312e-06
2.440000000000000e+02 1.198858717543771e-05
2.450000000000000e+02 5.994293587718857e-06
2.460000000000000e+02 1.198858717543771e-05
2.470000000000000e+02 3.996195573563455e-06
2.480000000000000e+02 1.798288030840922e-05
2.490000000000000e+02 1.598478229425382e-05
2.500000000000000e+02 1.598478229425382e-05
2.510000000000000e+02 9.990489161282312e-06
2.520000000000000e+02 9.990489161282312e-06
2.530000000000000e+02 1.198858717543771e-05
2.540000000000000e+02 7.992391147126909e-06
2.550000000000000e+02 1.998097832256462e-05
2.560000000000000e+02 7.992391147126909e-06
2.570000000000000e+02 3.996195573563455e-06
2.580000000000000e+02 9.990489161282312e-06
2.590000000000000e+02 1.398668428009842e-05
2.600000000000000e+02 7.992391147126909e-06
2.610000000000000e+02 3.996195573563455e-06
2.620000000000000e+02 1.998097786781727e-06
2.630000000000000e+02 1.398668428009842e-05
2.640000000000000e+02 5.994293587718857e-06
2.650000000000000e+02 3.996195573563455e-06
2.660000000000000e+02 1.598478229425382e-05
2.670000000000000e+02 7.992391147126909e-06
2.680000000000000e+02 1.198858717543771e-05
2.690000000000000e+02 3.996195573563455e-06
2.700000000000000e+02 5.994293587718857e-06
2.710000000000000e+02 1.198858717543771e-05
2.720000000000000e+02 5.994293587718857e-06
2.730000000000000e+02 5.994293587718857e-06
2.740000000000000e+02 9.990489161282312e-06
2.750000000000000e+02 1.598478229425382e-05
2.760000000000000e+02 1.598478229425382e-05
2.770000000000000e+02 7.992391147126909e-06
2.780000000000000e+02 1.398668428009842e-05
2.790000000000000e+02 9.990489161282312e-06
2.800000000000000e+02 1.598478229425382e-05
2.810000000000000e+02 9.990489161282312e-06
2.820000000000000e+02 1.598478229425382e-05
2.830000000000000e+02 1.198858717543771e-05
2.840000000000000e+02 9.990489161282312e-06
2.850000000000000e+02 9.990489161282312e-06
2.860000000000000e+02 3.996195573563455e-06
2.870000000000000e+02 7.992391147126909e-06
2.880000000000000e+02 5.994293587718857e-06
2.890000000000000e+02 9.990489161282312e-06
2.900000000000000e+02 1.398668428009842e-05
2.910000000000000e+02 1.198858717543771e-05
2.920000000000000e+02 1.398668428009842e-05
2.930000000000000e+02 9.990489161282312e-06
2.940000000000000e+02 2.197907633672003e-05
2.950000000000000e+02 1.398668428009842e-05
2.960000000000000e+02 1.198858717543771e-05
2.970000000000000e+02 9.990489161282312e-06
2.980000000000000e+02 9.990489161282312e-06
2.990000000000000e+02 7.992391147126909e-06
3.000000000000000e+02 1.398668428009842e-05
3.010000000000000e+02 5.994293587718857e-06
3.020000000000000e+02 9.990489161282312e-06
3.030000000000000e+02 1.198858717543771e-05
3.040000000000000e+02 9.990489161282312e-06
3.050000000000000e+02 1.198858717543771e-05
3.060000000000000e+02 7.992391147126909e-06
3.070000000000000e+02 1.398668428009842e-05
3.080000000000000e+02 1.198858717543771e-05
3.090000000000000e+02 7.992391147126909e-06
3.100000000000000e+02 1.998097786781727e-06
3.110000000000000e+02 1.198858717543771e-05
3.120000000000000e+02 3.996195573563455e-06
3.130000000000000e+02 1.998097786781727e-06
3.140000000000000e+02 1.998097786781727e-06
3.150000000000000e+02 1.398668428009842e-05
3.160000000000000e+02 7.992391147126909e-06
3.170000000000000e+02 1.598478229425382e-05
3.180000000000000e+02 3.996195573563455e-06
3.190000000000000e+02 1.398668428009842e-05
3.200000000000000e+02 5.994293587718857e-06
3.210000000000000e+02 7.992391147126909e-06
3.220000000000000e+02 5.994293587718857e-06
3.230000000000000e+02 5.994293587718857e-06
3.240000000000000e+02 1.198858717543771e-05
3.250000000000000e+02 7.992391147126909e-06
3.260000000000000e+02 1.998097786781727e-06
3.270000000000000e+02 5.994293587718857e-06
3.280000000000000e+02 9.990489161282312e-06
3.290000000000000e+02 7.992391147126909e-06
3.300000000000000e+02 1.198858717543771e-05
3.310000000000000e+02 1.198858717543771e-05
3.320000000000000e+02 9.990489161282312e-06
3.330000000000000e+02 1.398668428009842e-05
3.340000000000000e+02 5.994293587718857e-06
3.350000000000000e+02 1.598478229425382e-05
3.360000000000000e+02 1.598478229425382e-05
3.370000000000000e+02 1.998097832256462e-05
3.380000000000000e+02 3.996195573563455e-06
3.390000000000000e+02 9.990489161282312e-06
3.400000000000000e+02 1.998097786781727e-06
3.410000000000000e+02 9.990489161282312e-06
3.420000000000000e+02 1.198858717543771e-05
3.430000000000000e+02 5.994293587718857e-06
3.440000000000000e+02 3.996195573563455e-06
3.450000000000000e+02 5.994293587718857e-06
3.460000000000000e+02 1.198858717543771e-05
3.470000000000000e+02 7.992391147126909e-06
3.480000000000000e+02 7.992391147126909e-06
3.490000000000000e+02 1.998097786781727e-06
3.500000000000000e+02 1.398668428009842e-05
3.510000000000000e+02 1.398668428009842e-05
3.520000000000000e+02 1.398668428009842e-05
3.530000000000000e+02 9.990489161282312e-06
3.540000000000000e+02 1.998097786781727e-06
3.550000000000000e+02 9.990489161282312e-06
3.560000000000000e+02 5.994293587718857e-06
3.570000000000000e+02 9.990489161282312e-06
3.580000000000000e+02 7.992391147126909e-06
3.590000000000000e+02 1.398668428009842e-05
3.600000000000000e+02 5.994293587718857e-06
3.610000000000000e+02 1.998097786781727e-06
3.620000000000000e+02 9.990489161282312e-06
3.630000000000000e+02 1.398668428009842e-05
3.640000000000000e+02 1.998097786781727e-06
3.650000000000000e+02 9.990489161282312e-06
3.660000000000000e+02 9.990489161282312e-06
3.670000000000000e+02 9.990489161282312e-06
3.680000000000000e+02 1.398668428009842e-05
3.690000000000000e+02 5.994293587718857e-06
3.700000000000000e+02 1.398668428009842e-05
3.710000000000000e+02 9.990489161282312e-06
3.720000000000000e+02 1.198858717543771e-05
3.730000000000000e+02 1.998097786781727e-06
3.740000000000000e+02 1.198858717543771e-05
3.750000000000000e+02 3.996195573563455e-06
3.760000000000000e+02 3.996195573563455e-06
3.770000000000000e+02 7.992391147126909e-06
3.780000000000000e+02 1.198858717543771e-05
3.790000000000000e+02 7.992391147126909e-06
3.800000000000000e+02 1.398668428009842e-05
3.810000000000000e+02 9.990489161282312e-06
3.820000000000000e+02 1.798288030840922e-05
3.830000000000000e+02 3.996195573563455e-06
3.840000000000000e+02 5.994293587718857e-06
3.850000000000000e+02 1.398668428009842e-05
3.860000000000000e+02 7.992391147126909e-06
3.870000000000000e+02 7.992391147126909e-06
3.880000000000000e+02 9.990489161282312e-06
3.890000000000000e+02 9.990489161282312e-06
3.900000000000000e+02 1.198858717543771e-05
3.910000000000000e+02 9.990489161282312e-06
3.920000000000000e+02 5.994293587718857e-06
3.930000000000000e+02 1.998097786781727e-06
3.940000000000000e+02 5.994293587718857e-06
3.950000000000000e+02 7.992391147126909e-06
3.960000000000000e+02 1.198858717543771e-05
3.970000000000000e+02 1.398668428009842e-05
3.980000000000000e+02 3.996195573563455e-06
3.990000000000000e+02 3.996195573563455e-06
4.000000000000000e+02 1.198858717543771e-05
4.010000000000000e+02 5.994293587718857e-06
4.020000000000000e+02 9.990489161282312e-06
4.030000000000000e+02 3.996195573563455e-06
4.040000000000000e+02 9.990489161282312e-06
4.050000000000000e+02 3.996195573563455e-06
4.060000000000000e+02 7.992391147126909e-06
4.070000000000000e+02 9.990489161282312e-06
4.080000000000000e+02 7.992391147126909e-06
4.090000000000000e+02 1.598478229425382e-05
4.100000000000000e+02 9.990489161282312e-06
4.110000000000000e+02 1.798288030840922e-05
4.120000000000000e+02 3.996195573563455e-06
4.130000000000000e+02 1.598478229425382e-05
4.140000000000000e+02 9.990489161282312e-06
4.150000000000000e+02 3.996195573563455e-06
4.160000000000000e+02 5.994293587718857e-06
4.170000000000000e+02 5.994293587718857e-06
4.180000000000000e+02 7.992391147126909e-06
4.190000000000000e+02 1.198858717543771e-05
4.200000000000000e+02 9.990489161282312e-06
4.210000000000000e+02 5.994293587718857e-06
4.220000000000000e+02 9.990489161282312e-06
4.230000000000000e+02 5.994293587718857e-06
4.240000000000000e+02 3.996195573563455e-06
4.250000000000000e+02 1.598478229425382e-05
4.260000000000000e+02 2.397717435087543e-05
4.270000000000000e+02 7.992391147126909e-06
4.280000000000000e+02 1.398668428009842e-05
4.290000000000000e+02 1.398668428009842e-05
4.300000000000000e+02 1.998097832256462e-05
4.310000000000000e+02 1.398668428009842e-05
4.320000000000000e+02 9.990489161282312e-06
4.330000000000000e+02 2.597527236503083e-05
4.340000000000000e+02 1.998097832256462e-05
4.350000000000000e+02 3.796385863097385e-05
4.360000000000000e+02 2.597527236503083e-05
4.370000000000000e+02 3.196956458850764e-05
4.380000000000000e+02 2.197907633672003e-05
4.390000000000000e+02 2.797336856019683e-05
4.400000000000000e+02 1.998097832256462e-05
4.410000000000000e+02 2.197907633672003e-05
4.420000000000000e+02 2.997146657435223e-05
4.430000000000000e+02 2.197907633672003e-05
4.440000000000000e+02 4.196005465928465e-05
4.450000000000000e+02 3.196956458850764e-05
4.460000000000000e+02 3.196956458850764e-05
4.470000000000000e+02 3.596576061681844e-05
4.480000000000000e+02 2.997146657435223e-05
4.490000000000000e+02 1.598478229425382e-05
4.500000000000000e+02 3.396766260266304e-05
4.510000000000000e+02 2.397717435087543e-05
4.520000000000000e+02 3.196956458850764e-05
4.530000000000000e+02 3.596576061681844e-05
4.540000000000000e+02 4.196005465928465e-05
4.550000000000000e+02 1.798288030840922e-05
4.560000000000000e+02 2.197907633672003e-05
4.570000000000000e+02 3.796385863097385e-05
4.580000000000000e+02 4.196005465928465e-05
4.590000000000000e+02 2.797336856019683e-05
4.600000000000000e+02 2.397717435087543e-05
4.610000000000000e+02 3.196956458850764e-05
4.620000000000000e+02 3.796385863097385e-05
4.630000000000000e+02 1.998097832256462e-05
4.640000000000000e+02 2.597527236503083e-05
4.650000000000000e+02 3.796385863097385e-05
4.660000000000000e+02 2.397717435087543e-05
4.670000000000000e+02 1.398668428009842e-05
4.680000000000000e+02 1.998097832256462e-05
4.690000000000000e+02 2.597527236503083e-05
4.700000000000000e+02 2.797336856019683e-05
4.710000000000000e+02 3.596576061681844e-05
4.720000000000000e+02 1.998097832256462e-05
4.730000000000000e+02 1.998097832256462e-05
4.740000000000000e+02 3.396766260266304e-05
4.750000000000000e+02 2.397717435087543e-05
4.760000000000000e+02 2.797336856019683e-05
4.770000000000000e+02 2.597527236503083e-05
4.780000000000000e+02 2.797336856019683e-05
4.790000000000000e+02 2.997146657435223e-05
4.800000000000000e+02 1.598478229425382e-05
4.810000000000000e+02 1.998097832256462e-05
4.820000000000000e+02 2.397717435087543e-05
4.830000000000000e+02 2.197907633672003e-05
4.840000000000000e+02 3.196956458850764e-05
4.850000000000000e+02 1.998097832256462e-05
4.860000000000000e+02 2.397717435087543e-05
4.870000000000000e+02 3.796385863097385e-05
4.880000000000000e+02 2.597527236503083e-05
4.890000000000000e+02 3.196956458850764e-05
4.900000000000000e+02 3.196956458850764e-05
4.910000000000000e+02 3.196956458850764e-05
4.920000000000000e+02 3.196956458850764e-05
4.930000000000000e+02 2.797336856019683e-05
4.940000000000000e+02 4.995244671590626e-05
4.950000000000000e+02 5.195054473006167e-05
4.960000000000000e+02 5.594673712039366e-05
4.970000000000000e+02 1.039010894601233e-04
4.980000000000000e+02 4.795434870175086e-05
4.990000000000000e+02 9.191250137519091e-05
5.000000000000000e+02 1.178877719212323e-04
5.010000000000000e+02 1.738345163175836e-04
5.020000000000000e+02 1.738345163175836e-04
5.030000000000000e+02 1.458611368434504e-04
5.040000000000000e+02 1.638440153328702e-04
5.050000000000000e+02 1.618459209566936e-04
5.060000000000000e+02 2.217888541053981e-04
5.070000000000000e+02 2.357755438424647e-04
5.080000000000000e+02 2.078021789202467e-04
5.090000000000000e+02 2.197907597292215e-04
5.100000000000000e+02 2.277831517858431e-04
5.110000000000000e+02 2.177926653530449e-04
5.120000000000000e+02 1.898192858789116e-04
5.130000000000000e+02 2.058040699921548e-04
5.140000000000000e+02 1.578497322043404e-04
5.150000000000000e+02 1.698383130133152e-04
5.160000000000000e+02 1.278782583540305e-04
5.170000000000000e+02 1.158896702690981e-04
5.180000000000000e+02 7.792581163812429e-05
5.190000000000000e+02 9.191250137519091e-05
5.200000000000000e+02 8.591820369474590e-05
5.210000000000000e+02 5.195054473006167e-05
5.220000000000000e+02 4.795434870175086e-05
5.230000000000000e+02 3.596576061681844e-05
5.240000000000000e+02 3.196956458850764e-05
5.250000000000000e+02 2.197907633672003e-05
5.260000000000000e+02 2.197907633672003e-05
5.270000000000000e+02 3.196956458850764e-05
5.280000000000000e+02 4.995244671590626e-05
5.290000000000000e+02 1.598478229425382e-05
5.300000000000000e+02 2.997146657435223e-05
5.310000000000000e+02 2.397717435087543e-05
5.320000000000000e+02 1.798288030840922e-05
5.330000000000000e+02 1.198858717543771e-05
5.340000000000000e+02 1.798288030840922e-05
5.350000000000000e+02 1.598478229425382e-05
5.360000000000000e+02 2.397717435087543e-05
5.370000000000000e+02 2.397717435087543e-05
5.380000000000000e+02 3.396766260266304e-05
5.390000000000000e+02 1.598478229425382e-05
5.400000000000000e+02 2.397717435087543e-05
5.410000000000000e+02 3.396766260266304e-05
5.420000000000000e+02 2.397717435087543e-05
5.430000000000000e+02 1.998097832256462e-05
5.440000000000000e+02 2.197907633672003e-05
5.450000000000000e+02 9.990489161282312e-06
5.460000000000000e+02 2.597527236503083e-05
5.470000000000000e+02 2.397717435087543e-05
5.480000000000000e+02 2.597527236503083e-05
5.490000000000000e+02 2.397717435087543e-05
5.500000000000000e+02 2.997146657435223e-05
5.510000000000000e+02 2.797336856019683e-05
5.520000000000000e+02 2.797336856019683e-05
5.530000000000000e+02 1.598478229425382e-05
5.540000000000000e+02 4.196005465928465e-05
5.550000000000000e+02 2.197907633672003e-05
5.560000000000000e+02 2.797336856019683e-05
5.570000000000000e+02 2.997146657435223e-05
5.580000000000000e+02 1.798288030840922e-05
5.590000000000000e+02 2.597527236503083e-05
5.600000000000000e+02 1.198858717543771e-05
5.610000000000000e+02 2.997146657435223e-05
5.620000000000000e+02 2.197907633672003e-05
5.630000000000000e+02 2.997146657435223e-05
5.640000000000000e+02 3.196956458850764e-05
5.650000000000000e+02 2.397717435087543e-05
5.660000000000000e+02 2.997146657435223e-05
5.670000000000000e+02 2.597527236503083e-05
5.680000000000000e+02 1.998097832256462e-05
5.690000000000000e+02 4.196005465928465e-05
5.700000000000000e+02 2.997146657435223e-05
5.710000000000000e+02 1.998097832256462e-05
5.720000000000000e+02 3.596576061681844e-05
5.730000000000000e+02 3.796385863097385e-05
5.740000000000000e+02 3.196956458850764e-05
5.750000000000000e+02 2.197907633672003e-05
5.760000000000000e+02 2.997146657435223e-05
5.770000000000000e+02 3.596576061681844e-05
5.780000000000000e+02 2.597527236503083e-05
5.790000000000000e+02 3.396766260266304e-05
5.800000000000000e+02 3.396766260266304e-05
5.810000000000000e+02 3.196956458850764e-05
5.820000000000000e+02 4.795434870175086e-05
5.830000000000000e+02 3.196956458850764e-05
5.840000000000000e+02 4.196005465928465e-05
5.850000000000000e+02 3.996195664512925e-05
5.860000000000000e+02 4.196005465928465e-05
5.870000000000000e+02 4.795434870175086e-05
5.880000000000000e+02 3.996195664512925e-05
5.890000000000000e+02 5.594673712039366e-05
5.900000000000000e+02 7.792581163812429e-05
5.910000000000000e+02 5.394863910623826e-05
5.920000000000000e+02 4.995244671590626e-05
5.930000000000000e+02 6.793532520532608e-05
5.940000000000000e+02 7.193152123363689e-05
5.950000000000000e+02 8.192200766643509e-05
5.960000000000000e+02 7.193152123363689e-05
5.970000000000000e+02 9.790679177967831e-05
5.980000000000000e+02 7.392961560981348e-05
5.990000000000000e+02 1.098953798646107e-04
6.000000000000000e+02 9.590869740350172e-05
6.010000000000000e+02 1.198858662974089e-04
6.020000000000000e+02 9.391059575136751e-05
6.030000000000000e+02 9.990489343181252e-05
6.040000000000000e+02 1.238820696016774e-04
6.050000000000000e+02 1.518554345238954e-04
6.060000000000000e+02 1.378687447868288e-04
6.070000000000000e+02 1.298763527302071e-04
6.080000000000000e+02 1.738345163175836e-04
6.090000000000000e+02 1.578497322043404e-04
6.100000000000000e+02 1.718364073894918e-04
6.110000000000000e+02 1.798287994461134e-04
6.120000000000000e+02 1.558516232762486e-04
6.130000000000000e+02 1.838250027503818e-04
6.140000000000000e+02 1.938154891831800e-04
6.150000000000000e+02 1.778307050699368e-04
6.160000000000000e+02 1.698383130133152e-04
6.170000000000000e+02 2.317793405381963e-04
6.180000000000000e+02 2.257850574096665e-04
6.190000000000000e+02 2.117983676725999e-04
6.200000000000000e+02 2.457660448271781e-04
6.210000000000000e+02 2.817318018060178e-04
6.220000000000000e+02 2.617507998365909e-04
6.230000000000000e+02 3.017127746716142e-04
6.240000000000000e+02 2.577546110842377e-04
6.250000000000000e+02 2.897241793107241e-04
6.260000000000000e+02 3.117032465524971e-04
6.270000000000000e+02 2.857279905583709e-04
6.280000000000000e+02 3.017127746716142e-04
6.290000000000000e+02 2.997146802954376e-04
6.300000000000000e+02 3.236918419133872e-04
6.310000000000000e+02 3.436728147789836e-04
6.320000000000000e+02 3.656519111245871e-04
6.330000000000000e+02 3.316842485219240e-04
6.340000000000000e+02 3.456709091551602e-04
6.350000000000000e+02 3.896290727425367e-04
6.360000000000000e+02 4.136062343604863e-04
6.370000000000000e+02 4.635586810763925e-04
6.380000000000000e+02 4.196005465928465e-04
6.390000000000000e+02 3.996195737272501e-04
6.400000000000000e+02 3.816366952378303e-04
6.410000000000000e+02 4.215986409690231e-04
6.420000000000000e+02 4.076119512319565e-04
6.430000000000000e+02 4.595624923240393e-04
6.440000000000000e+02 4.295910184737295e-04
6.450000000000000e+02 4.635586810763925e-04
6.460000000000000e+02 4.975263727828860e-04
6.470000000000000e+02 5.135111277922988e-04
6.480000000000000e+02 5.155092221684754e-04
6.490000000000000e+02 5.694578867405653e-04
6.500000000000000e+02 5.674597923643887e-04
6.510000000000000e+02 5.834445473738015e-04
6.520000000000000e+02 5.914369248785079e-04
6.530000000000000e+02 6.773551576770842e-04
6.540000000000000e+02 5.774502642452717e-04
6.550000000000000e+02 7.053285371512175e-04
6.560000000000000e+02 6.993342540226877e-04
6.570000000000000e+02 7.193151977844536e-04
6.580000000000000e+02 8.791630389168859e-04
6.590000000000000e+02 9.311135509051383e-04
6.600000000000000e+02 9.630831191316247e-04
6.610000000000000e+02 1.122931018471718e-03
6.620000000000000e+02 1.328735030256212e-03
6.630000000000000e+02 1.576499198563397e-03
6.640000000000000e+02 1.760324114002287e-03
6.650000000000000e+02 1.972122583538294e-03
6.660000000000000e+02 2.497622277587652e-03
6.670000000000000e+02 2.963179023936391e-03
6.680000000000000e+02 3.678498091176152e-03
6.690000000000000e+02 4.563655238598585e-03
6.700000000000000e+02 5.426833871752024e-03
6.710000000000000e+02 6.711610592901707e-03
6.720000000000000e+02 8.122267201542854e-03
6.730000000000000e+02 9.490964934229851e-03
6.740000000000000e+02 1.106946170330048e-02
6.750000000000000e+02 1.311151776462793e-02
6.760000000000000e+02 1.570305041968822e-02
6.770000000000000e+02 1.739144325256348e-02
6.780000000000000e+02 1.921370811760426e-02
6.790000000000000e+02 2.154548838734627e-02
6.800000000000000e+02 2.267641201615334e-02
6.810000000000000e+02 2.347165532410145e-02
6.820000000000000e+02 2.446271106600761e-02
6.830000000000000e+02 2.474044635891914e-02
6.840000000000000e+02 2.419296838343143e-02
6.850000000000000e+02 2.361951395869255e-02
6.860000000000000e+02 2.206899039447308e-02
6.870000000000000e+02 2.029667794704437e-02
6.880000000000000e+02 1.797289028763771e-02
6.890000000000000e+02 1.575100421905518e-02
6.900000000000000e+02 1.340323965996504e-02
6.910000000000000e+02 1.149905286729336e-02
6.920000000000000e+02 9.634827263653278e-03
6.930000000000000e+02 7.660706993192434e-03
6.940000000000000e+02 5.944340955466032e-03
6.950000000000000e+02 4.447765648365021e-03
6.960000000000000e+02 3.412751015275717e-03
6.970000000000000e+02 2.443673554807901e-03
6.980000000000000e+02 1.814272836782038e-03
6.990000000000000e+02 1.250809174962342e-03
7.000000000000000e+02 8.152239024639130e-04
7.010000000000000e+02 6.274027400650084e-04
7.020000000000000e+02 3.596575988922268e-04
7.030000000000000e+02 2.617507998365909e-04
7.040000000000000e+02 1.958135835593566e-04
7.050000000000000e+02 1.258801639778540e-04
7.060000000000000e+02 6.993342685746029e-05
7.070000000000000e+02 2.197907633672003e-05
7.080000000000000e+02 9.990489161282312e-06
7.090000000000000e+02 9.990489161282312e-06
7.100000000000000e+02 5.994293587718857e-06
7.110000000000000e+02 1.998097786781727e-06
7.120000000000000e+02 3.996195573563455e-06
7.130000000000000e+02 1.998097786781727e-06
7.140000000000000e+02 0.000000000000000e+00
7.150000000000000e+02 0.000000000000000e+00
7.160000000000000e+02 0.000000000000000e+00
7.170000000000000e+02 0.000000000000000e+00
7.180000000000000e+02 0.000000000000000e+00
7.190000000000000e+02 0.000000000000000e+00
7.200000000000000e+02 0.000000000000000e+00
7.210000000000000e+02 0.000000000000000e+00
7.220000000000000e+02 1.998097786781727e-06
7.230000000000000e+02 0.000000000000000e+00
7.240000000000000e+02 0.000000000000000e+00
7.250000000000000e+02 0.000000000000000e+00
7.260000000000000e+02 0.000000000000000e+00
7.270000000000000e+02 0.000000000000000e+00
7.280000000000000e+02 0.000000000000000e+00
7.290000000000000e+02 0.000000000000000e+00
7.300000000000000e+02 0.000000000000000e+00
7.310000000000000e+02 0.000000000000000e+00
7.320000000000000e+02 0.000000000000000e+00
7.330000000000000e+02 0.000000000000000e+00
7.340000000000000e+02 0.000000000000000e+00
7.350000000000000e+02 0.000000000000000e+00
7.360000000000000e+02 0.000000000000000e+00
7.370000000000000e+02 0.000000000000000e+00
7.380000000000000e+02 0.000000000000000e+00
7.390000000000000e+02 0.000000000000000e+00
7.400000000000000e+02 0.000000000000000e+00
7.410000000000000e+02 0.000000000000000e+00
7.420000000000000e+02 0.000000000000000e+00
7.430000000000000e+02 0.000000000000000e+00
7.440000000000000e+02 1.998097786781727e-06
7.450000000000000e+02 0.000000000000000e+00
7.460000000000000e+02 0.000000000000000e+00
7.470000000000000e+02 0.000000000000000e+00
7.480000000000000e+02 0.000000000000000e+00
7.490000000000000e+02 0.000000000000000e+00
7.500000000000000e+02 0.000000000000000e+00
7.510000000000000e+02 0.000000000000000e+00
7.520000000000000e+02 0.000000000000000e+00
7.530000000000000e+02 0.000000000000000e+00
7.540000000000000e+02 0.000000000000000e+00
7.550000000000000e+02 0.000000000000000e+00
7.560000000000000e+02 0.000000000000000e+00
7.570000000000000e+02 0.000000000000000e+00
7.580000000000000e+02 0.000000000000000e+00
7.590000000000000e+02 0.000000000000000e+00
7.600000000000000e+02 0.000000000000000e+00
7.610000000000000e+02 0.000000000000000e+00
7.620000000000000e+02 0.000000000000000e+00
7.630000000000000e+02 0.000000000000000e+00
7.640000000000000e+02 0.000000000000000e+00
7.650000000000000e+02 0.000000000000000e+00
7.660000000000000e+02 0.000000000000000e+00
7.670000000000000e+02 1.998097786781727e-06
7.680000000000000e+02 0.000000000000000e+00
7.690000000000000e+02 1.998097786781727e-06
7.700000000000000e+02 0.000000000000000e+00
7.710000000000000e+02 0.000000000000000e+00
7.720000000000000e+02 0.000000000000000e+00
7.730000000000000e+02 0.000000000000000e+00
7.740000000000000e+02 0.000000000000000e+00
7.750000000000000e+02 0.000000000000000e+00
7.760000000000000e+02 0.000000000000000e+00
7.770000000000000e+02 0.000000000000000e+00
7.780000000000000e+02 0.000000000000000e+00
7.790000000000000e+02 0.000000000000000e+00
7.800000000000000e+02 0.000000000000000e+00
7.810000000000000e+02 0.000000000000000e+00
7.820000000000000e+02 0.000000000000000e+00
7.830000000000000e+02 0.000000000000000e+00
7.840000000000000e+02 0.000000000000000e+00
7.850000000000000e+02 0.000000000000000e+00
7.860000000000000e+02 0.000000000000000e+00
7.870000000000000e+02 0.000000000000000e+00
7.880000000000000e+02 0.000000000000000e+00
7.890000000000000e+02 0.000000000000000e+00
7.900000000000000e+02 0.000000000000000e+00
7.910000000000000e+02 0.000000000000000e+00
7.920000000000000e+02 0.000000000000000e+00
7.930000000000000e+02 0.000000000000000e+00
7.940000000000000e+02 0.000000000000000e+00
7.950000000000000e+02 0.000000000000000e+00
7.960000000000000e+02 0.000000000000000e+00
7.970000000000000e+02 0.000000000000000e+00
7.980000000000000e+02 0.000000000000000e+00
7.990000000000000e+02 0.000000000000000e+00
8.000000000000000e+02 0.000000000000000e+00
8.010000000000000e+02 0.000000000000000e+00
8.020000000000000e+02 0.000000000000000e+00
8.030000000000000e+02 0.000000000000000e+00
8.040000000000000e+02 0.000000000000000e+00
8.050000000000000e+02 0.000000000000000e+00
8.060000000000000e+02 0.000000000000000e+00
8.070000000000000e+02 1.998097786781727e-06
8.080000000000000e+02 0.000000000000000e+00
8.090000000000000e+02 0.000000000000000e+00
8.100000000000000e+02 0.000000000000000e+00
8.110000000000000e+02 0.000000000000000e+00
8.120000000000000e+02 0.000000000000000e+00
8.130000000000000e+02 0.000000000000000e+00
8.140000000000000e+02 0.000000000000000e+00
8.150000000000000e+02 0.000000000000000e+00
8.160000000000000e+02 0.000000000000000e+00
8.170000000000000e+02 0.000000000000000e+00
8.180000000000000e+02 0.000000000000000e+00
8.190000000000000e+02 0.000000000000000e+00
8.200000000000000e+02 0.000000000000000e+00
8.210000000000000e+02 1.998097786781727e-06
8.220000000000000e+02 0.000000000000000e+00
8.230000000000000e+02 0.000000000000000e+00
8.240000000000000e+02 0.000000000000000e+00
8.250000000000000e+02 0.000000000000000e+00
8.260000000000000e+02 0.000000000000000e+00
8.270000000000000e+02 0.000000000000000e+00
8.280000000000000e+02 0.000000000000000e+00
8.290000000000000e+02 0.000000000000000e+00
8.300000000000000e+02 0.000000000000000e+00
8.310000000000000e+02 0.000000000000000e+00
8.320000000000000e+02 0.000000000000000e+00
8.330000000000000e+02 0.000000000000000e+00
8.340000000000000e+02 0.000000000000000e+00
8.350000000000000e+02 0.000000000000000e+00
8.360000000000000e+02 0.000000000000000e+00
8.370000000000000e+02 0.000000000000000e+00
8.380000000000000e+02 0.000000000000000e+00
8.390000000000000e+02 0.000000000000000e+00
8.400000000000000e+02 0.000000000000000e+00
8.410000000000000e+02 0.000000000000000e+00
8.420000000000000e+02 0.000000000000000e+00
8.430000000000000e+02 0.000000000000000e+00
8.440000000000000e+02 0.000000000000000e+00
8.450000000000000e+02 0.000000000000000e+00
8.460000000000000e+02 0.000000000000000e+00
8.470000000000000e+02 0.000000000000000e+00
8.480000000000000e+02 0.000000000000000e+00
8.490000000000000e+02 0.000000000000000e+00
8.500000000000000e+02 0.000000000000000e+00
8.510000000000000e+02 0.000000000000000e+00
8.520000000000000e+02 1.998097786781727e-06
8.530000000000000e+02 0.000000000000000e+00
8.540000000000000e+02 0.000000000000000e+00
8.550000000000000e+02 0.000000000000000e+00
8.560000000000000e+02 0.000000000000000e+00
8.570000000000000e+02 0.000000000000000e+00
8.580000000000000e+02 0.000000000000000e+00
8.590000000000000e+02 0.000000000000000e+00
8.600000000000000e+02 0.000000000000000e+00
8.610000000000000e+02 0.000000000000000e+00
8.620000000000000e+02 0.000000000000000e+00
8.630000000000000e+02 0.000000000000000e+00
8.640000000000000e+02 1.998097786781727e-06
8.650000000000000e+02 0.000000000000000e+00
8.660000000000000e+02 0.000000000000000e+00
8.670000000000000e+02 0.000000000000000e+00
8.680000000000000e+02 0.000000000000000e+00
8.690000000000000e+02 0.000000000000000e+00
8.700000000000000e+02 0.000000000000000e+00
8.710000000000000e+02 0.000000000000000e+00
8.720000000000000e+02 0.000000000000000e+00
8.730000000000000e+02 0.000000000000000e+00
8.740000000000000e+02 0.000000000000000e+00
8.750000000000000e+02 0.000000000000000e+00
8.760000000000000e+02 0.000000000000000e+00
8.770000000000000e+02 0.000000000000000e+00
8.780000000000000e+02 0.000000000000000e+00
8.790000000000000e+02 0.000000000000000e+00
8.800000000000000e+02 0.000000000000000e+00
8.810000000000000e+02 0.000000000000000e+00
8.820000000000000e+02 0.000000000000000e+00
8.830000000000000e+02 0.000000000000000e+00
8.840000000000000e+02 0.000000000000000e+00
8.850000000000000e+02 0.000000000000000e+00
8.860000000000000e+02 0.000000000000000e+00
8.870000000000000e+02 0.000000000000000e+00
8.880000000000000e+02 0.000000000000000e+00
8.890000000000000e+02 0.000000000000000e+00
8.900000000000000e+02 0.000000000000000e+00
8.910000000000000e+02 0.000000000000000e+00
8.920000000000000e+02 0.000000000000000e+00
8.930000000000000e+02 0.000000000000000e+00
8.940000000000000e+02 0.000000000000000e+00
8.950000000000000e+02 0.000000000000000e+00
8.960000000000000e+02 0.000000000000000e+00
8.970000000000000e+02 0.000000000000000e+00
8.980000000000000e+02 0.000000000000000e+00
8.990000000000000e+02 0.000000000000000e+00
9.000000000000000e+02 0.000000000000000e+00
9.010000000000000e+02 0.000000000000000e+00
9.020000000000000e+02 0.000000000000000e+00
9.030000000000000e+02 0.000000000000000e+00
9.040000000000000e+02 0.000000000000000e+00
9.050000000000000e+02 0.000000000000000e+00
9.060000000000000e+02 0.000000000000000e+00
9.070000000000000e+02 0.000000000000000e+00
9.080000000000000e+02 0.000000000000000e+00
9.090000000000000e+02 0.000000000000000e+00
9.100000000000000e+02 0.000000000000000e+00
9.110000000000000e+02 0.000000000000000e+00
9.120000000000000e+02 0.000000000000000e+00
9.130000000000000e+02 0.000000000000000e+00
9.140000000000000e+02 0.000000000000000e+00
9.150000000000000e+02 0.000000000000000e+00
9.160000000000000e+02 0.000000000000000e+00
9.170000000000000e+02 0.000000000000000e+00
9.180000000000000e+02 0.000000000000000e+00
9.190000000000000e+02 0.000000000000000e+00
9.200000000000000e+02 0.000000000000000e+00
9.210000000000000e+02 0.000000000000000e+00
9.220000000000000e+02 0.000000000000000e+00
9.230000000000000e+02 0.000000000000000e+00
9.240000000000000e+02 0.000000000000000e+00
9.250000000000000e+02 0.000000000000000e+00
9.260000000000000e+02 0.000000000000000e+00
9.270000000000000e+02 0.000000000000000e+00
9.280000000000000e+02 0.000000000000000e+00
9.290000000000000e+02 0.000000000000000e+00
9.300000000000000e+02 0.000000000000000e+00
9.310000000000000e+02 0.000000000000000e+00
9.320000000000000e+02 0.000000000000000e+00
9.330000000000000e+02 0.000000000000000e+00
9.340000000000000e+02 0.000000000000000e+00
9.350000000000000e+02 0.000000000000000e+00
9.360000000000000e+02 0.000000000000000e+00
9.370000000000000e+02 0.000000000000000e+00
9.380000000000000e+02 0.000000000000000e+00
9.390000000000000e+02 0.000000000000000e+00
9.400000000000000e+02 0.000000000000000e+00
9.410000000000000e+02 0.000000000000000e+00
9.420000000000000e+02 0.000000000000000e+00
9.430000000000000e+02 0.000000000000000e+00
9.440000000000000e+02 0.000000000000000e+00
9.450000000000000e+02 0.000000000000000e+00
9.460000000000000e+02 0.000000000000000e+00
9.470000000000000e+02 0.000000000000000e+00
9.480000000000000e+02 1.998097786781727e-06
9.490000000000000e+02 0.000000000000000e+00
9.500000000000000e+02 0.000000000000000e+00
9.510000000000000e+02 0.000000000000000e+00
9.520000000000000e+02 0.000000000000000e+00
9.530000000000000e+02 0.000000000000000e+00
9.540000000000000e+02 0.000000000000000e+00
9.550000000000000e+02 0.000000000000000e+00
9.560000000000000e+02 0.000000000000000e+00
9.570000000000000e+02 0.000000000000000e+00
9.580000000000000e+02 0.000000000000000e+00
9.590000000000000e+02 1.998097786781727e-06
9.600000000000000e+02 0.000000000000000e+00
9.610000000000000e+02 0.000000000000000e+00
9.620000000000000e+02 0.000000000000000e+00
9.630000000000000e+02 0.000000000000000e+00
9.640000000000000e+02 0.000000000000000e+00
9.650000000000000e+02 0.000000000000000e+00
9.660000000000000e+02 0.000000000000000e+00
9.670000000000000e+02 0.000000000000000e+00
9.680000000000000e+02 0.000000000000000e+00
9.690000000000000e+02 0.000000000000000e+00
9.700000000000000e+02 0.000000000000000e+00
9.710000000000000e+02 0.000000000000000e+00
9.720000000000000e+02 0.000000000000000e+00
9.730000000000000e+02 0.000000000000000e+00
9.740000000000000e+02 0.000000000000000e+00
9.750000000000000e+02 0.000000000000000e+00
9.760000000000000e+02 0.000000000000000e+00
9.770000000000000e+02 0.000000000000000e+00
9.780000000000000e+02 0.000000000000000e+00
9.790000000000000e+02 0.000000000000000e+00
9.800000000000000e+02 0.000000000000000e+00
9.810000000000000e+02 0.000000000000000e+00
9.820000000000000e+02 0.000000000000000e+00
9.830000000000000e+02 0.000000000000000e+00
9.840000000000000e+02 0.000000000000000e+00
9.850000000000000e+02 0.000000000000000e+00
9.860000000000000e+02 0.000000000000000e+00
9.870000000000000e+02 0.000000000000000e+00
9.880000000000000e+02 0.000000000000000e+00
9.890000000000000e+02 0.000000000000000e+00
9.900000000000000e+02 0.000000000000000e+00
9.910000000000000e+02 0.000000000000000e+00
9.920000000000000e+02 0.000000000000000e+00
9.930000000000000e+02 0.000000000000000e+00
9.940000000000000e+02 0.000000000000000e+00
9.950000000000000e+02 0.000000000000000e+00
9.960000000000000e+02 0.000000000000000e+00
9.970000000000000e+02 0.000000000000000e+00
9.980000000000000e+02 0.000000000000000e+00
9.990000000000000e+02 0.000000000000000e+00
1.000000000000000e+03 0.000000000000000e+00
1.001000000000000e+03 0.000000000000000e+00
1.002000000000000e+03 0.000000000000000e+00
1.003000000000000e+03 0.000000000000000e+00
1.004000000000000e+03 0.000000000000000e+00
1.005000000000000e+03 0.000000000000000e+00
1.006000000000000e+03 0.000000000000000e+00
1.007000000000000e+03 0.000000000000000e+00
1.008000000000000e+03 0.000000000000000e+00
1.009000000000000e+03 0.000000000000000e+00
1.010000000000000e+03 0.000000000000000e+00
1.011000000000000e+03 0.000000000000000e+00
1.012000000000000e+03 0.000000000000000e+00
1.013000000000000e+03 1.998097786781727e-06
1.014000000000000e+03 0.000000000000000e+00
1.015000000000000e+03 0.000000000000000e+00
1.016000000000000e+03 0.000000000000000e+00
1.017000000000000e+03 0.000000000000000e+00
1.018000000000000e+03 0.000000000000000e+00
1.019000000000000e+03 0.000000000000000e+00
1.020000000000000e+03 0.000000000000000e+00
1.021000000000000e+03 0.000000000000000e+00
1.022000000000000e+03 0.000000000000000e+00
1.023000000000000e+03 0.000000000000000e+00
