0.000000000000000e+00 0.000000000000000e+00
1.000000000000000e+00 0.000000000000000e+00
2.000000000000000e+00 0.000000000000000e+00
3.000000000000000e+00 0.000000000000000e+00
4.000000000000000e+00 0.000000000000000e+00
5.000000000000000e+00 0.000000000000000e+00
6.000000000000000e+00 0.000000000000000e+00
7.000000000000000e+00 0.000000000000000e+00
8.000000000000000e+00 0.000000000000000e+00
9.000000000000000e+00 0.000000000000000e+00
1.000000000000000e+01 0.000000000000000e+00
1.100000000000000e+01 0.000000000000000e+00
1.200000000000000e+01 0.000000000000000e+00
1.300000000000000e+01 0.000000000000000e+00
1.400000000000000e+01 0.000000000000000e+00
1.500000000000000e+01 7.396538421744481e-05
1.600000000000000e+01 7.396538421744481e-05
1.700000000000000e+01 9.395602683071047e-05
1.800000000000000e+01 7.596444629598409e-05
1.900000000000000e+01 8.595977124059573e-05
2.000000000000000e+01 6.996725278440863e-05
2.100000000000000e+01 7.596444629598409e-05
2.200000000000000e+01 7.996257772902027e-05
2.300000000000000e+01 7.396538421744481e-05
2.400000000000000e+01 7.196632213890553e-05
2.500000000000000e+01 8.396070916205645e-05
2.600000000000000e+01 8.396070916205645e-05
2.700000000000000e+01 5.397474160417914e-05
2.800000000000000e+01 6.796819070586935e-05
2.900000000000000e+01 6.996725278440863e-05
3.000000000000000e+01 7.796351565048099e-05
3.100000000000000e+01 9.195696475217119e-05
3.200000000000000e+01 6.197099719429389e-05
3.300000000000000e+01 8.795883331913501e-05
3.400000000000000e+01 7.996257772902027e-05
3.500000000000000e+01 6.596912862733006e-05
3.600000000000000e+01 7.796351565048099e-05
3.700000000000000e+01 7.996257772902027e-05
3.800000000000000e+01 6.996725278440863e-05
3.900000000000000e+01 8.396070916205645e-05
4.000000000000000e+01 9.395602683071047e-05
4.100000000000000e+01 6.996725278440863e-05
4.200000000000000e+01 6.796819070586935e-05
4.300000000000000e+01 7.996257772902027e-05
4.400000000000000e+01 6.996725278440863e-05
4.500000000000000e+01 5.797286939923652e-05
4.600000000000000e+01 6.397005927283317e-05
4.700000000000000e+01 6.996725278440863e-05
4.800000000000000e+01 1.059504138538614e-04
4.900000000000000e+01 5.397474160417914e-05
5.000000000000000e+01 8.795883331913501e-05
5.100000000000000e+01 6.197099719429389e-05
5.200000000000000e+01 6.397005927283317e-05
5.300000000000000e+01 9.195696475217119e-05
5.400000000000000e+01 6.996725278440863e-05
5.500000000000000e+01 7.996257772902027e-05
5.600000000000000e+01 6.796819070586935e-05
5.700000000000000e+01 7.196632213890553e-05
5.800000000000000e+01 8.396070916205645e-05
5.900000000000000e+01 6.397005927283317e-05
6.000000000000000e+01 7.596444629598409e-05
6.100000000000000e+01 6.596912862733006e-05
6.200000000000000e+01 7.196632213890553e-05
6.300000000000000e+01 7.796351565048099e-05
6.400000000000000e+01 8.196163980755955e-05
6.500000000000000e+01 6.796819070586935e-05
6.600000000000000e+01 7.196632213890553e-05
6.700000000000000e+01 7.996257772902027e-05
6.800000000000000e+01 5.397474160417914e-05
6.900000000000000e+01 8.396070916205645e-05
7.000000000000000e+01 8.795883331913501e-05
7.100000000000000e+01 8.196163980755955e-05
7.200000000000000e+01 6.996725278440863e-05
7.300000000000000e+01 5.397474160417914e-05
7.400000000000000e+01 8.595977124059573e-05
7.500000000000000e+01 8.795883331913501e-05
7.600000000000000e+01 6.996725278440863e-05
7.700000000000000e+01 6.596912862733006e-05
7.800000000000000e+01 7.796351565048099e-05
7.900000000000000e+01 7.796351565048099e-05
8.000000000000000e+01 8.196163980755955e-05
8.100000000000000e+01 9.195696475217119e-05
8.200000000000000e+01 8.196163980755955e-05
8.300000000000000e+01 7.396538421744481e-05
8.400000000000000e+01 8.196163980755955e-05
8.500000000000000e+01 7.796351565048099e-05
8.600000000000000e+01 7.396538421744481e-05
8.700000000000000e+01 8.396070916205645e-05
8.800000000000000e+01 6.197099719429389e-05
8.900000000000000e+01 8.595977124059573e-05
9.000000000000000e+01 9.595509618520737e-05
9.100000000000000e+01 8.396070916205645e-05
9.200000000000000e+01 9.195696475217119e-05
9.300000000000000e+01 8.196163980755955e-05
9.400000000000000e+01 6.197099719429389e-05
9.500000000000000e+01 7.996257772902027e-05
9.600000000000000e+01 7.596444629598409e-05
9.700000000000000e+01 8.196163980755955e-05
9.800000000000000e+01 7.796351565048099e-05
9.900000000000000e+01 5.797286939923652e-05
1.000000000000000e+02 7.796351565048099e-05
1.010000000000000e+02 9.595509618520737e-05
1.020000000000000e+02 8.595977124059573e-05
1.030000000000000e+02 6.397005927283317e-05
1.040000000000000e+02 7.196632213890553e-05
1.050000000000000e+02 8.995790267363191e-05
1.060000000000000e+02 9.195696475217119e-05
1.070000000000000e+02 9.195696475217119e-05
1.080000000000000e+02 5.597380368271843e-05
1.090000000000000e+02 8.995790267363191e-05
1.100000000000000e+02 6.596912862733006e-05
1.110000000000000e+02 8.595977124059573e-05
1.120000000000000e+02 6.796819070586935e-05
1.130000000000000e+02 8.995790267363191e-05
1.140000000000000e+02 1.019522896967828e-04
1.150000000000000e+02 9.595509618520737e-05
1.160000000000000e+02 1.019522896967828e-04
1.170000000000000e+02 1.019522896967828e-04
1.180000000000000e+02 9.595509618520737e-05
1.190000000000000e+02 1.339373120572418e-04
1.200000000000000e+02 1.139466694439761e-04
1.210000000000000e+02 1.659223489696160e-04
1.220000000000000e+02 1.799158053472638e-04
1.230000000000000e+02 2.298924082424492e-04
1.240000000000000e+02 2.598783758003265e-04
1.250000000000000e+02 2.918633981607854e-04
1.260000000000000e+02 3.738250525202602e-04
1.270000000000000e+02 4.877717292401940e-04
1.280000000000000e+02 7.096678600646555e-04
1.290000000000000e+02 6.536940927617252e-04
1.300000000000000e+02 7.816341822035611e-04
1.310000000000000e+02 9.755434584803879e-04
1.320000000000000e+02 9.755434584803879e-04
1.330000000000000e+02 9.615499875508249e-04
1.340000000000000e+02 1.031517283990979e-03
1.350000000000000e+02 9.475565166212618e-04
1.360000000000000e+02 8.316108142025769e-04
1.370000000000000e+02 7.176641374826431e-04
1.380000000000000e+02 6.337034283205867e-04
1.390000000000000e+02 5.157586419954896e-04
1.400000000000000e+02 4.258007393218577e-04
1.410000000000000e+02 3.038577851839364e-04
1.420000000000000e+02 2.838671498466283e-04
1.430000000000000e+02 1.699204731266946e-04
1.440000000000000e+02 1.539279619464651e-04
1.450000000000000e+02 1.259410637430847e-04
1.460000000000000e+02 1.039513517753221e-04
1.470000000000000e+02 8.595977124059573e-05
1.480000000000000e+02 7.196632213890553e-05
1.490000000000000e+02 8.396070916205645e-05
1.500000000000000e+02 7.196632213890553e-05
1.510000000000000e+02 8.595977124059573e-05
1.520000000000000e+02 8.595977124059573e-05
1.530000000000000e+02 7.596444629598409e-05
1.540000000000000e+02 7.396538421744481e-05
1.550000000000000e+02 7.396538421744481e-05
1.560000000000000e+02 8.196163980755955e-05
1.570000000000000e+02 9.995322034228593e-05
1.580000000000000e+02 7.996257772902027e-05
1.590000000000000e+02 8.595977124059573e-05
1.600000000000000e+02 6.796819070586935e-05
1.610000000000000e+02 6.796819070586935e-05
1.620000000000000e+02 8.795883331913501e-05
1.630000000000000e+02 6.796819070586935e-05
1.640000000000000e+02 8.995790267363191e-05
1.650000000000000e+02 8.396070916205645e-05
1.660000000000000e+02 7.396538421744481e-05
1.670000000000000e+02 9.195696475217119e-05
1.680000000000000e+02 9.595509618520737e-05
1.690000000000000e+02 1.119476073654369e-04
1.700000000000000e+02 1.059504138538614e-04
1.710000000000000e+02 1.279401185456663e-04
1.720000000000000e+02 1.179448008770123e-04
1.730000000000000e+02 1.539279619464651e-04
1.740000000000000e+02 1.559270313009620e-04
1.750000000000000e+02 1.999064406845719e-04
1.760000000000000e+02 1.979073858819902e-04
1.770000000000000e+02 1.699204731266946e-04
1.780000000000000e+02 1.879120536614209e-04
1.790000000000000e+02 2.099017729051411e-04
1.800000000000000e+02 2.438858646200970e-04
1.810000000000000e+02 1.779167359927669e-04
1.820000000000000e+02 1.839139295043424e-04
1.830000000000000e+02 2.158989664167166e-04
1.840000000000000e+02 2.298924082424492e-04
1.850000000000000e+02 2.178980212192982e-04
1.860000000000000e+02 2.258942840853706e-04
1.870000000000000e+02 1.979073858819902e-04
1.880000000000000e+02 2.298924082424492e-04
1.890000000000000e+02 2.019055100390688e-04
1.900000000000000e+02 2.138998970622197e-04
1.910000000000000e+02 1.839139295043424e-04
1.920000000000000e+02 1.839139295043424e-04
1.930000000000000e+02 2.019055100390688e-04
1.940000000000000e+02 1.759176666382700e-04
1.950000000000000e+02 1.879120536614209e-04
1.960000000000000e+02 1.939092471729964e-04
1.970000000000000e+02 2.039045793935657e-04
1.980000000000000e+02 1.799158053472638e-04
1.990000000000000e+02 2.158989664167166e-04
2.000000000000000e+02 1.999064406845719e-04
2.010000000000000e+02 1.939092471729964e-04
2.020000000000000e+02 1.999064406845719e-04
2.030000000000000e+02 1.739186118356884e-04
2.040000000000000e+02 1.479307684348896e-04
2.050000000000000e+02 1.879120536614209e-04
2.060000000000000e+02 1.899111230159178e-04
2.070000000000000e+02 1.919101923704147e-04
2.080000000000000e+02 1.699204731266946e-04
2.090000000000000e+02 1.899111230159178e-04
2.100000000000000e+02 2.039045793935657e-04
2.110000000000000e+02 1.679214183241129e-04
2.120000000000000e+02 1.879120536614209e-04
2.130000000000000e+02 1.819148601498455e-04
2.140000000000000e+02 1.939092471729964e-04
2.150000000000000e+02 2.418867952656001e-04
2.160000000000000e+02 1.859129988588393e-04
2.170000000000000e+02 2.019055100390688e-04
2.180000000000000e+02 2.079027035506442e-04
2.190000000000000e+02 1.939092471729964e-04
2.200000000000000e+02 1.679214183241129e-04
2.210000000000000e+02 2.138998970622197e-04
2.220000000000000e+02 2.258942840853706e-04
2.230000000000000e+02 1.419335749233142e-04
2.240000000000000e+02 2.099017729051411e-04
2.250000000000000e+02 1.979073858819902e-04
2.260000000000000e+02 2.518821274861693e-04
2.270000000000000e+02 1.879120536614209e-04
2.280000000000000e+02 2.278933388879523e-04
2.290000000000000e+02 1.619242248125374e-04
2.300000000000000e+02 1.939092471729964e-04
2.310000000000000e+02 1.779167359927669e-04
2.320000000000000e+02 1.879120536614209e-04
2.330000000000000e+02 2.198970905737951e-04
2.340000000000000e+02 1.599251554580405e-04
2.350000000000000e+02 1.999064406845719e-04
2.360000000000000e+02 1.719195424811915e-04
2.370000000000000e+02 1.739186118356884e-04
2.380000000000000e+02 2.079027035506442e-04
2.390000000000000e+02 2.019055100390688e-04
2.400000000000000e+02 1.879120536614209e-04
2.410000000000000e+02 2.258942840853706e-04
2.420000000000000e+02 1.899111230159178e-04
2.430000000000000e+02 1.779167359927669e-04
2.440000000000000e+02 2.099017729051411e-04
2.450000000000000e+02 1.999064406845719e-04
2.460000000000000e+02 1.959083165274933e-04
2.470000000000000e+02 2.378886711085215e-04
2.480000000000000e+02 2.099017729051411e-04
2.490000000000000e+02 1.979073858819902e-04
2.500000000000000e+02 2.258942840853706e-04
2.510000000000000e+02 2.698737080208957e-04
2.520000000000000e+02 2.119008277077228e-04
2.530000000000000e+02 2.039045793935657e-04
2.540000000000000e+02 2.318914775969461e-04
2.550000000000000e+02 2.039045793935657e-04
2.560000000000000e+02 2.238952147308737e-04
2.570000000000000e+02 2.418867952656001e-04
2.580000000000000e+02 2.278933388879523e-04
2.590000000000000e+02 2.019055100390688e-04
2.600000000000000e+02 2.178980212192982e-04
2.610000000000000e+02 2.418867952656001e-04
2.620000000000000e+02 2.498830435797572e-04
2.630000000000000e+02 2.538811822887510e-04
2.640000000000000e+02 2.318914775969461e-04
2.650000000000000e+02 2.578793209977448e-04
2.660000000000000e+02 2.358896017540246e-04
2.670000000000000e+02 2.638765145093203e-04
2.680000000000000e+02 3.178512561134994e-04
2.690000000000000e+02 2.898643433582038e-04
2.700000000000000e+02 2.498830435797572e-04
2.710000000000000e+02 2.898643433582038e-04
2.720000000000000e+02 3.118540626019239e-04
2.730000000000000e+02 3.598316106945276e-04
2.740000000000000e+02 3.298456431366503e-04
2.750000000000000e+02 2.918633981607854e-04
2.760000000000000e+02 3.898175782524049e-04
2.770000000000000e+02 3.898175782524049e-04
2.780000000000000e+02 4.337969876360148e-04
2.790000000000000e+02 3.978138265665621e-04
2.800000000000000e+02 4.078091587871313e-04
2.810000000000000e+02 4.497894842643291e-04
2.820000000000000e+02 5.057632806710899e-04
2.830000000000000e+02 5.357492482289672e-04
2.840000000000000e+02 6.836800603196025e-04
2.850000000000000e+02 7.556463824585080e-04
2.860000000000000e+02 8.296117302961648e-04
2.870000000000000e+02 9.755434584803879e-04
2.880000000000000e+02 1.089490135200322e-03
2.890000000000000e+02 1.321381540037692e-03
2.900000000000000e+02 1.601250609382987e-03
2.910000000000000e+02 1.967079471796751e-03
2.920000000000000e+02 2.294925972819328e-03
2.930000000000000e+02 3.000595606863499e-03
2.940000000000000e+02 4.012122284621000e-03
2.950000000000000e+02 5.213560070842505e-03
2.960000000000000e+02 6.944749969989061e-03
2.970000000000000e+02 9.737443178892136e-03
2.980000000000000e+02 1.293194759637117e-02
2.990000000000000e+02 1.753579266369343e-02
3.000000000000000e+02 2.353898435831070e-02
3.010000000000000e+02 3.005793318152428e-02
3.020000000000000e+02 3.803220018744469e-02
3.030000000000000e+02 4.580456390976906e-02
3.040000000000000e+02 5.299519747495651e-02
3.050000000000000e+02 5.973204597830772e-02
3.060000000000000e+02 6.392208486795425e-02
3.070000000000000e+02 6.616703420877457e-02
3.080000000000000e+02 6.519548594951630e-02
3.090000000000000e+02 6.150321662425995e-02
3.100000000000000e+02 5.593382194638252e-02
3.110000000000000e+02 4.903105273842812e-02
3.120000000000000e+02 4.059899970889091e-02
3.130000000000000e+02 3.255076706409454e-02
3.140000000000000e+02 2.500829659402370e-02
3.150000000000000e+02 1.798758096992970e-02
3.160000000000000e+02 1.232223305851221e-02
3.170000000000000e+02 8.324104361236095e-03
3.180000000000000e+02 5.585385952144861e-03
3.190000000000000e+02 3.450385294854641e-03
3.200000000000000e+02 1.939092529937625e-03
3.210000000000000e+02 1.253413385711610e-03
3.220000000000000e+02 6.097146542742848e-04
3.230000000000000e+02 3.258475044276565e-04
3.240000000000000e+02 2.019055100390688e-04
3.250000000000000e+02 7.796351565048099e-05
3.260000000000000e+02 4.198035458102822e-05
3.270000000000000e+02 2.798690184135921e-05
3.280000000000000e+02 1.199438702315092e-05
3.290000000000000e+02 1.199438702315092e-05
3.300000000000000e+02 0.000000000000000e+00
3.310000000000000e+02 3.998128704552073e-06
3.320000000000000e+02 1.999064352276037e-06
3.330000000000000e+02 1.999064352276037e-06
3.340000000000000e+02 0.000000000000000e+00
3.350000000000000e+02 0.000000000000000e+00
3.360000000000000e+02 0.000000000000000e+00
3.370000000000000e+02 0.000000000000000e+00
3.380000000000000e+02 1.999064352276037e-06
3.390000000000000e+02 1.999064352276037e-06
3.400000000000000e+02 0.000000000000000e+00
3.410000000000000e+02 0.000000000000000e+00
3.420000000000000e+02 0.000000000000000e+00
3.430000000000000e+02 0.000000000000000e+00
3.440000000000000e+02 1.999064352276037e-06
3.450000000000000e+02 0.000000000000000e+00
3.460000000000000e+02 0.000000000000000e+00
3.470000000000000e+02 1.999064352276037e-06
3.480000000000000e+02 0.000000000000000e+00
3.490000000000000e+02 0.000000000000000e+00
3.500000000000000e+02 0.000000000000000e+00
3.510000000000000e+02 0.000000000000000e+00
3.520000000000000e+02 3.998128704552073e-06
3.530000000000000e+02 0.000000000000000e+00
3.540000000000000e+02 0.000000000000000e+00
3.550000000000000e+02 1.999064352276037e-06
3.560000000000000e+02 0.000000000000000e+00
3.570000000000000e+02 0.000000000000000e+00
3.580000000000000e+02 1.999064352276037e-06
3.590000000000000e+02 0.000000000000000e+00
3.600000000000000e+02 0.000000000000000e+00
3.610000000000000e+02 0.000000000000000e+00
3.620000000000000e+02 0.000000000000000e+00
3.630000000000000e+02 0.000000000000000e+00
3.640000000000000e+02 0.000000000000000e+00
3.650000000000000e+02 1.999064352276037e-06
3.660000000000000e+02 0.000000000000000e+00
3.670000000000000e+02 0.000000000000000e+00
3.680000000000000e+02 0.000000000000000e+00
3.690000000000000e+02 0.000000000000000e+00
3.700000000000000e+02 0.000000000000000e+00
3.710000000000000e+02 0.000000000000000e+00
3.720000000000000e+02 1.999064352276037e-06
3.730000000000000e+02 0.000000000000000e+00
3.740000000000000e+02 0.000000000000000e+00
3.750000000000000e+02 0.000000000000000e+00
3.760000000000000e+02 0.000000000000000e+00
3.770000000000000e+02 0.000000000000000e+00
3.780000000000000e+02 0.000000000000000e+00
3.790000000000000e+02 0.000000000000000e+00
3.800000000000000e+02 3.998128704552073e-06
3.810000000000000e+02 1.999064352276037e-06
3.820000000000000e+02 0.000000000000000e+00
3.830000000000000e+02 0.000000000000000e+00
3.840000000000000e+02 0.000000000000000e+00
3.850000000000000e+02 0.000000000000000e+00
3.860000000000000e+02 1.999064352276037e-06
3.870000000000000e+02 0.000000000000000e+00
3.880000000000000e+02 0.000000000000000e+00
3.890000000000000e+02 0.000000000000000e+00
3.900000000000000e+02 0.000000000000000e+00
3.910000000000000e+02 0.000000000000000e+00
3.920000000000000e+02 0.000000000000000e+00
3.930000000000000e+02 0.000000000000000e+00
3.940000000000000e+02 0.000000000000000e+00
3.950000000000000e+02 0.000000000000000e+00
3.960000000000000e+02 1.999064352276037e-06
3.970000000000000e+02 0.000000000000000e+00
3.980000000000000e+02 0.000000000000000e+00
3.990000000000000e+02 0.000000000000000e+00
4.000000000000000e+02 0.000000000000000e+00
4.010000000000000e+02 0.000000000000000e+00
4.020000000000000e+02 0.000000000000000e+00
4.030000000000000e+02 0.000000000000000e+00
4.040000000000000e+02 0.000000000000000e+00
4.050000000000000e+02 0.000000000000000e+00
4.060000000000000e+02 0.000000000000000e+00
4.070000000000000e+02 0.000000000000000e+00
4.080000000000000e+02 0.000000000000000e+00
4.090000000000000e+02 0.000000000000000e+00
4.100000000000000e+02 0.000000000000000e+00
4.110000000000000e+02 0.000000000000000e+00
4.120000000000000e+02 0.000000000000000e+00
4.130000000000000e+02 0.000000000000000e+00
4.140000000000000e+02 0.000000000000000e+00
4.150000000000000e+02 1.999064352276037e-06
4.160000000000000e+02 0.000000000000000e+00
4.170000000000000e+02 0.000000000000000e+00
4.180000000000000e+02 0.000000000000000e+00
4.190000000000000e+02 0.000000000000000e+00
4.200000000000000e+02 0.000000000000000e+00
4.210000000000000e+02 0.000000000000000e+00
4.220000000000000e+02 0.000000000000000e+00
4.230000000000000e+02 0.000000000000000e+00
4.240000000000000e+02 0.000000000000000e+00
4.250000000000000e+02 0.000000000000000e+00
4.260000000000000e+02 0.000000000000000e+00
4.270000000000000e+02 1.999064352276037e-06
4.280000000000000e+02 0.000000000000000e+00
4.290000000000000e+02 0.000000000000000e+00
4.300000000000000e+02 0.000000000000000e+00
4.310000000000000e+02 1.999064352276037e-06
4.320000000000000e+02 0.000000000000000e+00
4.330000000000000e+02 0.000000000000000e+00
4.340000000000000e+02 5.997193511575460e-06
4.350000000000000e+02 0.000000000000000e+00
4.360000000000000e+02 0.000000000000000e+00
4.370000000000000e+02 0.000000000000000e+00
4.380000000000000e+02 0.000000000000000e+00
4.390000000000000e+02 3.998128704552073e-06
4.400000000000000e+02 1.999064352276037e-06
4.410000000000000e+02 0.000000000000000e+00
4.420000000000000e+02 0.000000000000000e+00
4.430000000000000e+02 1.999064352276037e-06
4.440000000000000e+02 0.000000000000000e+00
4.450000000000000e+02 1.999064352276037e-06
4.460000000000000e+02 3.998128704552073e-06
4.470000000000000e+02 1.999064352276037e-06
4.480000000000000e+02 0.000000000000000e+00
4.490000000000000e+02 0.000000000000000e+00
4.500000000000000e+02 0.000000000000000e+00
4.510000000000000e+02 1.999064352276037e-06
4.520000000000000e+02 0.000000000000000e+00
4.530000000000000e+02 0.000000000000000e+00
4.540000000000000e+02 0.000000000000000e+00
4.550000000000000e+02 0.000000000000000e+00
4.560000000000000e+02 0.000000000000000e+00
4.570000000000000e+02 0.000000000000000e+00
4.580000000000000e+02 0.000000000000000e+00
4.590000000000000e+02 0.000000000000000e+00
4.600000000000000e+02 0.000000000000000e+00
4.610000000000000e+02 0.000000000000000e+00
4.620000000000000e+02 0.000000000000000e+00
4.630000000000000e+02 0.000000000000000e+00
4.640000000000000e+02 0.000000000000000e+00
4.650000000000000e+02 0.000000000000000e+00
4.660000000000000e+02 1.999064352276037e-06
4.670000000000000e+02 0.000000000000000e+00
4.680000000000000e+02 0.000000000000000e+00
4.690000000000000e+02 0.000000000000000e+00
4.700000000000000e+02 0.000000000000000e+00
4.710000000000000e+02 0.000000000000000e+00
4.720000000000000e+02 0.000000000000000e+00
4.730000000000000e+02 1.999064352276037e-06
4.740000000000000e+02 0.000000000000000e+00
4.750000000000000e+02 0.000000000000000e+00
4.760000000000000e+02 0.000000000000000e+00
4.770000000000000e+02 0.000000000000000e+00
4.780000000000000e+02 0.000000000000000e+00
4.790000000000000e+02 0.000000000000000e+00
4.800000000000000e+02 1.999064352276037e-06
4.810000000000000e+02 0.000000000000000e+00
4.820000000000000e+02 0.000000000000000e+00
4.830000000000000e+02 0.000000000000000e+00
4.840000000000000e+02 0.000000000000000e+00
4.850000000000000e+02 0.000000000000000e+00
4.860000000000000e+02 0.000000000000000e+00
4.870000000000000e+02 0.000000000000000e+00
4.880000000000000e+02 0.000000000000000e+00
4.890000000000000e+02 0.000000000000000e+00
4.900000000000000e+02 1.999064352276037e-06
4.910000000000000e+02 0.000000000000000e+00
4.920000000000000e+02 1.999064352276037e-06
4.930000000000000e+02 0.000000000000000e+00
4.940000000000000e+02 0.000000000000000e+00
4.950000000000000e+02 0.000000000000000e+00
4.960000000000000e+02 0.000000000000000e+00
4.970000000000000e+02 0.000000000000000e+00
4.980000000000000e+02 1.999064352276037e-06
4.990000000000000e+02 0.000000000000000e+00
5.000000000000000e+02 0.000000000000000e+00
5.010000000000000e+02 0.000000000000000e+00
5.020000000000000e+02 0.000000000000000e+00
5.030000000000000e+02 1.999064352276037e-06
5.040000000000000e+02 0.000000000000000e+00
5.050000000000000e+02 0.000000000000000e+00
5.060000000000000e+02 0.000000000000000e+00
5.070000000000000e+02 0.000000000000000e+00
5.080000000000000e+02 1.999064352276037e-06
5.090000000000000e+02 0.000000000000000e+00
5.100000000000000e+02 0.000000000000000e+00
5.110000000000000e+02 0.000000000000000e+00
5.120000000000000e+02 0.000000000000000e+00
5.130000000000000e+02 0.000000000000000e+00
5.140000000000000e+02 0.000000000000000e+00
5.150000000000000e+02 0.000000000000000e+00
5.160000000000000e+02 0.000000000000000e+00
5.170000000000000e+02 0.000000000000000e+00
5.180000000000000e+02 0.000000000000000e+00
5.190000000000000e+02 0.000000000000000e+00
5.200000000000000e+02 0.000000000000000e+00
5.210000000000000e+02 1.999064352276037e-06
5.220000000000000e+02 0.000000000000000e+00
5.230000000000000e+02 0.000000000000000e+00
5.240000000000000e+02 0.000000000000000e+00
5.250000000000000e+02 1.999064352276037e-06
5.260000000000000e+02 0.000000000000000e+00
5.270000000000000e+02 1.999064352276037e-06
5.280000000000000e+02 1.999064352276037e-06
5.290000000000000e+02 0.000000000000000e+00
5.300000000000000e+02 0.000000000000000e+00
5.310000000000000e+02 0.000000000000000e+00
5.320000000000000e+02 0.000000000000000e+00
5.330000000000000e+02 0.000000000000000e+00
5.340000000000000e+02 0.000000000000000e+00
5.350000000000000e+02 0.000000000000000e+00
5.360000000000000e+02 0.000000000000000e+00
5.370000000000000e+02 0.000000000000000e+00
5.380000000000000e+02 0.000000000000000e+00
5.390000000000000e+02 0.000000000000000e+00
5.400000000000000e+02 0.000000000000000e+00
5.410000000000000e+02 0.000000000000000e+00
5.420000000000000e+02 0.000000000000000e+00
5.430000000000000e+02 0.000000000000000e+00
5.440000000000000e+02 0.000000000000000e+00
5.450000000000000e+02 0.000000000000000e+00
5.460000000000000e+02 0.000000000000000e+00
5.470000000000000e+02 0.000000000000000e+00
5.480000000000000e+02 0.000000000000000e+00
5.490000000000000e+02 0.000000000000000e+00
5.500000000000000e+02 0.000000000000000e+00
5.510000000000000e+02 0.000000000000000e+00
5.520000000000000e+02 0.000000000000000e+00
5.530000000000000e+02 0.000000000000000e+00
5.540000000000000e+02 0.000000000000000e+00
5.550000000000000e+02 0.000000000000000e+00
5.560000000000000e+02 0.000000000000000e+00
5.570000000000000e+02 0.000000000000000e+00
5.580000000000000e+02 1.999064352276037e-06
5.590000000000000e+02 0.000000000000000e+00
5.600000000000000e+02 0.000000000000000e+00
5.610000000000000e+02 1.999064352276037e-06
5.620000000000000e+02 0.000000000000000e+00
5.630000000000000e+02 0.000000000000000e+00
5.640000000000000e+02 0.000000000000000e+00
5.650000000000000e+02 0.000000000000000e+00
5.660000000000000e+02 0.000000000000000e+00
5.670000000000000e+02 0.000000000000000e+00
5.680000000000000e+02 0.000000000000000e+00
5.690000000000000e+02 0.000000000000000e+00
5.700000000000000e+02 1.999064352276037e-06
5.710000000000000e+02 0.000000000000000e+00
5.720000000000000e+02 0.000000000000000e+00
5.730000000000000e+02 0.000000000000000e+00
5.740000000000000e+02 0.000000000000000e+00
5.750000000000000e+02 0.000000000000000e+00
5.760000000000000e+02 3.998128704552073e-06
5.770000000000000e+02 0.000000000000000e+00
5.780000000000000e+02 0.000000000000000e+00
5.790000000000000e+02 1.999064352276037e-06
5.800000000000000e+02 1.999064352276037e-06
5.810000000000000e+02 0.000000000000000e+00
5.820000000000000e+02 0.000000000000000e+00
5.830000000000000e+02 0.000000000000000e+00
5.840000000000000e+02 0.000000000000000e+00
5.850000000000000e+02 1.999064352276037e-06
5.860000000000000e+02 0.000000000000000e+00
5.870000000000000e+02 0.000000000000000e+00
5.880000000000000e+02 1.999064352276037e-06
5.890000000000000e+02 0.000000000000000e+00
5.900000000000000e+02 0.000000000000000e+00
5.910000000000000e+02 0.000000000000000e+00
5.920000000000000e+02 1.999064352276037e-06
5.930000000000000e+02 0.000000000000000e+00
5.940000000000000e+02 3.998128704552073e-06
5.950000000000000e+02 1.999064352276037e-06
5.960000000000000e+02 3.998128704552073e-06
5.970000000000000e+02 3.998128704552073e-06
5.980000000000000e+02 0.000000000000000e+00
5.990000000000000e+02 3.998128704552073e-06
6.000000000000000e+02 3.998128704552073e-06
6.010000000000000e+02 3.998128704552073e-06
6.020000000000000e+02 1.999064352276037e-06
6.030000000000000e+02 7.996257409104146e-06
6.040000000000000e+02 1.199438702315092e-05
6.050000000000000e+02 1.199438702315092e-05
6.060000000000000e+02 1.999064443225507e-05
6.070000000000000e+02 1.999064443225507e-05
6.080000000000000e+02 1.999064443225507e-05
6.090000000000000e+02 1.999064443225507e-05
6.100000000000000e+02 1.799158053472638e-05
6.110000000000000e+02 2.198970832978375e-05
6.120000000000000e+02 2.798690184135921e-05
6.130000000000000e+02 2.198970832978375e-05
6.140000000000000e+02 3.198502963641658e-05
6.150000000000000e+02 2.398877404630184e-05
6.160000000000000e+02 2.998596573888790e-05
6.170000000000000e+02 3.198502963641658e-05
6.180000000000000e+02 1.999064443225507e-05
6.190000000000000e+02 2.598783794383053e-05
6.200000000000000e+02 2.198970832978375e-05
6.210000000000000e+02 9.995322216127533e-06
6.220000000000000e+02 1.399345092067961e-05
6.230000000000000e+02 9.995322216127533e-06
6.240000000000000e+02 5.997193511575460e-06
6.250000000000000e+02 5.997193511575460e-06
6.260000000000000e+02 1.999064352276037e-06
6.270000000000000e+02 3.998128704552073e-06
6.280000000000000e+02 3.998128704552073e-06
6.290000000000000e+02 3.998128704552073e-06
6.300000000000000e+02 3.998128704552073e-06
6.310000000000000e+02 1.999064352276037e-06
6.320000000000000e+02 1.999064352276037e-06
6.330000000000000e+02 0.000000000000000e+00
6.340000000000000e+02 1.999064352276037e-06
6.350000000000000e+02 3.998128704552073e-06
6.360000000000000e+02 0.000000000000000e+00
6.370000000000000e+02 0.000000000000000e+00
6.380000000000000e+02 0.000000000000000e+00
6.390000000000000e+02 0.000000000000000e+00
6.400000000000000e+02 0.000000000000000e+00
6.410000000000000e+02 0.000000000000000e+00
6.420000000000000e+02 0.000000000000000e+00
6.430000000000000e+02 0.000000000000000e+00
6.440000000000000e+02 0.000000000000000e+00
6.450000000000000e+02 0.000000000000000e+00
6.460000000000000e+02 0.000000000000000e+00
6.470000000000000e+02 0.000000000000000e+00
6.480000000000000e+02 0.000000000000000e+00
6.490000000000000e+02 0.000000000000000e+00
6.500000000000000e+02 0.000000000000000e+00
6.510000000000000e+02 0.000000000000000e+00
6.520000000000000e+02 0.000000000000000e+00
6.530000000000000e+02 0.000000000000000e+00
6.540000000000000e+02 0.000000000000000e+00
6.550000000000000e+02 0.000000000000000e+00
6.560000000000000e+02 0.000000000000000e+00
6.570000000000000e+02 0.000000000000000e+00
6.580000000000000e+02 0.000000000000000e+00
6.590000000000000e+02 0.000000000000000e+00
6.600000000000000e+02 0.000000000000000e+00
6.610000000000000e+02 0.000000000000000e+00
6.620000000000000e+02 0.000000000000000e+00
6.630000000000000e+02 0.000000000000000e+00
6.640000000000000e+02 0.000000000000000e+00
6.650000000000000e+02 0.000000000000000e+00
6.660000000000000e+02 0.000000000000000e+00
6.670000000000000e+02 0.000000000000000e+00
6.680000000000000e+02 0.000000000000000e+00
6.690000000000000e+02 0.000000000000000e+00
6.700000000000000e+02 0.000000000000000e+00
6.710000000000000e+02 0.000000000000000e+00
6.720000000000000e+02 0.000000000000000e+00
6.730000000000000e+02 0.000000000000000e+00
6.740000000000000e+02 0.000000000000000e+00
6.750000000000000e+02 0.000000000000000e+00
6.760000000000000e+02 0.000000000000000e+00
6.770000000000000e+02 0.000000000000000e+00
6.780000000000000e+02 0.000000000000000e+00
6.790000000000000e+02 0.000000000000000e+00
6.800000000000000e+02 0.000000000000000e+00
6.810000000000000e+02 0.000000000000000e+00
6.820000000000000e+02 0.000000000000000e+00
6.830000000000000e+02 0.000000000000000e+00
6.840000000000000e+02 0.000000000000000e+00
6.850000000000000e+02 0.000000000000000e+00
6.860000000000000e+02 0.000000000000000e+00
6.870000000000000e+02 0.000000000000000e+00
6.880000000000000e+02 0.000000000000000e+00
6.890000000000000e+02 0.000000000000000e+00
6.900000000000000e+02 0.000000000000000e+00
6.910000000000000e+02 0.000000000000000e+00
6.920000000000000e+02 0.000000000000000e+00
6.930000000000000e+02 0.000000000000000e+00
6.940000000000000e+02 0.000000000000000e+00
6.950000000000000e+02 0.000000000000000e+00
6.960000000000000e+02 0.000000000000000e+00
6.970000000000000e+02 0.000000000000000e+00
6.980000000000000e+02 0.000000000000000e+00
6.990000000000000e+02 0.000000000000000e+00
7.000000000000000e+02 0.000000000000000e+00
7.010000000000000e+02 0.000000000000000e+00
7.020000000000000e+02 0.000000000000000e+00
7.030000000000000e+02 0.000000000000000e+00
7.040000000000000e+02 0.000000000000000e+00
7.050000000000000e+02 0.000000000000000e+00
7.060000000000000e+02 0.000000000000000e+00
7.070000000000000e+02 0.000000000000000e+00
7.080000000000000e+02 0.000000000000000e+00
7.090000000000000e+02 0.000000000000000e+00
7.100000000000000e+02 0.000000000000000e+00
7.110000000000000e+02 0.000000000000000e+00
7.120000000000000e+02 0.000000000000000e+00
7.130000000000000e+02 0.000000000000000e+00
7.140000000000000e+02 0.000000000000000e+00
7.150000000000000e+02 0.000000000000000e+00
7.160000000000000e+02 0.000000000000000e+00
7.170000000000000e+02 0.000000000000000e+00
7.180000000000000e+02 0.000000000000000e+00
7.190000000000000e+02 0.000000000000000e+00
7.200000000000000e+02 0.000000000000000e+00
7.210000000000000e+02 0.000000000000000e+00
7.220000000000000e+02 0.000000000000000e+00
7.230000000000000e+02 0.000000000000000e+00
7.240000000000000e+02 0.000000000000000e+00
7.250000000000000e+02 0.000000000000000e+00
7.260000000000000e+02 0.000000000000000e+00
7.270000000000000e+02 0.000000000000000e+00
7.280000000000000e+02 0.000000000000000e+00
7.290000000000000e+02 0.000000000000000e+00
7.300000000000000e+02 0.000000000000000e+00
7.310000000000000e+02 0.000000000000000e+00
7.320000000000000e+02 0.000000000000000e+00
7.330000000000000e+02 0.000000000000000e+00
7.340000000000000e+02 0.000000000000000e+00
7.350000000000000e+02 0.000000000000000e+00
7.360000000000000e+02 0.000000000000000e+00
7.370000000000000e+02 0.000000000000000e+00
7.380000000000000e+02 0.000000000000000e+00
7.390000000000000e+02 0.000000000000000e+00
7.400000000000000e+02 0.000000000000000e+00
7.410000000000000e+02 0.000000000000000e+00
7.420000000000000e+02 0.000000000000000e+00
7.430000000000000e+02 0.000000000000000e+00
7.440000000000000e+02 0.000000000000000e+00
7.450000000000000e+02 0.000000000000000e+00
7.460000000000000e+02 0.000000000000000e+00
7.470000000000000e+02 0.000000000000000e+00
7.480000000000000e+02 0.000000000000000e+00
7.490000000000000e+02 0.000000000000000e+00
7.500000000000000e+02 0.000000000000000e+00
7.510000000000000e+02 0.000000000000000e+00
7.520000000000000e+02 0.000000000000000e+00
7.530000000000000e+02 0.000000000000000e+00
7.540000000000000e+02 0.000000000000000e+00
7.550000000000000e+02 0.000000000000000e+00
7.560000000000000e+02 0.000000000000000e+00
7.570000000000000e+02 0.000000000000000e+00
7.580000000000000e+02 0.000000000000000e+00
7.590000000000000e+02 0.000000000000000e+00
7.600000000000000e+02 0.000000000000000e+00
7.610000000000000e+02 0.000000000000000e+00
7.620000000000000e+02 0.000000000000000e+00
7.630000000000000e+02 0.000000000000000e+00
7.640000000000000e+02 0.000000000000000e+00
7.650000000000000e+02 0.000000000000000e+00
7.660000000000000e+02 0.000000000000000e+00
7.670000000000000e+02 0.000000000000000e+00
7.680000000000000e+02 0.000000000000000e+00
7.690000000000000e+02 0.000000000000000e+00
7.700000000000000e+02 0.000000000000000e+00
7.710000000000000e+02 0.000000000000000e+00
7.720000000000000e+02 0.000000000000000e+00
7.730000000000000e+02 0.000000000000000e+00
7.740000000000000e+02 0.000000000000000e+00
7.750000000000000e+02 0.000000000000000e+00
7.760000000000000e+02 0.000000000000000e+00
7.770000000000000e+02 0.000000000000000e+00
7.780000000000000e+02 0.000000000000000e+00
7.790000000000000e+02 0.000000000000000e+00
7.800000000000000e+02 0.000000000000000e+00
7.810000000000000e+02 0.000000000000000e+00
7.820000000000000e+02 0.000000000000000e+00
7.830000000000000e+02 0.000000000000000e+00
7.840000000000000e+02 0.000000000000000e+00
7.850000000000000e+02 0.000000000000000e+00
7.860000000000000e+02 0.000000000000000e+00
7.870000000000000e+02 0.000000000000000e+00
7.880000000000000e+02 0.000000000000000e+00
7.890000000000000e+02 0.000000000000000e+00
7.900000000000000e+02 0.000000000000000e+00
7.910000000000000e+02 0.000000000000000e+00
7.920000000000000e+02 0.000000000000000e+00
7.930000000000000e+02 0.000000000000000e+00
7.940000000000000e+02 0.000000000000000e+00
7.950000000000000e+02 0.000000000000000e+00
7.960000000000000e+02 0.000000000000000e+00
7.970000000000000e+02 0.000000000000000e+00
7.980000000000000e+02 0.000000000000000e+00
7.990000000000000e+02 0.000000000000000e+00
8.000000000000000e+02 0.000000000000000e+00
8.010000000000000e+02 0.000000000000000e+00
8.020000000000000e+02 0.000000000000000e+00
8.030000000000000e+02 0.000000000000000e+00
8.040000000000000e+02 0.000000000000000e+00
8.050000000000000e+02 0.000000000000000e+00
8.060000000000000e+02 0.000000000000000e+00
8.070000000000000e+02 0.000000000000000e+00
8.080000000000000e+02 0.000000000000000e+00
8.090000000000000e+02 0.000000000000000e+00
8.100000000000000e+02 0.000000000000000e+00
8.110000000000000e+02 0.000000000000000e+00
8.120000000000000e+02 0.000000000000000e+00
8.130000000000000e+02 0.000000000000000e+00
8.140000000000000e+02 0.000000000000000e+00
8.150000000000000e+02 0.000000000000000e+00
8.160000000000000e+02 0.000000000000000e+00
8.170000000000000e+02 0.000000000000000e+00
8.180000000000000e+02 0.000000000000000e+00
8.190000000000000e+02 0.000000000000000e+00
8.200000000000000e+02 0.000000000000000e+00
8.210000000000000e+02 0.000000000000000e+00
8.220000000000000e+02 0.000000000000000e+00
8.230000000000000e+02 0.000000000000000e+00
8.240000000000000e+02 0.000000000000000e+00
8.250000000000000e+02 0.000000000000000e+00
8.260000000000000e+02 0.000000000000000e+00
8.270000000000000e+02 0.000000000000000e+00
8.280000000000000e+02 0.000000000000000e+00
8.290000000000000e+02 0.000000000000000e+00
8.300000000000000e+02 0.000000000000000e+00
8.310000000000000e+02 0.000000000000000e+00
8.320000000000000e+02 0.000000000000000e+00
8.330000000000000e+02 0.000000000000000e+00
8.340000000000000e+02 0.000000000000000e+00
8.350000000000000e+02 0.000000000000000e+00
8.360000000000000e+02 0.000000000000000e+00
8.370000000000000e+02 0.000000000000000e+00
8.380000000000000e+02 0.000000000000000e+00
8.390000000000000e+02 0.000000000000000e+00
8.400000000000000e+02 0.000000000000000e+00
8.410000000000000e+02 0.000000000000000e+00
8.420000000000000e+02 0.000000000000000e+00
8.430000000000000e+02 0.000000000000000e+00
8.440000000000000e+02 0.000000000000000e+00
8.450000000000000e+02 0.000000000000000e+00
8.460000000000000e+02 0.000000000000000e+00
8.470000000000000e+02 0.000000000000000e+00
8.480000000000000e+02 0.000000000000000e+00
8.490000000000000e+02 0.000000000000000e+00
8.500000000000000e+02 0.000000000000000e+00
8.510000000000000e+02 0.000000000000000e+00
8.520000000000000e+02 0.000000000000000e+00
8.530000000000000e+02 0.000000000000000e+00
8.540000000000000e+02 0.000000000000000e+00
8.550000000000000e+02 0.000000000000000e+00
8.560000000000000e+02 0.000000000000000e+00
8.570000000000000e+02 0.000000000000000e+00
8.580000000000000e+02 0.000000000000000e+00
8.590000000000000e+02 0.000000000000000e+00
8.600000000000000e+02 0.000000000000000e+00
8.610000000000000e+02 0.000000000000000e+00
8.620000000000000e+02 0.000000000000000e+00
8.630000000000000e+02 0.000000000000000e+00
8.640000000000000e+02 0.000000000000000e+00
8.650000000000000e+02 0.000000000000000e+00
8.660000000000000e+02 0.000000000000000e+00
8.670000000000000e+02 0.000000000000000e+00
8.680000000000000e+02 0.000000000000000e+00
8.690000000000000e+02 0.000000000000000e+00
8.700000000000000e+02 0.000000000000000e+00
8.710000000000000e+02 0.000000000000000e+00
8.720000000000000e+02 0.000000000000000e+00
8.730000000000000e+02 0.000000000000000e+00
8.740000000000000e+02 0.000000000000000e+00
8.750000000000000e+02 0.000000000000000e+00
8.760000000000000e+02 0.000000000000000e+00
8.770000000000000e+02 0.000000000000000e+00
8.780000000000000e+02 0.000000000000000e+00
8.790000000000000e+02 0.000000000000000e+00
8.800000000000000e+02 0.000000000000000e+00
8.810000000000000e+02 0.000000000000000e+00
8.820000000000000e+02 0.000000000000000e+00
8.830000000000000e+02 0.000000000000000e+00
8.840000000000000e+02 0.000000000000000e+00
8.850000000000000e+02 0.000000000000000e+00
8.860000000000000e+02 0.000000000000000e+00
8.870000000000000e+02 0.000000000000000e+00
8.880000000000000e+02 0.000000000000000e+00
8.890000000000000e+02 0.000000000000000e+00
8.900000000000000e+02 0.000000000000000e+00
8.910000000000000e+02 0.000000000000000e+00
8.920000000000000e+02 0.000000000000000e+00
8.930000000000000e+02 0.000000000000000e+00
8.940000000000000e+02 0.000000000000000e+00
8.950000000000000e+02 0.000000000000000e+00
8.960000000000000e+02 0.000000000000000e+00
8.970000000000000e+02 0.000000000000000e+00
8.980000000000000e+02 0.000000000000000e+00
8.990000000000000e+02 0.000000000000000e+00
9.000000000000000e+02 0.000000000000000e+00
9.010000000000000e+02 0.000000000000000e+00
9.020000000000000e+02 0.000000000000000e+00
9.030000000000000e+02 0.000000000000000e+00
9.040000000000000e+02 0.000000000000000e+00
9.050000000000000e+02 0.000000000000000e+00
9.060000000000000e+02 0.000000000000000e+00
9.070000000000000e+02 0.000000000000000e+00
9.080000000000000e+02 0.000000000000000e+00
9.090000000000000e+02 0.000000000000000e+00
9.100000000000000e+02 0.000000000000000e+00
9.110000000000000e+02 0.000000000000000e+00
9.120000000000000e+02 0.000000000000000e+00
9.130000000000000e+02 0.000000000000000e+00
9.140000000000000e+02 0.000000000000000e+00
9.150000000000000e+02 0.000000000000000e+00
9.160000000000000e+02 0.000000000000000e+00
9.170000000000000e+02 0.000000000000000e+00
9.180000000000000e+02 0.000000000000000e+00
9.190000000000000e+02 0.000000000000000e+00
9.200000000000000e+02 0.000000000000000e+00
9.210000000000000e+02 0.000000000000000e+00
9.220000000000000e+02 0.000000000000000e+00
9.230000000000000e+02 0.000000000000000e+00
9.240000000000000e+02 0.000000000000000e+00
9.250000000000000e+02 0.000000000000000e+00
9.260000000000000e+02 0.000000000000000e+00
9.270000000000000e+02 0.000000000000000e+00
9.280000000000000e+02 0.000000000000000e+00
9.290000000000000e+02 0.000000000000000e+00
9.300000000000000e+02 0.000000000000000e+00
9.310000000000000e+02 0.000000000000000e+00
9.320000000000000e+02 0.000000000000000e+00
9.330000000000000e+02 0.000000000000000e+00
9.340000000000000e+02 0.000000000000000e+00
9.350000000000000e+02 0.000000000000000e+00
9.360000000000000e+02 0.000000000000000e+00
9.370000000000000e+02 0.000000000000000e+00
9.380000000000000e+02 0.000000000000000e+00
9.390000000000000e+02 0.000000000000000e+00
9.400000000000000e+02 0.000000000000000e+00
9.410000000000000e+02 0.000000000000000e+00
9.420000000000000e+02 0.000000000000000e+00
9.430000000000000e+02 0.000000000000000e+00
9.440000000000000e+02 0.000000000000000e+00
9.450000000000000e+02 0.000000000000000e+00
9.460000000000000e+02 0.000000000000000e+00
9.470000000000000e+02 0.000000000000000e+00
9.480000000000000e+02 0.000000000000000e+00
9.490000000000000e+02 0.000000000000000e+00
9.500000000000000e+02 0.000000000000000e+00
9.510000000000000e+02 0.000000000000000e+00
9.520000000000000e+02 0.000000000000000e+00
9.530000000000000e+02 0.000000000000000e+00
9.540000000000000e+02 0.000000000000000e+00
9.550000000000000e+02 0.000000000000000e+00
9.560000000000000e+02 0.000000000000000e+00
9.570000000000000e+02 0.000000000000000e+00
9.580000000000000e+02 0.000000000000000e+00
9.590000000000000e+02 0.000000000000000e+00
9.600000000000000e+02 0.000000000000000e+00
9.610000000000000e+02 0.000000000000000e+00
9.620000000000000e+02 0.000000000000000e+00
9.630000000000000e+02 0.000000000000000e+00
9.640000000000000e+02 0.000000000000000e+00
9.650000000000000e+02 0.000000000000000e+00
9.660000000000000e+02 0.000000000000000e+00
9.670000000000000e+02 0.000000000000000e+00
9.680000000000000e+02 0.000000000000000e+00
9.690000000000000e+02 0.000000000000000e+00
9.700000000000000e+02 0.000000000000000e+00
9.710000000000000e+02 0.000000000000000e+00
9.720000000000000e+02 0.000000000000000e+00
9.730000000000000e+02 0.000000000000000e+00
9.740000000000000e+02 0.000000000000000e+00
9.750000000000000e+02 0.000000000000000e+00
9.760000000000000e+02 0.000000000000000e+00
9.770000000000000e+02 0.000000000000000e+00
9.780000000000000e+02 0.000000000000000e+00
9.790000000000000e+02 0.000000000000000e+00
9.800000000000000e+02 0.000000000000000e+00
9.810000000000000e+02 0.000000000000000e+00
9.820000000000000e+02 0.000000000000000e+00
9.830000000000000e+02 0.000000000000000e+00
9.840000000000000e+02 0.000000000000000e+00
9.850000000000000e+02 0.000000000000000e+00
9.860000000000000e+02 0.000000000000000e+00
9.870000000000000e+02 0.000000000000000e+00
9.880000000000000e+02 0.000000000000000e+00
9.890000000000000e+02 0.000000000000000e+00
9.900000000000000e+02 0.000000000000000e+00
9.910000000000000e+02 0.000000000000000e+00
9.920000000000000e+02 0.000000000000000e+00
9.930000000000000e+02 0.000000000000000e+00
9.940000000000000e+02 0.000000000000000e+00
9.950000000000000e+02 0.000000000000000e+00
9.960000000000000e+02 0.000000000000000e+00
9.970000000000000e+02 0.000000000000000e+00
9.980000000000000e+02 0.000000000000000e+00
9.990000000000000e+02 0.000000000000000e+00
1.000000000000000e+03 0.000000000000000e+00
1.001000000000000e+03 0.000000000000000e+00
1.002000000000000e+03 0.000000000000000e+00
1.003000000000000e+03 0.000000000000000e+00
1.004000000000000e+03 0.000000000000000e+00
1.005000000000000e+03 0.000000000000000e+00
1.006000000000000e+03 0.000000000000000e+00
1.007000000000000e+03 0.000000000000000e+00
1.008000000000000e+03 0.000000000000000e+00
1.009000000000000e+03 0.000000000000000e+00
1.010000000000000e+03 0.000000000000000e+00
1.011000000000000e+03 0.000000000000000e+00
1.012000000000000e+03 0.000000000000000e+00
1.013000000000000e+03 0.000000000000000e+00
1.014000000000000e+03 0.000000000000000e+00
1.015000000000000e+03 0.000000000000000e+00
1.016000000000000e+03 0.000000000000000e+00
1.017000000000000e+03 0.000000000000000e+00
1.018000000000000e+03 0.000000000000000e+00
1.019000000000000e+03 0.000000000000000e+00
1.020000000000000e+03 0.000000000000000e+00
1.021000000000000e+03 0.000000000000000e+00
1.022000000000000e+03 0.000000000000000e+00
1.023000000000000e+03 0.000000000000000e+00
