0.000000000000000e+00 0.000000000000000e+00
1.000000000000000e+00 0.000000000000000e+00
2.000000000000000e+00 0.000000000000000e+00
3.000000000000000e+00 0.000000000000000e+00
4.000000000000000e+00 0.000000000000000e+00
5.000000000000000e+00 0.000000000000000e+00
6.000000000000000e+00 0.000000000000000e+00
7.000000000000000e+00 0.000000000000000e+00
8.000000000000000e+00 0.000000000000000e+00
9.000000000000000e+00 0.000000000000000e+00
1.000000000000000e+01 0.000000000000000e+00
1.100000000000000e+01 0.000000000000000e+00
1.200000000000000e+01 0.000000000000000e+00
1.300000000000000e+01 0.000000000000000e+00
1.400000000000000e+01 0.000000000000000e+00
1.500000000000000e+01 2.403793187113479e-04
1.600000000000000e+01 1.422244240529835e-04
1.700000000000000e+01 1.502370723756030e-04
1.800000000000000e+01 1.261991419596598e-04
1.900000000000000e+01 7.812328112777323e-05
2.000000000000000e+01 4.607270238921046e-05
2.100000000000000e+01 7.411695696646348e-05
2.200000000000000e+01 5.608850915450603e-05
2.300000000000000e+01 4.807586446986534e-05
2.400000000000000e+01 3.806005770456977e-05
2.500000000000000e+01 2.804425457725301e-05
2.600000000000000e+01 2.203477015427779e-05
2.700000000000000e+01 1.402212728862651e-05
2.800000000000000e+01 2.403793223493267e-05
2.900000000000000e+01 1.602528755029198e-05
3.000000000000000e+01 2.203477015427779e-05
3.100000000000000e+01 2.804425457725301e-05
3.200000000000000e+01 2.804425457725301e-05
3.300000000000000e+01 5.608850915450603e-05
3.400000000000000e+01 5.007902291254140e-05
3.500000000000000e+01 5.809166759718210e-05
3.600000000000000e+01 6.810747436247766e-05
3.700000000000000e+01 6.610431591980159e-05
3.800000000000000e+01 4.807586446986534e-05
3.900000000000000e+01 5.408534707385115e-05
4.000000000000000e+01 5.007902291254140e-05
4.100000000000000e+01 6.209799175849184e-05
4.200000000000000e+01 5.408534707385115e-05
4.300000000000000e+01 4.607270238921046e-05
4.400000000000000e+01 4.006321978522465e-05
4.500000000000000e+01 5.007902291254140e-05
4.600000000000000e+01 4.206638186587952e-05
4.700000000000000e+01 3.405373718123883e-05
4.800000000000000e+01 3.405373718123883e-05
4.900000000000000e+01 3.205057510058396e-05
5.000000000000000e+01 3.205057510058396e-05
5.100000000000000e+01 2.804425457725301e-05
5.200000000000000e+01 2.003160989261232e-05
5.300000000000000e+01 3.004741483891848e-05
5.400000000000000e+01 2.203477015427779e-05
5.500000000000000e+01 3.004741483891848e-05
5.600000000000000e+01 1.201896611746633e-05
5.700000000000000e+01 1.402212728862651e-05
5.800000000000000e+01 1.802844963094685e-05
5.900000000000000e+01 1.201896611746633e-05
6.000000000000000e+01 1.001580494630616e-05
6.100000000000000e+01 2.203477015427779e-05
6.200000000000000e+01 2.003160989261232e-05
6.300000000000000e+01 1.402212728862651e-05
6.400000000000000e+01 6.009483058733167e-06
6.500000000000000e+01 8.012643775145989e-06
6.600000000000000e+01 1.201896611746633e-05
6.700000000000000e+01 8.012643775145989e-06
6.800000000000000e+01 8.012643775145989e-06
6.900000000000000e+01 8.012643775145989e-06
7.000000000000000e+01 1.001580494630616e-05
7.100000000000000e+01 1.402212728862651e-05
7.200000000000000e+01 8.012643775145989e-06
7.300000000000000e+01 8.012643775145989e-06
7.400000000000000e+01 8.012643775145989e-06
7.500000000000000e+01 6.009483058733167e-06
7.600000000000000e+01 1.201896611746633e-05
7.700000000000000e+01 4.006321887572994e-06
7.800000000000000e+01 1.201896611746633e-05
7.900000000000000e+01 8.012643775145989e-06
8.000000000000000e+01 1.201896611746633e-05
8.100000000000000e+01 4.006321887572994e-06
8.200000000000000e+01 8.012643775145989e-06
8.300000000000000e+01 6.009483058733167e-06
8.400000000000000e+01 6.009483058733167e-06
8.500000000000000e+01 1.001580494630616e-05
8.600000000000000e+01 8.012643775145989e-06
8.700000000000000e+01 4.006321887572994e-06
8.800000000000000e+01 1.201896611746633e-05
8.900000000000000e+01 1.201896611746633e-05
9.000000000000000e+01 1.001580494630616e-05
9.100000000000000e+01 8.012643775145989e-06
9.200000000000000e+01 2.403793223493267e-05
9.300000000000000e+01 1.802844963094685e-05
9.400000000000000e+01 1.001580494630616e-05
9.500000000000000e+01 1.201896611746633e-05
9.600000000000000e+01 8.012643775145989e-06
9.700000000000000e+01 1.001580494630616e-05
9.800000000000000e+01 1.201896611746633e-05
9.900000000000000e+01 6.009483058733167e-06
1.000000000000000e+02 1.001580494630616e-05
1.010000000000000e+02 1.001580494630616e-05
1.020000000000000e+02 1.602528755029198e-05
1.030000000000000e+02 1.001580494630616e-05
1.040000000000000e+02 1.602528755029198e-05
1.050000000000000e+02 4.006321887572994e-06
1.060000000000000e+02 8.012643775145989e-06
1.070000000000000e+02 1.201896611746633e-05
1.080000000000000e+02 1.201896611746633e-05
1.090000000000000e+02 6.009483058733167e-06
1.100000000000000e+02 8.012643775145989e-06
1.110000000000000e+02 8.012643775145989e-06
1.120000000000000e+02 1.001580494630616e-05
1.130000000000000e+02 1.402212728862651e-05
1.140000000000000e+02 1.802844963094685e-05
1.150000000000000e+02 1.201896611746633e-05
1.160000000000000e+02 8.012643775145989e-06
1.170000000000000e+02 1.001580494630616e-05
1.180000000000000e+02 1.402212728862651e-05
1.190000000000000e+02 8.012643775145989e-06
1.200000000000000e+02 1.602528755029198e-05
1.210000000000000e+02 1.001580494630616e-05
1.220000000000000e+02 4.006321887572994e-06
1.230000000000000e+02 1.001580494630616e-05
1.240000000000000e+02 1.001580494630616e-05
1.250000000000000e+02 4.006321887572994e-06
1.260000000000000e+02 6.009483058733167e-06
1.270000000000000e+02 1.602528755029198e-05
1.280000000000000e+02 6.009483058733167e-06
1.290000000000000e+02 8.012643775145989e-06
1.300000000000000e+02 1.802844963094685e-05
1.310000000000000e+02 1.001580494630616e-05
1.320000000000000e+02 1.402212728862651e-05
1.330000000000000e+02 4.006321887572994e-06
1.340000000000000e+02 1.201896611746633e-05
1.350000000000000e+02 6.009483058733167e-06
1.360000000000000e+02 1.802844963094685e-05
1.370000000000000e+02 1.001580494630616e-05
1.380000000000000e+02 4.006321887572994e-06
1.390000000000000e+02 2.003160989261232e-05
1.400000000000000e+02 8.012643775145989e-06
1.410000000000000e+02 1.001580494630616e-05
1.420000000000000e+02 1.001580494630616e-05
1.430000000000000e+02 8.012643775145989e-06
1.440000000000000e+02 4.006321887572994e-06
1.450000000000000e+02 1.201896611746633e-05
1.460000000000000e+02 1.201896611746633e-05
1.470000000000000e+02 1.001580494630616e-05
1.480000000000000e+02 4.006321887572994e-06
1.490000000000000e+02 2.003160943786497e-06
1.500000000000000e+02 1.802844963094685e-05
1.510000000000000e+02 6.009483058733167e-06
1.520000000000000e+02 1.201896611746633e-05
1.530000000000000e+02 8.012643775145989e-06
1.540000000000000e+02 1.201896611746633e-05
1.550000000000000e+02 1.001580494630616e-05
1.560000000000000e+02 1.201896611746633e-05
1.570000000000000e+02 1.001580494630616e-05
1.580000000000000e+02 1.201896611746633e-05
1.590000000000000e+02 1.201896611746633e-05
1.600000000000000e+02 1.402212728862651e-05
1.610000000000000e+02 1.201896611746633e-05
1.620000000000000e+02 4.006321887572994e-06
1.630000000000000e+02 8.012643775145989e-06
1.640000000000000e+02 6.009483058733167e-06
1.650000000000000e+02 1.001580494630616e-05
1.660000000000000e+02 2.403793223493267e-05
1.670000000000000e+02 1.001580494630616e-05
1.680000000000000e+02 1.602528755029198e-05
1.690000000000000e+02 1.201896611746633e-05
1.700000000000000e+02 1.001580494630616e-05
1.710000000000000e+02 2.604109249659814e-05
1.720000000000000e+02 2.403793223493267e-05
1.730000000000000e+02 1.802844963094685e-05
1.740000000000000e+02 2.804425457725301e-05
1.750000000000000e+02 2.804425457725301e-05
1.760000000000000e+02 2.003160989261232e-05
1.770000000000000e+02 1.201896611746633e-05
1.780000000000000e+02 2.203477015427779e-05
1.790000000000000e+02 1.201896611746633e-05
1.800000000000000e+02 1.201896611746633e-05
1.810000000000000e+02 8.012643775145989e-06
1.820000000000000e+02 8.012643775145989e-06
1.830000000000000e+02 6.009483058733167e-06
1.840000000000000e+02 2.003160943786497e-06
1.850000000000000e+02 4.006321887572994e-06
1.860000000000000e+02 4.006321887572994e-06
1.870000000000000e+02 8.012643775145989e-06
1.880000000000000e+02 2.003160989261232e-05
1.890000000000000e+02 1.402212728862651e-05
1.900000000000000e+02 1.001580494630616e-05
1.910000000000000e+02 1.001580494630616e-05
1.920000000000000e+02 1.402212728862651e-05
1.930000000000000e+02 1.001580494630616e-05
1.940000000000000e+02 1.602528755029198e-05
1.950000000000000e+02 1.201896611746633e-05
1.960000000000000e+02 1.402212728862651e-05
1.970000000000000e+02 6.009483058733167e-06
1.980000000000000e+02 1.201896611746633e-05
1.990000000000000e+02 1.001580494630616e-05
2.000000000000000e+02 8.012643775145989e-06
2.010000000000000e+02 6.009483058733167e-06
2.020000000000000e+02 1.201896611746633e-05
2.030000000000000e+02 8.012643775145989e-06
2.040000000000000e+02 1.602528755029198e-05
2.050000000000000e+02 1.001580494630616e-05
2.060000000000000e+02 6.009483058733167e-06
2.070000000000000e+02 1.001580494630616e-05
2.080000000000000e+02 6.009483058733167e-06
2.090000000000000e+02 1.001580494630616e-05
2.100000000000000e+02 6.009483058733167e-06
2.110000000000000e+02 8.012643775145989e-06
2.120000000000000e+02 8.012643775145989e-06
2.130000000000000e+02 8.012643775145989e-06
2.140000000000000e+02 6.009483058733167e-06
2.150000000000000e+02 1.602528755029198e-05
2.160000000000000e+02 6.009483058733167e-06
2.170000000000000e+02 1.001580494630616e-05
2.180000000000000e+02 1.001580494630616e-05
2.190000000000000e+02 1.402212728862651e-05
2.200000000000000e+02 8.012643775145989e-06
2.210000000000000e+02 2.003160989261232e-05
2.220000000000000e+02 1.602528755029198e-05
2.230000000000000e+02 4.006321887572994e-06
2.240000000000000e+02 1.201896611746633e-05
2.250000000000000e+02 1.201896611746633e-05
2.260000000000000e+02 1.802844963094685e-05
2.270000000000000e+02 1.402212728862651e-05
2.280000000000000e+02 8.012643775145989e-06
2.290000000000000e+02 2.003160943786497e-06
2.300000000000000e+02 8.012643775145989e-06
2.310000000000000e+02 2.003160989261232e-05
2.320000000000000e+02 4.006321887572994e-06
2.330000000000000e+02 8.012643775145989e-06
2.340000000000000e+02 4.006321887572994e-06
2.350000000000000e+02 1.001580494630616e-05
2.360000000000000e+02 1.001580494630616e-05
2.370000000000000e+02 1.001580494630616e-05
2.380000000000000e+02 6.009483058733167e-06
2.390000000000000e+02 6.009483058733167e-06
2.400000000000000e+02 1.001580494630616e-05
2.410000000000000e+02 4.006321887572994e-06
2.420000000000000e+02 1.602528755029198e-05
2.430000000000000e+02 1.602528755029198e-05
2.440000000000000e+02 1.402212728862651e-05
2.450000000000000e+02 8.012643775145989e-06
2.460000000000000e+02 1.001580494630616e-05
2.470000000000000e+02 6.009483058733167e-06
2.480000000000000e+02 1.201896611746633e-05
2.490000000000000e+02 6.009483058733167e-06
2.500000000000000e+02 1.201896611746633e-05
2.510000000000000e+02 6.009483058733167e-06
2.520000000000000e+02 1.602528755029198e-05
2.530000000000000e+02 1.201896611746633e-05
2.540000000000000e+02 6.009483058733167e-06
2.550000000000000e+02 1.201896611746633e-05
2.560000000000000e+02 1.001580494630616e-05
2.570000000000000e+02 1.001580494630616e-05
2.580000000000000e+02 1.201896611746633e-05
2.590000000000000e+02 1.402212728862651e-05
2.600000000000000e+02 6.009483058733167e-06
2.610000000000000e+02 1.402212728862651e-05
2.620000000000000e+02 1.201896611746633e-05
2.630000000000000e+02 2.203477015427779e-05
2.640000000000000e+02 1.602528755029198e-05
2.650000000000000e+02 6.009483058733167e-06
2.660000000000000e+02 1.201896611746633e-05
2.670000000000000e+02 4.006321887572994e-06
2.680000000000000e+02 1.201896611746633e-05
2.690000000000000e+02 4.006321887572994e-06
2.700000000000000e+02 6.009483058733167e-06
2.710000000000000e+02 1.001580494630616e-05
2.720000000000000e+02 8.012643775145989e-06
2.730000000000000e+02 1.201896611746633e-05
2.740000000000000e+02 1.602528755029198e-05
2.750000000000000e+02 8.012643775145989e-06
2.760000000000000e+02 1.201896611746633e-05
2.770000000000000e+02 1.402212728862651e-05
2.780000000000000e+02 1.201896611746633e-05
2.790000000000000e+02 1.201896611746633e-05
2.800000000000000e+02 1.402212728862651e-05
2.810000000000000e+02 1.001580494630616e-05
2.820000000000000e+02 8.012643775145989e-06
2.830000000000000e+02 8.012643775145989e-06
2.840000000000000e+02 6.009483058733167e-06
2.850000000000000e+02 6.009483058733167e-06
2.860000000000000e+02 1.201896611746633e-05
2.870000000000000e+02 6.009483058733167e-06
2.880000000000000e+02 1.201896611746633e-05
2.890000000000000e+02 1.201896611746633e-05
2.900000000000000e+02 1.201896611746633e-05
2.910000000000000e+02 1.001580494630616e-05
2.920000000000000e+02 1.201896611746633e-05
2.930000000000000e+02 1.201896611746633e-05
2.940000000000000e+02 4.006321887572994e-06
2.950000000000000e+02 8.012643775145989e-06
2.960000000000000e+02 1.001580494630616e-05
2.970000000000000e+02 8.012643775145989e-06
2.980000000000000e+02 4.006321887572994e-06
2.990000000000000e+02 1.001580494630616e-05
3.000000000000000e+02 1.602528755029198e-05
3.010000000000000e+02 6.009483058733167e-06
3.020000000000000e+02 1.802844963094685e-05
3.030000000000000e+02 1.201896611746633e-05
3.040000000000000e+02 8.012643775145989e-06
3.050000000000000e+02 2.003160989261232e-05
3.060000000000000e+02 1.001580494630616e-05
3.070000000000000e+02 4.006321887572994e-06
3.080000000000000e+02 6.009483058733167e-06
3.090000000000000e+02 1.001580494630616e-05
3.100000000000000e+02 6.009483058733167e-06
3.110000000000000e+02 1.402212728862651e-05
3.120000000000000e+02 6.009483058733167e-06
3.130000000000000e+02 8.012643775145989e-06
3.140000000000000e+02 1.402212728862651e-05
3.150000000000000e+02 8.012643775145989e-06
3.160000000000000e+02 6.009483058733167e-06
3.170000000000000e+02 2.003160943786497e-06
3.180000000000000e+02 4.006321887572994e-06
3.190000000000000e+02 4.006321887572994e-06
3.200000000000000e+02 1.001580494630616e-05
3.210000000000000e+02 1.001580494630616e-05
3.220000000000000e+02 1.001580494630616e-05
3.230000000000000e+02 8.012643775145989e-06
3.240000000000000e+02 8.012643775145989e-06
3.250000000000000e+02 4.006321887572994e-06
3.260000000000000e+02 6.009483058733167e-06
3.270000000000000e+02 6.009483058733167e-06
3.280000000000000e+02 4.006321887572994e-06
3.290000000000000e+02 4.006321887572994e-06
3.300000000000000e+02 8.012643775145989e-06
3.310000000000000e+02 1.001580494630616e-05
3.320000000000000e+02 1.201896611746633e-05
3.330000000000000e+02 8.012643775145989e-06
3.340000000000000e+02 1.402212728862651e-05
3.350000000000000e+02 6.009483058733167e-06
3.360000000000000e+02 1.001580494630616e-05
3.370000000000000e+02 8.012643775145989e-06
3.380000000000000e+02 2.003160989261232e-05
3.390000000000000e+02 8.012643775145989e-06
3.400000000000000e+02 1.201896611746633e-05
3.410000000000000e+02 1.802844963094685e-05
3.420000000000000e+02 6.009483058733167e-06
3.430000000000000e+02 8.012643775145989e-06
3.440000000000000e+02 8.012643775145989e-06
3.450000000000000e+02 1.001580494630616e-05
3.460000000000000e+02 4.006321887572994e-06
3.470000000000000e+02 1.602528755029198e-05
3.480000000000000e+02 4.006321887572994e-06
3.490000000000000e+02 1.201896611746633e-05
3.500000000000000e+02 1.201896611746633e-05
3.510000000000000e+02 8.012643775145989e-06
3.520000000000000e+02 2.003160989261232e-05
3.530000000000000e+02 2.003160943786497e-06
3.540000000000000e+02 1.201896611746633e-05
3.550000000000000e+02 1.201896611746633e-05
3.560000000000000e+02 8.012643775145989e-06
3.570000000000000e+02 1.402212728862651e-05
3.580000000000000e+02 1.201896611746633e-05
3.590000000000000e+02 6.009483058733167e-06
3.600000000000000e+02 6.009483058733167e-06
3.610000000000000e+02 6.009483058733167e-06
3.620000000000000e+02 1.201896611746633e-05
3.630000000000000e+02 1.001580494630616e-05
3.640000000000000e+02 8.012643775145989e-06
3.650000000000000e+02 8.012643775145989e-06
3.660000000000000e+02 8.012643775145989e-06
3.670000000000000e+02 8.012643775145989e-06
3.680000000000000e+02 1.201896611746633e-05
3.690000000000000e+02 1.001580494630616e-05
3.700000000000000e+02 1.402212728862651e-05
3.710000000000000e+02 1.001580494630616e-05
3.720000000000000e+02 4.006321887572994e-06
3.730000000000000e+02 6.009483058733167e-06
3.740000000000000e+02 1.001580494630616e-05
3.750000000000000e+02 6.009483058733167e-06
3.760000000000000e+02 4.006321887572994e-06
3.770000000000000e+02 1.402212728862651e-05
3.780000000000000e+02 6.009483058733167e-06
3.790000000000000e+02 8.012643775145989e-06
3.800000000000000e+02 1.402212728862651e-05
3.810000000000000e+02 8.012643775145989e-06
3.820000000000000e+02 8.012643775145989e-06
3.830000000000000e+02 1.402212728862651e-05
3.840000000000000e+02 1.201896611746633e-05
3.850000000000000e+02 8.012643775145989e-06
3.860000000000000e+02 1.802844963094685e-05
3.870000000000000e+02 8.012643775145989e-06
3.880000000000000e+02 1.602528755029198e-05
3.890000000000000e+02 1.402212728862651e-05
3.900000000000000e+02 1.802844963094685e-05
3.910000000000000e+02 1.201896611746633e-05
3.920000000000000e+02 1.201896611746633e-05
3.930000000000000e+02 1.001580494630616e-05
3.940000000000000e+02 1.602528755029198e-05
3.950000000000000e+02 1.201896611746633e-05
3.960000000000000e+02 6.009483058733167e-06
3.970000000000000e+02 8.012643775145989e-06
3.980000000000000e+02 6.009483058733167e-06
3.990000000000000e+02 6.009483058733167e-06
4.000000000000000e+02 6.009483058733167e-06
4.010000000000000e+02 6.009483058733167e-06
4.020000000000000e+02 1.001580494630616e-05
4.030000000000000e+02 1.001580494630616e-05
4.040000000000000e+02 1.001580494630616e-05
4.050000000000000e+02 1.201896611746633e-05
4.060000000000000e+02 1.402212728862651e-05
4.070000000000000e+02 1.402212728862651e-05
4.080000000000000e+02 1.201896611746633e-05
4.090000000000000e+02 1.802844963094685e-05
4.100000000000000e+02 1.001580494630616e-05
4.110000000000000e+02 1.001580494630616e-05
4.120000000000000e+02 6.009483058733167e-06
4.130000000000000e+02 1.001580494630616e-05
4.140000000000000e+02 1.201896611746633e-05
4.150000000000000e+02 6.009483058733167e-06
4.160000000000000e+02 1.001580494630616e-05
4.170000000000000e+02 1.402212728862651e-05
4.180000000000000e+02 1.201896611746633e-05
4.190000000000000e+02 6.009483058733167e-06
4.200000000000000e+02 1.201896611746633e-05
4.210000000000000e+02 8.012643775145989e-06
4.220000000000000e+02 1.001580494630616e-05
4.230000000000000e+02 8.012643775145989e-06
4.240000000000000e+02 1.201896611746633e-05
4.250000000000000e+02 1.402212728862651e-05
4.260000000000000e+02 1.001580494630616e-05
4.270000000000000e+02 6.009483058733167e-06
4.280000000000000e+02 1.802844963094685e-05
4.290000000000000e+02 1.602528755029198e-05
4.300000000000000e+02 8.012643775145989e-06
4.310000000000000e+02 4.006321887572994e-06
4.320000000000000e+02 8.012643775145989e-06
4.330000000000000e+02 1.001580494630616e-05
4.340000000000000e+02 1.001580494630616e-05
4.350000000000000e+02 6.009483058733167e-06
4.360000000000000e+02 8.012643775145989e-06
4.370000000000000e+02 1.201896611746633e-05
4.380000000000000e+02 2.003160989261232e-05
4.390000000000000e+02 1.001580494630616e-05
4.400000000000000e+02 2.203477015427779e-05
4.410000000000000e+02 1.001580494630616e-05
4.420000000000000e+02 1.602528755029198e-05
4.430000000000000e+02 1.802844963094685e-05
4.440000000000000e+02 2.804425457725301e-05
4.450000000000000e+02 2.403793223493267e-05
4.460000000000000e+02 1.802844963094685e-05
4.470000000000000e+02 2.604109249659814e-05
4.480000000000000e+02 2.203477015427779e-05
4.490000000000000e+02 1.402212728862651e-05
4.500000000000000e+02 2.804425457725301e-05
4.510000000000000e+02 3.004741483891848e-05
4.520000000000000e+02 3.605689926189370e-05
4.530000000000000e+02 2.604109249659814e-05
4.540000000000000e+02 2.203477015427779e-05
4.550000000000000e+02 1.201896611746633e-05
4.560000000000000e+02 2.804425457725301e-05
4.570000000000000e+02 1.802844963094685e-05
4.580000000000000e+02 2.003160989261232e-05
4.590000000000000e+02 3.004741483891848e-05
4.600000000000000e+02 2.804425457725301e-05
4.610000000000000e+02 1.802844963094685e-05
4.620000000000000e+02 3.605689926189370e-05
4.630000000000000e+02 2.604109249659814e-05
4.640000000000000e+02 2.003160989261232e-05
4.650000000000000e+02 3.004741483891848e-05
4.660000000000000e+02 2.804425457725301e-05
4.670000000000000e+02 2.604109249659814e-05
4.680000000000000e+02 2.003160989261232e-05
4.690000000000000e+02 2.203477015427779e-05
4.700000000000000e+02 1.802844963094685e-05
4.710000000000000e+02 3.806005770456977e-05
4.720000000000000e+02 2.203477015427779e-05
4.730000000000000e+02 2.403793223493267e-05
4.740000000000000e+02 4.006321978522465e-05
4.750000000000000e+02 1.802844963094685e-05
4.760000000000000e+02 3.205057510058396e-05
4.770000000000000e+02 1.602528755029198e-05
4.780000000000000e+02 2.003160989261232e-05
4.790000000000000e+02 4.206638186587952e-05
4.800000000000000e+02 1.602528755029198e-05
4.810000000000000e+02 2.604109249659814e-05
4.820000000000000e+02 1.402212728862651e-05
4.830000000000000e+02 2.003160989261232e-05
4.840000000000000e+02 1.602528755029198e-05
4.850000000000000e+02 2.604109249659814e-05
4.860000000000000e+02 3.004741483891848e-05
4.870000000000000e+02 4.006321978522465e-05
4.880000000000000e+02 3.205057510058396e-05
4.890000000000000e+02 2.604109249659814e-05
4.900000000000000e+02 1.602528755029198e-05
4.910000000000000e+02 1.802844963094685e-05
4.920000000000000e+02 2.003160989261232e-05
4.930000000000000e+02 3.806005770456977e-05
4.940000000000000e+02 3.806005770456977e-05
4.950000000000000e+02 2.804425457725301e-05
4.960000000000000e+02 1.802844963094685e-05
4.970000000000000e+02 2.203477015427779e-05
4.980000000000000e+02 2.604109249659814e-05
4.990000000000000e+02 1.001580494630616e-05
5.000000000000000e+02 4.006321978522465e-05
5.010000000000000e+02 2.203477015427779e-05
5.020000000000000e+02 3.205057510058396e-05
5.030000000000000e+02 3.605689926189370e-05
5.040000000000000e+02 4.406954030855559e-05
5.050000000000000e+02 4.807586446986534e-05
5.060000000000000e+02 3.405373718123883e-05
5.070000000000000e+02 6.009482967783697e-05
5.080000000000000e+02 7.211379852378741e-05
5.090000000000000e+02 7.411695696646348e-05
5.100000000000000e+02 1.001580458250828e-04
5.110000000000000e+02 9.414856322109699e-05
5.120000000000000e+02 1.041643699863926e-04
5.130000000000000e+02 1.041643699863926e-04
5.140000000000000e+02 1.201896593556739e-04
5.150000000000000e+02 1.522402308182791e-04
5.160000000000000e+02 1.742750027915463e-04
5.170000000000000e+02 1.782813342288136e-04
5.180000000000000e+02 1.903002994367853e-04
5.190000000000000e+02 2.523982839193195e-04
5.200000000000000e+02 2.844488481059670e-04
5.210000000000000e+02 2.263571950607002e-04
5.220000000000000e+02 1.882971264421940e-04
5.230000000000000e+02 2.143382298527285e-04
5.240000000000000e+02 2.163413882954046e-04
5.250000000000000e+02 1.702686859061942e-04
5.260000000000000e+02 1.662623690208420e-04
5.270000000000000e+02 1.402212656103075e-04
5.280000000000000e+02 1.302054588450119e-04
5.290000000000000e+02 1.161833351943642e-04
5.300000000000000e+02 1.201896593556739e-04
5.310000000000000e+02 7.411695696646348e-05
5.320000000000000e+02 5.809166759718210e-05
5.330000000000000e+02 3.806005770456977e-05
5.340000000000000e+02 7.011063280515373e-05
5.350000000000000e+02 3.605689926189370e-05
5.360000000000000e+02 4.006321978522465e-05
5.370000000000000e+02 2.804425457725301e-05
5.380000000000000e+02 2.604109249659814e-05
5.390000000000000e+02 3.004741483891848e-05
5.400000000000000e+02 2.403793223493267e-05
5.410000000000000e+02 2.003160989261232e-05
5.420000000000000e+02 2.003160989261232e-05
5.430000000000000e+02 1.802844963094685e-05
5.440000000000000e+02 2.203477015427779e-05
5.450000000000000e+02 1.602528755029198e-05
5.460000000000000e+02 1.402212728862651e-05
5.470000000000000e+02 2.203477015427779e-05
5.480000000000000e+02 1.001580494630616e-05
5.490000000000000e+02 2.403793223493267e-05
5.500000000000000e+02 1.802844963094685e-05
5.510000000000000e+02 2.203477015427779e-05
5.520000000000000e+02 3.004741483891848e-05
5.530000000000000e+02 3.004741483891848e-05
5.540000000000000e+02 1.602528755029198e-05
5.550000000000000e+02 2.604109249659814e-05
5.560000000000000e+02 2.403793223493267e-05
5.570000000000000e+02 2.403793223493267e-05
5.580000000000000e+02 3.004741483891848e-05
5.590000000000000e+02 2.203477015427779e-05
5.600000000000000e+02 2.003160989261232e-05
5.610000000000000e+02 1.201896611746633e-05
5.620000000000000e+02 3.205057510058396e-05
5.630000000000000e+02 1.201896611746633e-05
5.640000000000000e+02 1.001580494630616e-05
5.650000000000000e+02 1.802844963094685e-05
5.660000000000000e+02 6.009483058733167e-06
5.670000000000000e+02 2.804425457725301e-05
5.680000000000000e+02 1.402212728862651e-05
5.690000000000000e+02 2.003160989261232e-05
5.700000000000000e+02 3.004741483891848e-05
5.710000000000000e+02 1.602528755029198e-05
5.720000000000000e+02 2.203477015427779e-05
5.730000000000000e+02 3.004741483891848e-05
5.740000000000000e+02 2.003160989261232e-05
5.750000000000000e+02 3.405373718123883e-05
5.760000000000000e+02 4.006321978522465e-05
5.770000000000000e+02 2.203477015427779e-05
5.780000000000000e+02 3.605689926189370e-05
5.790000000000000e+02 3.405373718123883e-05
5.800000000000000e+02 3.205057510058396e-05
5.810000000000000e+02 2.003160989261232e-05
5.820000000000000e+02 2.003160989261232e-05
5.830000000000000e+02 1.602528755029198e-05
5.840000000000000e+02 3.004741483891848e-05
5.850000000000000e+02 3.405373718123883e-05
5.860000000000000e+02 3.004741483891848e-05
5.870000000000000e+02 2.604109249659814e-05
5.880000000000000e+02 2.203477015427779e-05
5.890000000000000e+02 2.604109249659814e-05
5.900000000000000e+02 2.804425457725301e-05
5.910000000000000e+02 2.604109249659814e-05
5.920000000000000e+02 2.804425457725301e-05
5.930000000000000e+02 2.604109249659814e-05
5.940000000000000e+02 4.807586446986534e-05
5.950000000000000e+02 4.807586446986534e-05
5.960000000000000e+02 2.403793223493267e-05
5.970000000000000e+02 3.605689926189370e-05
5.980000000000000e+02 3.806005770456977e-05
5.990000000000000e+02 4.607270238921046e-05
6.000000000000000e+02 3.806005770456977e-05
6.010000000000000e+02 4.406954030855559e-05
6.020000000000000e+02 6.209799175849184e-05
6.030000000000000e+02 7.411695696646348e-05
6.040000000000000e+02 6.810747436247766e-05
6.050000000000000e+02 6.610431591980159e-05
6.060000000000000e+02 8.613592217443511e-05
6.070000000000000e+02 9.214540477842093e-05
6.080000000000000e+02 9.414856322109699e-05
6.090000000000000e+02 6.610431591980159e-05
6.100000000000000e+02 8.212959801312536e-05
6.110000000000000e+02 1.081706941477023e-04
6.120000000000000e+02 9.214540477842093e-05
6.130000000000000e+02 1.021612115437165e-04
6.140000000000000e+02 1.041643699863926e-04
6.150000000000000e+02 9.815488738240674e-05
6.160000000000000e+02 9.414856322109699e-05
6.170000000000000e+02 1.121770183090121e-04
6.180000000000000e+02 1.101738525903784e-04
6.190000000000000e+02 1.522402308182791e-04
6.200000000000000e+02 1.442275970475748e-04
6.210000000000000e+02 1.382181071676314e-04
6.220000000000000e+02 1.181865009129979e-04
6.230000000000000e+02 1.482339139329270e-04
6.240000000000000e+02 1.522402308182791e-04
6.250000000000000e+02 2.003160916501656e-04
6.260000000000000e+02 1.742750027915463e-04
6.270000000000000e+02 1.482339139329270e-04
6.280000000000000e+02 1.822876511141658e-04
6.290000000000000e+02 2.203477051807567e-04
6.300000000000000e+02 2.163413882954046e-04
6.310000000000000e+02 1.882971264421940e-04
6.320000000000000e+02 2.383761602686718e-04
6.330000000000000e+02 2.584077592473477e-04
6.340000000000000e+02 2.644172636792064e-04
6.350000000000000e+02 2.724298974499106e-04
6.360000000000000e+02 2.463888085912913e-04
6.370000000000000e+02 2.584077592473477e-04
6.380000000000000e+02 2.684235805645585e-04
6.390000000000000e+02 3.385342133697122e-04
6.400000000000000e+02 2.884551940951496e-04
6.410000000000000e+02 2.804425312206149e-04
6.420000000000000e+02 2.704267390072346e-04
6.430000000000000e+02 2.944646694231778e-04
6.440000000000000e+02 3.205057582817972e-04
6.450000000000000e+02 3.325247380416840e-04
6.460000000000000e+02 3.745910944417119e-04
6.470000000000000e+02 3.465468471404165e-04
6.480000000000000e+02 4.246701428201050e-04
6.490000000000000e+02 3.405373718123883e-04
6.500000000000000e+02 3.705847775563598e-04
6.510000000000000e+02 3.826037573162466e-04
6.520000000000000e+02 3.325247380416840e-04
6.530000000000000e+02 4.166574799455702e-04
6.540000000000000e+02 3.906163910869509e-04
6.550000000000000e+02 4.066416877321899e-04
6.560000000000000e+02 4.046385292895138e-04
6.570000000000000e+02 4.166574799455702e-04
6.580000000000000e+02 5.007902509532869e-04
6.590000000000000e+02 4.667364992201328e-04
6.600000000000000e+02 5.368471611291170e-04
6.610000000000000e+02 4.707428452093154e-04
6.620000000000000e+02 4.607270238921046e-04
6.630000000000000e+02 5.648913793265820e-04
6.640000000000000e+02 6.269894074648619e-04
6.650000000000000e+02 6.209799321368337e-04
6.660000000000000e+02 6.329988827928901e-04
6.670000000000000e+02 6.890873773954809e-04
6.680000000000000e+02 7.231411291286349e-04
6.690000000000000e+02 8.012643666006625e-04
6.700000000000000e+02 7.211379706859589e-04
6.710000000000000e+02 8.753813453949988e-04
6.720000000000000e+02 8.733781869523227e-04
6.730000000000000e+02 1.005586818791926e-03
6.740000000000000e+02 1.131785917095840e-03
6.750000000000000e+02 1.400209497660398e-03
6.760000000000000e+02 1.502370694652200e-03
6.770000000000000e+02 1.796835451386869e-03
6.780000000000000e+02 2.095306292176247e-03
6.790000000000000e+02 2.656191354617476e-03
6.800000000000000e+02 3.179016523063183e-03
6.810000000000000e+02 3.940217662602663e-03
6.820000000000000e+02 4.833627492189407e-03
6.830000000000000e+02 5.692983511835337e-03
6.840000000000000e+02 6.770683918148279e-03
6.850000000000000e+02 8.581541478633881e-03
6.860000000000000e+02 1.020610518753529e-02
6.870000000000000e+02 1.209909282624722e-02
6.880000000000000e+02 1.381580159068108e-02
6.890000000000000e+02 1.604131236672401e-02
6.900000000000000e+02 1.802644506096840e-02
6.910000000000000e+02 1.971711404621601e-02
6.920000000000000e+02 2.132965810596943e-02
6.930000000000000e+02 2.256961539387703e-02
6.940000000000000e+02 2.332480624318123e-02
6.950000000000000e+02 2.367335744202137e-02
6.960000000000000e+02 2.340693585574627e-02
6.970000000000000e+02 2.242538705468178e-02
6.980000000000000e+02 2.167420275509357e-02
6.990000000000000e+02 1.984932273626328e-02
7.000000000000000e+02 1.868748851120472e-02
7.010000000000000e+02 1.638385280966759e-02
7.020000000000000e+02 1.450689230114222e-02
7.030000000000000e+02 1.221126969903708e-02
7.040000000000000e+02 1.005586795508862e-02
7.050000000000000e+02 8.267045021057129e-03
7.060000000000000e+02 6.484231911599636e-03
7.070000000000000e+02 5.172161851078272e-03
7.080000000000000e+02 3.982284106314182e-03
7.090000000000000e+02 2.968684537336230e-03
7.100000000000000e+02 2.147388644516468e-03
7.110000000000000e+02 1.486345427110791e-03
7.120000000000000e+02 1.111754332669079e-03
7.130000000000000e+02 6.991031696088612e-04
7.140000000000000e+02 4.647333407774568e-04
7.150000000000000e+02 3.385342133697122e-04
7.160000000000000e+02 1.963097747648135e-04
7.170000000000000e+02 1.582497206982225e-04
7.180000000000000e+02 6.009482967783697e-05
7.190000000000000e+02 4.607270238921046e-05
7.200000000000000e+02 1.602528755029198e-05
7.210000000000000e+02 1.602528755029198e-05
7.220000000000000e+02 8.012643775145989e-06
7.230000000000000e+02 2.003160943786497e-06
7.240000000000000e+02 4.006321887572994e-06
7.250000000000000e+02 4.006321887572994e-06
7.260000000000000e+02 4.006321887572994e-06
7.270000000000000e+02 2.003160943786497e-06
7.280000000000000e+02 2.003160943786497e-06
7.290000000000000e+02 4.006321887572994e-06
7.300000000000000e+02 0.000000000000000e+00
7.310000000000000e+02 0.000000000000000e+00
7.320000000000000e+02 0.000000000000000e+00
7.330000000000000e+02 0.000000000000000e+00
7.340000000000000e+02 0.000000000000000e+00
7.350000000000000e+02 0.000000000000000e+00
7.360000000000000e+02 0.000000000000000e+00
7.370000000000000e+02 0.000000000000000e+00
7.380000000000000e+02 0.000000000000000e+00
7.390000000000000e+02 0.000000000000000e+00
7.400000000000000e+02 0.000000000000000e+00
7.410000000000000e+02 0.000000000000000e+00
7.420000000000000e+02 0.000000000000000e+00
7.430000000000000e+02 0.000000000000000e+00
7.440000000000000e+02 0.000000000000000e+00
7.450000000000000e+02 0.000000000000000e+00
7.460000000000000e+02 2.003160943786497e-06
7.470000000000000e+02 0.000000000000000e+00
7.480000000000000e+02 0.000000000000000e+00
7.490000000000000e+02 0.000000000000000e+00
7.500000000000000e+02 0.000000000000000e+00
7.510000000000000e+02 0.000000000000000e+00
7.520000000000000e+02 0.000000000000000e+00
7.530000000000000e+02 0.000000000000000e+00
7.540000000000000e+02 0.000000000000000e+00
7.550000000000000e+02 2.003160943786497e-06
7.560000000000000e+02 0.000000000000000e+00
7.570000000000000e+02 0.000000000000000e+00
7.580000000000000e+02 0.000000000000000e+00
7.590000000000000e+02 0.000000000000000e+00
7.600000000000000e+02 0.000000000000000e+00
7.610000000000000e+02 0.000000000000000e+00
7.620000000000000e+02 0.000000000000000e+00
7.630000000000000e+02 0.000000000000000e+00
7.640000000000000e+02 0.000000000000000e+00
7.650000000000000e+02 0.000000000000000e+00
7.660000000000000e+02 0.000000000000000e+00
7.670000000000000e+02 0.000000000000000e+00
7.680000000000000e+02 0.000000000000000e+00
7.690000000000000e+02 0.000000000000000e+00
7.700000000000000e+02 0.000000000000000e+00
7.710000000000000e+02 0.000000000000000e+00
7.720000000000000e+02 0.000000000000000e+00
7.730000000000000e+02 0.000000000000000e+00
7.740000000000000e+02 0.000000000000000e+00
7.750000000000000e+02 0.000000000000000e+00
7.760000000000000e+02 0.000000000000000e+00
7.770000000000000e+02 0.000000000000000e+00
7.780000000000000e+02 0.000000000000000e+00
7.790000000000000e+02 0.000000000000000e+00
7.800000000000000e+02 0.000000000000000e+00
7.810000000000000e+02 0.000000000000000e+00
7.820000000000000e+02 0.000000000000000e+00
7.830000000000000e+02 0.000000000000000e+00
7.840000000000000e+02 0.000000000000000e+00
7.850000000000000e+02 0.000000000000000e+00
7.860000000000000e+02 0.000000000000000e+00
7.870000000000000e+02 0.000000000000000e+00
7.880000000000000e+02 0.000000000000000e+00
7.890000000000000e+02 0.000000000000000e+00
7.900000000000000e+02 0.000000000000000e+00
7.910000000000000e+02 0.000000000000000e+00
7.920000000000000e+02 0.000000000000000e+00
7.930000000000000e+02 0.000000000000000e+00
7.940000000000000e+02 0.000000000000000e+00
7.950000000000000e+02 0.000000000000000e+00
7.960000000000000e+02 0.000000000000000e+00
7.970000000000000e+02 0.000000000000000e+00
7.980000000000000e+02 0.000000000000000e+00
7.990000000000000e+02 0.000000000000000e+00
8.000000000000000e+02 0.000000000000000e+00
8.010000000000000e+02 0.000000000000000e+00
8.020000000000000e+02 0.000000000000000e+00
8.030000000000000e+02 0.000000000000000e+00
8.040000000000000e+02 0.000000000000000e+00
8.050000000000000e+02 0.000000000000000e+00
8.060000000000000e+02 0.000000000000000e+00
8.070000000000000e+02 0.000000000000000e+00
8.080000000000000e+02 0.000000000000000e+00
8.090000000000000e+02 0.000000000000000e+00
8.100000000000000e+02 0.000000000000000e+00
8.110000000000000e+02 0.000000000000000e+00
8.120000000000000e+02 0.000000000000000e+00
8.130000000000000e+02 0.000000000000000e+00
8.140000000000000e+02 0.000000000000000e+00
8.150000000000000e+02 0.000000000000000e+00
8.160000000000000e+02 0.000000000000000e+00
8.170000000000000e+02 0.000000000000000e+00
8.180000000000000e+02 0.000000000000000e+00
8.190000000000000e+02 0.000000000000000e+00
8.200000000000000e+02 0.000000000000000e+00
8.210000000000000e+02 0.000000000000000e+00
8.220000000000000e+02 0.000000000000000e+00
8.230000000000000e+02 0.000000000000000e+00
8.240000000000000e+02 2.003160943786497e-06
8.250000000000000e+02 0.000000000000000e+00
8.260000000000000e+02 0.000000000000000e+00
8.270000000000000e+02 0.000000000000000e+00
8.280000000000000e+02 0.000000000000000e+00
8.290000000000000e+02 0.000000000000000e+00
8.300000000000000e+02 0.000000000000000e+00
8.310000000000000e+02 0.000000000000000e+00
8.320000000000000e+02 0.000000000000000e+00
8.330000000000000e+02 0.000000000000000e+00
8.340000000000000e+02 0.000000000000000e+00
8.350000000000000e+02 0.000000000000000e+00
8.360000000000000e+02 0.000000000000000e+00
8.370000000000000e+02 2.003160943786497e-06
8.380000000000000e+02 0.000000000000000e+00
8.390000000000000e+02 0.000000000000000e+00
8.400000000000000e+02 0.000000000000000e+00
8.410000000000000e+02 0.000000000000000e+00
8.420000000000000e+02 0.000000000000000e+00
8.430000000000000e+02 0.000000000000000e+00
8.440000000000000e+02 0.000000000000000e+00
8.450000000000000e+02 0.000000000000000e+00
8.460000000000000e+02 0.000000000000000e+00
8.470000000000000e+02 0.000000000000000e+00
8.480000000000000e+02 0.000000000000000e+00
8.490000000000000e+02 0.000000000000000e+00
8.500000000000000e+02 0.000000000000000e+00
8.510000000000000e+02 0.000000000000000e+00
8.520000000000000e+02 0.000000000000000e+00
8.530000000000000e+02 0.000000000000000e+00
8.540000000000000e+02 0.000000000000000e+00
8.550000000000000e+02 0.000000000000000e+00
8.560000000000000e+02 0.000000000000000e+00
8.570000000000000e+02 0.000000000000000e+00
8.580000000000000e+02 0.000000000000000e+00
8.590000000000000e+02 0.000000000000000e+00
8.600000000000000e+02 0.000000000000000e+00
8.610000000000000e+02 0.000000000000000e+00
8.620000000000000e+02 2.003160943786497e-06
8.630000000000000e+02 0.000000000000000e+00
8.640000000000000e+02 0.000000000000000e+00
8.650000000000000e+02 0.000000000000000e+00
8.660000000000000e+02 0.000000000000000e+00
8.670000000000000e+02 0.000000000000000e+00
8.680000000000000e+02 0.000000000000000e+00
8.690000000000000e+02 0.000000000000000e+00
8.700000000000000e+02 0.000000000000000e+00
8.710000000000000e+02 0.000000000000000e+00
8.720000000000000e+02 0.000000000000000e+00
8.730000000000000e+02 0.000000000000000e+00
8.740000000000000e+02 0.000000000000000e+00
8.750000000000000e+02 0.000000000000000e+00
8.760000000000000e+02 0.000000000000000e+00
8.770000000000000e+02 0.000000000000000e+00
8.780000000000000e+02 0.000000000000000e+00
8.790000000000000e+02 0.000000000000000e+00
8.800000000000000e+02 2.003160943786497e-06
8.810000000000000e+02 0.000000000000000e+00
8.820000000000000e+02 0.000000000000000e+00
8.830000000000000e+02 0.000000000000000e+00
8.840000000000000e+02 0.000000000000000e+00
8.850000000000000e+02 0.000000000000000e+00
8.860000000000000e+02 0.000000000000000e+00
8.870000000000000e+02 0.000000000000000e+00
8.880000000000000e+02 0.000000000000000e+00
8.890000000000000e+02 0.000000000000000e+00
8.900000000000000e+02 0.000000000000000e+00
8.910000000000000e+02 0.000000000000000e+00
8.920000000000000e+02 0.000000000000000e+00
8.930000000000000e+02 0.000000000000000e+00
8.940000000000000e+02 0.000000000000000e+00
8.950000000000000e+02 0.000000000000000e+00
8.960000000000000e+02 0.000000000000000e+00
8.970000000000000e+02 0.000000000000000e+00
8.980000000000000e+02 0.000000000000000e+00
8.990000000000000e+02 0.000000000000000e+00
9.000000000000000e+02 0.000000000000000e+00
9.010000000000000e+02 0.000000000000000e+00
9.020000000000000e+02 0.000000000000000e+00
9.030000000000000e+02 0.000000000000000e+00
9.040000000000000e+02 0.000000000000000e+00
9.050000000000000e+02 0.000000000000000e+00
9.060000000000000e+02 0.000000000000000e+00
9.070000000000000e+02 0.000000000000000e+00
9.080000000000000e+02 0.000000000000000e+00
9.090000000000000e+02 0.000000000000000e+00
9.100000000000000e+02 0.000000000000000e+00
9.110000000000000e+02 0.000000000000000e+00
9.120000000000000e+02 0.000000000000000e+00
9.130000000000000e+02 0.000000000000000e+00
9.140000000000000e+02 0.000000000000000e+00
9.150000000000000e+02 0.000000000000000e+00
9.160000000000000e+02 0.000000000000000e+00
9.170000000000000e+02 0.000000000000000e+00
9.180000000000000e+02 0.000000000000000e+00
9.190000000000000e+02 0.000000000000000e+00
9.200000000000000e+02 0.000000000000000e+00
9.210000000000000e+02 0.000000000000000e+00
9.220000000000000e+02 0.000000000000000e+00
9.230000000000000e+02 0.000000000000000e+00
9.240000000000000e+02 0.000000000000000e+00
9.250000000000000e+02 0.000000000000000e+00
9.260000000000000e+02 0.000000000000000e+00
9.270000000000000e+02 0.000000000000000e+00
9.280000000000000e+02 0.000000000000000e+00
9.290000000000000e+02 0.000000000000000e+00
9.300000000000000e+02 0.000000000000000e+00
9.310000000000000e+02 0.000000000000000e+00
9.320000000000000e+02 0.000000000000000e+00
9.330000000000000e+02 0.000000000000000e+00
9.340000000000000e+02 0.000000000000000e+00
9.350000000000000e+02 0.000000000000000e+00
9.360000000000000e+02 0.000000000000000e+00
9.370000000000000e+02 0.000000000000000e+00
9.380000000000000e+02 0.000000000000000e+00
9.390000000000000e+02 0.000000000000000e+00
9.400000000000000e+02 0.000000000000000e+00
9.410000000000000e+02 0.000000000000000e+00
9.420000000000000e+02 0.000000000000000e+00
9.430000000000000e+02 0.000000000000000e+00
9.440000000000000e+02 0.000000000000000e+00
9.450000000000000e+02 0.000000000000000e+00
9.460000000000000e+02 0.000000000000000e+00
9.470000000000000e+02 0.000000000000000e+00
9.480000000000000e+02 0.000000000000000e+00
9.490000000000000e+02 0.000000000000000e+00
9.500000000000000e+02 0.000000000000000e+00
9.510000000000000e+02 0.000000000000000e+00
9.520000000000000e+02 0.000000000000000e+00
9.530000000000000e+02 0.000000000000000e+00
9.540000000000000e+02 0.000000000000000e+00
9.550000000000000e+02 0.000000000000000e+00
9.560000000000000e+02 0.000000000000000e+00
9.570000000000000e+02 0.000000000000000e+00
9.580000000000000e+02 0.000000000000000e+00
9.590000000000000e+02 0.000000000000000e+00
9.600000000000000e+02 0.000000000000000e+00
9.610000000000000e+02 0.000000000000000e+00
9.620000000000000e+02 0.000000000000000e+00
9.630000000000000e+02 0.000000000000000e+00
9.640000000000000e+02 0.000000000000000e+00
9.650000000000000e+02 0.000000000000000e+00
9.660000000000000e+02 0.000000000000000e+00
9.670000000000000e+02 0.000000000000000e+00
9.680000000000000e+02 0.000000000000000e+00
9.690000000000000e+02 2.003160943786497e-06
9.700000000000000e+02 0.000000000000000e+00
9.710000000000000e+02 0.000000000000000e+00
9.720000000000000e+02 0.000000000000000e+00
9.730000000000000e+02 0.000000000000000e+00
9.740000000000000e+02 0.000000000000000e+00
9.750000000000000e+02 0.000000000000000e+00
9.760000000000000e+02 0.000000000000000e+00
9.770000000000000e+02 0.000000000000000e+00
9.780000000000000e+02 0.000000000000000e+00
9.790000000000000e+02 0.000000000000000e+00
9.800000000000000e+02 0.000000000000000e+00
9.810000000000000e+02 0.000000000000000e+00
9.820000000000000e+02 0.000000000000000e+00
9.830000000000000e+02 0.000000000000000e+00
9.840000000000000e+02 0.000000000000000e+00
9.850000000000000e+02 0.000000000000000e+00
9.860000000000000e+02 0.000000000000000e+00
9.870000000000000e+02 0.000000000000000e+00
9.880000000000000e+02 0.000000000000000e+00
9.890000000000000e+02 0.000000000000000e+00
9.900000000000000e+02 0.000000000000000e+00
9.910000000000000e+02 0.000000000000000e+00
9.920000000000000e+02 0.000000000000000e+00
9.930000000000000e+02 0.000000000000000e+00
9.940000000000000e+02 0.000000000000000e+00
9.950000000000000e+02 0.000000000000000e+00
9.960000000000000e+02 0.000000000000000e+00
9.970000000000000e+02 0.000000000000000e+00
9.980000000000000e+02 0.000000000000000e+00
9.990000000000000e+02 0.000000000000000e+00
1.000000000000000e+03 0.000000000000000e+00
1.001000000000000e+03 0.000000000000000e+00
1.002000000000000e+03 0.000000000000000e+00
1.003000000000000e+03 0.000000000000000e+00
1.004000000000000e+03 0.000000000000000e+00
1.005000000000000e+03 0.000000000000000e+00
1.006000000000000e+03 0.000000000000000e+00
1.007000000000000e+03 0.000000000000000e+00
1.008000000000000e+03 0.000000000000000e+00
1.009000000000000e+03 0.000000000000000e+00
1.010000000000000e+03 0.000000000000000e+00
1.011000000000000e+03 0.000000000000000e+00
1.012000000000000e+03 0.000000000000000e+00
1.013000000000000e+03 0.000000000000000e+00
1.014000000000000e+03 0.000000000000000e+00
1.015000000000000e+03 0.000000000000000e+00
1.016000000000000e+03 0.000000000000000e+00
1.017000000000000e+03 0.000000000000000e+00
1.018000000000000e+03 0.000000000000000e+00
1.019000000000000e+03 0.000000000000000e+00
1.020000000000000e+03 0.000000000000000e+00
1.021000000000000e+03 0.000000000000000e+00
1.022000000000000e+03 0.000000000000000e+00
1.023000000000000e+03 0.000000000000000e+00
