0.000000000000000e+00 0.000000000000000e+00
1.000000000000000e+00 0.000000000000000e+00
2.000000000000000e+00 0.000000000000000e+00
3.000000000000000e+00 0.000000000000000e+00
4.000000000000000e+00 0.000000000000000e+00
5.000000000000000e+00 0.000000000000000e+00
6.000000000000000e+00 0.000000000000000e+00
7.000000000000000e+00 0.000000000000000e+00
8.000000000000000e+00 0.000000000000000e+00
9.000000000000000e+00 0.000000000000000e+00
1.000000000000000e+01 0.000000000000000e+00
1.100000000000000e+01 0.000000000000000e+00
1.200000000000000e+01 0.000000000000000e+00
1.300000000000000e+01 0.000000000000000e+00
1.400000000000000e+01 0.000000000000000e+00
1.500000000000000e+01 2.299811458215117e-04
1.600000000000000e+01 2.379804791416973e-04
1.700000000000000e+01 2.399803197477013e-04
1.800000000000000e+01 1.899844210129231e-04
1.900000000000000e+01 2.359806530876085e-04
2.000000000000000e+01 2.519793342798948e-04
2.100000000000000e+01 2.339808124816045e-04
2.200000000000000e+01 2.239816385554150e-04
2.300000000000000e+01 2.339808124816045e-04
2.400000000000000e+01 2.079829428112134e-04
2.500000000000000e+01 2.539791748858988e-04
2.600000000000000e+01 2.279813052155077e-04
2.700000000000000e+01 2.279813052155077e-04
2.800000000000000e+01 2.379804791416973e-04
2.900000000000000e+01 2.159822906833142e-04
3.000000000000000e+01 2.239816385554150e-04
3.100000000000000e+01 2.099827834172174e-04
3.200000000000000e+01 1.819850731408224e-04
3.300000000000000e+01 2.039832761511207e-04
3.400000000000000e+01 2.019834355451167e-04
3.500000000000000e+01 2.319809718756005e-04
3.600000000000000e+01 2.719777112361044e-04
3.700000000000000e+01 1.939840876730159e-04
3.800000000000000e+01 2.459798415657133e-04
3.900000000000000e+01 2.119826240232214e-04
4.000000000000000e+01 2.699778706301004e-04
4.100000000000000e+01 2.119826240232214e-04
4.200000000000000e+01 2.379804791416973e-04
4.300000000000000e+01 2.319809718756005e-04
4.400000000000000e+01 1.959839282790199e-04
4.500000000000000e+01 2.619785082060844e-04
4.600000000000000e+01 2.419801603537053e-04
4.700000000000000e+01 2.359806530876085e-04
4.800000000000000e+01 2.639783488120884e-04
4.900000000000000e+01 2.359806530876085e-04
5.000000000000000e+01 2.619785082060844e-04
5.100000000000000e+01 3.319727838970721e-04
5.200000000000000e+01 3.179739287588745e-04
5.300000000000000e+01 3.379722766112536e-04
5.400000000000000e+01 3.839685232378542e-04
5.500000000000000e+01 3.659699868876487e-04
5.600000000000000e+01 4.419637552928180e-04
5.700000000000000e+01 4.679616249632090e-04
5.800000000000000e+01 4.579624510370195e-04
5.900000000000000e+01 5.219571758061647e-04
6.000000000000000e+01 5.499548860825598e-04
6.100000000000000e+01 4.599622916430235e-04
6.200000000000000e+01 4.359642625786364e-04
6.300000000000000e+01 4.759609582833946e-04
6.400000000000000e+01 4.739611467812210e-04
6.500000000000000e+01 4.899598425254226e-04
6.600000000000000e+01 5.579542485065758e-04
6.700000000000000e+01 4.899598425254226e-04
6.800000000000000e+01 4.919596831314266e-04
6.900000000000000e+01 4.959593061357737e-04
7.000000000000000e+01 5.099581903778017e-04
7.100000000000000e+01 3.939676971640438e-04
7.200000000000000e+01 4.459634365048259e-04
7.300000000000000e+01 4.779607988893986e-04
7.400000000000000e+01 5.079583497717977e-04
7.500000000000000e+01 4.099663929082453e-04
7.600000000000000e+01 4.899598425254226e-04
7.700000000000000e+01 4.559626104310155e-04
7.800000000000000e+01 4.759609582833946e-04
7.900000000000000e+01 4.899598425254226e-04
8.000000000000000e+01 5.079583497717977e-04
8.100000000000000e+01 5.379559006541967e-04
8.200000000000000e+01 4.559626104310155e-04
8.300000000000000e+01 5.379559006541967e-04
8.400000000000000e+01 5.439554224722087e-04
8.500000000000000e+01 4.579624510370195e-04
8.600000000000000e+01 4.759609582833946e-04
8.700000000000000e+01 5.019588279537857e-04
8.800000000000000e+01 4.739611467812210e-04
8.900000000000000e+01 5.119580309838057e-04
9.000000000000000e+01 5.199573352001607e-04
9.100000000000000e+01 5.639537703245878e-04
9.200000000000000e+01 6.599458865821362e-04
9.300000000000000e+01 6.339480169117451e-04
9.400000000000000e+01 6.199491908773780e-04
9.500000000000000e+01 6.339480169117451e-04
9.600000000000000e+01 6.399475387297571e-04
9.700000000000000e+01 6.659454084001482e-04
9.800000000000000e+01 6.379476981237531e-04
9.900000000000000e+01 8.619293221272528e-04
1.000000000000000e+02 9.039258584380150e-04
1.010000000000000e+02 1.025915844365954e-03
1.020000000000000e+02 1.113908714614809e-03
1.030000000000000e+02 1.303893048316240e-03
1.040000000000000e+02 1.447881222702563e-03
1.050000000000000e+02 1.905843731947243e-03
1.060000000000000e+02 2.073829993605614e-03
1.070000000000000e+02 2.435800153762102e-03
1.080000000000000e+02 2.751774387434125e-03
1.090000000000000e+02 3.107745200395584e-03
1.100000000000000e+02 4.101663827896118e-03
1.110000000000000e+02 4.819604568183422e-03
1.120000000000000e+02 6.125497631728649e-03
1.130000000000000e+02 8.599295280873775e-03
1.140000000000000e+02 1.204101275652647e-02
1.150000000000000e+02 1.820250786840916e-02
1.160000000000000e+02 2.537192031741142e-02
1.170000000000000e+02 3.529510647058487e-02
1.180000000000000e+02 4.673816636204720e-02
1.190000000000000e+02 5.883517488837242e-02
1.200000000000000e+02 6.798642873764038e-02
1.210000000000000e+02 7.392393797636032e-02
1.220000000000000e+02 7.399393618106842e-02
1.230000000000000e+02 6.885435432195663e-02
1.240000000000000e+02 6.038504838943481e-02
1.250000000000000e+02 4.897798225283623e-02
1.260000000000000e+02 3.644101321697235e-02
1.270000000000000e+02 2.510394155979156e-02
1.280000000000000e+02 1.630066335201263e-02
1.290000000000000e+02 9.769198484718800e-03
1.300000000000000e+02 5.399557296186686e-03
1.310000000000000e+02 2.731776097789407e-03
1.320000000000000e+02 1.333890599198639e-03
1.330000000000000e+02 5.639537703245878e-04
1.340000000000000e+02 2.999753924086690e-04
1.350000000000000e+02 9.799196413950995e-05
1.360000000000000e+02 5.199573570280336e-05
1.370000000000000e+02 2.199819573434070e-05
1.380000000000000e+02 7.999344234121963e-06
1.390000000000000e+02 3.999672117060982e-06
1.400000000000000e+02 1.999836058530491e-06
1.410000000000000e+02 0.000000000000000e+00
1.420000000000000e+02 1.999836058530491e-06
1.430000000000000e+02 1.999836058530491e-06
1.440000000000000e+02 0.000000000000000e+00
1.450000000000000e+02 1.999836058530491e-06
1.460000000000000e+02 0.000000000000000e+00
1.470000000000000e+02 0.000000000000000e+00
1.480000000000000e+02 0.000000000000000e+00
1.490000000000000e+02 0.000000000000000e+00
1.500000000000000e+02 0.000000000000000e+00
1.510000000000000e+02 1.999836058530491e-06
1.520000000000000e+02 1.999836058530491e-06
1.530000000000000e+02 1.999836058530491e-06
1.540000000000000e+02 0.000000000000000e+00
1.550000000000000e+02 0.000000000000000e+00
1.560000000000000e+02 0.000000000000000e+00
1.570000000000000e+02 0.000000000000000e+00
1.580000000000000e+02 0.000000000000000e+00
1.590000000000000e+02 0.000000000000000e+00
1.600000000000000e+02 0.000000000000000e+00
1.610000000000000e+02 0.000000000000000e+00
1.620000000000000e+02 0.000000000000000e+00
1.630000000000000e+02 0.000000000000000e+00
1.640000000000000e+02 0.000000000000000e+00
1.650000000000000e+02 1.999836058530491e-06
1.660000000000000e+02 1.999836058530491e-06
1.670000000000000e+02 1.999836058530491e-06
1.680000000000000e+02 1.999836058530491e-06
1.690000000000000e+02 0.000000000000000e+00
1.700000000000000e+02 0.000000000000000e+00
1.710000000000000e+02 0.000000000000000e+00
1.720000000000000e+02 0.000000000000000e+00
1.730000000000000e+02 1.999836058530491e-06
1.740000000000000e+02 3.999672117060982e-06
1.750000000000000e+02 0.000000000000000e+00
1.760000000000000e+02 0.000000000000000e+00
1.770000000000000e+02 0.000000000000000e+00
1.780000000000000e+02 0.000000000000000e+00
1.790000000000000e+02 0.000000000000000e+00
1.800000000000000e+02 0.000000000000000e+00
1.810000000000000e+02 1.999836058530491e-06
1.820000000000000e+02 0.000000000000000e+00
1.830000000000000e+02 1.999836058530491e-06
1.840000000000000e+02 0.000000000000000e+00
1.850000000000000e+02 0.000000000000000e+00
1.860000000000000e+02 0.000000000000000e+00
1.870000000000000e+02 1.999836058530491e-06
1.880000000000000e+02 0.000000000000000e+00
1.890000000000000e+02 0.000000000000000e+00
1.900000000000000e+02 0.000000000000000e+00
1.910000000000000e+02 0.000000000000000e+00
1.920000000000000e+02 0.000000000000000e+00
1.930000000000000e+02 0.000000000000000e+00
1.940000000000000e+02 1.999836058530491e-06
1.950000000000000e+02 0.000000000000000e+00
1.960000000000000e+02 0.000000000000000e+00
1.970000000000000e+02 0.000000000000000e+00
1.980000000000000e+02 0.000000000000000e+00
1.990000000000000e+02 0.000000000000000e+00
2.000000000000000e+02 0.000000000000000e+00
2.010000000000000e+02 0.000000000000000e+00
2.020000000000000e+02 1.999836058530491e-06
2.030000000000000e+02 5.999508175591473e-06
2.040000000000000e+02 0.000000000000000e+00
2.050000000000000e+02 0.000000000000000e+00
2.060000000000000e+02 0.000000000000000e+00
2.070000000000000e+02 0.000000000000000e+00
2.080000000000000e+02 1.999836058530491e-06
2.090000000000000e+02 0.000000000000000e+00
2.100000000000000e+02 0.000000000000000e+00
2.110000000000000e+02 0.000000000000000e+00
2.120000000000000e+02 0.000000000000000e+00
2.130000000000000e+02 0.000000000000000e+00
2.140000000000000e+02 0.000000000000000e+00
2.150000000000000e+02 0.000000000000000e+00
2.160000000000000e+02 0.000000000000000e+00
2.170000000000000e+02 1.999836058530491e-06
2.180000000000000e+02 0.000000000000000e+00
2.190000000000000e+02 0.000000000000000e+00
2.200000000000000e+02 1.999836058530491e-06
2.210000000000000e+02 0.000000000000000e+00
2.220000000000000e+02 0.000000000000000e+00
2.230000000000000e+02 1.999836058530491e-06
2.240000000000000e+02 1.999836058530491e-06
2.250000000000000e+02 0.000000000000000e+00
2.260000000000000e+02 0.000000000000000e+00
2.270000000000000e+02 1.999836058530491e-06
2.280000000000000e+02 0.000000000000000e+00
2.290000000000000e+02 0.000000000000000e+00
2.300000000000000e+02 0.000000000000000e+00
2.310000000000000e+02 5.999508175591473e-06
2.320000000000000e+02 7.999344234121963e-06
2.330000000000000e+02 3.999672117060982e-06
2.340000000000000e+02 1.199901635118295e-05
2.350000000000000e+02 9.999180292652454e-06
2.360000000000000e+02 1.199901635118295e-05
2.370000000000000e+02 1.599868846824393e-05
2.380000000000000e+02 1.799852361727972e-05
2.390000000000000e+02 2.199819573434070e-05
2.400000000000000e+02 1.599868846824393e-05
2.410000000000000e+02 2.599786785140168e-05
2.420000000000000e+02 2.599786785140168e-05
2.430000000000000e+02 3.199737693648785e-05
2.440000000000000e+02 3.399721390451305e-05
2.450000000000000e+02 2.999753996846266e-05
2.460000000000000e+02 3.399721390451305e-05
2.470000000000000e+02 2.999753996846266e-05
2.480000000000000e+02 7.999344234121963e-06
2.490000000000000e+02 1.399885240971344e-05
2.500000000000000e+02 9.999180292652454e-06
2.510000000000000e+02 1.799852361727972e-05
2.520000000000000e+02 1.999836058530491e-06
2.530000000000000e+02 1.999836058530491e-06
2.540000000000000e+02 7.999344234121963e-06
2.550000000000000e+02 3.999672117060982e-06
2.560000000000000e+02 1.999836058530491e-06
2.570000000000000e+02 0.000000000000000e+00
2.580000000000000e+02 0.000000000000000e+00
2.590000000000000e+02 0.000000000000000e+00
2.600000000000000e+02 0.000000000000000e+00
2.610000000000000e+02 0.000000000000000e+00
2.620000000000000e+02 0.000000000000000e+00
2.630000000000000e+02 0.000000000000000e+00
2.640000000000000e+02 0.000000000000000e+00
2.650000000000000e+02 0.000000000000000e+00
2.660000000000000e+02 0.000000000000000e+00
2.670000000000000e+02 0.000000000000000e+00
2.680000000000000e+02 0.000000000000000e+00
2.690000000000000e+02 0.000000000000000e+00
2.700000000000000e+02 0.000000000000000e+00
2.710000000000000e+02 0.000000000000000e+00
2.720000000000000e+02 0.000000000000000e+00
2.730000000000000e+02 0.000000000000000e+00
2.740000000000000e+02 0.000000000000000e+00
2.750000000000000e+02 0.000000000000000e+00
2.760000000000000e+02 0.000000000000000e+00
2.770000000000000e+02 0.000000000000000e+00
2.780000000000000e+02 0.000000000000000e+00
2.790000000000000e+02 0.000000000000000e+00
2.800000000000000e+02 0.000000000000000e+00
2.810000000000000e+02 0.000000000000000e+00
2.820000000000000e+02 0.000000000000000e+00
2.830000000000000e+02 0.000000000000000e+00
2.840000000000000e+02 0.000000000000000e+00
2.850000000000000e+02 0.000000000000000e+00
2.860000000000000e+02 0.000000000000000e+00
2.870000000000000e+02 0.000000000000000e+00
2.880000000000000e+02 0.000000000000000e+00
2.890000000000000e+02 0.000000000000000e+00
2.900000000000000e+02 0.000000000000000e+00
2.910000000000000e+02 0.000000000000000e+00
2.920000000000000e+02 0.000000000000000e+00
2.930000000000000e+02 0.000000000000000e+00
2.940000000000000e+02 0.000000000000000e+00
2.950000000000000e+02 0.000000000000000e+00
2.960000000000000e+02 0.000000000000000e+00
2.970000000000000e+02 0.000000000000000e+00
2.980000000000000e+02 0.000000000000000e+00
2.990000000000000e+02 0.000000000000000e+00
3.000000000000000e+02 0.000000000000000e+00
3.010000000000000e+02 0.000000000000000e+00
3.020000000000000e+02 0.000000000000000e+00
3.030000000000000e+02 0.000000000000000e+00
3.040000000000000e+02 0.000000000000000e+00
3.050000000000000e+02 0.000000000000000e+00
3.060000000000000e+02 0.000000000000000e+00
3.070000000000000e+02 0.000000000000000e+00
3.080000000000000e+02 0.000000000000000e+00
3.090000000000000e+02 0.000000000000000e+00
3.100000000000000e+02 0.000000000000000e+00
3.110000000000000e+02 0.000000000000000e+00
3.120000000000000e+02 0.000000000000000e+00
3.130000000000000e+02 0.000000000000000e+00
3.140000000000000e+02 0.000000000000000e+00
3.150000000000000e+02 0.000000000000000e+00
3.160000000000000e+02 0.000000000000000e+00
3.170000000000000e+02 0.000000000000000e+00
3.180000000000000e+02 0.000000000000000e+00
3.190000000000000e+02 0.000000000000000e+00
3.200000000000000e+02 0.000000000000000e+00
3.210000000000000e+02 0.000000000000000e+00
3.220000000000000e+02 0.000000000000000e+00
3.230000000000000e+02 0.000000000000000e+00
3.240000000000000e+02 0.000000000000000e+00
3.250000000000000e+02 0.000000000000000e+00
3.260000000000000e+02 0.000000000000000e+00
3.270000000000000e+02 0.000000000000000e+00
3.280000000000000e+02 0.000000000000000e+00
3.290000000000000e+02 0.000000000000000e+00
3.300000000000000e+02 0.000000000000000e+00
3.310000000000000e+02 0.000000000000000e+00
3.320000000000000e+02 0.000000000000000e+00
3.330000000000000e+02 0.000000000000000e+00
3.340000000000000e+02 0.000000000000000e+00
3.350000000000000e+02 0.000000000000000e+00
3.360000000000000e+02 0.000000000000000e+00
3.370000000000000e+02 0.000000000000000e+00
3.380000000000000e+02 0.000000000000000e+00
3.390000000000000e+02 0.000000000000000e+00
3.400000000000000e+02 0.000000000000000e+00
3.410000000000000e+02 0.000000000000000e+00
3.420000000000000e+02 0.000000000000000e+00
3.430000000000000e+02 0.000000000000000e+00
3.440000000000000e+02 0.000000000000000e+00
3.450000000000000e+02 0.000000000000000e+00
3.460000000000000e+02 0.000000000000000e+00
3.470000000000000e+02 0.000000000000000e+00
3.480000000000000e+02 0.000000000000000e+00
3.490000000000000e+02 0.000000000000000e+00
3.500000000000000e+02 0.000000000000000e+00
3.510000000000000e+02 0.000000000000000e+00
3.520000000000000e+02 0.000000000000000e+00
3.530000000000000e+02 0.000000000000000e+00
3.540000000000000e+02 0.000000000000000e+00
3.550000000000000e+02 0.000000000000000e+00
3.560000000000000e+02 0.000000000000000e+00
3.570000000000000e+02 0.000000000000000e+00
3.580000000000000e+02 0.000000000000000e+00
3.590000000000000e+02 0.000000000000000e+00
3.600000000000000e+02 0.000000000000000e+00
3.610000000000000e+02 0.000000000000000e+00
3.620000000000000e+02 0.000000000000000e+00
3.630000000000000e+02 0.000000000000000e+00
3.640000000000000e+02 0.000000000000000e+00
3.650000000000000e+02 0.000000000000000e+00
3.660000000000000e+02 0.000000000000000e+00
3.670000000000000e+02 0.000000000000000e+00
3.680000000000000e+02 0.000000000000000e+00
3.690000000000000e+02 0.000000000000000e+00
3.700000000000000e+02 0.000000000000000e+00
3.710000000000000e+02 0.000000000000000e+00
3.720000000000000e+02 0.000000000000000e+00
3.730000000000000e+02 0.000000000000000e+00
3.740000000000000e+02 0.000000000000000e+00
3.750000000000000e+02 0.000000000000000e+00
3.760000000000000e+02 0.000000000000000e+00
3.770000000000000e+02 0.000000000000000e+00
3.780000000000000e+02 0.000000000000000e+00
3.790000000000000e+02 0.000000000000000e+00
3.800000000000000e+02 0.000000000000000e+00
3.810000000000000e+02 0.000000000000000e+00
3.820000000000000e+02 0.000000000000000e+00
3.830000000000000e+02 0.000000000000000e+00
3.840000000000000e+02 0.000000000000000e+00
3.850000000000000e+02 0.000000000000000e+00
3.860000000000000e+02 0.000000000000000e+00
3.870000000000000e+02 0.000000000000000e+00
3.880000000000000e+02 0.000000000000000e+00
3.890000000000000e+02 0.000000000000000e+00
3.900000000000000e+02 0.000000000000000e+00
3.910000000000000e+02 0.000000000000000e+00
3.920000000000000e+02 0.000000000000000e+00
3.930000000000000e+02 0.000000000000000e+00
3.940000000000000e+02 0.000000000000000e+00
3.950000000000000e+02 0.000000000000000e+00
3.960000000000000e+02 0.000000000000000e+00
3.970000000000000e+02 0.000000000000000e+00
3.980000000000000e+02 0.000000000000000e+00
3.990000000000000e+02 0.000000000000000e+00
4.000000000000000e+02 0.000000000000000e+00
4.010000000000000e+02 0.000000000000000e+00
4.020000000000000e+02 0.000000000000000e+00
4.030000000000000e+02 0.000000000000000e+00
4.040000000000000e+02 0.000000000000000e+00
4.050000000000000e+02 0.000000000000000e+00
4.060000000000000e+02 0.000000000000000e+00
4.070000000000000e+02 0.000000000000000e+00
4.080000000000000e+02 0.000000000000000e+00
4.090000000000000e+02 0.000000000000000e+00
4.100000000000000e+02 0.000000000000000e+00
4.110000000000000e+02 0.000000000000000e+00
4.120000000000000e+02 0.000000000000000e+00
4.130000000000000e+02 0.000000000000000e+00
4.140000000000000e+02 0.000000000000000e+00
4.150000000000000e+02 0.000000000000000e+00
4.160000000000000e+02 0.000000000000000e+00
4.170000000000000e+02 0.000000000000000e+00
4.180000000000000e+02 0.000000000000000e+00
4.190000000000000e+02 0.000000000000000e+00
4.200000000000000e+02 0.000000000000000e+00
4.210000000000000e+02 0.000000000000000e+00
4.220000000000000e+02 0.000000000000000e+00
4.230000000000000e+02 0.000000000000000e+00
4.240000000000000e+02 0.000000000000000e+00
4.250000000000000e+02 0.000000000000000e+00
4.260000000000000e+02 0.000000000000000e+00
4.270000000000000e+02 0.000000000000000e+00
4.280000000000000e+02 0.000000000000000e+00
4.290000000000000e+02 0.000000000000000e+00
4.300000000000000e+02 0.000000000000000e+00
4.310000000000000e+02 0.000000000000000e+00
4.320000000000000e+02 0.000000000000000e+00
4.330000000000000e+02 0.000000000000000e+00
4.340000000000000e+02 0.000000000000000e+00
4.350000000000000e+02 0.000000000000000e+00
4.360000000000000e+02 0.000000000000000e+00
4.370000000000000e+02 0.000000000000000e+00
4.380000000000000e+02 0.000000000000000e+00
4.390000000000000e+02 0.000000000000000e+00
4.400000000000000e+02 0.000000000000000e+00
4.410000000000000e+02 0.000000000000000e+00
4.420000000000000e+02 0.000000000000000e+00
4.430000000000000e+02 0.000000000000000e+00
4.440000000000000e+02 0.000000000000000e+00
4.450000000000000e+02 0.000000000000000e+00
4.460000000000000e+02 0.000000000000000e+00
4.470000000000000e+02 0.000000000000000e+00
4.480000000000000e+02 0.000000000000000e+00
4.490000000000000e+02 0.000000000000000e+00
4.500000000000000e+02 0.000000000000000e+00
4.510000000000000e+02 0.000000000000000e+00
4.520000000000000e+02 0.000000000000000e+00
4.530000000000000e+02 0.000000000000000e+00
4.540000000000000e+02 0.000000000000000e+00
4.550000000000000e+02 0.000000000000000e+00
4.560000000000000e+02 0.000000000000000e+00
4.570000000000000e+02 0.000000000000000e+00
4.580000000000000e+02 0.000000000000000e+00
4.590000000000000e+02 0.000000000000000e+00
4.600000000000000e+02 0.000000000000000e+00
4.610000000000000e+02 0.000000000000000e+00
4.620000000000000e+02 0.000000000000000e+00
4.630000000000000e+02 0.000000000000000e+00
4.640000000000000e+02 0.000000000000000e+00
4.650000000000000e+02 0.000000000000000e+00
4.660000000000000e+02 0.000000000000000e+00
4.670000000000000e+02 0.000000000000000e+00
4.680000000000000e+02 0.000000000000000e+00
4.690000000000000e+02 0.000000000000000e+00
4.700000000000000e+02 0.000000000000000e+00
4.710000000000000e+02 0.000000000000000e+00
4.720000000000000e+02 0.000000000000000e+00
4.730000000000000e+02 0.000000000000000e+00
4.740000000000000e+02 0.000000000000000e+00
4.750000000000000e+02 0.000000000000000e+00
4.760000000000000e+02 0.000000000000000e+00
4.770000000000000e+02 0.000000000000000e+00
4.780000000000000e+02 0.000000000000000e+00
4.790000000000000e+02 0.000000000000000e+00
4.800000000000000e+02 0.000000000000000e+00
4.810000000000000e+02 0.000000000000000e+00
4.820000000000000e+02 0.000000000000000e+00
4.830000000000000e+02 0.000000000000000e+00
4.840000000000000e+02 0.000000000000000e+00
4.850000000000000e+02 0.000000000000000e+00
4.860000000000000e+02 0.000000000000000e+00
4.870000000000000e+02 0.000000000000000e+00
4.880000000000000e+02 0.000000000000000e+00
4.890000000000000e+02 0.000000000000000e+00
4.900000000000000e+02 0.000000000000000e+00
4.910000000000000e+02 0.000000000000000e+00
4.920000000000000e+02 0.000000000000000e+00
4.930000000000000e+02 0.000000000000000e+00
4.940000000000000e+02 0.000000000000000e+00
4.950000000000000e+02 0.000000000000000e+00
4.960000000000000e+02 0.000000000000000e+00
4.970000000000000e+02 0.000000000000000e+00
4.980000000000000e+02 0.000000000000000e+00
4.990000000000000e+02 0.000000000000000e+00
5.000000000000000e+02 0.000000000000000e+00
5.010000000000000e+02 0.000000000000000e+00
5.020000000000000e+02 0.000000000000000e+00
5.030000000000000e+02 0.000000000000000e+00
5.040000000000000e+02 0.000000000000000e+00
5.050000000000000e+02 0.000000000000000e+00
5.060000000000000e+02 0.000000000000000e+00
5.070000000000000e+02 0.000000000000000e+00
5.080000000000000e+02 0.000000000000000e+00
5.090000000000000e+02 0.000000000000000e+00
5.100000000000000e+02 0.000000000000000e+00
5.110000000000000e+02 0.000000000000000e+00
5.120000000000000e+02 0.000000000000000e+00
5.130000000000000e+02 0.000000000000000e+00
5.140000000000000e+02 0.000000000000000e+00
5.150000000000000e+02 0.000000000000000e+00
5.160000000000000e+02 0.000000000000000e+00
5.170000000000000e+02 0.000000000000000e+00
5.180000000000000e+02 0.000000000000000e+00
5.190000000000000e+02 0.000000000000000e+00
5.200000000000000e+02 0.000000000000000e+00
5.210000000000000e+02 0.000000000000000e+00
5.220000000000000e+02 0.000000000000000e+00
5.230000000000000e+02 0.000000000000000e+00
5.240000000000000e+02 0.000000000000000e+00
5.250000000000000e+02 0.000000000000000e+00
5.260000000000000e+02 0.000000000000000e+00
5.270000000000000e+02 0.000000000000000e+00
5.280000000000000e+02 0.000000000000000e+00
5.290000000000000e+02 0.000000000000000e+00
5.300000000000000e+02 0.000000000000000e+00
5.310000000000000e+02 0.000000000000000e+00
5.320000000000000e+02 0.000000000000000e+00
5.330000000000000e+02 0.000000000000000e+00
5.340000000000000e+02 0.000000000000000e+00
5.350000000000000e+02 0.000000000000000e+00
5.360000000000000e+02 0.000000000000000e+00
5.370000000000000e+02 0.000000000000000e+00
5.380000000000000e+02 0.000000000000000e+00
5.390000000000000e+02 0.000000000000000e+00
5.400000000000000e+02 0.000000000000000e+00
5.410000000000000e+02 0.000000000000000e+00
5.420000000000000e+02 0.000000000000000e+00
5.430000000000000e+02 0.000000000000000e+00
5.440000000000000e+02 0.000000000000000e+00
5.450000000000000e+02 0.000000000000000e+00
5.460000000000000e+02 0.000000000000000e+00
5.470000000000000e+02 0.000000000000000e+00
5.480000000000000e+02 0.000000000000000e+00
5.490000000000000e+02 0.000000000000000e+00
5.500000000000000e+02 0.000000000000000e+00
5.510000000000000e+02 0.000000000000000e+00
5.520000000000000e+02 0.000000000000000e+00
5.530000000000000e+02 0.000000000000000e+00
5.540000000000000e+02 0.000000000000000e+00
5.550000000000000e+02 0.000000000000000e+00
5.560000000000000e+02 0.000000000000000e+00
5.570000000000000e+02 0.000000000000000e+00
5.580000000000000e+02 0.000000000000000e+00
5.590000000000000e+02 0.000000000000000e+00
5.600000000000000e+02 0.000000000000000e+00
5.610000000000000e+02 0.000000000000000e+00
5.620000000000000e+02 0.000000000000000e+00
5.630000000000000e+02 0.000000000000000e+00
5.640000000000000e+02 0.000000000000000e+00
5.650000000000000e+02 0.000000000000000e+00
5.660000000000000e+02 0.000000000000000e+00
5.670000000000000e+02 0.000000000000000e+00
5.680000000000000e+02 0.000000000000000e+00
5.690000000000000e+02 0.000000000000000e+00
5.700000000000000e+02 0.000000000000000e+00
5.710000000000000e+02 0.000000000000000e+00
5.720000000000000e+02 0.000000000000000e+00
5.730000000000000e+02 0.000000000000000e+00
5.740000000000000e+02 0.000000000000000e+00
5.750000000000000e+02 0.000000000000000e+00
5.760000000000000e+02 0.000000000000000e+00
5.770000000000000e+02 0.000000000000000e+00
5.780000000000000e+02 0.000000000000000e+00
5.790000000000000e+02 0.000000000000000e+00
5.800000000000000e+02 0.000000000000000e+00
5.810000000000000e+02 0.000000000000000e+00
5.820000000000000e+02 0.000000000000000e+00
5.830000000000000e+02 0.000000000000000e+00
5.840000000000000e+02 0.000000000000000e+00
5.850000000000000e+02 0.000000000000000e+00
5.860000000000000e+02 0.000000000000000e+00
5.870000000000000e+02 0.000000000000000e+00
5.880000000000000e+02 0.000000000000000e+00
5.890000000000000e+02 0.000000000000000e+00
5.900000000000000e+02 0.000000000000000e+00
5.910000000000000e+02 0.000000000000000e+00
5.920000000000000e+02 0.000000000000000e+00
5.930000000000000e+02 0.000000000000000e+00
5.940000000000000e+02 0.000000000000000e+00
5.950000000000000e+02 0.000000000000000e+00
5.960000000000000e+02 0.000000000000000e+00
5.970000000000000e+02 0.000000000000000e+00
5.980000000000000e+02 0.000000000000000e+00
5.990000000000000e+02 0.000000000000000e+00
6.000000000000000e+02 0.000000000000000e+00
6.010000000000000e+02 0.000000000000000e+00
6.020000000000000e+02 0.000000000000000e+00
6.030000000000000e+02 0.000000000000000e+00
6.040000000000000e+02 0.000000000000000e+00
6.050000000000000e+02 0.000000000000000e+00
6.060000000000000e+02 0.000000000000000e+00
6.070000000000000e+02 0.000000000000000e+00
6.080000000000000e+02 0.000000000000000e+00
6.090000000000000e+02 0.000000000000000e+00
6.100000000000000e+02 0.000000000000000e+00
6.110000000000000e+02 0.000000000000000e+00
6.120000000000000e+02 0.000000000000000e+00
6.130000000000000e+02 0.000000000000000e+00
6.140000000000000e+02 0.000000000000000e+00
6.150000000000000e+02 0.000000000000000e+00
6.160000000000000e+02 0.000000000000000e+00
6.170000000000000e+02 0.000000000000000e+00
6.180000000000000e+02 0.000000000000000e+00
6.190000000000000e+02 0.000000000000000e+00
6.200000000000000e+02 0.000000000000000e+00
6.210000000000000e+02 0.000000000000000e+00
6.220000000000000e+02 0.000000000000000e+00
6.230000000000000e+02 0.000000000000000e+00
6.240000000000000e+02 0.000000000000000e+00
6.250000000000000e+02 0.000000000000000e+00
6.260000000000000e+02 0.000000000000000e+00
6.270000000000000e+02 0.000000000000000e+00
6.280000000000000e+02 0.000000000000000e+00
6.290000000000000e+02 0.000000000000000e+00
6.300000000000000e+02 0.000000000000000e+00
6.310000000000000e+02 0.000000000000000e+00
6.320000000000000e+02 0.000000000000000e+00
6.330000000000000e+02 0.000000000000000e+00
6.340000000000000e+02 0.000000000000000e+00
6.350000000000000e+02 0.000000000000000e+00
6.360000000000000e+02 0.000000000000000e+00
6.370000000000000e+02 0.000000000000000e+00
6.380000000000000e+02 0.000000000000000e+00
6.390000000000000e+02 0.000000000000000e+00
6.400000000000000e+02 0.000000000000000e+00
6.410000000000000e+02 0.000000000000000e+00
6.420000000000000e+02 0.000000000000000e+00
6.430000000000000e+02 0.000000000000000e+00
6.440000000000000e+02 0.000000000000000e+00
6.450000000000000e+02 0.000000000000000e+00
6.460000000000000e+02 0.000000000000000e+00
6.470000000000000e+02 0.000000000000000e+00
6.480000000000000e+02 0.000000000000000e+00
6.490000000000000e+02 0.000000000000000e+00
6.500000000000000e+02 0.000000000000000e+00
6.510000000000000e+02 0.000000000000000e+00
6.520000000000000e+02 0.000000000000000e+00
6.530000000000000e+02 0.000000000000000e+00
6.540000000000000e+02 0.000000000000000e+00
6.550000000000000e+02 0.000000000000000e+00
6.560000000000000e+02 0.000000000000000e+00
6.570000000000000e+02 0.000000000000000e+00
6.580000000000000e+02 0.000000000000000e+00
6.590000000000000e+02 0.000000000000000e+00
6.600000000000000e+02 0.000000000000000e+00
6.610000000000000e+02 0.000000000000000e+00
6.620000000000000e+02 0.000000000000000e+00
6.630000000000000e+02 0.000000000000000e+00
6.640000000000000e+02 0.000000000000000e+00
6.650000000000000e+02 0.000000000000000e+00
6.660000000000000e+02 0.000000000000000e+00
6.670000000000000e+02 0.000000000000000e+00
6.680000000000000e+02 0.000000000000000e+00
6.690000000000000e+02 0.000000000000000e+00
6.700000000000000e+02 0.000000000000000e+00
6.710000000000000e+02 0.000000000000000e+00
6.720000000000000e+02 0.000000000000000e+00
6.730000000000000e+02 0.000000000000000e+00
6.740000000000000e+02 0.000000000000000e+00
6.750000000000000e+02 0.000000000000000e+00
6.760000000000000e+02 0.000000000000000e+00
6.770000000000000e+02 0.000000000000000e+00
6.780000000000000e+02 0.000000000000000e+00
6.790000000000000e+02 0.000000000000000e+00
6.800000000000000e+02 0.000000000000000e+00
6.810000000000000e+02 0.000000000000000e+00
6.820000000000000e+02 0.000000000000000e+00
6.830000000000000e+02 0.000000000000000e+00
6.840000000000000e+02 0.000000000000000e+00
6.850000000000000e+02 0.000000000000000e+00
6.860000000000000e+02 0.000000000000000e+00
6.870000000000000e+02 0.000000000000000e+00
6.880000000000000e+02 0.000000000000000e+00
6.890000000000000e+02 0.000000000000000e+00
6.900000000000000e+02 0.000000000000000e+00
6.910000000000000e+02 0.000000000000000e+00
6.920000000000000e+02 0.000000000000000e+00
6.930000000000000e+02 0.000000000000000e+00
6.940000000000000e+02 0.000000000000000e+00
6.950000000000000e+02 0.000000000000000e+00
6.960000000000000e+02 0.000000000000000e+00
6.970000000000000e+02 0.000000000000000e+00
6.980000000000000e+02 0.000000000000000e+00
6.990000000000000e+02 0.000000000000000e+00
7.000000000000000e+02 0.000000000000000e+00
7.010000000000000e+02 0.000000000000000e+00
7.020000000000000e+02 0.000000000000000e+00
7.030000000000000e+02 0.000000000000000e+00
7.040000000000000e+02 0.000000000000000e+00
7.050000000000000e+02 0.000000000000000e+00
7.060000000000000e+02 0.000000000000000e+00
7.070000000000000e+02 0.000000000000000e+00
7.080000000000000e+02 0.000000000000000e+00
7.090000000000000e+02 0.000000000000000e+00
7.100000000000000e+02 0.000000000000000e+00
7.110000000000000e+02 0.000000000000000e+00
7.120000000000000e+02 0.000000000000000e+00
7.130000000000000e+02 0.000000000000000e+00
7.140000000000000e+02 0.000000000000000e+00
7.150000000000000e+02 0.000000000000000e+00
7.160000000000000e+02 0.000000000000000e+00
7.170000000000000e+02 0.000000000000000e+00
7.180000000000000e+02 0.000000000000000e+00
7.190000000000000e+02 0.000000000000000e+00
7.200000000000000e+02 0.000000000000000e+00
7.210000000000000e+02 0.000000000000000e+00
7.220000000000000e+02 0.000000000000000e+00
7.230000000000000e+02 0.000000000000000e+00
7.240000000000000e+02 0.000000000000000e+00
7.250000000000000e+02 0.000000000000000e+00
7.260000000000000e+02 0.000000000000000e+00
7.270000000000000e+02 0.000000000000000e+00
7.280000000000000e+02 0.000000000000000e+00
7.290000000000000e+02 0.000000000000000e+00
7.300000000000000e+02 0.000000000000000e+00
7.310000000000000e+02 0.000000000000000e+00
7.320000000000000e+02 0.000000000000000e+00
7.330000000000000e+02 0.000000000000000e+00
7.340000000000000e+02 0.000000000000000e+00
7.350000000000000e+02 0.000000000000000e+00
7.360000000000000e+02 0.000000000000000e+00
7.370000000000000e+02 0.000000000000000e+00
7.380000000000000e+02 0.000000000000000e+00
7.390000000000000e+02 0.000000000000000e+00
7.400000000000000e+02 0.000000000000000e+00
7.410000000000000e+02 0.000000000000000e+00
7.420000000000000e+02 0.000000000000000e+00
7.430000000000000e+02 0.000000000000000e+00
7.440000000000000e+02 0.000000000000000e+00
7.450000000000000e+02 0.000000000000000e+00
7.460000000000000e+02 0.000000000000000e+00
7.470000000000000e+02 0.000000000000000e+00
7.480000000000000e+02 0.000000000000000e+00
7.490000000000000e+02 0.000000000000000e+00
7.500000000000000e+02 0.000000000000000e+00
7.510000000000000e+02 0.000000000000000e+00
7.520000000000000e+02 0.000000000000000e+00
7.530000000000000e+02 0.000000000000000e+00
7.540000000000000e+02 0.000000000000000e+00
7.550000000000000e+02 0.000000000000000e+00
7.560000000000000e+02 0.000000000000000e+00
7.570000000000000e+02 0.000000000000000e+00
7.580000000000000e+02 0.000000000000000e+00
7.590000000000000e+02 0.000000000000000e+00
7.600000000000000e+02 0.000000000000000e+00
7.610000000000000e+02 0.000000000000000e+00
7.620000000000000e+02 0.000000000000000e+00
7.630000000000000e+02 0.000000000000000e+00
7.640000000000000e+02 0.000000000000000e+00
7.650000000000000e+02 0.000000000000000e+00
7.660000000000000e+02 0.000000000000000e+00
7.670000000000000e+02 0.000000000000000e+00
7.680000000000000e+02 0.000000000000000e+00
7.690000000000000e+02 0.000000000000000e+00
7.700000000000000e+02 0.000000000000000e+00
7.710000000000000e+02 0.000000000000000e+00
7.720000000000000e+02 0.000000000000000e+00
7.730000000000000e+02 0.000000000000000e+00
7.740000000000000e+02 0.000000000000000e+00
7.750000000000000e+02 0.000000000000000e+00
7.760000000000000e+02 0.000000000000000e+00
7.770000000000000e+02 0.000000000000000e+00
7.780000000000000e+02 0.000000000000000e+00
7.790000000000000e+02 0.000000000000000e+00
7.800000000000000e+02 0.000000000000000e+00
7.810000000000000e+02 0.000000000000000e+00
7.820000000000000e+02 0.000000000000000e+00
7.830000000000000e+02 0.000000000000000e+00
7.840000000000000e+02 0.000000000000000e+00
7.850000000000000e+02 0.000000000000000e+00
7.860000000000000e+02 0.000000000000000e+00
7.870000000000000e+02 0.000000000000000e+00
7.880000000000000e+02 0.000000000000000e+00
7.890000000000000e+02 0.000000000000000e+00
7.900000000000000e+02 0.000000000000000e+00
7.910000000000000e+02 0.000000000000000e+00
7.920000000000000e+02 0.000000000000000e+00
7.930000000000000e+02 0.000000000000000e+00
7.940000000000000e+02 0.000000000000000e+00
7.950000000000000e+02 0.000000000000000e+00
7.960000000000000e+02 0.000000000000000e+00
7.970000000000000e+02 0.000000000000000e+00
7.980000000000000e+02 0.000000000000000e+00
7.990000000000000e+02 0.000000000000000e+00
8.000000000000000e+02 0.000000000000000e+00
8.010000000000000e+02 0.000000000000000e+00
8.020000000000000e+02 0.000000000000000e+00
8.030000000000000e+02 0.000000000000000e+00
8.040000000000000e+02 0.000000000000000e+00
8.050000000000000e+02 0.000000000000000e+00
8.060000000000000e+02 0.000000000000000e+00
8.070000000000000e+02 0.000000000000000e+00
8.080000000000000e+02 0.000000000000000e+00
8.090000000000000e+02 0.000000000000000e+00
8.100000000000000e+02 0.000000000000000e+00
8.110000000000000e+02 0.000000000000000e+00
8.120000000000000e+02 0.000000000000000e+00
8.130000000000000e+02 0.000000000000000e+00
8.140000000000000e+02 0.000000000000000e+00
8.150000000000000e+02 0.000000000000000e+00
8.160000000000000e+02 0.000000000000000e+00
8.170000000000000e+02 0.000000000000000e+00
8.180000000000000e+02 0.000000000000000e+00
8.190000000000000e+02 0.000000000000000e+00
8.200000000000000e+02 0.000000000000000e+00
8.210000000000000e+02 0.000000000000000e+00
8.220000000000000e+02 0.000000000000000e+00
8.230000000000000e+02 0.000000000000000e+00
8.240000000000000e+02 0.000000000000000e+00
8.250000000000000e+02 0.000000000000000e+00
8.260000000000000e+02 0.000000000000000e+00
8.270000000000000e+02 0.000000000000000e+00
8.280000000000000e+02 0.000000000000000e+00
8.290000000000000e+02 0.000000000000000e+00
8.300000000000000e+02 0.000000000000000e+00
8.310000000000000e+02 0.000000000000000e+00
8.320000000000000e+02 0.000000000000000e+00
8.330000000000000e+02 0.000000000000000e+00
8.340000000000000e+02 0.000000000000000e+00
8.350000000000000e+02 0.000000000000000e+00
8.360000000000000e+02 0.000000000000000e+00
8.370000000000000e+02 0.000000000000000e+00
8.380000000000000e+02 0.000000000000000e+00
8.390000000000000e+02 0.000000000000000e+00
8.400000000000000e+02 0.000000000000000e+00
8.410000000000000e+02 0.000000000000000e+00
8.420000000000000e+02 0.000000000000000e+00
8.430000000000000e+02 0.000000000000000e+00
8.440000000000000e+02 0.000000000000000e+00
8.450000000000000e+02 0.000000000000000e+00
8.460000000000000e+02 0.000000000000000e+00
8.470000000000000e+02 0.000000000000000e+00
8.480000000000000e+02 0.000000000000000e+00
8.490000000000000e+02 0.000000000000000e+00
8.500000000000000e+02 0.000000000000000e+00
8.510000000000000e+02 0.000000000000000e+00
8.520000000000000e+02 0.000000000000000e+00
8.530000000000000e+02 0.000000000000000e+00
8.540000000000000e+02 0.000000000000000e+00
8.550000000000000e+02 0.000000000000000e+00
8.560000000000000e+02 0.000000000000000e+00
8.570000000000000e+02 0.000000000000000e+00
8.580000000000000e+02 0.000000000000000e+00
8.590000000000000e+02 0.000000000000000e+00
8.600000000000000e+02 0.000000000000000e+00
8.610000000000000e+02 0.000000000000000e+00
8.620000000000000e+02 0.000000000000000e+00
8.630000000000000e+02 0.000000000000000e+00
8.640000000000000e+02 0.000000000000000e+00
8.650000000000000e+02 0.000000000000000e+00
8.660000000000000e+02 0.000000000000000e+00
8.670000000000000e+02 0.000000000000000e+00
8.680000000000000e+02 0.000000000000000e+00
8.690000000000000e+02 0.000000000000000e+00
8.700000000000000e+02 0.000000000000000e+00
8.710000000000000e+02 0.000000000000000e+00
8.720000000000000e+02 0.000000000000000e+00
8.730000000000000e+02 0.000000000000000e+00
8.740000000000000e+02 0.000000000000000e+00
8.750000000000000e+02 0.000000000000000e+00
8.760000000000000e+02 0.000000000000000e+00
8.770000000000000e+02 0.000000000000000e+00
8.780000000000000e+02 0.000000000000000e+00
8.790000000000000e+02 0.000000000000000e+00
8.800000000000000e+02 0.000000000000000e+00
8.810000000000000e+02 0.000000000000000e+00
8.820000000000000e+02 0.000000000000000e+00
8.830000000000000e+02 0.000000000000000e+00
8.840000000000000e+02 0.000000000000000e+00
8.850000000000000e+02 0.000000000000000e+00
8.860000000000000e+02 0.000000000000000e+00
8.870000000000000e+02 0.000000000000000e+00
8.880000000000000e+02 0.000000000000000e+00
8.890000000000000e+02 0.000000000000000e+00
8.900000000000000e+02 0.000000000000000e+00
8.910000000000000e+02 0.000000000000000e+00
8.920000000000000e+02 0.000000000000000e+00
8.930000000000000e+02 0.000000000000000e+00
8.940000000000000e+02 0.000000000000000e+00
8.950000000000000e+02 0.000000000000000e+00
8.960000000000000e+02 0.000000000000000e+00
8.970000000000000e+02 0.000000000000000e+00
8.980000000000000e+02 0.000000000000000e+00
8.990000000000000e+02 0.000000000000000e+00
9.000000000000000e+02 0.000000000000000e+00
9.010000000000000e+02 0.000000000000000e+00
9.020000000000000e+02 0.000000000000000e+00
9.030000000000000e+02 0.000000000000000e+00
9.040000000000000e+02 0.000000000000000e+00
9.050000000000000e+02 0.000000000000000e+00
9.060000000000000e+02 0.000000000000000e+00
9.070000000000000e+02 0.000000000000000e+00
9.080000000000000e+02 0.000000000000000e+00
9.090000000000000e+02 0.000000000000000e+00
9.100000000000000e+02 0.000000000000000e+00
9.110000000000000e+02 0.000000000000000e+00
9.120000000000000e+02 0.000000000000000e+00
9.130000000000000e+02 0.000000000000000e+00
9.140000000000000e+02 0.000000000000000e+00
9.150000000000000e+02 0.000000000000000e+00
9.160000000000000e+02 0.000000000000000e+00
9.170000000000000e+02 0.000000000000000e+00
9.180000000000000e+02 0.000000000000000e+00
9.190000000000000e+02 0.000000000000000e+00
9.200000000000000e+02 0.000000000000000e+00
9.210000000000000e+02 0.000000000000000e+00
9.220000000000000e+02 0.000000000000000e+00
9.230000000000000e+02 0.000000000000000e+00
9.240000000000000e+02 0.000000000000000e+00
9.250000000000000e+02 0.000000000000000e+00
9.260000000000000e+02 0.000000000000000e+00
9.270000000000000e+02 0.000000000000000e+00
9.280000000000000e+02 0.000000000000000e+00
9.290000000000000e+02 0.000000000000000e+00
9.300000000000000e+02 0.000000000000000e+00
9.310000000000000e+02 0.000000000000000e+00
9.320000000000000e+02 0.000000000000000e+00
9.330000000000000e+02 0.000000000000000e+00
9.340000000000000e+02 0.000000000000000e+00
9.350000000000000e+02 0.000000000000000e+00
9.360000000000000e+02 0.000000000000000e+00
9.370000000000000e+02 0.000000000000000e+00
9.380000000000000e+02 0.000000000000000e+00
9.390000000000000e+02 0.000000000000000e+00
9.400000000000000e+02 0.000000000000000e+00
9.410000000000000e+02 0.000000000000000e+00
9.420000000000000e+02 0.000000000000000e+00
9.430000000000000e+02 0.000000000000000e+00
9.440000000000000e+02 0.000000000000000e+00
9.450000000000000e+02 0.000000000000000e+00
9.460000000000000e+02 0.000000000000000e+00
9.470000000000000e+02 0.000000000000000e+00
9.480000000000000e+02 0.000000000000000e+00
9.490000000000000e+02 0.000000000000000e+00
9.500000000000000e+02 0.000000000000000e+00
9.510000000000000e+02 0.000000000000000e+00
9.520000000000000e+02 0.000000000000000e+00
9.530000000000000e+02 0.000000000000000e+00
9.540000000000000e+02 0.000000000000000e+00
9.550000000000000e+02 0.000000000000000e+00
9.560000000000000e+02 0.000000000000000e+00
9.570000000000000e+02 0.000000000000000e+00
9.580000000000000e+02 0.000000000000000e+00
9.590000000000000e+02 0.000000000000000e+00
9.600000000000000e+02 0.000000000000000e+00
9.610000000000000e+02 0.000000000000000e+00
9.620000000000000e+02 0.000000000000000e+00
9.630000000000000e+02 0.000000000000000e+00
9.640000000000000e+02 0.000000000000000e+00
9.650000000000000e+02 0.000000000000000e+00
9.660000000000000e+02 0.000000000000000e+00
9.670000000000000e+02 0.000000000000000e+00
9.680000000000000e+02 0.000000000000000e+00
9.690000000000000e+02 0.000000000000000e+00
9.700000000000000e+02 0.000000000000000e+00
9.710000000000000e+02 0.000000000000000e+00
9.720000000000000e+02 0.000000000000000e+00
9.730000000000000e+02 0.000000000000000e+00
9.740000000000000e+02 0.000000000000000e+00
9.750000000000000e+02 0.000000000000000e+00
9.760000000000000e+02 0.000000000000000e+00
9.770000000000000e+02 0.000000000000000e+00
9.780000000000000e+02 0.000000000000000e+00
9.790000000000000e+02 0.000000000000000e+00
9.800000000000000e+02 0.000000000000000e+00
9.810000000000000e+02 0.000000000000000e+00
9.820000000000000e+02 0.000000000000000e+00
9.830000000000000e+02 0.000000000000000e+00
9.840000000000000e+02 0.000000000000000e+00
9.850000000000000e+02 0.000000000000000e+00
9.860000000000000e+02 0.000000000000000e+00
9.870000000000000e+02 0.000000000000000e+00
9.880000000000000e+02 0.000000000000000e+00
9.890000000000000e+02 0.000000000000000e+00
9.900000000000000e+02 0.000000000000000e+00
9.910000000000000e+02 0.000000000000000e+00
9.920000000000000e+02 0.000000000000000e+00
9.930000000000000e+02 0.000000000000000e+00
9.940000000000000e+02 0.000000000000000e+00
9.950000000000000e+02 0.000000000000000e+00
9.960000000000000e+02 0.000000000000000e+00
9.970000000000000e+02 0.000000000000000e+00
9.980000000000000e+02 0.000000000000000e+00
9.990000000000000e+02 0.000000000000000e+00
1.000000000000000e+03 0.000000000000000e+00
1.001000000000000e+03 0.000000000000000e+00
1.002000000000000e+03 0.000000000000000e+00
1.003000000000000e+03 0.000000000000000e+00
1.004000000000000e+03 0.000000000000000e+00
1.005000000000000e+03 0.000000000000000e+00
1.006000000000000e+03 0.000000000000000e+00
1.007000000000000e+03 0.000000000000000e+00
1.008000000000000e+03 0.000000000000000e+00
1.009000000000000e+03 0.000000000000000e+00
1.010000000000000e+03 0.000000000000000e+00
1.011000000000000e+03 0.000000000000000e+00
1.012000000000000e+03 0.000000000000000e+00
1.013000000000000e+03 0.000000000000000e+00
1.014000000000000e+03 0.000000000000000e+00
1.015000000000000e+03 0.000000000000000e+00
1.016000000000000e+03 0.000000000000000e+00
1.017000000000000e+03 0.000000000000000e+00
1.018000000000000e+03 0.000000000000000e+00
1.019000000000000e+03 0.000000000000000e+00
1.020000000000000e+03 0.000000000000000e+00
1.021000000000000e+03 0.000000000000000e+00
1.022000000000000e+03 0.000000000000000e+00
1.023000000000000e+03 0.000000000000000e+00
