0.000000000000000e+00 0.000000000000000e+00
1.000000000000000e+00 0.000000000000000e+00
2.000000000000000e+00 0.000000000000000e+00
3.000000000000000e+00 0.000000000000000e+00
4.000000000000000e+00 0.000000000000000e+00
5.000000000000000e+00 0.000000000000000e+00
6.000000000000000e+00 0.000000000000000e+00
7.000000000000000e+00 0.000000000000000e+00
8.000000000000000e+00 0.000000000000000e+00
9.000000000000000e+00 0.000000000000000e+00
1.000000000000000e+01 0.000000000000000e+00
1.100000000000000e+01 0.000000000000000e+00
1.200000000000000e+01 0.000000000000000e+00
1.300000000000000e+01 0.000000000000000e+00
1.400000000000000e+01 0.000000000000000e+00
1.500000000000000e+01 4.399366662255488e-05
1.600000000000000e+01 5.799164864583872e-05
1.700000000000000e+01 5.799164864583872e-05
1.800000000000000e+01 4.399366662255488e-05
1.900000000000000e+01 3.999424006906338e-05
2.000000000000000e+01 3.399510387680493e-05
2.100000000000000e+01 6.199107156135142e-05
2.200000000000000e+01 3.799453043029644e-05
2.300000000000000e+01 4.199395334580913e-05
2.400000000000000e+01 4.399366662255488e-05
2.500000000000000e+01 4.199395334580913e-05
2.600000000000000e+01 5.199251245358028e-05
2.700000000000000e+01 4.199395334580913e-05
2.800000000000000e+01 4.799308953806758e-05
2.900000000000000e+01 4.399366662255488e-05
3.000000000000000e+01 3.999424006906338e-05
3.100000000000000e+01 4.599337626132183e-05
3.200000000000000e+01 4.199395334580913e-05
3.300000000000000e+01 6.599049811484292e-05
3.400000000000000e+01 4.399366662255488e-05
3.500000000000000e+01 4.199395334580913e-05
3.600000000000000e+01 4.999280281481333e-05
3.700000000000000e+01 3.399510387680493e-05
3.800000000000000e+01 3.199539423803799e-05
3.900000000000000e+01 3.399510387680493e-05
4.000000000000000e+01 4.199395334580913e-05
4.100000000000000e+01 3.399510387680493e-05
4.200000000000000e+01 3.999424006906338e-05
4.300000000000000e+01 4.799308953806758e-05
4.400000000000000e+01 3.799453043029644e-05
4.500000000000000e+01 4.999280281481333e-05
4.600000000000000e+01 4.999280281481333e-05
4.700000000000000e+01 3.599481715355068e-05
4.800000000000000e+01 4.799308953806758e-05
4.900000000000000e+01 5.199251245358028e-05
5.000000000000000e+01 5.599193536909297e-05
5.100000000000000e+01 6.399078847607598e-05
5.200000000000000e+01 2.799596768454649e-05
5.300000000000000e+01 4.799308953806758e-05
5.400000000000000e+01 3.399510387680493e-05
5.500000000000000e+01 5.599193536909297e-05
5.600000000000000e+01 6.399078847607598e-05
5.700000000000000e+01 5.799164864583872e-05
5.800000000000000e+01 4.599337626132183e-05
5.900000000000000e+01 4.599337626132183e-05
6.000000000000000e+01 4.599337626132183e-05
6.100000000000000e+01 3.999424006906338e-05
6.200000000000000e+01 6.199107156135142e-05
6.300000000000000e+01 3.999424006906338e-05
6.400000000000000e+01 5.399222573032603e-05
6.500000000000000e+01 3.399510387680493e-05
6.600000000000000e+01 3.799453043029644e-05
6.700000000000000e+01 5.399222573032603e-05
6.800000000000000e+01 4.999280281481333e-05
6.900000000000000e+01 3.999424006906338e-05
7.000000000000000e+01 4.199395334580913e-05
7.100000000000000e+01 4.399366662255488e-05
7.200000000000000e+01 4.199395334580913e-05
7.300000000000000e+01 4.399366662255488e-05
7.400000000000000e+01 4.599337626132183e-05
7.500000000000000e+01 5.599193536909297e-05
7.600000000000000e+01 3.399510387680493e-05
7.700000000000000e+01 4.399366662255488e-05
7.800000000000000e+01 3.599481715355068e-05
7.900000000000000e+01 3.999424006906338e-05
8.000000000000000e+01 3.999424006906338e-05
8.100000000000000e+01 4.399366662255488e-05
8.200000000000000e+01 4.599337626132183e-05
8.300000000000000e+01 4.799308953806758e-05
8.400000000000000e+01 4.199395334580913e-05
8.500000000000000e+01 4.599337626132183e-05
8.600000000000000e+01 3.599481715355068e-05
8.700000000000000e+01 2.799596768454649e-05
8.800000000000000e+01 3.799453043029644e-05
8.900000000000000e+01 4.199395334580913e-05
9.000000000000000e+01 3.799453043029644e-05
9.100000000000000e+01 4.399366662255488e-05
9.200000000000000e+01 2.999568096129224e-05
9.300000000000000e+01 4.599337626132183e-05
9.400000000000000e+01 3.799453043029644e-05
9.500000000000000e+01 4.399366662255488e-05
9.600000000000000e+01 4.399366662255488e-05
9.700000000000000e+01 4.999280281481333e-05
9.800000000000000e+01 4.599337626132183e-05
9.900000000000000e+01 3.799453043029644e-05
1.000000000000000e+02 2.799596768454649e-05
1.010000000000000e+02 4.999280281481333e-05
1.020000000000000e+02 4.199395334580913e-05
1.030000000000000e+02 4.799308953806758e-05
1.040000000000000e+02 4.399366662255488e-05
1.050000000000000e+02 2.199683331127744e-05
1.060000000000000e+02 2.799596768454649e-05
1.070000000000000e+02 3.199539423803799e-05
1.080000000000000e+02 4.799308953806758e-05
1.090000000000000e+02 4.999280281481333e-05
1.100000000000000e+02 4.399366662255488e-05
1.110000000000000e+02 3.799453043029644e-05
1.120000000000000e+02 3.199539423803799e-05
1.130000000000000e+02 3.399510387680493e-05
1.140000000000000e+02 4.999280281481333e-05
1.150000000000000e+02 3.799453043029644e-05
1.160000000000000e+02 6.599049811484292e-05
1.170000000000000e+02 3.199539423803799e-05
1.180000000000000e+02 2.599625622679014e-05
1.190000000000000e+02 4.399366662255488e-05
1.200000000000000e+02 2.799596768454649e-05
1.210000000000000e+02 5.599193536909297e-05
1.220000000000000e+02 2.799596768454649e-05
1.230000000000000e+02 4.199395334580913e-05
1.240000000000000e+02 5.199251245358028e-05
1.250000000000000e+02 3.799453043029644e-05
1.260000000000000e+02 3.799453043029644e-05
1.270000000000000e+02 4.199395334580913e-05
1.280000000000000e+02 5.399222573032603e-05
1.290000000000000e+02 4.999280281481333e-05
1.300000000000000e+02 3.399510387680493e-05
1.310000000000000e+02 5.399222573032603e-05
1.320000000000000e+02 4.399366662255488e-05
1.330000000000000e+02 4.399366662255488e-05
1.340000000000000e+02 1.999712003453169e-05
1.350000000000000e+02 3.799453043029644e-05
1.360000000000000e+02 4.199395334580913e-05
1.370000000000000e+02 3.999424006906338e-05
1.380000000000000e+02 3.799453043029644e-05
1.390000000000000e+02 3.799453043029644e-05
1.400000000000000e+02 3.599481715355068e-05
1.410000000000000e+02 4.599337626132183e-05
1.420000000000000e+02 4.399366662255488e-05
1.430000000000000e+02 6.199107156135142e-05
1.440000000000000e+02 3.399510387680493e-05
1.450000000000000e+02 5.199251245358028e-05
1.460000000000000e+02 6.998992466833442e-05
1.470000000000000e+02 4.399366662255488e-05
1.480000000000000e+02 3.199539423803799e-05
1.490000000000000e+02 5.199251245358028e-05
1.500000000000000e+02 4.399366662255488e-05
1.510000000000000e+02 4.199395334580913e-05
1.520000000000000e+02 4.399366662255488e-05
1.530000000000000e+02 4.799308953806758e-05
1.540000000000000e+02 4.999280281481333e-05
1.550000000000000e+02 3.999424006906338e-05
1.560000000000000e+02 4.799308953806758e-05
1.570000000000000e+02 4.799308953806758e-05
1.580000000000000e+02 3.599481715355068e-05
1.590000000000000e+02 3.199539423803799e-05
1.600000000000000e+02 5.999136192258447e-05
1.610000000000000e+02 5.199251245358028e-05
1.620000000000000e+02 3.599481715355068e-05
1.630000000000000e+02 6.599049811484292e-05
1.640000000000000e+02 6.599049811484292e-05
1.650000000000000e+02 2.999568096129224e-05
1.660000000000000e+02 5.199251245358028e-05
1.670000000000000e+02 2.799596768454649e-05
1.680000000000000e+02 5.999136192258447e-05
1.690000000000000e+02 8.198819705285132e-05
1.700000000000000e+02 4.799308953806758e-05
1.710000000000000e+02 4.599337626132183e-05
1.720000000000000e+02 6.399078847607598e-05
1.730000000000000e+02 7.198963430710137e-05
1.740000000000000e+02 8.798733324510977e-05
1.750000000000000e+02 6.599049811484292e-05
1.760000000000000e+02 6.399078847607598e-05
1.770000000000000e+02 6.599049811484292e-05
1.780000000000000e+02 5.599193536909297e-05
1.790000000000000e+02 6.199107156135142e-05
1.800000000000000e+02 4.599337626132183e-05
1.810000000000000e+02 7.598906086059287e-05
1.820000000000000e+02 3.999424006906338e-05
1.830000000000000e+02 5.599193536909297e-05
1.840000000000000e+02 4.399366662255488e-05
1.850000000000000e+02 5.799164864583872e-05
1.860000000000000e+02 3.799453043029644e-05
1.870000000000000e+02 5.399222573032603e-05
1.880000000000000e+02 6.199107156135142e-05
1.890000000000000e+02 6.199107156135142e-05
1.900000000000000e+02 4.799308953806758e-05
1.910000000000000e+02 4.799308953806758e-05
1.920000000000000e+02 4.199395334580913e-05
1.930000000000000e+02 4.199395334580913e-05
1.940000000000000e+02 4.599337626132183e-05
1.950000000000000e+02 3.199539423803799e-05
1.960000000000000e+02 4.799308953806758e-05
1.970000000000000e+02 3.999424006906338e-05
1.980000000000000e+02 6.599049811484292e-05
1.990000000000000e+02 3.199539423803799e-05
2.000000000000000e+02 3.199539423803799e-05
2.010000000000000e+02 4.799308953806758e-05
2.020000000000000e+02 4.199395334580913e-05
2.030000000000000e+02 5.999136192258447e-05
2.040000000000000e+02 3.399510387680493e-05
2.050000000000000e+02 4.599337626132183e-05
2.060000000000000e+02 4.999280281481333e-05
2.070000000000000e+02 3.399510387680493e-05
2.080000000000000e+02 4.799308953806758e-05
2.090000000000000e+02 4.399366662255488e-05
2.100000000000000e+02 3.799453043029644e-05
2.110000000000000e+02 5.799164864583872e-05
2.120000000000000e+02 3.999424006906338e-05
2.130000000000000e+02 3.599481715355068e-05
2.140000000000000e+02 4.999280281481333e-05
2.150000000000000e+02 4.799308953806758e-05
2.160000000000000e+02 5.199251245358028e-05
2.170000000000000e+02 3.599481715355068e-05
2.180000000000000e+02 4.399366662255488e-05
2.190000000000000e+02 4.799308953806758e-05
2.200000000000000e+02 5.799164864583872e-05
2.210000000000000e+02 3.999424006906338e-05
2.220000000000000e+02 4.599337626132183e-05
2.230000000000000e+02 4.399366662255488e-05
2.240000000000000e+02 4.799308953806758e-05
2.250000000000000e+02 5.599193536909297e-05
2.260000000000000e+02 4.799308953806758e-05
2.270000000000000e+02 5.799164864583872e-05
2.280000000000000e+02 4.599337626132183e-05
2.290000000000000e+02 4.799308953806758e-05
2.300000000000000e+02 5.399222573032603e-05
2.310000000000000e+02 5.999136192258447e-05
2.320000000000000e+02 7.998848013812676e-05
2.330000000000000e+02 8.998704288387671e-05
2.340000000000000e+02 1.119838707381859e-04
2.350000000000000e+02 1.279815769521520e-04
2.360000000000000e+02 1.719752326607704e-04
2.370000000000000e+02 2.239677414763719e-04
2.380000000000000e+02 2.199683221988380e-04
2.390000000000000e+02 2.699611359275877e-04
2.400000000000000e+02 3.279527882114053e-04
2.410000000000000e+02 4.079412610735744e-04
2.420000000000000e+02 5.119263078086078e-04
2.430000000000000e+02 5.639187875203788e-04
2.440000000000000e+02 5.159256979823112e-04
2.450000000000000e+02 6.099121528677642e-04
2.460000000000000e+02 6.939001032151282e-04
2.470000000000000e+02 6.879009306430817e-04
2.480000000000000e+02 6.059127626940608e-04
2.490000000000000e+02 7.378937443718314e-04
2.500000000000000e+02 6.459070136770606e-04
2.510000000000000e+02 5.239245365373790e-04
2.520000000000000e+02 4.799308953806758e-04
2.530000000000000e+02 3.619478666223586e-04
2.540000000000000e+02 3.099553578067571e-04
2.550000000000000e+02 2.599625731818378e-04
2.560000000000000e+02 2.779599744826555e-04
2.570000000000000e+02 1.799740857677534e-04
2.580000000000000e+02 1.999712112592533e-04
2.590000000000000e+02 1.559775409987196e-04
2.600000000000000e+02 1.399798493366688e-04
2.610000000000000e+02 1.339807058684528e-04
2.620000000000000e+02 9.798588871490210e-05
2.630000000000000e+02 1.239821431227028e-04
2.640000000000000e+02 9.398646943736821e-05
2.650000000000000e+02 1.079844514606521e-04
2.660000000000000e+02 8.798733324510977e-05
2.670000000000000e+02 8.798733324510977e-05
2.680000000000000e+02 1.259818527614698e-04
2.690000000000000e+02 8.198819705285132e-05
2.700000000000000e+02 9.598617907613516e-05
2.710000000000000e+02 1.019853152683936e-04
2.720000000000000e+02 9.598617907613516e-05
2.730000000000000e+02 8.998704288387671e-05
2.740000000000000e+02 9.198675252264366e-05
2.750000000000000e+02 9.798588871490210e-05
2.760000000000000e+02 1.039850249071606e-04
2.770000000000000e+02 6.799020775360987e-05
2.780000000000000e+02 8.798733324510977e-05
2.790000000000000e+02 1.239821431227028e-04
2.800000000000000e+02 8.398790669161826e-05
2.810000000000000e+02 9.798588871490210e-05
2.820000000000000e+02 1.319809962296858e-04
2.830000000000000e+02 1.419795589754358e-04
2.840000000000000e+02 1.019853152683936e-04
2.850000000000000e+02 9.998560562962666e-05
2.860000000000000e+02 1.179830069304444e-04
2.870000000000000e+02 1.239821431227028e-04
2.880000000000000e+02 8.598761633038521e-05
2.890000000000000e+02 7.798877049935982e-05
2.900000000000000e+02 1.279815769521520e-04
2.910000000000000e+02 7.998848013812676e-05
2.920000000000000e+02 1.139835876529105e-04
2.930000000000000e+02 1.059847418218851e-04
2.940000000000000e+02 8.598761633038521e-05
2.950000000000000e+02 8.398790669161826e-05
2.960000000000000e+02 9.198675252264366e-05
2.970000000000000e+02 6.399078847607598e-05
2.980000000000000e+02 9.798588871490210e-05
2.990000000000000e+02 9.398646943736821e-05
3.000000000000000e+02 1.139835876529105e-04
3.010000000000000e+02 9.398646943736821e-05
3.020000000000000e+02 8.598761633038521e-05
3.030000000000000e+02 7.598906086059287e-05
3.040000000000000e+02 9.798588871490210e-05
3.050000000000000e+02 8.198819705285132e-05
3.060000000000000e+02 6.998992466833442e-05
3.070000000000000e+02 8.198819705285132e-05
3.080000000000000e+02 1.119838707381859e-04
3.090000000000000e+02 9.198675252264366e-05
3.100000000000000e+02 9.398646943736821e-05
3.110000000000000e+02 1.019853152683936e-04
3.120000000000000e+02 9.998560562962666e-05
3.130000000000000e+02 1.039850249071606e-04
3.140000000000000e+02 1.079844514606521e-04
3.150000000000000e+02 9.398646943736821e-05
3.160000000000000e+02 1.119838707381859e-04
3.170000000000000e+02 1.079844514606521e-04
3.180000000000000e+02 1.079844514606521e-04
3.190000000000000e+02 9.998560562962666e-05
3.200000000000000e+02 1.279815769521520e-04
3.210000000000000e+02 1.139835876529105e-04
3.220000000000000e+02 8.798733324510977e-05
3.230000000000000e+02 1.299812865909189e-04
3.240000000000000e+02 1.099841610994190e-04
3.250000000000000e+02 1.299812865909189e-04
3.260000000000000e+02 1.179830069304444e-04
3.270000000000000e+02 9.998560562962666e-05
3.280000000000000e+02 1.339807058684528e-04
3.290000000000000e+02 1.359804155072197e-04
3.300000000000000e+02 1.339807058684528e-04
3.310000000000000e+02 1.199827238451689e-04
3.320000000000000e+02 9.598617907613516e-05
3.330000000000000e+02 1.399798493366688e-04
3.340000000000000e+02 1.179830069304444e-04
3.350000000000000e+02 1.259818527614698e-04
3.360000000000000e+02 1.159832972916774e-04
3.370000000000000e+02 1.819737954065204e-04
3.380000000000000e+02 1.559775409987196e-04
3.390000000000000e+02 1.419795589754358e-04
3.400000000000000e+02 1.719752326607704e-04
3.410000000000000e+02 1.619766699150205e-04
3.420000000000000e+02 1.519781217211857e-04
3.430000000000000e+02 1.739749422995374e-04
3.440000000000000e+02 1.639763941057026e-04
3.450000000000000e+02 1.639763941057026e-04
3.460000000000000e+02 1.839735050452873e-04
3.470000000000000e+02 1.639763941057026e-04
3.480000000000000e+02 2.059703401755542e-04
3.490000000000000e+02 2.079700498143211e-04
3.500000000000000e+02 1.819737954065204e-04
3.510000000000000e+02 1.779743761289865e-04
3.520000000000000e+02 1.899726485135034e-04
3.530000000000000e+02 2.299668849445879e-04
3.540000000000000e+02 2.239677414763719e-04
3.550000000000000e+02 2.339663042221218e-04
3.560000000000000e+02 2.279671753058210e-04
3.570000000000000e+02 2.559631539043039e-04
3.580000000000000e+02 2.559631539043039e-04
3.590000000000000e+02 2.719608310144395e-04
3.600000000000000e+02 2.779599744826555e-04
3.610000000000000e+02 2.599625731818378e-04
3.620000000000000e+02 2.799596986733377e-04
3.630000000000000e+02 2.619622682686895e-04
3.640000000000000e+02 3.079556627199054e-04
3.650000000000000e+02 2.879585372284055e-04
3.660000000000000e+02 2.939576806966215e-04
3.670000000000000e+02 3.659473150037229e-04
3.680000000000000e+02 2.939576806966215e-04
3.690000000000000e+02 3.499496087897569e-04
3.700000000000000e+02 3.779455728363246e-04
3.710000000000000e+02 3.199539205525070e-04
3.720000000000000e+02 3.459501895122230e-04
3.730000000000000e+02 3.559487522579730e-04
3.740000000000000e+02 3.719464293681085e-04
3.750000000000000e+02 4.019421176053584e-04
3.760000000000000e+02 3.959429741371423e-04
3.770000000000000e+02 3.779455728363246e-04
3.780000000000000e+02 4.139404045417905e-04
3.790000000000000e+02 4.519349313341081e-04
3.800000000000000e+02 4.539346264209598e-04
3.810000000000000e+02 4.779311711899936e-04
3.820000000000000e+02 4.499352071434259e-04
3.830000000000000e+02 4.679326084442437e-04
3.840000000000000e+02 4.559343506116420e-04
3.850000000000000e+02 4.519349313341081e-04
3.860000000000000e+02 5.399222718551755e-04
3.870000000000000e+02 5.299237091094255e-04
3.880000000000000e+02 5.599193973466754e-04
3.890000000000000e+02 6.119118770584464e-04
3.900000000000000e+02 5.779167986474931e-04
3.910000000000000e+02 6.559055764228106e-04
3.920000000000000e+02 6.519061280414462e-04
3.930000000000000e+02 7.658897084183991e-04
3.940000000000000e+02 6.919003790244460e-04
3.950000000000000e+02 7.898862822912633e-04
3.960000000000000e+02 9.718600776977837e-04
3.970000000000000e+02 9.878576966002584e-04
3.980000000000000e+02 1.059847418218851e-03
3.990000000000000e+02 1.217824639752507e-03
4.000000000000000e+02 1.365803298540413e-03
4.010000000000000e+02 1.619766699150205e-03
4.020000000000000e+02 1.875729882158339e-03
4.030000000000000e+02 2.235678024590015e-03
4.040000000000000e+02 2.787598641589284e-03
4.050000000000000e+02 3.215536940842867e-03
4.060000000000000e+02 3.979426808655262e-03
4.070000000000000e+02 5.105264950543642e-03
4.080000000000000e+02 6.555056199431419e-03
4.090000000000000e+02 8.464780636131763e-03
4.100000000000000e+02 1.099041756242514e-02
4.110000000000000e+02 1.411796733736992e-02
4.120000000000000e+02 1.828936673700809e-02
4.130000000000000e+02 2.282271347939968e-02
4.140000000000000e+02 2.883584797382355e-02
4.150000000000000e+02 3.440104797482491e-02
4.160000000000000e+02 4.040018096566200e-02
4.170000000000000e+02 4.620734602212906e-02
4.180000000000000e+02 5.097666010260582e-02
4.190000000000000e+02 5.415819957852364e-02
4.200000000000000e+02 5.684381350874901e-02
4.210000000000000e+02 5.800364911556244e-02
4.220000000000000e+02 5.644387379288673e-02
4.230000000000000e+02 5.219648405909538e-02
4.240000000000000e+02 4.775312170386314e-02
4.250000000000000e+02 4.221392050385475e-02
4.260000000000000e+02 3.658273071050644e-02
4.270000000000000e+02 2.944975905120373e-02
4.280000000000000e+02 2.331264317035675e-02
4.290000000000000e+02 1.834135875105858e-02
4.300000000000000e+02 1.363203674554825e-02
4.310000000000000e+02 9.602617472410202e-03
4.320000000000000e+02 6.701034959405661e-03
4.330000000000000e+02 4.727319348603487e-03
4.340000000000000e+02 2.863587578758597e-03
4.350000000000000e+02 1.883728778921068e-03
4.360000000000000e+02 1.105840783566236e-03
4.370000000000000e+02 6.699035293422639e-04
4.380000000000000e+02 4.119406803511083e-04
4.390000000000000e+02 2.199683221988380e-04
4.400000000000000e+02 1.239821431227028e-04
4.410000000000000e+02 6.199107156135142e-05
4.420000000000000e+02 1.599769711901899e-05
4.430000000000000e+02 1.199827238451689e-05
4.440000000000000e+02 9.998560017265845e-06
4.450000000000000e+02 5.999136192258447e-06
4.460000000000000e+02 0.000000000000000e+00
4.470000000000000e+02 3.999424279754749e-06
4.480000000000000e+02 0.000000000000000e+00
4.490000000000000e+02 0.000000000000000e+00
4.500000000000000e+02 1.999712139877374e-06
4.510000000000000e+02 0.000000000000000e+00
4.520000000000000e+02 0.000000000000000e+00
4.530000000000000e+02 0.000000000000000e+00
4.540000000000000e+02 0.000000000000000e+00
4.550000000000000e+02 1.999712139877374e-06
4.560000000000000e+02 1.999712139877374e-06
4.570000000000000e+02 0.000000000000000e+00
4.580000000000000e+02 1.999712139877374e-06
4.590000000000000e+02 1.999712139877374e-06
4.600000000000000e+02 0.000000000000000e+00
4.610000000000000e+02 0.000000000000000e+00
4.620000000000000e+02 0.000000000000000e+00
4.630000000000000e+02 0.000000000000000e+00
4.640000000000000e+02 0.000000000000000e+00
4.650000000000000e+02 0.000000000000000e+00
4.660000000000000e+02 0.000000000000000e+00
4.670000000000000e+02 0.000000000000000e+00
4.680000000000000e+02 0.000000000000000e+00
4.690000000000000e+02 0.000000000000000e+00
4.700000000000000e+02 0.000000000000000e+00
4.710000000000000e+02 0.000000000000000e+00
4.720000000000000e+02 1.999712139877374e-06
4.730000000000000e+02 0.000000000000000e+00
4.740000000000000e+02 1.999712139877374e-06
4.750000000000000e+02 1.999712139877374e-06
4.760000000000000e+02 0.000000000000000e+00
4.770000000000000e+02 3.999424279754749e-06
4.780000000000000e+02 1.999712139877374e-06
4.790000000000000e+02 0.000000000000000e+00
4.800000000000000e+02 0.000000000000000e+00
4.810000000000000e+02 0.000000000000000e+00
4.820000000000000e+02 0.000000000000000e+00
4.830000000000000e+02 0.000000000000000e+00
4.840000000000000e+02 0.000000000000000e+00
4.850000000000000e+02 0.000000000000000e+00
4.860000000000000e+02 0.000000000000000e+00
4.870000000000000e+02 0.000000000000000e+00
4.880000000000000e+02 0.000000000000000e+00
4.890000000000000e+02 0.000000000000000e+00
4.900000000000000e+02 0.000000000000000e+00
4.910000000000000e+02 0.000000000000000e+00
4.920000000000000e+02 0.000000000000000e+00
4.930000000000000e+02 0.000000000000000e+00
4.940000000000000e+02 0.000000000000000e+00
4.950000000000000e+02 1.999712139877374e-06
4.960000000000000e+02 0.000000000000000e+00
4.970000000000000e+02 0.000000000000000e+00
4.980000000000000e+02 0.000000000000000e+00
4.990000000000000e+02 1.999712139877374e-06
5.000000000000000e+02 0.000000000000000e+00
5.010000000000000e+02 0.000000000000000e+00
5.020000000000000e+02 1.999712139877374e-06
5.030000000000000e+02 0.000000000000000e+00
5.040000000000000e+02 0.000000000000000e+00
5.050000000000000e+02 0.000000000000000e+00
5.060000000000000e+02 0.000000000000000e+00
5.070000000000000e+02 0.000000000000000e+00
5.080000000000000e+02 0.000000000000000e+00
5.090000000000000e+02 0.000000000000000e+00
5.100000000000000e+02 0.000000000000000e+00
5.110000000000000e+02 0.000000000000000e+00
5.120000000000000e+02 0.000000000000000e+00
5.130000000000000e+02 0.000000000000000e+00
5.140000000000000e+02 0.000000000000000e+00
5.150000000000000e+02 0.000000000000000e+00
5.160000000000000e+02 0.000000000000000e+00
5.170000000000000e+02 1.999712139877374e-06
5.180000000000000e+02 0.000000000000000e+00
5.190000000000000e+02 0.000000000000000e+00
5.200000000000000e+02 0.000000000000000e+00
5.210000000000000e+02 0.000000000000000e+00
5.220000000000000e+02 0.000000000000000e+00
5.230000000000000e+02 0.000000000000000e+00
5.240000000000000e+02 0.000000000000000e+00
5.250000000000000e+02 0.000000000000000e+00
5.260000000000000e+02 0.000000000000000e+00
5.270000000000000e+02 0.000000000000000e+00
5.280000000000000e+02 0.000000000000000e+00
5.290000000000000e+02 0.000000000000000e+00
5.300000000000000e+02 0.000000000000000e+00
5.310000000000000e+02 1.999712139877374e-06
5.320000000000000e+02 0.000000000000000e+00
5.330000000000000e+02 0.000000000000000e+00
5.340000000000000e+02 0.000000000000000e+00
5.350000000000000e+02 0.000000000000000e+00
5.360000000000000e+02 0.000000000000000e+00
5.370000000000000e+02 1.999712139877374e-06
5.380000000000000e+02 1.999712139877374e-06
5.390000000000000e+02 0.000000000000000e+00
5.400000000000000e+02 0.000000000000000e+00
5.410000000000000e+02 0.000000000000000e+00
5.420000000000000e+02 0.000000000000000e+00
5.430000000000000e+02 0.000000000000000e+00
5.440000000000000e+02 0.000000000000000e+00
5.450000000000000e+02 0.000000000000000e+00
5.460000000000000e+02 0.000000000000000e+00
5.470000000000000e+02 0.000000000000000e+00
5.480000000000000e+02 0.000000000000000e+00
5.490000000000000e+02 0.000000000000000e+00
5.500000000000000e+02 0.000000000000000e+00
5.510000000000000e+02 0.000000000000000e+00
5.520000000000000e+02 0.000000000000000e+00
5.530000000000000e+02 0.000000000000000e+00
5.540000000000000e+02 0.000000000000000e+00
5.550000000000000e+02 0.000000000000000e+00
5.560000000000000e+02 0.000000000000000e+00
5.570000000000000e+02 0.000000000000000e+00
5.580000000000000e+02 0.000000000000000e+00
5.590000000000000e+02 0.000000000000000e+00
5.600000000000000e+02 0.000000000000000e+00
5.610000000000000e+02 0.000000000000000e+00
5.620000000000000e+02 0.000000000000000e+00
5.630000000000000e+02 0.000000000000000e+00
5.640000000000000e+02 0.000000000000000e+00
5.650000000000000e+02 0.000000000000000e+00
5.660000000000000e+02 0.000000000000000e+00
5.670000000000000e+02 0.000000000000000e+00
5.680000000000000e+02 0.000000000000000e+00
5.690000000000000e+02 0.000000000000000e+00
5.700000000000000e+02 0.000000000000000e+00
5.710000000000000e+02 1.999712139877374e-06
5.720000000000000e+02 0.000000000000000e+00
5.730000000000000e+02 0.000000000000000e+00
5.740000000000000e+02 0.000000000000000e+00
5.750000000000000e+02 0.000000000000000e+00
5.760000000000000e+02 1.999712139877374e-06
5.770000000000000e+02 0.000000000000000e+00
5.780000000000000e+02 0.000000000000000e+00
5.790000000000000e+02 0.000000000000000e+00
5.800000000000000e+02 0.000000000000000e+00
5.810000000000000e+02 0.000000000000000e+00
5.820000000000000e+02 0.000000000000000e+00
5.830000000000000e+02 0.000000000000000e+00
5.840000000000000e+02 0.000000000000000e+00
5.850000000000000e+02 0.000000000000000e+00
5.860000000000000e+02 0.000000000000000e+00
5.870000000000000e+02 3.999424279754749e-06
5.880000000000000e+02 0.000000000000000e+00
5.890000000000000e+02 0.000000000000000e+00
5.900000000000000e+02 0.000000000000000e+00
5.910000000000000e+02 0.000000000000000e+00
5.920000000000000e+02 0.000000000000000e+00
5.930000000000000e+02 0.000000000000000e+00
5.940000000000000e+02 1.999712139877374e-06
5.950000000000000e+02 0.000000000000000e+00
5.960000000000000e+02 1.999712139877374e-06
5.970000000000000e+02 0.000000000000000e+00
5.980000000000000e+02 0.000000000000000e+00
5.990000000000000e+02 0.000000000000000e+00
6.000000000000000e+02 0.000000000000000e+00
6.010000000000000e+02 0.000000000000000e+00
6.020000000000000e+02 0.000000000000000e+00
6.030000000000000e+02 0.000000000000000e+00
6.040000000000000e+02 0.000000000000000e+00
6.050000000000000e+02 0.000000000000000e+00
6.060000000000000e+02 0.000000000000000e+00
6.070000000000000e+02 0.000000000000000e+00
6.080000000000000e+02 0.000000000000000e+00
6.090000000000000e+02 0.000000000000000e+00
6.100000000000000e+02 0.000000000000000e+00
6.110000000000000e+02 0.000000000000000e+00
6.120000000000000e+02 0.000000000000000e+00
6.130000000000000e+02 0.000000000000000e+00
6.140000000000000e+02 0.000000000000000e+00
6.150000000000000e+02 0.000000000000000e+00
6.160000000000000e+02 0.000000000000000e+00
6.170000000000000e+02 0.000000000000000e+00
6.180000000000000e+02 0.000000000000000e+00
6.190000000000000e+02 0.000000000000000e+00
6.200000000000000e+02 0.000000000000000e+00
6.210000000000000e+02 0.000000000000000e+00
6.220000000000000e+02 0.000000000000000e+00
6.230000000000000e+02 0.000000000000000e+00
6.240000000000000e+02 0.000000000000000e+00
6.250000000000000e+02 0.000000000000000e+00
6.260000000000000e+02 0.000000000000000e+00
6.270000000000000e+02 0.000000000000000e+00
6.280000000000000e+02 0.000000000000000e+00
6.290000000000000e+02 0.000000000000000e+00
6.300000000000000e+02 0.000000000000000e+00
6.310000000000000e+02 0.000000000000000e+00
6.320000000000000e+02 0.000000000000000e+00
6.330000000000000e+02 0.000000000000000e+00
6.340000000000000e+02 0.000000000000000e+00
6.350000000000000e+02 0.000000000000000e+00
6.360000000000000e+02 0.000000000000000e+00
6.370000000000000e+02 0.000000000000000e+00
6.380000000000000e+02 1.999712139877374e-06
6.390000000000000e+02 0.000000000000000e+00
6.400000000000000e+02 0.000000000000000e+00
6.410000000000000e+02 0.000000000000000e+00
6.420000000000000e+02 1.999712139877374e-06
6.430000000000000e+02 1.999712139877374e-06
6.440000000000000e+02 0.000000000000000e+00
6.450000000000000e+02 0.000000000000000e+00
6.460000000000000e+02 0.000000000000000e+00
6.470000000000000e+02 0.000000000000000e+00
6.480000000000000e+02 0.000000000000000e+00
6.490000000000000e+02 0.000000000000000e+00
6.500000000000000e+02 0.000000000000000e+00
6.510000000000000e+02 1.999712139877374e-06
6.520000000000000e+02 0.000000000000000e+00
6.530000000000000e+02 1.999712139877374e-06
6.540000000000000e+02 0.000000000000000e+00
6.550000000000000e+02 1.999712139877374e-06
6.560000000000000e+02 0.000000000000000e+00
6.570000000000000e+02 0.000000000000000e+00
6.580000000000000e+02 1.999712139877374e-06
6.590000000000000e+02 0.000000000000000e+00
6.600000000000000e+02 1.999712139877374e-06
6.610000000000000e+02 0.000000000000000e+00
6.620000000000000e+02 1.999712139877374e-06
6.630000000000000e+02 0.000000000000000e+00
6.640000000000000e+02 0.000000000000000e+00
6.650000000000000e+02 1.999712139877374e-06
6.660000000000000e+02 0.000000000000000e+00
6.670000000000000e+02 0.000000000000000e+00
6.680000000000000e+02 3.999424279754749e-06
6.690000000000000e+02 0.000000000000000e+00
6.700000000000000e+02 0.000000000000000e+00
6.710000000000000e+02 0.000000000000000e+00
6.720000000000000e+02 0.000000000000000e+00
6.730000000000000e+02 0.000000000000000e+00
6.740000000000000e+02 0.000000000000000e+00
6.750000000000000e+02 0.000000000000000e+00
6.760000000000000e+02 0.000000000000000e+00
6.770000000000000e+02 0.000000000000000e+00
6.780000000000000e+02 0.000000000000000e+00
6.790000000000000e+02 1.999712139877374e-06
6.800000000000000e+02 0.000000000000000e+00
6.810000000000000e+02 0.000000000000000e+00
6.820000000000000e+02 0.000000000000000e+00
6.830000000000000e+02 0.000000000000000e+00
6.840000000000000e+02 0.000000000000000e+00
6.850000000000000e+02 1.999712139877374e-06
6.860000000000000e+02 0.000000000000000e+00
6.870000000000000e+02 0.000000000000000e+00
6.880000000000000e+02 0.000000000000000e+00
6.890000000000000e+02 0.000000000000000e+00
6.900000000000000e+02 0.000000000000000e+00
6.910000000000000e+02 0.000000000000000e+00
6.920000000000000e+02 0.000000000000000e+00
6.930000000000000e+02 0.000000000000000e+00
6.940000000000000e+02 1.999712139877374e-06
6.950000000000000e+02 0.000000000000000e+00
6.960000000000000e+02 0.000000000000000e+00
6.970000000000000e+02 0.000000000000000e+00
6.980000000000000e+02 0.000000000000000e+00
6.990000000000000e+02 1.999712139877374e-06
7.000000000000000e+02 0.000000000000000e+00
7.010000000000000e+02 0.000000000000000e+00
7.020000000000000e+02 0.000000000000000e+00
7.030000000000000e+02 0.000000000000000e+00
7.040000000000000e+02 0.000000000000000e+00
7.050000000000000e+02 0.000000000000000e+00
7.060000000000000e+02 0.000000000000000e+00
7.070000000000000e+02 0.000000000000000e+00
7.080000000000000e+02 0.000000000000000e+00
7.090000000000000e+02 0.000000000000000e+00
7.100000000000000e+02 0.000000000000000e+00
7.110000000000000e+02 0.000000000000000e+00
7.120000000000000e+02 0.000000000000000e+00
7.130000000000000e+02 0.000000000000000e+00
7.140000000000000e+02 0.000000000000000e+00
7.150000000000000e+02 0.000000000000000e+00
7.160000000000000e+02 1.999712139877374e-06
7.170000000000000e+02 0.000000000000000e+00
7.180000000000000e+02 0.000000000000000e+00
7.190000000000000e+02 0.000000000000000e+00
7.200000000000000e+02 0.000000000000000e+00
7.210000000000000e+02 0.000000000000000e+00
7.220000000000000e+02 0.000000000000000e+00
7.230000000000000e+02 0.000000000000000e+00
7.240000000000000e+02 0.000000000000000e+00
7.250000000000000e+02 0.000000000000000e+00
7.260000000000000e+02 0.000000000000000e+00
7.270000000000000e+02 0.000000000000000e+00
7.280000000000000e+02 0.000000000000000e+00
7.290000000000000e+02 0.000000000000000e+00
7.300000000000000e+02 0.000000000000000e+00
7.310000000000000e+02 1.999712139877374e-06
7.320000000000000e+02 0.000000000000000e+00
7.330000000000000e+02 0.000000000000000e+00
7.340000000000000e+02 0.000000000000000e+00
7.350000000000000e+02 0.000000000000000e+00
7.360000000000000e+02 0.000000000000000e+00
7.370000000000000e+02 0.000000000000000e+00
7.380000000000000e+02 0.000000000000000e+00
7.390000000000000e+02 0.000000000000000e+00
7.400000000000000e+02 0.000000000000000e+00
7.410000000000000e+02 0.000000000000000e+00
7.420000000000000e+02 0.000000000000000e+00
7.430000000000000e+02 0.000000000000000e+00
7.440000000000000e+02 0.000000000000000e+00
7.450000000000000e+02 0.000000000000000e+00
7.460000000000000e+02 1.999712139877374e-06
7.470000000000000e+02 0.000000000000000e+00
7.480000000000000e+02 0.000000000000000e+00
7.490000000000000e+02 0.000000000000000e+00
7.500000000000000e+02 1.999712139877374e-06
7.510000000000000e+02 0.000000000000000e+00
7.520000000000000e+02 0.000000000000000e+00
7.530000000000000e+02 0.000000000000000e+00
7.540000000000000e+02 0.000000000000000e+00
7.550000000000000e+02 1.999712139877374e-06
7.560000000000000e+02 1.999712139877374e-06
7.570000000000000e+02 0.000000000000000e+00
7.580000000000000e+02 0.000000000000000e+00
7.590000000000000e+02 0.000000000000000e+00
7.600000000000000e+02 0.000000000000000e+00
7.610000000000000e+02 0.000000000000000e+00
7.620000000000000e+02 0.000000000000000e+00
7.630000000000000e+02 0.000000000000000e+00
7.640000000000000e+02 1.999712139877374e-06
7.650000000000000e+02 0.000000000000000e+00
7.660000000000000e+02 0.000000000000000e+00
7.670000000000000e+02 0.000000000000000e+00
7.680000000000000e+02 0.000000000000000e+00
7.690000000000000e+02 0.000000000000000e+00
7.700000000000000e+02 0.000000000000000e+00
7.710000000000000e+02 0.000000000000000e+00
7.720000000000000e+02 0.000000000000000e+00
7.730000000000000e+02 1.999712139877374e-06
7.740000000000000e+02 0.000000000000000e+00
7.750000000000000e+02 1.999712139877374e-06
7.760000000000000e+02 0.000000000000000e+00
7.770000000000000e+02 0.000000000000000e+00
7.780000000000000e+02 0.000000000000000e+00
7.790000000000000e+02 0.000000000000000e+00
7.800000000000000e+02 1.999712139877374e-06
7.810000000000000e+02 0.000000000000000e+00
7.820000000000000e+02 0.000000000000000e+00
7.830000000000000e+02 0.000000000000000e+00
7.840000000000000e+02 0.000000000000000e+00
7.850000000000000e+02 1.999712139877374e-06
7.860000000000000e+02 1.999712139877374e-06
7.870000000000000e+02 0.000000000000000e+00
7.880000000000000e+02 0.000000000000000e+00
7.890000000000000e+02 0.000000000000000e+00
7.900000000000000e+02 0.000000000000000e+00
7.910000000000000e+02 0.000000000000000e+00
7.920000000000000e+02 1.999712139877374e-06
7.930000000000000e+02 1.999712139877374e-06
7.940000000000000e+02 3.999424279754749e-06
7.950000000000000e+02 0.000000000000000e+00
7.960000000000000e+02 0.000000000000000e+00
7.970000000000000e+02 0.000000000000000e+00
7.980000000000000e+02 0.000000000000000e+00
7.990000000000000e+02 0.000000000000000e+00
8.000000000000000e+02 0.000000000000000e+00
8.010000000000000e+02 0.000000000000000e+00
8.020000000000000e+02 0.000000000000000e+00
8.030000000000000e+02 0.000000000000000e+00
8.040000000000000e+02 1.999712139877374e-06
8.050000000000000e+02 0.000000000000000e+00
8.060000000000000e+02 0.000000000000000e+00
8.070000000000000e+02 0.000000000000000e+00
8.080000000000000e+02 1.999712139877374e-06
8.090000000000000e+02 0.000000000000000e+00
8.100000000000000e+02 0.000000000000000e+00
8.110000000000000e+02 0.000000000000000e+00
8.120000000000000e+02 1.999712139877374e-06
8.130000000000000e+02 0.000000000000000e+00
8.140000000000000e+02 1.999712139877374e-06
8.150000000000000e+02 1.999712139877374e-06
8.160000000000000e+02 0.000000000000000e+00
8.170000000000000e+02 1.999712139877374e-06
8.180000000000000e+02 3.999424279754749e-06
8.190000000000000e+02 3.999424279754749e-06
8.200000000000000e+02 1.999712139877374e-06
8.210000000000000e+02 1.999712139877374e-06
8.220000000000000e+02 0.000000000000000e+00
8.230000000000000e+02 9.998560017265845e-06
8.240000000000000e+02 0.000000000000000e+00
8.250000000000000e+02 1.999712139877374e-06
8.260000000000000e+02 1.999712139877374e-06
8.270000000000000e+02 1.999712139877374e-06
8.280000000000000e+02 1.999712139877374e-06
8.290000000000000e+02 5.999136192258447e-06
8.300000000000000e+02 9.998560017265845e-06
8.310000000000000e+02 5.999136192258447e-06
8.320000000000000e+02 1.399798384227324e-05
8.330000000000000e+02 1.799740857677534e-05
8.340000000000000e+02 5.999136192258447e-06
8.350000000000000e+02 9.998560017265845e-06
8.360000000000000e+02 1.999712003453169e-05
8.370000000000000e+02 1.599769711901899e-05
8.380000000000000e+02 1.199827238451689e-05
8.390000000000000e+02 3.399510387680493e-05
8.400000000000000e+02 1.799740857677534e-05
8.410000000000000e+02 2.399654476903379e-05
8.420000000000000e+02 1.799740857677534e-05
8.430000000000000e+02 1.999712003453169e-05
8.440000000000000e+02 2.999568096129224e-05
8.450000000000000e+02 2.799596768454649e-05
8.460000000000000e+02 2.199683331127744e-05
8.470000000000000e+02 1.999712003453169e-05
8.480000000000000e+02 5.999136192258447e-06
8.490000000000000e+02 1.399798384227324e-05
8.500000000000000e+02 9.998560017265845e-06
8.510000000000000e+02 7.998848559509497e-06
8.520000000000000e+02 7.998848559509497e-06
8.530000000000000e+02 1.999712139877374e-06
8.540000000000000e+02 5.999136192258447e-06
8.550000000000000e+02 3.999424279754749e-06
8.560000000000000e+02 5.999136192258447e-06
8.570000000000000e+02 1.999712139877374e-06
8.580000000000000e+02 5.999136192258447e-06
8.590000000000000e+02 1.999712139877374e-06
8.600000000000000e+02 1.999712139877374e-06
8.610000000000000e+02 0.000000000000000e+00
8.620000000000000e+02 0.000000000000000e+00
8.630000000000000e+02 0.000000000000000e+00
8.640000000000000e+02 0.000000000000000e+00
8.650000000000000e+02 1.999712139877374e-06
8.660000000000000e+02 0.000000000000000e+00
8.670000000000000e+02 0.000000000000000e+00
8.680000000000000e+02 0.000000000000000e+00
8.690000000000000e+02 0.000000000000000e+00
8.700000000000000e+02 0.000000000000000e+00
8.710000000000000e+02 0.000000000000000e+00
8.720000000000000e+02 0.000000000000000e+00
8.730000000000000e+02 0.000000000000000e+00
8.740000000000000e+02 0.000000000000000e+00
8.750000000000000e+02 0.000000000000000e+00
8.760000000000000e+02 0.000000000000000e+00
8.770000000000000e+02 0.000000000000000e+00
8.780000000000000e+02 0.000000000000000e+00
8.790000000000000e+02 0.000000000000000e+00
8.800000000000000e+02 0.000000000000000e+00
8.810000000000000e+02 0.000000000000000e+00
8.820000000000000e+02 0.000000000000000e+00
8.830000000000000e+02 0.000000000000000e+00
8.840000000000000e+02 0.000000000000000e+00
8.850000000000000e+02 0.000000000000000e+00
8.860000000000000e+02 0.000000000000000e+00
8.870000000000000e+02 0.000000000000000e+00
8.880000000000000e+02 0.000000000000000e+00
8.890000000000000e+02 0.000000000000000e+00
8.900000000000000e+02 0.000000000000000e+00
8.910000000000000e+02 0.000000000000000e+00
8.920000000000000e+02 0.000000000000000e+00
8.930000000000000e+02 0.000000000000000e+00
8.940000000000000e+02 0.000000000000000e+00
8.950000000000000e+02 0.000000000000000e+00
8.960000000000000e+02 0.000000000000000e+00
8.970000000000000e+02 0.000000000000000e+00
8.980000000000000e+02 0.000000000000000e+00
8.990000000000000e+02 0.000000000000000e+00
9.000000000000000e+02 0.000000000000000e+00
9.010000000000000e+02 0.000000000000000e+00
9.020000000000000e+02 0.000000000000000e+00
9.030000000000000e+02 0.000000000000000e+00
9.040000000000000e+02 0.000000000000000e+00
9.050000000000000e+02 0.000000000000000e+00
9.060000000000000e+02 0.000000000000000e+00
9.070000000000000e+02 0.000000000000000e+00
9.080000000000000e+02 0.000000000000000e+00
9.090000000000000e+02 0.000000000000000e+00
9.100000000000000e+02 0.000000000000000e+00
9.110000000000000e+02 0.000000000000000e+00
9.120000000000000e+02 0.000000000000000e+00
9.130000000000000e+02 0.000000000000000e+00
9.140000000000000e+02 0.000000000000000e+00
9.150000000000000e+02 0.000000000000000e+00
9.160000000000000e+02 0.000000000000000e+00
9.170000000000000e+02 0.000000000000000e+00
9.180000000000000e+02 0.000000000000000e+00
9.190000000000000e+02 0.000000000000000e+00
9.200000000000000e+02 0.000000000000000e+00
9.210000000000000e+02 0.000000000000000e+00
9.220000000000000e+02 0.000000000000000e+00
9.230000000000000e+02 0.000000000000000e+00
9.240000000000000e+02 0.000000000000000e+00
9.250000000000000e+02 0.000000000000000e+00
9.260000000000000e+02 0.000000000000000e+00
9.270000000000000e+02 0.000000000000000e+00
9.280000000000000e+02 0.000000000000000e+00
9.290000000000000e+02 0.000000000000000e+00
9.300000000000000e+02 0.000000000000000e+00
9.310000000000000e+02 0.000000000000000e+00
9.320000000000000e+02 0.000000000000000e+00
9.330000000000000e+02 0.000000000000000e+00
9.340000000000000e+02 0.000000000000000e+00
9.350000000000000e+02 0.000000000000000e+00
9.360000000000000e+02 0.000000000000000e+00
9.370000000000000e+02 0.000000000000000e+00
9.380000000000000e+02 0.000000000000000e+00
9.390000000000000e+02 0.000000000000000e+00
9.400000000000000e+02 0.000000000000000e+00
9.410000000000000e+02 0.000000000000000e+00
9.420000000000000e+02 0.000000000000000e+00
9.430000000000000e+02 0.000000000000000e+00
9.440000000000000e+02 0.000000000000000e+00
9.450000000000000e+02 0.000000000000000e+00
9.460000000000000e+02 0.000000000000000e+00
9.470000000000000e+02 0.000000000000000e+00
9.480000000000000e+02 0.000000000000000e+00
9.490000000000000e+02 0.000000000000000e+00
9.500000000000000e+02 0.000000000000000e+00
9.510000000000000e+02 0.000000000000000e+00
9.520000000000000e+02 0.000000000000000e+00
9.530000000000000e+02 0.000000000000000e+00
9.540000000000000e+02 0.000000000000000e+00
9.550000000000000e+02 0.000000000000000e+00
9.560000000000000e+02 0.000000000000000e+00
9.570000000000000e+02 0.000000000000000e+00
9.580000000000000e+02 0.000000000000000e+00
9.590000000000000e+02 0.000000000000000e+00
9.600000000000000e+02 0.000000000000000e+00
9.610000000000000e+02 0.000000000000000e+00
9.620000000000000e+02 0.000000000000000e+00
9.630000000000000e+02 0.000000000000000e+00
9.640000000000000e+02 0.000000000000000e+00
9.650000000000000e+02 0.000000000000000e+00
9.660000000000000e+02 0.000000000000000e+00
9.670000000000000e+02 0.000000000000000e+00
9.680000000000000e+02 0.000000000000000e+00
9.690000000000000e+02 0.000000000000000e+00
9.700000000000000e+02 0.000000000000000e+00
9.710000000000000e+02 0.000000000000000e+00
9.720000000000000e+02 0.000000000000000e+00
9.730000000000000e+02 0.000000000000000e+00
9.740000000000000e+02 0.000000000000000e+00
9.750000000000000e+02 0.000000000000000e+00
9.760000000000000e+02 0.000000000000000e+00
9.770000000000000e+02 0.000000000000000e+00
9.780000000000000e+02 0.000000000000000e+00
9.790000000000000e+02 0.000000000000000e+00
9.800000000000000e+02 0.000000000000000e+00
9.810000000000000e+02 0.000000000000000e+00
9.820000000000000e+02 0.000000000000000e+00
9.830000000000000e+02 0.000000000000000e+00
9.840000000000000e+02 0.000000000000000e+00
9.850000000000000e+02 0.000000000000000e+00
9.860000000000000e+02 0.000000000000000e+00
9.870000000000000e+02 0.000000000000000e+00
9.880000000000000e+02 0.000000000000000e+00
9.890000000000000e+02 0.000000000000000e+00
9.900000000000000e+02 0.000000000000000e+00
9.910000000000000e+02 0.000000000000000e+00
9.920000000000000e+02 0.000000000000000e+00
9.930000000000000e+02 0.000000000000000e+00
9.940000000000000e+02 0.000000000000000e+00
9.950000000000000e+02 0.000000000000000e+00
9.960000000000000e+02 0.000000000000000e+00
9.970000000000000e+02 0.000000000000000e+00
9.980000000000000e+02 0.000000000000000e+00
9.990000000000000e+02 0.000000000000000e+00
1.000000000000000e+03 0.000000000000000e+00
1.001000000000000e+03 0.000000000000000e+00
1.002000000000000e+03 0.000000000000000e+00
1.003000000000000e+03 0.000000000000000e+00
1.004000000000000e+03 0.000000000000000e+00
1.005000000000000e+03 0.000000000000000e+00
1.006000000000000e+03 0.000000000000000e+00
1.007000000000000e+03 0.000000000000000e+00
1.008000000000000e+03 0.000000000000000e+00
1.009000000000000e+03 0.000000000000000e+00
1.010000000000000e+03 0.000000000000000e+00
1.011000000000000e+03 0.000000000000000e+00
1.012000000000000e+03 0.000000000000000e+00
1.013000000000000e+03 0.000000000000000e+00
1.014000000000000e+03 0.000000000000000e+00
1.015000000000000e+03 0.000000000000000e+00
1.016000000000000e+03 0.000000000000000e+00
1.017000000000000e+03 0.000000000000000e+00
1.018000000000000e+03 0.000000000000000e+00
1.019000000000000e+03 0.000000000000000e+00
1.020000000000000e+03 0.000000000000000e+00
1.021000000000000e+03 0.000000000000000e+00
1.022000000000000e+03 0.000000000000000e+00
1.023000000000000e+03 0.000000000000000e+00
