0 3.8774633681509630527e-180 -3.8774633681509630527e-180
0.010000000000000000208 5.0604397700847770992e-178 -5.0604397700847770992e-178
0.020000000000000000416 6.4127674366425808897e-176 -6.4127674366425808897e-176
0.02999999999999999889 7.890770160761458255e-174 -7.890770160761458255e-174
0.040000000000000000833 9.4277915225139427653e-172 -9.4277915225139427653e-172
0.050000000000000002776 1.0937478705927108146e-169 -1.0937478705927108146e-169
0.05999999999999999778 1.2320863439458204141e-167 -1.2320863439458204141e-167
0.070000000000000006661 1.3476643526362955424e-165 -1.3476643526362955424e-165
0.080000000000000001665 1.4313274859269723418e-163 -1.4313274859269723418e-163
0.089999999999999996669 1.4760903967810709445e-161 -1.4760903967810709445e-161
0.10000000000000000555 1.4780991654810836235e-159 -1.4780991654810836235e-159
0.11000000000000000056 1.4371789983117430827e-157 -1.4371789983117430827e-157
0.11999999999999999556 1.3568593320318506981e-155 -1.3568593320318506981e-155
0.13000000000000000444 1.2438713448285661186e-153 -1.2438713448285661186e-153
0.14000000000000001332 1.1072170721926126388e-151 -1.1072170721926126388e-151
0.14999999999999999445 9.5698858479095231606e-150 9.8094562417827546597e-05
0.16000000000000000333 8.031513888093553612e-148 7.2069473390001803637e-05
0.17000000000000001221 6.5449260711639152231e-146 8.0077195889316499233e-05
0.17999999999999999334 5.1787953489880937023e-144 8.0077195889316499233e-05
0.19000000000000000222 3.9789586569194501712e-142 6.806561577832326293e-05
0.2000000000000000111 2.9684297630657854284e-140 8.0077195889316499233e-05
0.20999999999999999223 2.1503086478997875944e-138 6.6063686972483992577e-05
0.22000000000000000111 1.5124864723316216412e-136 5.2050178055651492696e-05
0.23000000000000000999 1.032996547177409232e-134 6.4061758166644722223e-05
0.23999999999999999112 6.8505101497746537353e-133 6.0057896916987367649e-05
0.25 4.4112699119822000005e-131 6.0057896916987367649e-05
0.26000000000000000888 2.7581699509691463531e-129 7.2069473390001803637e-05
0.27000000000000001776 1.6745383073724646348e-127 6.6063686972483992577e-05
0.28000000000000002665 9.8715608017648183186e-126 6.2059822084847837687e-05
0.28999999999999998002 5.6505827055097073303e-124 5.2050178055651492696e-05
0.2999999999999999889 3.1406339451504719388e-122 5.805596447316929698e-05
0.30999999999999999778 1.6949546323815081728e-120 6.4061758166644722223e-05
0.32000000000000000666 8.88209695402818155e-119 7.0067544584162533283e-05
0.33000000000000001554 4.5194919177860287247e-117 6.4061758166644722223e-05
0.34000000000000002442 2.232957165058220272e-115 8.2079124695155769587e-05
0.35000000000000003331 1.071242620995920033e-113 8.2079124695155769587e-05
0.35999999999999998668 4.990131245168351133e-112 7.407140219584107399e-05
0.36999999999999999556 2.2571102148529954743e-110 8.0077195889316499233e-05
0.38000000000000000444 9.9131171303037866629e-109 6.0057896916987367649e-05
0.39000000000000001332 4.227507459033427187e-107 7.0067544584162533283e-05
0.4000000000000000222 1.7505527448356788846e-105 6.6063686972483992577e-05
0.41000000000000003109 7.0385417714730316511e-104 8.0077195889316499233e-05
0.41999999999999998446 2.7479375414803389898e-102 8.2079124695155769587e-05
0.42999999999999999334 1.0417120686315575098e-100 7.6073338277637958527e-05
0.44000000000000000222 3.8344687910293910094e-99 6.4061758166644722223e-05
0.4500000000000000111 1.370501112644191077e-97 6.806561577832326293e-05
0.46000000000000001998 4.7563110757212035513e-96 8.0077195889316499233e-05
0.47000000000000002887 1.6027942758920706284e-94 5.805596447316929698e-05
0.47999999999999998224 5.2444746191045418639e-93 5.805596447316929698e-05
0.48999999999999999112 1.6662603748946249405e-91 6.4061758166644722223e-05
0.5 5.1404414693304052177e-90 7.407140219584107399e-05
0.51000000000000000888 1.5398366204797613229e-88 6.806561577832326293e-05
0.52000000000000001776 4.4788399417046084977e-87 7.6073338277637958527e-05
0.53000000000000002665 1.264949287067835684e-85 6.0057896916987367649e-05
0.54000000000000003553 3.468944567796475919e-84 6.4061758166644722223e-05
0.55000000000000004441 9.2371560149191272564e-83 7.0067544584162533283e-05
0.56000000000000005329 2.3883384536277581094e-81 6.6063686972483992577e-05
0.57000000000000006217 5.9961175270497701846e-80 8.408105350099503994e-05
0.57999999999999996003 1.4617095203627624815e-78 7.0067544584162533283e-05
0.58999999999999996891 3.4599409585366355921e-77 6.6063686972483992577e-05
0.5999999999999999778 7.9523039952445947669e-76 9.8094562417827546597e-05
0.60999999999999998668 1.7747367100586862015e-74 5.405210686149076305e-05
0.61999999999999999556 3.8458431257241495987e-73 7.407140219584107399e-05
0.63000000000000000444 8.0921862685337160907e-72 5.805596447316929698e-05
0.64000000000000001332 1.6533197363734820885e-70 7.407140219584107399e-05
0.6500000000000000222 3.2799294529226875436e-69 8.0077195889316499233e-05
0.66000000000000003109 6.3181339432943716973e-68 7.807526708347722888e-05
0.67000000000000003997 1.1817614747578214395e-66 8.6082982306834310293e-05
0.68000000000000004885 2.1462855448602942141e-65 6.4061758166644722223e-05
0.69000000000000005773 3.7849648152229869487e-64 6.6063686972483992577e-05
0.70000000000000006661 6.4811618374822854332e-63 6.6063686972483992577e-05
0.70999999999999996447 1.0776073847792188574e-61 5.2050178055651492696e-05
0.71999999999999997335 1.7397423083706140094e-60 6.6063686972483992577e-05
0.72999999999999998224 2.7272563690640426545e-59 5.805596447316929698e-05
0.73999999999999999112 4.1512957761421818059e-58 6.6063686972483992577e-05
0.75 6.1356144824162120206e-57 6.2059822084847837687e-05
0.76000000000000000888 8.8054006943914831577e-56 7.6073338277637958527e-05
0.77000000000000001776 1.2270347340246993733e-54 5.0048245611833408475e-05
0.78000000000000002665 1.6602797196551948414e-53 7.0067544584162533283e-05
0.79000000000000003553 2.1813348746665098202e-52 7.407140219584107399e-05
0.80000000000000004441 2.7827878338528839869e-51 5.805596447316929698e-05
0.81000000000000005329 3.4471050806452589188e-50 7.407140219584107399e-05
0.82000000000000006217 4.1461558468475641786e-49 8.8084911112673580647e-05
0.83000000000000007105 4.8423189937682827585e-48 7.6073338277637958527e-05
0.83999999999999996891 5.4913337818481196766e-47 9.0086847194470465183e-05
0.8499999999999999778 6.0467075228159202773e-46 5.805596447316929698e-05
0.85999999999999998668 6.4651224645686851082e-45 4.8046316805994138122e-05
0.86999999999999999556 6.7119887922997181671e-44 6.0057896916987367649e-05
0.88000000000000000444 6.7661615489259734746e-43 6.806561577832326293e-05
0.89000000000000001332 6.6229301747964447005e-42 7.6073338277637958527e-05
0.9000000000000000222 6.2946945850016727648e-41 6.6063686972483992577e-05
0.91000000000000003109 5.8091932427072964239e-40 7.807526708347722888e-05
0.92000000000000003997 5.2056343223066040633e-39 6.0057896916987367649e-05
0.93000000000000004885 4.5294781000962407884e-38 5.805596447316929698e-05
0.94000000000000005773 3.8268315393212031712e-37 7.6073338277637958527e-05
0.95000000000000006661 3.1394039355977849242e-36 7.6073338277637958527e-05
0.95999999999999996447 2.5007583381405678333e-35 7.407140219584107399e-05
0.96999999999999997335 1.9342514275126778788e-34 7.407140219584107399e-05
0.97999999999999998224 1.452682818398428702e-33 7.0067544584162533283e-05
0.98999999999999999112 1.0593643337984676171e-32 7.0067544584162533283e-05
1 7.5013005748329294204e-32 6.0057896916987367649e-05
1.0100000000000000089 5.1575620530485743861e-31 8.408105350099503994e-05
1.0200000000000000178 3.443253751008339337e-30 7.807526708347722888e-05
1.0300000000000000266 2.2320826414136379658e-29 6.0057896916987367649e-05
1.0400000000000000355 1.404973666056601588e-28 7.6073338277637958527e-05
1.0500000000000000444 8.5870258778080517734e-28 7.0067544584162533283e-05
1.0600000000000000533 5.0960541320135275126e-27 8.6082982306834310293e-05
1.0700000000000000622 2.9365808803480654265e-26 7.407140219584107399e-05
1.0800000000000000711 1.6431097566859136785e-25 7.0067544584162533283e-05
1.0900000000000000799 8.9270477026268539595e-25 7.0067544584162533283e-05
1.1000000000000000888 4.7094024983448329772e-24 5.2050178055651492696e-05
1.1100000000000000977 2.4123506621474328407e-23 5.405210686149076305e-05
1.1200000000000001066 1.1998632140681125253e-22 6.2059822084847837687e-05
1.1300000000000001155 5.7948168362724974316e-22 8.2079124695155769587e-05
1.1400000000000001243 2.7174675147297116727e-21 7.2069473390001803637e-05
1.1500000000000001332 1.2373873800026277693e-20 6.2059822084847824134e-05
1.1599999999999999201 5.4709617319400728515e-20 5.2050178055651438486e-05
1.1699999999999999289 2.3487583929559876714e-19 6.8065615778323032537e-05
1.1799999999999999378 9.7910594234019488929e-19 7.6073338277636982745e-05
1.1899999999999999467 3.9631243665906036672e-18 9.6092633611984318905e-05
1.1999999999999999556 1.5576231357479348713e-17 7.006754458414696143e-05
1.2099999999999999645 5.9443414893582133354e-17 6.8065615778263821546e-05
1.2199999999999999734 2.2027326318808425206e-16 7.8075267083256959656e-05
1.2299999999999999822 7.9256792730421493612e-16 6.6063686971691427236e-05
1.2399999999999999911 2.7690313675553702481e-15 9.008684719170143994e-05
1.25 9.3936836507917522403e-15 7.6073338268244268274e-05
1.2600000000000000089 3.0942874707936504132e-14 8.2079124664212897082e-05
1.2700000000000000178 9.8969655954939083889e-14 8.2079124596186108995e-05
1.2800000000000000266 3.0736905058544878024e-13 6.4061757859275669596e-05
1.2900000000000000355 9.2690427276480194194e-13 7.6073337350733680369e-05
1.3000000000000000444 2.7141028807359684032e-12 6.8065613064220381145e-05
1.3100000000000000533 7.7167494778161803301e-12 5.6054027950580546003e-05
1.3200000000000000622 2.1303902696171689453e-11 7.8075245779574535825e-05
1.3300000000000000711 5.7108481404179413473e-11 7.8075209974995819339e-05
1.3400000000000000799 1.4864788254589591024e-10 9.6092484964105726172e-05
1.3500000000000000888 3.7569335694889054196e-10 8.4080677807638095332e-05
1.3600000000000000977 9.2198738305789724858e-10 8.6082060319451250132e-05
1.3700000000000001066 2.1970154624267216511e-09 7.2067276374539383332e-05
1.3800000000000001155 5.0834425795386903575e-09 7.4066318753261529777e-05
1.3900000000000001243 1.1420875690797377701e-08 7.4059981320150278781e-05
1.4000000000000001332 2.49148088830845324e-08 7.204455858111871345e-05
1.4099999999999999201 5.2775503955498394033e-08 7.0014769080207041665e-05
1.4199999999999999289 1.085485162449965303e-07 7.5964789761392967674e-05
1.4299999999999999378 2.1678641682615905777e-07 8.5866195890008147344e-05
1.4399999999999999467 4.203943942025893422e-07 6.1639427690645252791e-05
1.4499999999999999556 7.9158660886117986689e-07 9.9304904614805626813e-05
1.4599999999999999645 1.4472935763576572134e-06 7.2624108619483417624e-05
1.4699999999999999734 2.5693987219242584611e-06 9.3523234890064015665e-05
1.4799999999999999822 4.429177105203910629e-06 7.5648018784112589451e-05
1.4899999999999999911 7.4136360578124344917e-06 9.0680926360015110411e-05
1.5 1.2049142805536328265e-05 8.0039633194773412354e-05
1.5100000000000000089 1.9015060622710647882e-05 0.0001051045835469850546
1.5200000000000000178 2.9137745817452971413e-05 8.8976119210682527412e-05
1.5300000000000000266 4.3354168367825336218e-05 3.8724956327330433369e-05
1.5400000000000000355 6.2635773173492812296e-05 8.7508967299986193116e-05
1.5500000000000000444 8.7867991412396857223e-05 9.2305702976544046039e-05
1.5600000000000000533 0.0001196893830850668546 4.4468866305244657473e-05
1.5700000000000000622 0.00015830594751181843206 7.792178254445257914e-05
1.5800000000000000711 0.00020330848679741222074 0.00011499836067805689166
1.5900000000000000799 0.00025353064315005775396 0.00022292866002224747237
1.6000000000000000888 0.00030698848294425794443 0.00021951907675381711164
1.6100000000000000977 0.00036093615179945859762 0.00017157721614400711207
1.6200000000000001066 0.00041205516984120824737 0.00030863960771455547409
1.6300000000000001155 0.00045676945265167302442 0.00026792913886002355265
1.6400000000000001243 0.00049164937310617728289 0.00036717852843228416387
1.6500000000000001332 0.00051384345514408392725 0.00041705391250842170896
1.6600000000000001421 0.00052146298180211355603 0.00043145562454249689662
1.6699999999999999289 0.00051384789735247607314 0.00043106302287260775483
1.6799999999999999378 0.00049166259911842275648 0.00035715568021871518106
1.6899999999999999467 0.00045680337660294613152 0.00035798204755130568237
1.6999999999999999556 0.00041213733260748482276 0.00035259986412482761811
1.7099999999999999645 0.00036112607960950315108 0.00028149342358682572732
1.7199999999999999734 0.00030740816379400722879 0.00015503764501338066504
1.7299999999999999822 0.00025441751900241277003 0.00014196460283249123964
1.7399999999999999911 0.00020510145129508147829 0.00010519768095703049848
1.75 0.00016177499288916847935 9.8475882837173721882e-05
1.7600000000000000089 0.00012611572699671236351 7.2075333920739641323e-05
1.7700000000000000178 9.9271711800276617112e-05 9.4915491505496792806e-05
1.7800000000000000266 8.2031316077623236569e-05 3.408061286871535739e-05
1.7900000000000000355 7.499229558365976499e-05 2.5104195640007038407e-05
1.8000000000000000444 7.8670930860555605968e-05 2.3427489168950494888e-05
1.8100000000000000533 9.3510739717872747847e-05 -3.3452842800885380199e-05
1.8200000000000000622 0.00011978126016387416507 -3.7702135468718395487e-05
1.8300000000000000711 0.00015739397764795285718 -7.3312924146957817242e-05
1.8400000000000000799 0.00020569458295824477319 -0.000115607735763774308
1.8500000000000000888 0.00026330731522354491707 -0.00018723397694590695854
1.8600000000000000977 0.00032810018573703990385 -0.00025002491865356267497
1.8700000000000001066 0.00039730875966095932552 -0.00031322770615996428558
1.8800000000000001155 0.00046780953719338376311 -0.00038172655488654945281
1.8900000000000001243 0.00053648753952714603802 -0.00048043350385981601139
1.9000000000000001332 0.00060061322458356436894 -0.00054455918891623434231
1.9100000000000001421 0.00065814193408104493341 -0.00059608211199619709573
1.9199999999999999289 0.00070787447764377039398 -0.00063780693305960786069
1.9299999999999999378 0.00074945949099514217601 -0.00066137457988246859536
1.9399999999999999467 0.00078326085275012109158 -0.00069517594163744751094
1.9499999999999999556 0.00081014251990189868266 -0.00072806339520674291307
1.9599999999999999645 0.00083123172703429787454 -0.00073313716461647032794
1.9699999999999999734 0.00084771134218336716051 -0.00073760519965454637761
1.9799999999999999822 0.00086067113714588820619 -0.00074656113700538888258
1.9899999999999999911 0.00087102525031831239989 -0.00072688630353830879262
2 0.00087948626628117274572 -0.00074735889233620476056
2.0100000000000002309 0.00088657799518452272674 -0.00072842553948768661281
2.0200000000000000178 0.00089266833740226367907 -0.000708490785401644208
2.0300000000000002487 0.00089800765571402651598 -0.00070582238849004985508
2.0400000000000000355 0.00090276371409978505792 -0.00075462090970810301836
2.0499999999999998224 0.00090704926123253467717 -0.00071086013639687958398
2.0600000000000000533 0.00091094174219882807688 -0.0007227603325865300651
2.0699999999999998401 0.00091449637112973045702 -0.00069828794368376743192
2.0800000000000000711 0.00091775433366332538534 -0.00073958257535618144793
2.0899999999999998579 0.00092074774913934146099 -0.00073256633952704344921
2.1000000000000000888 0.00092350262680228258506 -0.00073932507480166311398
2.1099999999999998757 0.00092604064190667846352 -0.00076188239251636692435
2.1200000000000001066 0.00092838023772271653731 -0.0007622200522506081136
2.1299999999999998934 0.00093053734439634927349 -0.00078039260392287024097
2.1400000000000001243 0.00093252587530243114238 -0.00077237148352379814392
2.1499999999999999112 0.00093435808820077723581 -0.00075418439381183630544
2.1600000000000001421 0.00093604485923525155081 -0.00078590011876177251829
2.1699999999999999289 0.00093759589727957946478 -0.00078745115680610043227
2.1800000000000001599 0.00093901991533761584603 -0.00077085780833562576615
2.1899999999999999467 0.00094032476982718017026 -0.0007881780932719042532
2.2000000000000001776 0.00094151757518191729092 -0.00078136318340328429245
2.2099999999999999645 0.00094260479910675536597 -0.00078845620102159779275
2.2200000000000001954 0.00094359234244073564041 -0.00077543023543874556053
2.2299999999999999822 0.00094448560662504501759 -0.00078232929331653036295
2.2400000000000002132 0.00094528955108866751997 -0.0007651158566997265896
2.25 0.00094600874235989775626 -0.00077784663535790767638
2.2600000000000002309 0.00094664739633391859711 -0.00079049686216696403093
2.2700000000000000178 0.00094720941483896262374 -0.00076703572045002169338
2.2800000000000002487 0.00094769841742183165683 -0.00077553245280816303624
2.2900000000000000355 0.00094811776910080740322 -0.0007779537260170204388
2.3000000000000002665 0.00094847060469808964697 -0.00075228147986243455378
2.3100000000000000533 0.00094875985025605889291 -0.00079861510978257986039
2.3199999999999998401 0.00094898824195538986157 -0.00079483964387023228835
2.3300000000000000711 0.00094915834288353511782 -0.00078700202957502035477
2.3399999999999998579 0.00094927255794570778412 -0.00079112010224887167019
2.3500000000000000888 0.00094933314716444513939 -0.00080319226430264464758
2.3599999999999998757 0.00094934223757604612164 -0.00079118978187921000771
2.3700000000000001066 0.00094930183390093229867 -0.00081917639603776119805
2.3799999999999998934 0.00094921382813910207352 -0.00078505557874879053435
2.3900000000000001243 0.00094908000822021025208 -0.00077090824991306620625
2.3999999999999999112 0.00094890206581972732971 -0.00077473416512426182459
2.4100000000000001421 0.00094868160343737173261 -0.00078652529012885707797
2.4199999999999999289 0.00094842014082115958656 -0.00078626382751264493193
2.4300000000000001599 0.00094811912080947969607 -0.00077194929858413253478
2.4399999999999999467 0.00094777991465432021283 -0.00080163903179251972102
2.4500000000000001776 0.00094740382688081770535 -0.00082928996185268222686
2.4599999999999999645 0.00094699209973150583891 -0.00079484542317622992186
2.4700000000000001954 0.00094654591723777317322 -0.0007723780165423076681
2.4799999999999999822 0.00094606640895599555113 -0.00075588307781381588318
2.4900000000000002132 0.00094555465340143997604 -0.00081542921553826887542
2.5 0.00094501168120923999955 -0.00076283606529041741301
2.5100000000000002309 0.00094443847804844807594 -0.00077227251343477945535
2.5200000000000000178 0.00094383598731229319256 -0.00077767580184018476885
2.5300000000000002487 0.00094320511260525684467 -0.00077103914799158822409
2.5400000000000000355 0.00094254672004537461399 -0.00079240197957189558147
2.5500000000000002665 0.00094186164039823140615 -0.00077369953339624132627
2.5600000000000000533 0.00094115067105741924067 -0.00075296926144512122889
2.5699999999999998401 0.00094041457788471489228 -0.00080027948871638982572
2.5800000000000000711 0.00093965409692190826965 -0.00077149198991991818977
2.5899999999999998579 0.00093886993598502792649 -0.00078672325942975200944
2.6000000000000000888 0.00093806277615067598825 -0.00079592575090055403715
2.6099999999999998757 0.00093723327314323328155 -0.00076907116614124320167
2.6200000000000001066 0.00093638205863088804816 -0.00075220450663026857709
2.6299999999999998934 0.00093550974143769070716 -0.00074532641029551103921
2.6400000000000001243 0.00093461690867816611585 -0.00076645480167617603597
2.6499999999999999112 0.00093370412682044557403 -0.00074151885959646891312
2.6600000000000001421 0.00093277194268332841529 -0.00074859439068270894422
2.6699999999999999289 0.00093182088437221053355 -0.00072962596584308001511
2.6800000000000001599 0.00093085146215839619736 -0.00073266040124094421963
2.6899999999999999467 0.00092986416930590997613 -0.00071565767794174383557
2.7000000000000001776 0.00092885948284958527125 -0.00074067807323728725947
2.7099999999999999645 0.00092783786432788480439 -0.00073365066102211136737
2.7200000000000001954 0.00092679976047362663122 -0.00074662606608468570085
2.7299999999999999822 0.00092574560386552502862 -0.00072555262141819139472
2.7400000000000002132 0.00092467581354323269156 -0.00073249054631925603065
2.75 0.00092359079558833627119 -0.00072139587705920575275
2.7600000000000002309 0.00092249094367359270406 -0.00071629216753278353649
2.7700000000000000178 0.0009213766395824942888 -0.00070917206974820980441
2.7800000000000002487 0.00092024825370112610899 -0.00068201860211497349583
2.7900000000000000355 0.00091910614548421163805 -0.00070089579650836695678
2.8000000000000002665 0.00091795066389739707769 -0.0007217615390617419845
2.8100000000000000533 0.00091678214783883849384 -0.00075662775606020549538
2.8199999999999998401 0.00091560092654685500298 -0.0007074002143242490593
2.8300000000000000711 0.00091440732001284207378 -0.0007062066077902361301
2.8399999999999998579 0.00091320163945713046273 -0.00073302794506818953237
2.8500000000000000888 0.00091198418803761533303 -0.00071779698473184189601
2.8599999999999998757 0.00091075526226853183338 -0.00069454683482256880829
2.8700000000000001066 0.00090951515541969930878 -0.00064325847144796645394
2.8799999999999998934 0.00090826416608556759767 -0.00073009240777842355184
2.8900000000000001243 0.00090700261946052786362 -0.00070280577940151568901
2.8999999999999999112 0.0009057309180424794829 -0.00069753020581987353922
2.9100000000000001421 0.00090444965650274169577 -0.00068824122905677867067
2.9199999999999999289 0.00090315986803346688661 -0.00065492057969407553586
2.9300000000000001599 0.00090186352319885146594 -0.00066563579314258040052
2.9399999999999999467 0.00090056448169753729183 -0.00065032325727634905654
2.9500000000000001776 0.00089927019909785915839 -0.00066704634120518197047
2.9599999999999999645 0.00089799459468160348907 -0.00062773406765010732189
2.9700000000000001954 0.0008967625482737806011 -0.00059447113124502575995
2.9799999999999999822 0.00089561644164579828648 -0.00059332502461704344533
2.9900000000000002132 0.00089462490814845010891 -0.00062836822417671714565
3 0.00089389343789922403108 -0.00057959046258734868776
3.0100000000000002309 0.00089357571475731710324 -0.00061130360033887008557
3.0200000000000000178 0.00089388367270206944316 -0.00058158260436816052764
3.0300000000000002487 0.00089509353618959426081 -0.00057478475263232826388
3.0400000000000000355 0.00089754492803391611004 -0.00055321299880657886887
3.0500000000000002665 0.0009016308238215773067 -0.00056130273765400348629
3.0600000000000000533 0.00090777781373942698952 -0.00052941305843303408142
3.0700000000000002842 0.00091641854046357082257 -0.00050201905210015581975
3.0800000000000000711 0.00092796067411992874154 -0.00057161715750564064988
3.0899999999999998579 0.00094275851920281347578 -0.00051034166431088742559
3.1000000000000000888 0.0009610936055158622723 -0.00050865744801362829022
3.1099999999999998757 0.00098316913794826077053 -0.00054474650391477452346
3.1200000000000001066 0.0010091203436145849883 -0.00054867647088899392481
3.1299999999999998934 0.0010390394718751379873 -0.00056658401176259607333
3.1400000000000001243 0.0010730115909059446348 -0.00052047892035217099317
3.1499999999999999112 0.0011111563104377992443 -0.00050256960421669557605
3.1600000000000001421 0.0011536716386611502172 -0.00051505600762841510787
3.1699999999999999289 0.0012008794902917420671 -0.0004441499796789562509
3.1800000000000001599 0.0012532780959512892626 -0.00046852159660866888984
3.1899999999999999467 0.0013116155762150616924 -0.00041875487770137503549
3.2000000000000001776 0.0013770132554331313088 -0.00027394990861504225736
3.2099999999999999645 0.0014511899731049938012 -0.00012591236149171974694
3.2200000000000001954 0.001536872341494763131 -2.341332026919106489e-05
3.2299999999999999822 0.0016385189753903987072 0.00024129312644312339575
3.2400000000000002132 0.0017635265967205098793 0.00063478526227623904496
3.25 0.001924090729997719653 0.00077451072636130916318
3.2600000000000002309 0.0021398074465975606626 0.0013275351368650352771
3.2700000000000000178 0.0024408534949383700087 0.0020274538697936570451
3.2800000000000002487 0.0028711158160086357009 0.0030505926039103782761
3.2900000000000000355 0.0034899832644376283658 0.0043615857175674909579
3.3000000000000002665 0.0043708424328205291998 0.0064515906141760608061
3.3100000000000000533 0.0055940057469256489198 0.0085876649858705415147
3.3200000000000002842 0.007232335478677030631 0.011623841627822636968
3.3300000000000000711 0.0093296048369740335049 0.015994808715906257135
3.3399999999999998579 0.011874615699173803746 0.019855972826359879341
3.3500000000000000888 0.014777512559541990458 0.024111977508416843063
3.3599999999999998757 0.017857128598151070231 0.028049124560895102864
3.3700000000000001066 0.020847887919864509926 0.032607643677272937777
3.3799999999999998934 0.023430748987627248586 0.035652206134366773438
3.3900000000000001243 0.025285425129171725661 0.037889478263620018916
3.3999999999999999112 0.026152979394852261807 0.038241099753917116855
3.4100000000000001421 0.025892259999593530279 0.037616965845743380314
3.4199999999999999289 0.024513436670143478463 0.036125017141263607301
3.4300000000000001599 0.022177940718622689287 0.033457690365819449385
3.4399999999999999467 0.01916442954519031322 0.029490473181221506238
3.4500000000000001776 0.015810970247973111374 0.025396753071557375686
3.4599999999999999645 0.012450288313202731438 0.021005962711997158698
3.4700000000000001954 0.009355309396993647178 0.016625736862409583317
3.4799999999999999822 0.0067068106545583880754 0.012385594560347351623
3.4900000000000002132 0.0045865974721615489912 0.0095370174053008415632
3.5 0.0029917946967562324481 0.0066535034266034477277
3.5100000000000002309 0.0018612250513334719672 0.0045169236310820138486
3.5200000000000000178 0.0011042277250739331289 0.0028956281099168064766
3.5300000000000002487 0.00062471732024579353613 0.0020058184257474636833
3.5400000000000000355 0.00033701609688070635184 0.0011464139413255728175
3.5500000000000002665 0.00017335670866146116274 0.00066545189026669235213
3.5600000000000000533 8.5023158726992326844e-05 0.0004715133257827141839
3.5700000000000002842 3.9758176540471648229e-05 0.00019446761743400245133
3.5800000000000000711 1.7725412678547503655e-05 0.00010439230996126649183
3.5899999999999998579 7.5341904019184217516e-06 7.2543005487398079176e-05
3.6000000000000000888 3.0530800113202818512e-06 3.6985517933337967765e-05
3.6099999999999998757 1.1794873668381873918e-06 2.2843671036158881245e-05
3.6200000000000001066 4.3440521179218208689e-07 5.5713843889570848077e-06
3.6299999999999998934 1.5252369251866280204e-07 7.8551960783119276612e-06
3.6400000000000001243 5.1052235256791059384e-08 -5.1052235256791059384e-08
3.6499999999999999112 1.6290056525166131804e-08 1.9856398861824819671e-06
3.6600000000000001421 4.9551467564019511098e-09 -4.9551467564019511098e-09
3.6699999999999999289 1.436854253191826699e-09 2.0004930884544561191e-06
3.6800000000000001599 3.9718032857234436106e-10 -3.9718032857234436106e-10
3.6899999999999999467 1.0465944966534762633e-10 -1.0465944966534762633e-10
3.7000000000000001776 2.6289483098603401813e-11 -2.6289483098603401813e-11
3.7099999999999999645 6.2950034511882083043e-12 -6.2950034511882083043e-12
3.7200000000000001954 1.4368713738640949251e-12 -1.4368713738640949251e-12
3.7299999999999999822 3.1264081914177941222e-13 2.0019296300668287437e-06
3.7400000000000002132 6.4845133313973186329e-14 -6.4845133313973186329e-14
3.75 1.2820684976407113081e-14 -1.2820684976407113081e-14
3.7600000000000002309 2.4162705599774279413e-15 -2.4162705599774279413e-15
3.7700000000000000178 4.3408909362976293978e-16 -4.3408909362976293978e-16
3.7800000000000002487 7.4337810901496958456e-17 -7.4337810901496958456e-17
3.7900000000000000355 1.2134920909534968085e-17 -1.2134920909534968085e-17
3.8000000000000002665 1.8882488256373873835e-18 -1.8882488256373873835e-18
3.8100000000000000533 2.8007572893615730591e-19 -2.8007572893615730591e-19
3.8200000000000002842 3.9599041202984272091e-20 -3.9599041202984272091e-20
3.8300000000000000711 5.3368604457423051225e-21 -5.3368604457423051225e-21
3.8399999999999998579 6.8561151549056799608e-22 -6.8561151549056799608e-22
3.8500000000000000888 8.3957713171228322293e-23 -8.3957713171228322293e-23
3.8599999999999998757 9.800146153173830524e-24 -9.800146153173830524e-24
3.8700000000000001066 1.0904185263732337743e-24 2.001929942707647993e-06
3.8799999999999998934 1.1564900926125251572e-25 -1.1564900926125251572e-25
3.8900000000000001243 1.1691708742465856893e-26 -1.1691708742465856893e-26
3.8999999999999999112 1.1266806207700326728e-27 -1.1266806207700326728e-27
3.9100000000000001421 1.0349273174782893914e-28 -1.0349273174782893914e-28
3.9199999999999999289 9.0615924096032626832e-30 2.001929942707647993e-06
3.9300000000000001599 7.5628298859802442499e-31 -7.5628298859802442499e-31
3.9399999999999999467 6.0165674610466343731e-32 -6.0165674610466343731e-32
3.9500000000000001776 4.5624429040893741598e-33 6.0057896007492672652e-06
3.9599999999999999645 3.297842072631257894e-34 -3.297842072631257894e-34
3.9700000000000001954 2.2721950788608240682e-35 -2.2721950788608240682e-35
3.9799999999999999822 1.4922594399317291071e-36 -1.4922594399317291071e-36
3.9900000000000002132 9.3416941516009537724e-38 -9.3416941516009537724e-38
4 5.5742852864748157617e-39 -5.5742852864748157617e-39
4.0099999999999997868 3.1705502652607435813e-40 -3.1705502652607435813e-40
4.0200000000000004619 1.7189438060460614625e-41 2.001929942707647993e-06
4.0300000000000002487 8.8832114216605942937e-43 -8.8832114216605942937e-43
4.0400000000000000355 4.3758186121706093181e-44 -4.3758186121706093181e-44
4.0499999999999998224 2.0546097366522648325e-45 2.001929942707647993e-06
4.0600000000000004974 9.1955948310540343153e-47 -9.1955948310540343153e-47
4.0700000000000002842 3.922929620186291774e-48 -3.922929620186291774e-48
4.0800000000000000711 1.5952221424525394883e-49 -1.5952221424525394883e-49
4.0899999999999998579 6.1831752412920492426e-51 -6.1831752412920492426e-51
4.0999999999999996447 2.2844489366519447159e-52 -2.2844489366519447159e-52
4.1100000000000003197 8.0450853774461004849e-54 -8.0450853774461004849e-54
4.1200000000000001066 2.7005919001984189755e-55 -2.7005919001984189755e-55
4.1299999999999998934 8.6410431032904993169e-57 -8.6410431032904993169e-57
4.1399999999999996803 2.6354337528575568412e-58 -2.6354337528575568412e-58
4.1500000000000003553 7.6615489264324137181e-60 2.001929942707647993e-06
4.1600000000000001421 2.1230461108721133294e-61 -2.1230461108721133294e-61
4.1699999999999999289 5.6076446052065827399e-63 2.001929942707647993e-06
4.1799999999999997158 1.4118208310481387035e-64 2.001929942707647993e-06
4.1900000000000003908 3.3881028563718736945e-66 -3.3881028563718736945e-66
4.2000000000000001776 7.7501719333801058724e-68 -7.7501719333801058724e-68
4.2099999999999999645 1.689832651233490872e-69 -1.689832651233490872e-69
4.2199999999999997513 3.5119921037766897112e-71 -3.5119921037766897112e-71
4.2300000000000004263 6.9572996127477636662e-73 -6.9572996127477636662e-73
4.2400000000000002132 1.3137269162220947566e-74 -1.3137269162220947566e-74
4.25 2.364539556081558887e-76 -2.364539556081558887e-76
4.2599999999999997868 4.0566267094713012519e-78 -4.0566267094713012519e-78
4.2700000000000004619 6.6337694024325770653e-80 -6.6337694024325770653e-80
4.2800000000000002487 1.0340283577119897452e-81 -1.0340283577119897452e-81
4.2900000000000000355 1.5363181982205735144e-83 -1.5363181982205735144e-83
4.2999999999999998224 2.175737242112776777e-85 -2.175737242112776777e-85
4.3100000000000004974 2.9370285096803267613e-87 -2.9370285096803267613e-87
4.3200000000000002842 3.7790812471253745741e-89 -3.7790812471253745741e-89
4.3300000000000000711 4.6349019715034504605e-91 -4.6349019715034504605e-91
4.3399999999999998579 5.4183997829918564389e-93 -5.4183997829918564389e-93
4.3500000000000005329 6.037784637691014516e-95 4.003859885415295139e-06
4.3600000000000003197 6.412984462080893568e-97 -6.412984462080893568e-97
4.3700000000000001066 6.492600374428237454e-99 -6.492600374428237454e-99
4.3799999999999998934 6.2654604575705360385e-101 2.001929942707647993e-06
4.3899999999999996803 5.7631918090701865406e-103 -5.7631918090701865406e-103
4.4000000000000003553 5.0529946635258593515e-105 2.001929942707647993e-06
4.4100000000000001421 4.2228943707796469662e-107 -4.2228943707796469662e-107
4.4199999999999999289 3.3639314735735919429e-109 2.001929942707647993e-06
4.4299999999999997158 2.5542272699421522768e-111 -2.5542272699421522768e-111
4.4400000000000003908 1.8486187069975512887e-113 -1.8486187069975512887e-113
4.4500000000000001776 1.2752945241641258211e-115 -1.2752945241641258211e-115
4.4599999999999999645 8.3858855169747226316e-118 -8.3858855169747226316e-118
4.4699999999999997513 5.2560874917543947756e-120 -5.2560874917543947756e-120
4.4800000000000004263 3.1401573159039957862e-122 -3.1401573159039957862e-122
4.4900000000000002132 1.788196878569060273e-124 -1.788196878569060273e-124
4.5 9.7063133968728379905e-127 2.001929942707647993e-06
4.5099999999999997868 5.0219025793311718838e-129 -5.0219025793311718838e-129
4.5200000000000004619 2.4766075998250234394e-131 -2.4766075998250234394e-131
4.5300000000000002487 1.1641823527207495556e-133 -1.1641823527207495556e-133
4.5400000000000000355 5.2162652207438205772e-136 -5.2162652207438205772e-136
4.5499999999999998224 2.2277841634541121647e-138 -2.2277841634541121647e-138
4.5600000000000004974 9.0690397747211688829e-141 -9.0690397747211688829e-141
4.5700000000000002842 3.5190399855086699038e-143 -3.5190399855086699038e-143
4.5800000000000000711 1.3015526847384765181e-145 -1.3015526847384765181e-145
4.5899999999999998579 4.5885335878361270624e-148 -4.5885335878361270624e-148
4.6000000000000005329 1.541915758806113924e-150 -1.541915758806113924e-150
4.6100000000000003197 4.9388053134445970319e-153 -4.9388053134445970319e-153
4.6200000000000001066 1.5078483093114829705e-155 -1.5078483093114829705e-155
4.6299999999999998934 4.3880124128962789008e-158 2.001929942707647993e-06
4.6399999999999996803 1.2171733930188516798e-160 2.001929942707647993e-06
4.6500000000000003553 3.2181880963947362609e-163 -3.2181880963947362609e-163
4.6600000000000001421 8.1104459083700416338e-166 -8.1104459083700416338e-166
4.6699999999999999289 1.9482843342921882e-168 -1.9482843342921882e-168
4.6799999999999997158 4.4610203865953013204e-171 -4.4610203865953013204e-171
4.6900000000000003908 9.7362183773337801683e-174 -9.7362183773337801683e-174
4.7000000000000001776 2.0254456780898712974e-176 -2.0254456780898712974e-176
4.7099999999999999645 4.0162899306329547968e-179 -4.0162899306329547968e-179
4.7199999999999997513 7.5910813137527824413e-182 -7.5910813137527824413e-182
4.7300000000000004263 1.3675913022079872241e-184 -1.3675913022079872241e-184
4.7400000000000002132 2.3484595566500808063e-187 2.001929942707647993e-06
4.75 3.8440044344335547498e-190 -3.8440044344335547498e-190
4.7599999999999997868 5.9973401914974069118e-193 -5.9973401914974069118e-193
4.7700000000000004619 8.91882145605578235e-196 -8.91882145605578235e-196
4.7800000000000002487 1.2642419848668398563e-198 -1.2642419848668398563e-198
4.7900000000000000355 1.708153416521698523e-201 -1.708153416521698523e-201
4.7999999999999998224 2.1998721325646567731e-204 -2.1998721325646567731e-204
4.8100000000000004974 2.7004856609226736004e-207 -2.7004856609226736004e-207
4.8200000000000002842 3.1598041160447657042e-210 -3.1598041160447657042e-210
4.8300000000000000711 3.5241328178399828535e-213 -3.5241328178399828535e-213
4.8399999999999998579 3.7464347488029354289e-216 -3.7464347488029354289e-216
4.8500000000000005329 3.7962766346266683516e-219 -3.7962766346266683516e-219
4.8600000000000003197 3.6666654068516874143e-222 -3.6666654068516874143e-222
4.8700000000000001066 3.3756579803347061649e-225 -3.3756579803347061649e-225
4.8799999999999998934 2.9622335666622628651e-228 -2.9622335666622628651e-228
4.8899999999999996803 2.4777292197748664152e-231 -2.4777292197748664152e-231
4.9000000000000003553 1.9754318284848424526e-234 -1.9754318284848424526e-234
4.9100000000000001421 1.501218441809839483e-237 -1.501218441809839483e-237
4.9199999999999999289 1.0874251009759792937e-240 -1.0874251009759792937e-240
4.9299999999999997158 7.5080717551021621954e-244 -7.5080717551021621954e-244
4.9400000000000003908 4.9411843107143999108e-247 -4.9411843107143999108e-247
4.9500000000000001776 3.0996114150868970276e-250 2.001929942707647993e-06
4.9599999999999999645 1.8533480645101985321e-253 -1.8533480645101985321e-253
4.9699999999999997513 1.0562828936459238689e-256 -1.0562828936459238689e-256
4.9800000000000004263 5.738217506843312287e-260 -5.738217506843312287e-260
4.9900000000000002132 2.9713051077893757507e-263 -2.9713051077893757507e-263
5 1.4665300247028279312e-266 -1.4665300247028279312e-266
5.0099999999999997868 6.8993490403056376237e-270 -6.8993490403056376237e-270
5.0200000000000004619 3.093846094405213559e-273 2.001929942707647993e-06
5.0300000000000002487 1.3223995994458816871e-276 -1.3223995994458816871e-276
5.0400000000000000355 5.3876591248118757804e-280 2.001929942707647993e-06
5.0499999999999998224 2.0922370725120174622e-283 -2.0922370725120174622e-283
5.0600000000000004974 7.7445295577140004507e-287 -7.7445295577140004507e-287
5.0700000000000002842 2.7324519907467443602e-290 2.001929942707647993e-06
5.0800000000000000711 9.1893199572148130704e-294 -9.1893199572148130704e-294
5.0899999999999998579 2.9456932923118623834e-297 4.003859885415295139e-06
5.1000000000000005329 9.0004657387174073079e-301 2.001929942707647993e-06
5.1100000000000003197 2.6212939815418888368e-304 -2.6212939815418888368e-304
5.1200000000000001066 7.2767885186376972825e-308 2.001929942707647993e-06
5.1299999999999998934 1.9254712491366498762e-311 -1.9254712491366498762e-311
5.1399999999999996803 4.8563230692278922146e-315 -4.8563230692278922146e-315
5.1500000000000003553 1.1674870024357824088e-318 -1.1674870024357824088e-318
5.1600000000000001421 2.6679544875427313386e-322 -2.6679544875427313386e-322
5.1699999999999999289 0 0
5.1799999999999997158 0 0
5.1900000000000003908 0 0
5.2000000000000001776 0 2.001929942707647993e-06
5.2099999999999999645 0 0
5.2199999999999997513 0 0
5.2300000000000004263 0 0
5.2400000000000002132 0 0
5.25 0 0
5.2599999999999997868 0 0
5.2700000000000004619 0 0
5.2800000000000002487 0 2.001929942707647993e-06
5.2900000000000000355 0 0
5.2999999999999998224 0 0
5.3100000000000004974 0 0
5.3200000000000002842 0 0
5.3300000000000000711 0 0
5.3399999999999998579 0 2.001929942707647993e-06
5.3500000000000005329 0 0
5.3600000000000003197 0 0
5.3700000000000001066 0 0
5.3799999999999998934 0 0
5.3899999999999996803 0 0
5.4000000000000003553 0 0
5.4100000000000001421 0 0
5.4199999999999999289 0 0
5.4299999999999997158 0 0
5.4400000000000003908 0 0
5.4500000000000001776 0 0
5.4599999999999999645 0 0
5.4699999999999997513 0 0
5.4800000000000004263 0 0
5.4900000000000002132 0 0
5.5 0 0
5.5099999999999997868 0 0
5.5200000000000004619 0 0
5.5300000000000002487 0 0
5.5400000000000000355 0 0
5.5499999999999998224 0 0
5.5600000000000004974 0 0
5.5700000000000002842 0 0
5.5800000000000000711 0 0
5.5899999999999998579 0 0
5.6000000000000005329 0 0
5.6100000000000003197 0 2.001929942707647993e-06
5.6200000000000001066 0 0
5.6299999999999998934 0 0
5.6399999999999996803 0 0
5.6500000000000003553 0 0
5.6600000000000001421 0 0
5.6699999999999999289 0 0
5.6799999999999997158 0 0
5.6900000000000003908 0 2.001929942707647993e-06
5.7000000000000001776 0 0
5.7099999999999999645 0 0
5.7199999999999997513 0 2.001929942707647993e-06
5.7300000000000004263 0 0
5.7400000000000002132 0 0
5.75 0 0
5.7599999999999997868 0 0
5.7700000000000004619 0 2.001929942707647993e-06
5.7800000000000002487 0 0
5.7900000000000000355 0 0
5.7999999999999998224 0 0
5.8100000000000004974 0 2.001929942707647993e-06
5.8200000000000002842 0 2.001929942707647993e-06
5.8300000000000000711 0 0
5.8399999999999998579 0 0
5.8500000000000005329 0 0
5.8600000000000003197 0 4.003859885415295139e-06
5.8700000000000001066 0 0
5.8799999999999998934 0 0
5.8899999999999996803 0 0
5.9000000000000003553 0 0
5.9100000000000001421 0 0
5.9199999999999999289 0 0
5.9299999999999997158 0 0
5.9400000000000003908 0 0
5.9500000000000001776 0 0
5.9599999999999999645 0 0
5.9699999999999997513 0 0
5.9800000000000004263 0 0
5.9900000000000002132 0 0
6 0 0
6.0099999999999997868 0 0
6.0200000000000004619 0 0
6.0300000000000002487 0 0
6.0400000000000000355 0 0
6.0499999999999998224 0 0
6.0600000000000004974 0 2.001929942707647993e-06
6.0700000000000002842 0 0
6.0800000000000000711 0 0
6.0899999999999998579 0 0
6.1000000000000005329 0 0
6.1100000000000003197 0 0
6.1200000000000001066 0 0
6.1299999999999998934 0 2.001929942707647993e-06
6.1400000000000005684 0 0
6.1500000000000003553 0 0
6.1600000000000001421 0 0
6.1699999999999999289 0 2.001929942707647993e-06
6.1799999999999997158 0 0
6.1900000000000003908 0 0
6.2000000000000001776 0 0
6.2099999999999999645 0 2.001929942707647993e-06
6.2199999999999997513 0 2.001929942707647993e-06
6.2300000000000004263 0 0
6.2400000000000002132 0 0
6.25 0 0
6.2599999999999997868 0 0
6.2700000000000004619 0 2.001929942707647993e-06
6.2800000000000002487 0 2.001929942707647993e-06
6.2900000000000000355 0 0
6.2999999999999998224 0 0
6.3100000000000004974 0 0
6.3200000000000002842 0 0
6.3300000000000000711 0 0
6.3399999999999998579 0 0
6.3500000000000005329 0 0
6.3600000000000003197 0 0
6.3700000000000001066 0 0
6.3799999999999998934 0 0
6.3900000000000005684 0 2.001929942707647993e-06
6.4000000000000003553 0 2.001929942707647993e-06
6.4100000000000001421 0 2.001929942707647993e-06
6.4199999999999999289 0 0
6.4299999999999997158 0 0
6.4400000000000003908 0 2.001929942707647993e-06
6.4500000000000001776 0 0
6.4599999999999999645 0 0
6.4699999999999997513 0 0
6.4800000000000004263 0 0
6.4900000000000002132 0 0
6.5 0 2.001929942707647993e-06
6.5099999999999997868 0 0
6.5200000000000004619 0 0
6.5300000000000002487 0 0
6.5400000000000000355 0 2.001929942707647993e-06
6.5499999999999998224 0 2.001929942707647993e-06
6.5600000000000004974 0 4.003859885415295139e-06
6.5700000000000002842 0 0
6.5800000000000000711 0 0
6.5899999999999998579 0 4.003859885415295139e-06
6.6000000000000005329 0 0
6.6100000000000003197 0 6.0057896007492672652e-06
6.6200000000000001066 0 2.001929942707647993e-06
6.6299999999999998934 0 4.003859885415295139e-06
6.6400000000000005684 0 2.001929942707647993e-06
6.6500000000000003553 0 4.003859885415295139e-06
6.6600000000000001421 0 1.000964948616456071e-05
6.6699999999999999289 0 6.0057896007492672652e-06
6.6799999999999997158 0 6.0057896007492672652e-06
6.6900000000000003908 0 6.0057896007492672652e-06
6.7000000000000001776 0 1.2011579201498529448e-05
6.7099999999999999645 0 1.6015439541661180556e-05
6.7199999999999997513 0 1.8017368347500450909e-05
6.7300000000000004263 0 1.8017368347500450909e-05
6.7400000000000002132 0 1.6015439541661180556e-05
6.75 0 1.2011579201498529448e-05
6.7599999999999997868 0 1.8017368347500450909e-05
6.7700000000000004619 0 2.202122777816839855e-05
6.7800000000000002487 0 2.6025089027825739572e-05
6.7900000000000000355 0 2.8027017833665009925e-05
6.7999999999999998224 0 2.4023158402997069061e-05
6.8100000000000004974 0 4.204052675049751997e-05
6.8200000000000002842 0 1.6015439541661180556e-05
6.8300000000000000711 0 3.0028948458493690601e-05
6.8399999999999998579 0 2.202122777816839855e-05
6.8500000000000005329 0 2.4023158402997069061e-05
6.8600000000000003197 0 1.2011579201498529448e-05
6.8700000000000001066 0 1.4013508916832510045e-05
6.8799999999999998934 0 1.000964948616456071e-05
6.8900000000000005684 0 1.6015439541661180556e-05
6.9000000000000003553 0 2.001929942707647993e-06
6.9100000000000001421 0 8.0077197708305902779e-06
6.9199999999999999289 0 4.003859885415295139e-06
6.9299999999999997158 0 8.0077197708305902779e-06
6.9400000000000003908 0 2.001929942707647993e-06
6.9500000000000001776 0 2.001929942707647993e-06
6.9599999999999999645 0 2.001929942707647993e-06
6.9699999999999997513 0 4.003859885415295139e-06
6.9800000000000004263 0 2.001929942707647993e-06
6.9900000000000002132 0 2.001929942707647993e-06
7 0 0
7.0099999999999997868 0 0
7.0200000000000004619 0 0
7.0300000000000002487 0 0
7.0400000000000000355 0 0
7.0499999999999998224 0 0
7.0600000000000004974 0 0
7.0700000000000002842 0 0
7.0800000000000000711 0 0
7.0899999999999998579 0 0
7.1000000000000005329 0 0
7.1100000000000003197 0 0
7.1200000000000001066 0 0
7.1299999999999998934 0 0
7.1400000000000005684 0 0
7.1500000000000003553 0 0
7.1600000000000001421 0 0
7.1699999999999999289 0 0
7.1799999999999997158 0 0
7.1900000000000003908 0 0
7.2000000000000001776 0 0
7.2099999999999999645 0 0
7.2199999999999997513 0 0
7.2300000000000004263 0 0
7.2400000000000002132 0 0
7.25 0 0
7.2599999999999997868 0 0
7.2700000000000004619 0 0
7.2800000000000002487 0 0
7.2900000000000000355 0 0
7.2999999999999998224 0 0
7.3100000000000004974 0 0
7.3200000000000002842 0 0
7.3300000000000000711 0 0
7.3399999999999998579 0 0
7.3500000000000005329 0 0
7.3600000000000003197 0 0
7.3700000000000001066 0 0
7.3799999999999998934 0 0
7.3900000000000005684 0 0
7.4000000000000003553 0 0
7.4100000000000001421 0 0
7.4199999999999999289 0 0
7.4299999999999997158 0 0
7.4400000000000003908 0 0
7.4500000000000001776 0 0
7.4599999999999999645 0 0
7.4699999999999997513 0 0
7.4800000000000004263 0 0
7.4900000000000002132 0 0
7.5 0 0
7.5099999999999997868 0 0
7.5200000000000004619 0 0
7.5300000000000002487 0 0
7.5400000000000000355 0 0
7.5499999999999998224 0 0
7.5600000000000004974 0 0
7.5700000000000002842 0 0
7.5800000000000000711 0 0
7.5899999999999998579 0 0
7.6000000000000005329 0 0
7.6100000000000003197 0 0
7.6200000000000001066 0 0
7.6299999999999998934 0 0
7.6400000000000005684 0 0
7.6500000000000003553 0 0
7.6600000000000001421 0 0
7.6699999999999999289 0 0
7.6799999999999997158 0 0
7.6900000000000003908 0 0
7.7000000000000001776 0 0
7.7099999999999999645 0 0
7.7199999999999997513 0 0
7.7300000000000004263 0 0
7.7400000000000002132 0 0
7.75 0 0
7.7599999999999997868 0 0
7.7700000000000004619 0 0
7.7800000000000002487 0 0
7.7900000000000000355 0 0
7.7999999999999998224 0 0
7.8100000000000004974 0 0
7.8200000000000002842 0 0
7.8300000000000000711 0 0
7.8399999999999998579 0 0
7.8500000000000005329 0 0
7.8600000000000003197 0 0
7.8700000000000001066 0 0
7.8799999999999998934 0 0
7.8900000000000005684 0 0
7.9000000000000003553 0 0
7.9100000000000001421 0 0
7.9199999999999999289 0 0
7.930000000000000604 0 0
7.9400000000000003908 0 0
7.9500000000000001776 0 0
7.9599999999999999645 0 0
7.9699999999999997513 0 0
7.9800000000000004263 0 0
7.9900000000000002132 0 0
8 0 0
8.0099999999999997868 0 0
8.0199999999999995737 0 0
8.0299999999999993605 0 0
8.0400000000000009237 0 0
8.0500000000000007105 0 0
8.0600000000000004974 0 0
8.0700000000000002842 0 0
8.0800000000000000711 0 0
8.0899999999999998579 0 0
8.0999999999999996447 0 0
8.1099999999999994316 0 0
8.1200000000000009948 0 0
8.1300000000000007816 0 0
8.1400000000000005684 0 0
8.1500000000000003553 0 0
8.1600000000000001421 0 0
8.1699999999999999289 0 0
8.1799999999999997158 0 0
8.1899999999999995026 0 0
8.1999999999999992895 0 0
8.2100000000000008527 0 0
8.2200000000000006395 0 0
8.2300000000000004263 0 0
8.2400000000000002132 0 0
8.25 0 0
8.2599999999999997868 0 0
8.2699999999999995737 0 0
8.2799999999999993605 0 0
8.2900000000000009237 0 0
8.3000000000000007105 0 0
8.3100000000000004974 0 0
8.3200000000000002842 0 0
8.3300000000000000711 0 0
8.3399999999999998579 0 0
8.3499999999999996447 0 0
8.3599999999999994316 0 0
8.3700000000000009948 0 0
8.3800000000000007816 0 0
8.3900000000000005684 0 0
8.4000000000000003553 0 0
8.4100000000000001421 0 0
8.4199999999999999289 0 0
8.4299999999999997158 0 0
8.4399999999999995026 0 0
8.4499999999999992895 0 0
8.4600000000000008527 0 0
8.4700000000000006395 0 0
8.4800000000000004263 0 0
8.4900000000000002132 0 0
8.5 0 0
8.5099999999999997868 0 0
8.5199999999999995737 0 0
8.5299999999999993605 0 0
8.5400000000000009237 0 0
8.5500000000000007105 0 0
8.5600000000000004974 0 0
8.5700000000000002842 0 0
8.5800000000000000711 0 0
8.5899999999999998579 0 0
8.5999999999999996447 0 0
8.6099999999999994316 0 0
8.6200000000000009948 0 0
8.6300000000000007816 0 0
8.6400000000000005684 0 0
8.6500000000000003553 0 0
8.6600000000000001421 0 0
8.6699999999999999289 0 0
8.6799999999999997158 0 0
8.6899999999999995026 0 0
8.7000000000000010658 0 0
8.7100000000000008527 0 0
8.7200000000000006395 0 0
8.7300000000000004263 0 0
8.7400000000000002132 0 0
8.75 0 0
8.7599999999999997868 0 0
8.7699999999999995737 0 0
8.7799999999999993605 0 0
8.7900000000000009237 0 0
8.8000000000000007105 0 0
8.8100000000000004974 0 0
8.8200000000000002842 0 0
8.8300000000000000711 0 0
8.8399999999999998579 0 0
8.8499999999999996447 0 0
8.8599999999999994316 0 0
8.8700000000000009948 0 0
8.8800000000000007816 0 0
8.8900000000000005684 0 0
8.9000000000000003553 0 0
8.9100000000000001421 0 0
8.9199999999999999289 0 0
8.9299999999999997158 0 0
8.9399999999999995026 0 0
8.9500000000000010658 0 0
8.9600000000000008527 0 0
8.9700000000000006395 0 0
8.9800000000000004263 0 0
8.9900000000000002132 0 0
9 0 0
9.0099999999999997868 0 0
9.0199999999999995737 0 0
9.0299999999999993605 0 0
9.0400000000000009237 0 0
9.0500000000000007105 0 0
9.0600000000000004974 0 0
9.0700000000000002842 0 0
9.0800000000000000711 0 0
9.0899999999999998579 0 0
9.0999999999999996447 0 0
9.1099999999999994316 0 0
9.1200000000000009948 0 0
9.1300000000000007816 0 0
9.1400000000000005684 0 0
9.1500000000000003553 0 0
9.1600000000000001421 0 0
9.1699999999999999289 0 0
9.1799999999999997158 0 0
9.1899999999999995026 0 0
9.2000000000000010658 0 0
9.2100000000000008527 0 0
9.2200000000000006395 0 0
9.2300000000000004263 0 0
9.2400000000000002132 0 0
9.25 0 0
9.2599999999999997868 0 0
9.2699999999999995737 0 0
9.2799999999999993605 0 0
9.2900000000000009237 0 0
9.3000000000000007105 0 0
9.3100000000000004974 0 0
9.3200000000000002842 0 0
9.3300000000000000711 0 0
9.3399999999999998579 0 0
9.3499999999999996447 0 0
9.3599999999999994316 0 0
9.3700000000000009948 0 0
9.3800000000000007816 0 0
9.3900000000000005684 0 0
9.4000000000000003553 0 0
9.4100000000000001421 0 0
9.4199999999999999289 0 0
9.4299999999999997158 0 0
9.4399999999999995026 0 0
9.4500000000000010658 0 0
9.4600000000000008527 0 0
9.4700000000000006395 0 0
9.4800000000000004263 0 0
9.4900000000000002132 0 0
9.5 0 0
9.5099999999999997868 0 0
9.5199999999999995737 0 0
9.5299999999999993605 0 0
9.5400000000000009237 0 0
9.5500000000000007105 0 0
9.5600000000000004974 0 0
9.5700000000000002842 0 0
9.5800000000000000711 0 0
9.5899999999999998579 0 0
9.5999999999999996447 0 0
9.6099999999999994316 0 0
9.6200000000000009948 0 0
9.6300000000000007816 0 0
9.6400000000000005684 0 0
9.6500000000000003553 0 0
9.6600000000000001421 0 0
9.6699999999999999289 0 0
9.6799999999999997158 0 0
9.6899999999999995026 0 0
9.7000000000000010658 0 0
9.7100000000000008527 0 0
9.7200000000000006395 0 0
9.7300000000000004263 0 0
9.7400000000000002132 0 0
9.75 0 0
9.7599999999999997868 0 0
9.7699999999999995737 0 0
9.7799999999999993605 0 0
9.7900000000000009237 0 0
9.8000000000000007105 0 0
9.8100000000000004974 0 0
9.8200000000000002842 0 0
9.8300000000000000711 0 0
9.8399999999999998579 0 0
9.8499999999999996447 0 0
9.8599999999999994316 0 0
9.8700000000000009948 0 0
9.8800000000000007816 0 0
9.8900000000000005684 0 0
9.9000000000000003553 0 0
9.9100000000000001421 0 0
9.9199999999999999289 0 0
9.9299999999999997158 0 0
9.9399999999999995026 0 0
9.9500000000000010658 0 0
9.9600000000000008527 0 0
9.9700000000000006395 0 0
9.9800000000000004263 0 0
9.9900000000000002132 0 0
10 0 0
10.009999999999999787 0 0
10.019999999999999574 0 0
10.029999999999999361 0 0
10.040000000000000924 0 0
10.050000000000000711 0 0
10.060000000000000497 0 0
10.070000000000000284 0 0
10.080000000000000071 0 0
10.089999999999999858 0 0
10.099999999999999645 0 0
10.109999999999999432 0 0
10.120000000000000995 0 0
10.130000000000000782 0 0
10.140000000000000568 0 0
10.150000000000000355 0 0
10.160000000000000142 0 0
10.169999999999999929 0 0
10.179999999999999716 0 0
10.189999999999999503 0 0
10.200000000000001066 0 0
10.210000000000000853 0 0
10.220000000000000639 0 0
10.230000000000000426 0 0
