0 0 0
0.010000000000000000208 0 0
0.020000000000000000416 0 0
0.02999999999999999889 0 0
0.040000000000000000833 0 0
0.050000000000000002776 0 0
0.05999999999999999778 0 0
0.070000000000000006661 0 0
0.080000000000000001665 0 0
0.089999999999999996669 0 0
0.10000000000000000555 0 0
0.11000000000000000056 0 0
0.11999999999999999556 0 0
0.13000000000000000444 0 0
0.14000000000000001332 0 0
0.14999999999999999445 0 9.9941033113282173872e-05
0.16000000000000000333 0 7.9952827945817261934e-05
0.17000000000000001221 0 4.9970516556641086936e-05
0.17999999999999999334 0 5.9964619140373542905e-05
0.19000000000000000222 0 4.1975235944846638221e-05
0.2000000000000000111 0 3.3979951695073402744e-05
0.20999999999999999223 0 4.3974054278805851936e-05
0.22000000000000000111 0 2.1987027139402929356e-05
0.23000000000000000999 0 2.7983489417238160968e-05
0.23999999999999999112 0 2.9982309570186771452e-05
0.25 0 2.5984669264289550483e-05
0.26000000000000000888 0 2.5984669264289550483e-05
0.27000000000000001776 0 2.7983489417238160968e-05
0.28000000000000002665 0 2.1987027139402929356e-05
0.28999999999999998002 0 2.1987027139402929356e-05
0.2999999999999999889 0 1.9988206986454318872e-05
0.30999999999999999778 0 4.7971698222681879997e-05
0.32000000000000000666 0 2.3985849111340939999e-05
0.33000000000000001554 0 3.3979951695073402744e-05
0.34000000000000002442 0 3.5978773667011409998e-05
0.35000000000000003331 0 2.5984669264289550483e-05
0.35999999999999998668 0 3.5978773667011409998e-05
0.36999999999999999556 0 2.9982309570186771452e-05
0.38000000000000000444 0 2.9982309570186771452e-05
0.39000000000000001332 0 2.9982309570186771452e-05
0.4000000000000000222 0 3.9976413972908630967e-05
0.41000000000000003109 0 3.3979951695073402744e-05
0.41999999999999998446 0 3.7977592000970616937e-05
0.42999999999999999334 0 3.1981129723135381937e-05
0.44000000000000000222 0 4.5972876250743872743e-05
0.4500000000000000111 0 1.7989386833505701611e-05
0.46000000000000001998 0 4.1975235944846638221e-05
0.47000000000000002887 0 4.5972876250743872743e-05
0.47999999999999998224 0 2.1987027139402929356e-05
0.48999999999999999112 0 4.7971698222681879997e-05
0.5 0 3.3979951695073402744e-05
0.51000000000000000888 0 2.5984669264289550483e-05
0.52000000000000001776 0 2.7983489417238160968e-05
0.53000000000000002665 0 3.5978773667011409998e-05
0.54000000000000003553 0 2.7983489417238160968e-05
0.55000000000000004441 0 2.1987027139402929356e-05
0.56000000000000005329 0 9.9941034932271577418e-06
0.57000000000000006217 0 1.9988206986454318872e-05
0.57999999999999996003 0 1.7989386833505701611e-05
0.58999999999999996891 0 1.3991744708619080484e-05
0.5999999999999999778 0 2.1987027139402929356e-05
0.60999999999999998668 0 3.7977592000970616937e-05
0.61999999999999999556 0 2.5984669264289550483e-05
0.63000000000000000444 0 2.9982309570186771452e-05
0.64000000000000001332 4.9406564584124654418e-324 2.1987027139402929356e-05
0.6500000000000000222 6.3734468313520804199e-322 3.3979951695073402744e-05
0.66000000000000003109 1.1879314388606931908e-319 2.9982309570186771452e-05
0.67000000000000003997 2.1680148952380782142e-317 1.7989386833505701611e-05
0.68000000000000004885 3.8834346513256415973e-315 2.1987027139402929356e-05
0.69000000000000005773 6.827320399155299652e-313 1.7989386833505701611e-05
0.70000000000000006661 1.1780537171045797783e-310 2.5984669264289550483e-05
0.70999999999999996447 1.9950805309161428573e-308 1.3991744708619080484e-05
0.71999999999999997335 3.3161662438828990161e-306 1.7989386833505701611e-05
0.72999999999999998224 5.4099429438329361713e-304 2.7983489417238160968e-05
0.73999999999999999112 8.6622278361677861188e-302 2.1987027139402929356e-05
0.75 1.3612786936614312099e-299 1.3991744708619080484e-05
0.76000000000000000888 2.0996408746157558901e-297 2.5984669264289550483e-05
0.77000000000000001776 3.1785095266587807123e-295 3.1981129723135381937e-05
0.78000000000000002665 4.7226150099948231492e-293 2.3985849111340939999e-05
0.79000000000000003553 6.8868733409468770678e-291 2.5984669264289550483e-05
0.80000000000000004441 9.8569414184066037685e-289 2.9982309570186771452e-05
0.81000000000000005329 1.384658838368184529e-286 1.9988206986454318872e-05
0.82000000000000006217 1.9090790679698512179e-284 1.1992924555670469999e-05
0.83000000000000007105 2.5833638412481396326e-282 2.3985849111340939999e-05
0.83999999999999996891 3.4310556667738490883e-280 2.7983489417238160968e-05
0.8499999999999999778 4.4725013362436064657e-278 1.9988206986454318872e-05
0.85999999999999998668 5.7220773038227746816e-276 2.5984669264289550483e-05
0.86999999999999999556 7.1851773046882271145e-274 2.1987027139402929356e-05
0.88000000000000000444 8.8552695449632460618e-272 3.1981129723135381937e-05
0.89000000000000001332 1.071140913284143884e-269 1.9988206986454318872e-05
0.9000000000000000222 1.2716627726079714123e-267 2.3985849111340939999e-05
0.91000000000000003109 1.48175988941237863e-265 2.1987027139402929356e-05
0.92000000000000003997 1.6945884351749898055e-263 1.5990564861567690969e-05
0.93000000000000004885 1.902090467126723163e-261 2.3985849111340939999e-05
0.94000000000000005773 2.0954563895369797044e-259 3.5978773667011409998e-05
0.95000000000000006661 2.2657219473228737575e-257 1.1992924555670469999e-05
0.95999999999999996447 2.4044465280730748648e-255 2.1987027139402929356e-05
0.96999999999999997335 2.5044026931764556761e-253 1.5990564861567690969e-05
0.97999999999999998224 2.5601990255880848687e-251 2.5984669264289550483e-05
0.98999999999999999112 2.5687617203953263747e-249 1.9988206986454318872e-05
1 2.5296150741410688756e-247 2.5984669264289550483e-05
1.0100000000000000089 2.4449252593795794726e-245 2.1987027139402929356e-05
1.0200000000000000178 2.3193017797196846901e-243 2.9982309570186771452e-05
1.0300000000000000266 2.1593819263763570171e-241 2.1987027139402929356e-05
1.0400000000000000355 1.9732503564831822691e-239 2.3985849111340939999e-05
1.0500000000000000444 1.7697643595031699583e-237 2.3985849111340939999e-05
1.0600000000000000533 1.5578628705754270821e-235 2.1987027139402929356e-05
1.0700000000000000622 1.3459332916237630258e-233 2.9982309570186771452e-05
1.0800000000000000711 1.1412962003478618099e-231 3.1981129723135381937e-05
1.0900000000000000799 9.4984717254562179359e-230 2.9982309570186771452e-05
1.1000000000000000888 7.7587118717679490054e-228 1.5990564861567690969e-05
1.1100000000000000977 6.2202242358585171281e-226 1.3991744708619080484e-05
1.1200000000000001066 4.8944397297845445162e-224 2.3985849111340939999e-05
1.1300000000000001155 3.779901266044561423e-222 3.1981129723135381937e-05
1.1400000000000001243 2.8650912201037268675e-220 1.1992924555670469999e-05
1.1500000000000001332 2.1314589783529878945e-218 1.9988206986454318872e-05
1.1599999999999999201 1.5563097227970505097e-216 1.5990564861567690969e-05
1.1699999999999999289 1.1153100344896296817e-214 4.1975235944846638221e-05
1.1799999999999999378 7.8446887239648075156e-213 2.1987027139402929356e-05
1.1899999999999999467 5.4154724210376709782e-211 2.5984669264289550483e-05
1.1999999999999999556 3.6692517364840099652e-209 1.9988206986454318872e-05
1.2099999999999999645 2.440052638832758658e-207 1.9988206986454318872e-05
1.2199999999999999734 1.5925805570981969219e-205 1.7989386833505701611e-05
1.2299999999999999822 1.0201972542692973666e-203 1.3991744708619080484e-05
1.2399999999999999911 6.4142726779698531289e-202 2.1987027139402929356e-05
1.25 3.9581405661834759389e-200 2.1987027139402929356e-05
1.2600000000000000089 2.3972621880404799916e-198 2.9982309570186771452e-05
1.2700000000000000178 1.425018112198573084e-196 1.5990564861567690969e-05
1.2800000000000000266 8.3139184515433566894e-195 1.7989386833505701611e-05
1.2900000000000000355 4.7607093011939952659e-193 2.7983489417238160968e-05
1.3000000000000000444 2.6755809392136996358e-191 2.5984669264289550483e-05
1.3100000000000000533 1.4758596198301774462e-189 2.5984669264289550483e-05
1.3200000000000000622 7.9901058818633650162e-188 3.1981129723135381937e-05
1.3300000000000000711 4.2456143791693110358e-186 1.5990564861567690969e-05
1.3400000000000000799 2.2141604222460716486e-184 1.5990564861567690969e-05
1.3500000000000000888 1.1333346023695053639e-182 1.7989386833505701611e-05
1.3600000000000000977 5.6936103289352583613e-181 1.7989386833505701611e-05
1.3700000000000001066 2.8073583974028182602e-179 4.3974054278805851936e-05
1.3800000000000001155 1.3585902885174837594e-177 1.7989386833505701611e-05
1.3900000000000001243 6.4529704882488744984e-176 1.5990564861567690969e-05
1.4000000000000001332 3.0082323621034497098e-174 1.5990564861567690969e-05
1.4099999999999999201 1.3763966474577611482e-172 1.5990564861567690969e-05
1.4199999999999999289 6.1809660794299461746e-171 1.3991744708619080484e-05
1.4299999999999999378 2.7242668223440817315e-169 1.3991744708619080484e-05
1.4399999999999999467 1.17848334570811059e-167 1.1992924555670469999e-05
1.4499999999999999556 5.0035447070872333803e-166 2.7983489417238160968e-05
1.4599999999999999645 2.0850316257226813276e-164 2.7983489417238160968e-05
1.4699999999999999734 8.5276238562815615275e-163 9.9941034932271577418e-06
1.4799999999999999822 3.4231344091868248304e-161 1.3991744708619080484e-05
1.4899999999999999911 1.3486535353472270279e-159 2.5984669264289550483e-05
1.5 5.2150366554276322587e-158 1.7989386833505701611e-05
1.5100000000000000089 1.9792236078580600902e-156 2.1987027139402929356e-05
1.5200000000000000178 7.3724678387655712791e-155 2.3985849111340939999e-05
1.5300000000000000266 2.6953268514981227947e-153 1.9988206986454318872e-05
1.5400000000000000355 9.6714260636584047646e-152 3.3979951695073402744e-05
1.5500000000000000444 3.4060429591585613852e-150 1.7989386833505701611e-05
1.5600000000000000533 1.1773084292089732696e-148 1.3991744708619080484e-05
1.5700000000000000622 3.9940262298281941472e-147 1.7989386833505701611e-05
1.5800000000000000711 1.3298789103413402694e-145 2.7983489417238160968e-05
1.5900000000000000799 4.3460409302474530694e-144 2.5984669264289550483e-05
1.6000000000000000888 1.3939784257343417279e-142 2.9982309570186771452e-05
1.6100000000000000977 4.3883253594592954216e-141 2.5984669264289550483e-05
1.6200000000000001066 1.3558826822505251683e-139 3.1981129723135381937e-05
1.6300000000000001155 4.1117427476332968293e-138 2.3985849111340939999e-05
1.6400000000000001243 1.2237995335692323542e-136 3.9976413972908630967e-05
1.6500000000000001332 3.5749926940467778283e-135 2.7983489417238160968e-05
1.6600000000000001421 1.0249922008730290624e-133 3.7977592000970616937e-05
1.6699999999999999289 2.8843402481096230653e-132 4.1975235944846638221e-05
1.6799999999999999378 7.9662319312956530312e-131 4.3974054278805851936e-05
1.6899999999999999467 2.1594339738083141386e-129 3.1981129723135381937e-05
1.6999999999999999556 5.7452302706154225865e-128 3.1981129723135381937e-05
1.7099999999999999645 1.5002218184865810361e-126 4.1975235944846638221e-05
1.7199999999999999734 3.844891082216903262e-125 4.3974054278805851936e-05
1.7299999999999999822 9.6714843405620510743e-124 5.1969338528579100966e-05
1.7399999999999999911 2.3877164490456516935e-122 4.3974054278805851936e-05
1.75 5.785659844443789168e-121 5.3968160500517108221e-05
1.7600000000000000089 1.3759529037039782715e-119 4.1975235944846638221e-05
1.7700000000000000178 3.2116985012510057082e-118 4.9970516556641086936e-05
1.7800000000000000266 7.3577749525449084478e-117 3.7977592000970616937e-05
1.7900000000000000355 1.6543933998473035637e-115 5.3968160500517108221e-05
1.8000000000000000444 3.6509998890500510376e-114 2.9982309570186771452e-05
1.8100000000000000533 7.908003585781388808e-113 2.7983489417238160968e-05
1.8200000000000000622 1.6811725751830390784e-111 2.3985849111340939999e-05
1.8300000000000000711 3.5083444630887318081e-110 3.3979951695073402744e-05
1.8400000000000000799 7.1924148916807881897e-109 2.5984669264289550483e-05
1.8500000000000000888 1.4553649289196068554e-107 1.7989386833505701611e-05
1.8600000000000000977 2.9857663861210423511e-106 1.5990564861567690969e-05
1.8700000000000001066 7.0680915356592171492e-105 2.1987027139402929356e-05
1.8800000000000001155 2.7187458094696969509e-103 2.1987027139402929356e-05
1.8900000000000001243 1.9081436448705831146e-101 2.5984669264289550483e-05
1.9000000000000001332 1.709330130561360536e-99 1.1992924555670469999e-05
1.9100000000000001421 1.5653358436300315948e-97 1.1992924555670469999e-05
1.9199999999999999289 1.3854234806158390549e-95 1.7989386833505701611e-05
1.9299999999999999378 1.1720159961628015645e-93 3.1981129723135381937e-05
1.9399999999999999467 9.4566719067538532939e-92 2.1987027139402929356e-05
1.9499999999999999556 7.2747517549568895351e-90 9.9941034932271577418e-06
1.9599999999999999645 5.3350486524747329381e-88 1.9988206986454318872e-05
1.9699999999999999734 3.7298627362601584805e-86 2.5984669264289550483e-05
1.9799999999999999822 2.4858868864173922318e-84 2.3985849111340939999e-05
1.9899999999999999911 1.5794467442949549872e-82 3.1981129723135381937e-05
2 9.5667647399329509016e-81 2.5984669264289550483e-05
2.0100000000000002309 5.524120811714072229e-79 1.9988206986454318872e-05
2.0200000000000000178 3.0408903289629410005e-77 1.3991744708619080484e-05
2.0300000000000002487 1.5958037084258402234e-75 1.5990564861567690969e-05
2.0400000000000000355 7.9836404844289564674e-74 2.7983489417238160968e-05
2.0499999999999998224 3.8077374002248611536e-72 2.7983489417238160968e-05
2.0600000000000000533 1.7313278472077407922e-70 2.1987027139402929356e-05
2.0699999999999998401 7.5048117547754081271e-69 1.5990564861567690969e-05
2.0800000000000000711 3.1013471620831150605e-67 4.3974054278805851936e-05
2.0899999999999998579 1.221836392316639142e-65 1.9988206986454318872e-05
2.1000000000000000888 4.5891251386685301253e-64 2.5984669264289550483e-05
2.1099999999999998757 1.6432478601473838139e-62 2.3985849111340939999e-05
2.1200000000000001066 5.6096378786488158179e-61 2.5984669264289550483e-05
2.1299999999999998934 1.825691909172000734e-59 2.9982309570186771452e-05
2.1400000000000001243 5.6647858718386226421e-58 3.3979951695073402744e-05
2.1499999999999999112 1.675735152674722738e-56 3.1981129723135381937e-05
2.1600000000000001421 4.7260223786862896466e-55 1.7989386833505701611e-05
2.1699999999999999289 1.2707421279063880118e-53 1.5990564861567690969e-05
2.1800000000000001599 3.2575658970563267302e-52 2.9982309570186771452e-05
2.1899999999999999467 7.961705535653995228e-51 2.7983489417238160968e-05
2.2000000000000001776 1.8552363980860700584e-49 1.9988206986454318872e-05
2.2099999999999999645 4.1216955483072335764e-48 3.1981129723135381937e-05
2.2200000000000001954 8.7305073608212513049e-47 2.7983489417238160968e-05
2.2299999999999999822 1.7631673998759716895e-45 2.5984669264289550483e-05
2.2400000000000002132 3.3950161159933719515e-44 1.9988206986454318872e-05
2.25 6.2328729819062201187e-43 1.9988206986454318872e-05
2.2600000000000002309 1.0910306741282331989e-41 2.5984669264289550483e-05
2.2700000000000000178 1.8209255872844174865e-40 2.1987027139402929356e-05
2.2800000000000002487 2.8977339552327473356e-39 1.1992924555670469999e-05
2.2900000000000000355 4.3968398126782780681e-38 1.9988206986454318872e-05
2.3000000000000002665 6.3612665378589983367e-37 1.7989386833505701611e-05
2.3100000000000000533 8.7755149915007110654e-36 1.9988206986454318872e-05
2.3199999999999998401 1.1543386468274699737e-34 3.5978773667011409998e-05
2.3300000000000000711 1.4478757568906865596e-33 2.7983489417238160968e-05
2.3399999999999998579 1.7317011602138305594e-32 3.5978773667011409998e-05
2.3500000000000000888 1.9749890365269444063e-31 1.5990564861567690969e-05
2.3599999999999998757 2.1478966911397791263e-30 1.5990564861567690969e-05
2.3700000000000001066 2.227544121275419948e-29 1.7989386833505701611e-05
2.3799999999999998934 2.2029830919759718332e-28 3.1981129723135381937e-05
2.3900000000000001243 2.0776677385982088569e-27 3.1981129723135381937e-05
2.3999999999999999112 1.8686577770616755576e-26 2.1987027139402929356e-05
2.4100000000000001421 1.6028076094481384169e-25 1.1992924555670469999e-05
2.4199999999999999289 1.3111149036537257861e-24 1.5990564861567690969e-05
2.4300000000000001599 1.0228648952065215894e-23 2.1987027139402929356e-05
2.4399999999999999467 7.6107082200304804098e-23 2.7983489417238160968e-05
2.4500000000000001776 5.4009856030777055826e-22 2.1987027139402929356e-05
2.4599999999999999645 3.6557358451111736539e-21 3.5978773667011403222e-05
2.4700000000000001954 2.360174001335181e-20 1.3991744708619056767e-05
2.4799999999999999822 1.4534337220623607475e-19 1.5990564861567545279e-05
2.4900000000000002132 8.5377627075720404849e-19 2.5984669264288696674e-05
2.5 4.7841786370601110737e-18 1.998820698644953483e-05
2.5100000000000002309 2.5574271634063353654e-17 1.3991744708593506865e-05
2.5200000000000000178 1.3042212995146251585e-16 7.9952824306534227392e-06
2.5300000000000002487 6.3455980812422931822e-16 1.7989386832871141796e-05
2.5400000000000000355 2.945709867153178013e-15 2.1987027136457219816e-05
2.5500000000000002665 1.3047530789042715601e-14 3.1981129710087849048e-05
2.5600000000000000533 5.5146076240985511327e-14 1.3991744653473003841e-05
2.5699999999999998401 2.2242223730489011554e-13 2.5984669041867314553e-05
2.5800000000000000711 8.5615254908274293258e-13 2.1987026283250381547e-05
2.5899999999999998579 3.1453467465811452608e-12 2.5984666118942804973e-05
2.6000000000000000888 1.102982877910729926e-11 2.1987016109574149031e-05
2.6099999999999998757 3.6922756428285332825e-11 2.398581218858451258e-05
2.6200000000000001066 1.1800246727013618747e-10 1.7989268831038430715e-05
2.6299999999999998934 3.600900033699225911e-10 2.1986667049399558278e-05
2.6400000000000001243 1.0493271974870663182e-09 2.9981260242989284483e-05
2.6499999999999999112 2.9204772847564089925e-09 2.7980568939953403673e-05
2.6600000000000001421 7.7644389603220851467e-09 3.5971009228051087966e-05
2.6699999999999999289 1.9722327584331248428e-08 5.9767399502509040358e-06
2.6800000000000001599 4.7872487737955862427e-08 1.9940334498716362764e-05
2.6899999999999999467 1.1106885455261792667e-07 3.3868882840520782805e-05
2.7000000000000001776 2.4637026232665094978e-07 1.7743016571179049496e-05
2.7099999999999999645 5.2263642635826421091e-07 1.946557056009605392e-05
2.7200000000000001954 1.060642333077369888e-06 2.2925206778263570534e-05
2.7299999999999999822 2.05995701519742623e-06 1.3930607846370265162e-05
2.7400000000000002132 3.8304700156631727687e-06 2.6151839554523599531e-05
2.75 6.8227903768351092165e-06 1.7163058734505829935e-05
2.7600000000000002309 1.1647437625759658188e-05 2.2332514069313744555e-05
2.7700000000000000178 1.9069342325953594577e-05 -1.0799554924478929662e-06
2.7800000000000002487 2.9963928904022180599e-05 -1.1974542070516478988e-05
2.7900000000000000355 4.5226124972894849732e-05 -2.7236738139389148121e-05
2.8000000000000002665 6.563481604944152413e-05 -5.3641891493771054131e-05
2.8100000000000000533 9.1690743810170910726e-05 -6.9703716670767984758e-05
2.8199999999999998401 0.00012346092404985758713 -0.00010147389691045466116
2.8300000000000000711 0.00016047093707997059971 -0.00014248155024646489471
2.8399999999999998579 0.00020168247470526957064 -0.0001916883712120424129
2.8500000000000000888 0.00024557583542879660946 -0.00022358880828939368349
2.8599999999999998757 0.00029032982764193418545 -0.00028233454521115033996
2.8700000000000001066 0.00033406370561105407264 -0.00029608611361008345571
2.8799999999999998934 0.00037508751235317385267 -0.0003471040229359356917
2.8900000000000001243 0.00041210545801688403499 -0.00039411607118337832999
2.8999999999999999112 0.00044433218438270786002 -0.00042034633527136692002
2.9100000000000001421 0.0004715078172061995445 -0.00044552314794190999402
2.9199999999999999289 0.00049382480362486079646 -0.00047183777648545787049
2.9300000000000001599 0.00051179864379276274709 -0.00048781279468142180709
2.9399999999999999467 0.00052612103636119416598 -0.00050013636709690461549
2.9500000000000001776 0.00053752837175479947773 -0.00048955667353211759774
2.9599999999999999645 0.00054670562945224052478 -0.0005207209601879509743
2.9700000000000001954 0.00055423149516246254624 -0.00053824093030089485527
2.9799999999999999822 0.00056055952182357086933 -0.00054257013499006516433
2.9900000000000002132 0.00056602444703129223269 -0.00055003388216972454172
3 0.00057086196863874092127 -0.0005548714037771732303
3.0100000000000002309 0.00057523261141078968397 -0.00055124676229944874397
3.0200000000000000178 0.00057924380703794321138 -0.00054326503337093180138
3.0300000000000002487 0.00058296750687120699793 -0.00055498401745396883696
3.0400000000000000355 0.00058645286566309687108 -0.00056846347882959116608
3.0500000000000002665 0.00058973470780152969627 -0.00056574885869018875627
3.0600000000000000533 0.00059283887644438293483 -0.00057484948961087722983
3.0700000000000002842 0.00059578550835944800446 -0.00056980083909515845397
3.0800000000000000711 0.00059859104419598171531 -0.00056860873462579494386
3.0899999999999998579 0.00060126953797912921409 -0.00057728368886778827409
3.1000000000000000888 0.00060383364212581564466 -0.00058184661498641271869
3.1099999999999998757 0.00060629553088323729498 -0.00057631322131305052353
3.1200000000000001066 0.00060866797664838598932 -0.00056669274070353934433
3.1299999999999998934 0.0006109657946892795401 -0.00057098938071637090914
3.1400000000000001243 0.00061320790808644311688 -0.00058322559851625634542
3.1499999999999999112 0.0006154203437789409559 -0.00057544392980603232494
3.1600000000000001421 0.00061764053914926530121 -0.00057166766289852143524
3.1699999999999999289 0.00061992339897764723276 -0.0005739505227269033668
3.1800000000000001599 0.00062234956975563840778 -0.00057637669350489454181
3.1899999999999999467 0.00062503635812258631112 -0.00057906348187184244515
3.2000000000000001776 0.00062815157027568244066 -0.00057218459144120611872
3.2099999999999999645 0.00063193024374547340609 -0.00056596916232726462818
3.2200000000000001954 0.00063669374174089409923 -0.00056673501637880929326
3.2299999999999999822 0.00064286996296268475795 -0.00058290534382231121505
3.2400000000000002132 0.00065101250366336141807 -0.00059704434316284430307
3.25 0.00066181556744184064523 -0.0005998521226915502812
3.2600000000000002309 0.00067612039607916501506 -0.00059216992418947172507
3.2700000000000000178 0.0006949082097086519685 -0.00062095184040269113448
3.2800000000000002487 0.00071927437354958535971 -0.00065731092879929499569
3.2900000000000000355 0.00075037904836375486119 -0.00066642857647406157119
3.3000000000000002665 0.00078937118761235097655 -0.00072940656847197743364
3.3100000000000000533 0.00083728554886234988781 -0.00074533979636086215587
3.3200000000000002842 0.00089491631858962066275 -0.00080496938806007094485
3.3300000000000000711 0.00096267566848220196066 -0.00083075350564578440485
3.3399999999999998579 0.0010404504409283516116 -0.00091652355142777088351
3.3500000000000000888 0.0011274743342705141006 -0.00096556985640694156271
3.3599999999999998757 0.0012222354385943753462 -0.0010243521943397490125
3.3700000000000001066 0.0013224388439304910273 -0.0010805815453970588416
3.3799999999999998934 0.0014250406823148285829 -0.0011392093149506753169
3.3900000000000001243 0.001526363255394989427 -0.0012545236418344022592
3.3999999999999999112 0.0016222913660414001961 -0.0012724977537828913946
3.4100000000000001421 0.001708538800515721533 -0.001322766392762328479
3.4199999999999999289 0.0017809628036623999497 -0.0013652080954337671419
3.4300000000000001599 0.0018358952992848700386 -0.0014021512224126255614
3.4399999999999999467 0.0018704543374445531129 -0.0013767456305179986715
3.4500000000000001776 0.0018827990708163320696 -0.0014050809105614512837
3.4599999999999999645 0.001872296893496897853 -0.0013945787332420170671
3.4700000000000001954 0.0018395816355316729328 -0.0013778540510522962591
3.4799999999999999822 0.0017864953723321110295 -0.0013987241717106104182
3.4900000000000002132 0.0017159212898454258983 -0.0012861748278132269924
3.5 0.0016315287122455673571 -0.0012277669358485626336
3.5100000000000002309 0.0015374616587845090984 -0.0011956633053099218963
3.5200000000000000178 0.0014380076277077185297 -0.00119415150720234833
3.5300000000000002487 0.001337283125535220548 -0.0011054199223095632042
3.5400000000000000355 0.0012389671895899673128 -0.0010930532729499836588
3.5500000000000002665 0.0011461050613542759537 -0.0010181805424617344259
3.5600000000000000533 0.001060993064154254267 -0.00095305674315322003697
3.5700000000000002842 0.00098514456677063289361 -0.00084922475999033930974
3.5800000000000000711 0.00091932738135479090142 -0.00081538870429763269949
3.5899999999999998579 0.00086365623427764304752 -0.00078770105027570181365
3.6000000000000000888 0.00081772058811901938372 -0.00073377011622932609373
3.6099999999999998757 0.0007807279641263251569 -0.00074874683440318977497
3.6200000000000001066 0.00075164539467500231934 -0.00068168666931291751337
3.6299999999999998934 0.00072932580817915799651 -0.00067935529162251690957
3.6400000000000001243 0.00071261102850496383602 -0.00066663815225421997005
3.6499999999999999112 0.00070040778992432202975 -0.00063844434517403166572
3.6600000000000001421 0.00069173710027928974903 -0.00063377129947287541307
3.6699999999999999289 0.00068576008964283915233 -0.0006357895730861980654
3.6800000000000001599 0.00068178508763352138958 -0.00063181457107688030264
3.6899999999999999467 0.00067926121253944699366 -0.00063128951431676511366
3.7000000000000001776 0.00067776348442801794512 -0.00062779296787137685819
3.7099999999999999645 0.00067697368951341488179 -0.00062100671067893855985
3.7200000000000001954 0.00067666020101186951947 -0.00062668968445522843253
3.7299999999999999822 0.00067665892060632133048 -0.00062269076010580421549
3.7400000000000002132 0.00067685658876046040072 -0.00062888489053777852072
3.75 0.00067717699513657376737 -0.00064119822146956235737
3.7600000000000002309 0.00067757011961944949713 -0.00063159724336870563116
3.7700000000000000178 0.00067800392959944358502 -0.00063402987532063773309
3.7800000000000002487 0.00067845841014021459822 -0.00064647728041707921628
3.7900000000000000355 0.00067892136478306603156 -0.00063094966656038415156
3.8000000000000002665 0.000679385554102170954 -0.00062541739360165383901
3.8100000000000000533 0.00067984680336204096271 -0.00063987038938913233174
3.8200000000000002842 0.00068030278626826634885 -0.00061634052682199558498
3.8300000000000000711 0.00068075226438735734775 -0.00062078764524698380484
3.8399999999999998579 0.00068119462395113260667 -0.00063122410739449151974
3.8500000000000000888 0.00068162960093917353364 -0.00063965436499432688864
3.8599999999999998757 0.00068205712196311974425 -0.00066406773512961403926
3.8700000000000001066 0.00068247721442438831138 -0.00065049608470125292944
3.8799999999999998934 0.00068288995701437009509 -0.00064091472106952345009
3.8900000000000001243 0.00068329545310430439813 -0.00064931550140923100217
3.8999999999999999112 0.000683693816796267749 -0.00063971976251746189707
3.9100000000000001421 0.0006840851658050086867 -0.0006421099298601620417
3.9199999999999999289 0.00068446961793555661461 -0.00063649791971287473461
3.9300000000000001599 0.00068484728940787107862 -0.00064287205346302443362
3.9399999999999999467 0.00068521829410704408227 -0.00063724659588436220227
3.9500000000000001776 0.00068558274328549219292 -0.00062361929853520182889
3.9599999999999999645 0.00068594074547968200868 -0.00064796315347871139174
3.9700000000000001954 0.00068629240652521108536 -0.00064631599255230245439
3.9799999999999999822 0.00068663782961478022661 -0.00064466259366993358161
3.9900000000000002132 0.00068697711537325486034 -0.00065299716367818146437
4 0.00068731036193812975344 -0.00063733984538148866651
4.0099999999999997868 0.00068763766504029264111 -0.00065365771334521924514
4.0200000000000004619 0.00068795911808295306077 -0.00065797680851276628931
4.0300000000000002487 0.000688274812217926058 -0.00063230783338344973606
4.0400000000000000355 0.0006885848364190196632 -0.0006346166759185025482
4.0499999999999998224 0.00068888927755252093478 -0.00063492111705200381978
4.0600000000000004974 0.00068918822044485559576 -0.00063921770388821450883
4.0700000000000002842 0.00068948174794753510491 -0.00064151004972485322492
4.0800000000000000711 0.00068976994099951758049 -0.00064579588672071172855
4.0899999999999998579 0.00069005287868709522508 -0.00062409179726888644717
4.0999999999999996447 0.00069033063830143076654 -0.00063236483749501643057
4.1100000000000003197 0.00069060329539385458767 -0.00062863985064356422364
4.1200000000000001066 0.0006908709238290157862 -0.00063890158530043668524
4.1299999999999998934 0.00069113359583600241561 -0.00061917604850197959562
4.1399999999999996803 0.00069139138205751178839 -0.00062143265669542698242
4.1500000000000003553 0.00069164435159716690198 -0.0006276820921508961381
4.1600000000000001421 0.0006918925720650592184 -0.00063392677125864488243
4.1699999999999999289 0.00069213610962159878744 -0.00064416441139891690744
4.1799999999999997158 0.00069237502901974825806 -0.00064240451246310717112
4.1900000000000003908 0.00069260939364571190175 -0.00063864123314519478675
4.2000000000000001776 0.00069283926555814285674 -0.00064686638930739899078
4.2099999999999999645 0.00069306470552594264412 -0.00061710952152400141025
4.2199999999999997513 0.00069328577306470575651 -0.00061932940375874492248
4.2300000000000004263 0.00069350252647186754092 -0.00059955795199844179495
4.2400000000000002132 0.00069371502286061912691 -0.00062775394144241034901
4.25 0.00069392331819263016607 -0.00062996105874635940219
4.2599999999999997868 0.00069412746730963868855 -0.00060018289283621294259
4.2700000000000004619 0.00069432752396394797553 -0.00062436879860186316957
4.2800000000000002487 0.00069452354084788368166 -0.00059658132970653952182
4.2900000000000000355 0.00069471556962224611902 -0.00059277571453702593111
4.2999999999999998224 0.0006949036609438034558 -0.00059496262783052128193
4.3100000000000004974 0.00069508786449186301792 -0.00056716334559932149017
4.3200000000000002842 0.00069526822899395853209 -0.00058733190799292430209
4.3300000000000000711 0.0006954448022506884387 -0.00057751437866592175274
4.3399999999999998579 0.0006956176311597378004 -0.00057169074165915707234
4.3500000000000005329 0.00069578676173911882617 -0.00058185398209822816826
4.3600000000000003197 0.00069595223914965581493 -0.00055003832250967205249
4.3700000000000001066 0.00069611410771675192363 -0.00057618486943600483782
4.3799999999999998934 0.00069627241095145456489 -0.00057434435069876946505
4.3899999999999996803 0.00069642719157086215194 -0.00054651564553891769822
4.4000000000000003553 0.00069657849151789333255 -0.00054266930154207285077
4.4100000000000001421 0.0006967263519804954737 -0.00052482777880914809401
4.4199999999999999289 0.00069687081341046554391 -0.00054296162343464506213
4.4299999999999997158 0.00069701191554250952007 -0.0004951310273440071583
4.4400000000000003908 0.00069714969741568378649 -0.00050726172649689428053
4.4500000000000001776 0.00069728419740441491791 -0.00052338680226112952419
4.4599999999999999645 0.00069741545328201885647 -0.00046555225005636156682
4.4699999999999997513 0.0006975435023859221555 -0.00047167676507607885373
4.4800000000000004263 0.00069766838208208550951 -0.00044981460308092399919
4.4900000000000002132 0.0006977901310608386129 -0.00047592103769487133919
4.5 0.0006979087928161109523 -0.00047404087747820566456
4.5099999999999997868 0.0006980244245403703033 -0.00043218127689559717765
4.5200000000000004619 0.00069813711869253999593 -0.00041830221724420077207
4.5300000000000002487 0.00069824705249909809791 -0.00040442039724719277584
4.5400000000000000355 0.00069835459533155173125 -0.00042451615979902654948
4.5499999999999998224 0.00069846052851257433951 -0.00040663269523260703146
4.5600000000000004974 0.00069856646916471984345 -0.00038475162329726483781
4.5700000000000002842 0.00069867563834428991765 -0.00042883484675564070973
4.5800000000000000711 0.00069879416545822099511 -0.00040496751020631567303
4.5899999999999998579 0.00069893315540102288544 -0.00037712302164581576946
4.6000000000000005329 0.00069911172766365934413 -0.00033932400554546041831
4.6100000000000003197 0.00069936112473513748974 -0.00031158992411363687844
4.6200000000000001066 0.00069972974428808912273 -0.00030995972169465049739
4.6299999999999998934 0.00070028857289552689028 -0.00031851380908600986433
4.6399999999999996803 0.00070113604679898806904 -0.00034134832468078914322
4.6500000000000003553 0.0007024009712134945526 -0.00030063801678842784308
4.6600000000000001421 0.000704241982830589139 -0.00027249669882645221903
4.6699999999999999289 0.00070684232197848841962 -0.00028708996980597963804
4.6799999999999997158 0.00071039947257772674723 -0.00027465657373354425592
4.6900000000000003908 0.00071511042827944232194 -0.00030735100793856151612
4.7000000000000001776 0.0007211546475970399047 -0.00028341292678091939937
4.7099999999999999645 0.00072867773774318680188 -0.00026295250931993410012
4.7199999999999997513 0.000737779157454434187 -0.00025606338235950777552
4.7300000000000004263 0.0007485065672736572126 -0.00030676720251366073342
4.7400000000000002132 0.0007608580174566795468 -0.00023316936611100932356
4.75 0.00077479137934360604954 -0.00032705554866779547405
4.7599999999999997868 0.00079023885813769910273 -0.0002825384265114090198
4.7700000000000004619 0.00080712354398102263871 -0.00028343253657922844353
4.7800000000000002487 0.00082537496432367833937 -0.00028169573720250400389
4.7900000000000000355 0.00084494137298648543371 -0.00031525387056504673971
4.7999999999999998224 0.00086579769568657623593 -0.00025815622367104636495
4.8100000000000004974 0.00088794922939818780178 -0.00026631597447526137584
4.8200000000000002842 0.00091143204319417457995 -0.00029979292723476868091
4.8300000000000000711 0.00093631141657431193881 -0.00028669471225191422992
4.8399999999999998579 0.00096267962348840915247 -0.00027508533080301963373
4.8500000000000005329 0.00099065408144835423801 -0.0003990031270006675658
4.8600000000000003197 0.0010203765122731875501 -0.0004267267649573933206
4.8700000000000001066 0.0010520134390017009569 -0.00039839909073542721998
4.8799999999999998934 0.0010857581410013538575 -0.00035019212098945200207
4.8899999999999996803 0.0011218341184561239719 -0.00041625039891946187011
4.9000000000000003553 0.0011605001612791216413 -0.00040494592154783964552
4.9100000000000001421 0.0012020572621428543807 -0.00046249359818707649721
4.9199999999999999289 0.0012468578842263385031 -0.0004233437556568249438
4.9299999999999997158 0.0012953186157054184541 -0.00043782454271678911302
4.9400000000000003908 0.001347938367449566131 -0.00035252566570870519196
4.9500000000000001776 0.0014053268672015531166 -0.00033995542554669214326
4.9599999999999999645 0.0014682542469303238447 -0.00027895590122296691493
4.9699999999999997513 0.0015377461338963750986 -0.00031246905090179504655
4.9800000000000004263 0.001615277633229187217 -0.00016813145686863924071
4.9900000000000002132 0.0017031768728458897885 -8.213333044588774258e-05
5 0.0018054521794050942211 0.00012540862312614771586
5.0099999999999997868 0.0019294234584924024531 0.0003232474777940465456
5.0200000000000004619 0.0020887676771847245825 0.00061563661730608962644
5.0300000000000002487 0.0023088313221830457714 0.00083931115903970341871
5.0400000000000000355 0.0026351781109040621487 0.0013104938423568364414
5.0499999999999998224 0.0031460619062923501042 0.0019049581608928125263
5.0600000000000004974 0.0039684759350312138679 0.0021479152245628451226
5.0700000000000002842 0.0052953054568667667912 0.0024701129273574096157
5.0800000000000000711 0.0073979143780097981684 0.0022743790614976862677
5.0899999999999998579 0.010624957498455992605 0.0014619107876768181603
5.1000000000000005329 0.015376023551108683809 -0.00037287508476003400348
5.1100000000000003197 0.022040304728767754622 -0.0034072985881780440409
5.1200000000000001066 0.030898026162885974116 -0.0090089412127965229349
5.1299999999999998934 0.04199614640310265351 -0.015723646469263812681
5.1399999999999996803 0.055026743164512600948 -0.024208925267908059514
5.1500000000000003553 0.069249771343506821841 -0.034190457122363099307
5.1600000000000001421 0.083503170903641357747 -0.045591539736706390706
5.1699999999999999289 0.096326822545795026675 -0.055087154861955228702
5.1799999999999997158 0.10619381585068643492 -0.06322716691441476744
5.1900000000000003908 0.11180298707096197885 -0.067798949094697025242
5.2000000000000001776 0.11235676862615835703 -0.068712519186918855074
5.2099999999999999645 0.10774294155556479735 -0.066145485815589821765
5.2199999999999997513 0.098563537795875955094 -0.059230745632980752458
5.2300000000000004263 0.086001177418221316784 -0.050068379479636035412
5.2400000000000002132 0.071564210087375901281 -0.039435164511518738806
5.25 0.056786817171498263357 -0.028887278073354682312
5.2599999999999997868 0.042966129708495233441 -0.019917728829588983441
5.2700000000000004619 0.030996045008030603807 -0.012155160218206114559
5.2800000000000002487 0.021319028620590679823 -0.006885544096102228992
5.2900000000000000355 0.013979558944131591919 -0.002456357813801031062
5.2999999999999998224 0.0087391948249538557031 -0.00017624720152217311642
5.3100000000000004974 0.0052082358295595203301 0.00098211165568475380927
5.3200000000000002842 0.0029589823660858857561 0.0014524151357404005598
5.3300000000000000711 0.0016025786617774762533 0.0014596146201710897498
5.3399999999999998579 0.00082739993054121421714 0.0011134550109535485719
5.3500000000000005329 0.00040721671674773664111 0.00094398612137510827177
5.3600000000000003197 0.00019104924449745049053 0.00062446959618431101269
5.3700000000000001066 8.5441900910326900763e-05 0.00040826680601622751358
5.3799999999999998934 3.6424960459323478545e-05 0.00031336865179918532969
5.3899999999999996803 1.4802227466340573127e-05 0.00013510931856560394666
5.4000000000000003553 5.7339302146407067085e-06 0.00010819884942624999693
5.4100000000000001421 2.1172538221961161098e-06 7.9834396095559165361e-05
5.4199999999999999289 7.4522385027638345106e-07 2.9237085719910388848e-05
5.4299999999999997158 2.5003003714308096237e-07 2.5734639227146469944e-05
5.4400000000000003908 7.9962755799807059457e-08 1.3911781952819274099e-05
5.4500000000000001776 2.4376543100824717709e-08 7.9709058876830211768e-06
5.4599999999999999645 7.0834378111081838546e-09 1.9917371698848529357e-06
5.4699999999999997513 1.9620161828284938075e-09 -1.9620161828284938075e-09
5.4800000000000004263 5.1802014526605991499e-10 -5.1802014526605991499e-10
5.4900000000000002132 1.3036932073768559594e-10 1.9986902383752232893e-06
5.5 3.1274332633842859618e-11 1.9987893333633271419e-06
5.5099999999999997868 7.1512814584772537044e-12 -7.1512814584772537044e-12
5.5200000000000004619 1.5586988094772077287e-12 -1.5586988094772077287e-12
5.5300000000000002487 3.2383400039884093606e-13 -3.2383400039884093606e-13
5.5400000000000000355 6.4130413638810292108e-14 -6.4130413638810292108e-14
5.5499999999999998224 1.2105604576657810214e-14 -1.2105604576657810214e-14
5.5600000000000004974 2.1781576222254889396e-15 1.9988206055178034417e-06
5.5700000000000002842 3.7357006661397722865e-16 1.9988206073223910422e-06
5.5800000000000000711 6.1070908474782955264e-17 -6.1070908474782955264e-17
5.5899999999999998579 9.5164696183881960013e-18 -9.5164696183881960013e-18
5.6000000000000005329 1.413501196741755613e-18 -1.413501196741755613e-18
5.6100000000000003197 2.0012207887179816716e-19 1.9988206076957606243e-06
5.6200000000000001066 2.7006732504567419212e-20 -2.7006732504567419212e-20
5.6299999999999998934 3.4739776010916922035e-21 -3.4739776010916922035e-21
5.6399999999999996803 4.2595101663617245811e-22 -4.2595101663617245811e-22
5.6500000000000003553 4.9781701377488807119e-23 -4.9781701377488807119e-23
5.6600000000000001421 5.5457082031833057389e-24 -5.5457082031833057389e-24
5.6699999999999999289 5.888725137379139734e-25 1.9988206076959609475e-06
5.6799999999999997158 5.9602206982594291049e-26 1.9988206076959609475e-06
5.6900000000000003908 5.7501609234992201693e-27 1.9988206076959609475e-06
5.7000000000000001776 5.287788534158214323e-28 -5.287788534158214323e-28
5.7099999999999999645 4.6349431656898382807e-29 -4.6349431656898382807e-29
5.7199999999999997513 3.8724948046888437556e-30 -3.8724948046888437556e-30
5.7300000000000004263 3.0839918471280359285e-31 -3.0839918471280359285e-31
5.7400000000000002132 2.3410538531298028565e-32 -2.3410538531298028565e-32
5.75 1.6938902132952125358e-33 -1.6938902132952125358e-33
5.7599999999999997868 1.168246956345767754e-34 -1.168246956345767754e-34
5.7700000000000004619 7.6799692673327306981e-36 -7.6799692673327306981e-36
5.7800000000000002487 4.8123767105078782442e-37 -4.8123767105078782442e-37
5.7900000000000000355 2.8743189119530165019e-38 -2.8743189119530165019e-38
5.7999999999999998224 1.6363846125877872349e-39 -1.6363846125877872349e-39
5.8100000000000004974 8.8799561687038924128e-41 1.9988206076959609475e-06
5.8200000000000002842 4.5931556636855010379e-42 -4.5931556636855010379e-42
5.8300000000000000711 2.2645729933015150001e-43 -2.2645729933015150001e-43
5.8399999999999998579 1.0642317614102830481e-44 -1.0642317614102830481e-44
5.8500000000000005329 4.7671713225063300795e-46 -4.7671713225063300795e-46
5.8600000000000003197 2.0354473708510662034e-47 -2.0354473708510662034e-47
5.8700000000000001066 8.2838742022093285238e-49 1.9988206076959609475e-06
5.8799999999999998934 3.2135239539456193766e-50 -3.2135239539456193766e-50
5.8899999999999996803 1.1882394005284827985e-51 -1.1882394005284827985e-51
5.9000000000000003553 4.1879419417923872737e-53 -4.1879419417923872737e-53
5.9100000000000001421 1.4069270819525841782e-54 -1.4069270819525841782e-54
5.9199999999999999289 4.5052272318526575776e-56 -4.5052272318526575776e-56
5.9299999999999997158 1.3751052124336187884e-57 -1.3751052124336187884e-57
5.9400000000000003908 4.0006376493568410134e-59 -4.0006376493568410134e-59
5.9500000000000001776 1.1094213414124533856e-60 -1.1094213414124533856e-60
5.9599999999999999645 2.932498321552743601e-62 1.9988206076959609475e-06
5.9699999999999997513 7.3884431789075778824e-64 -7.3884431789075778824e-64
5.9800000000000004263 1.7743609274641169027e-65 -1.7743609274641169027e-65
5.9900000000000002132 4.0616716374453676046e-67 -4.0616716374453676046e-67
6 8.8621975883592335673e-69 -8.8621975883592335673e-69
6.0099999999999997868 1.8431122205645455746e-70 -1.8431122205645455746e-70
6.0200000000000004619 3.6537246895831073296e-72 -3.6537246895831073296e-72
6.0300000000000002487 6.9038844399714261667e-74 -6.9038844399714261667e-74
6.0400000000000000355 1.2434399643058553095e-75 -1.2434399643058553095e-75
6.0499999999999998224 2.134664895135893629e-77 -2.134664895135893629e-77
6.0600000000000004974 3.493076830639559574e-79 1.9988206076959609475e-06
6.0700000000000002842 5.4482882645741987874e-81 -5.4482882645741987874e-81
6.0800000000000000711 8.1000088651441247716e-83 -8.1000088651441247716e-83
6.0899999999999998579 1.1478479318304721622e-84 -1.1478479318304721622e-84
6.1000000000000005329 1.5504459564581443633e-86 -1.5504459564581443633e-86
6.1100000000000003197 1.9961919261252974606e-88 1.9988206076959609475e-06
6.1200000000000001066 2.449747444823550872e-90 -2.449747444823550872e-90
6.1299999999999998934 2.8655874141594026425e-92 -2.8655874141594026425e-92
6.1400000000000005684 3.1950621543872851268e-94 1.9988206076959609475e-06
6.1500000000000003553 3.395613388570165973e-96 -3.395613388570165973e-96
6.1600000000000001421 3.4397780016836368065e-98 -3.4397780016836368065e-98
6.1699999999999999289 3.3213589900469775796e-100 -3.3213589900469775796e-100
6.1799999999999997158 3.0568520977582191306e-102 -3.0568520977582191306e-102
6.1900000000000003908 2.6816754370987185191e-104 -2.6816754370987185191e-104
6.2000000000000001776 2.2423900608250419065e-106 -2.2423900608250419065e-106
6.2099999999999999645 1.7872661987496308943e-108 -1.7872661987496308943e-108
6.2199999999999997513 1.3578144920580598678e-110 -1.3578144920580598678e-110
6.2300000000000004263 9.8325176000538366929e-113 -9.8325176000538366929e-113
6.2400000000000002132 6.7867538929565799486e-115 -6.7867538929565799486e-115
6.25 4.4651137301148885929e-117 -4.4651137301148885929e-117
6.2599999999999997868 2.8001157684418427939e-119 -2.8001157684418427939e-119
6.2700000000000004619 1.6737572405339423881e-121 -1.6737572405339423881e-121
6.2800000000000002487 9.5363449500635849637e-124 -9.5363449500635849637e-124
6.2900000000000000355 5.1789822195177286768e-126 -5.1789822195177286768e-126
6.2999999999999998224 2.6808953160926830916e-128 -2.6808953160926830916e-128
6.3100000000000004974 1.3227818996949083458e-130 -1.3227818996949083458e-130
6.3200000000000002842 6.2211341618855042308e-133 -6.2211341618855042308e-133
6.3300000000000000711 2.788841364896176133e-135 -2.788841364896176133e-135
6.3399999999999998579 1.1916561567672617846e-137 -1.1916561567672617846e-137
6.3500000000000005329 4.8534549392455816147e-140 -4.8534549392455816147e-140
6.3600000000000003197 1.8841866370162659565e-142 -1.8841866370162659565e-142
6.3700000000000001066 6.9721978052117936119e-145 -6.9721978052117936119e-145
6.3799999999999998934 2.459168740104319653e-147 -2.459168740104319653e-147
6.3900000000000005684 8.2676064558315088313e-150 -8.2676064558315088313e-150
6.4000000000000003553 2.6493789731831339547e-152 -2.6493789731831339547e-152
6.4100000000000001421 8.0924716309022132207e-155 -8.0924716309022132207e-155
6.4199999999999999289 2.3560857071125863307e-157 -2.3560857071125863307e-157
6.4299999999999997158 6.5384343958449500479e-160 -6.5384343958449500479e-160
6.4400000000000003908 1.7295345079587139443e-162 -1.7295345079587139443e-162
6.4500000000000001776 4.3607125159769558381e-165 1.9988206076959609475e-06
6.4599999999999999645 1.0479931255951135112e-167 -1.0479931255951135112e-167
6.4699999999999997513 2.4006682750053319371e-170 1.9988206076959609475e-06
6.4800000000000004263 5.2417777618752130828e-173 1.9988206076959609475e-06
6.4900000000000002132 1.0909322380926678432e-175 -1.0909322380926678432e-175
6.5 2.1641614585167490824e-178 -2.1641614585167490824e-178
6.5099999999999997868 4.0921754177481969106e-181 -4.0921754177481969106e-181
6.5200000000000004619 7.3755008493988124118e-184 -7.3755008493988124118e-184
6.5300000000000002487 1.2670725271157010795e-186 -1.2670725271157010795e-186
6.5400000000000000355 2.0748375759682089147e-189 -2.0748375759682089147e-189
6.5499999999999998224 3.2384664221707805846e-192 -3.2384664221707805846e-192
6.5600000000000004974 4.8180061201771899022e-195 -4.8180061201771899022e-195
6.5700000000000002842 6.8323159687577593334e-198 -6.8323159687577593334e-198
6.5800000000000000711 9.2350909294686219458e-201 -9.2350909294686219458e-201
6.5899999999999998579 1.1898358191771789587e-203 -1.1898358191771789587e-203
6.6000000000000005329 1.4611860711517929719e-206 -1.4611860711517929719e-206
6.6100000000000003197 1.7103958026948245141e-209 -1.7103958026948245141e-209
6.6200000000000001066 1.9083600951883746307e-212 -1.9083600951883746307e-212
6.6299999999999998934 2.0295353945393222333e-215 -2.0295353945393222333e-215
6.6400000000000005684 2.0573374127488544538e-218 -2.0573374127488544538e-218
6.6500000000000003553 1.9878655242607086508e-221 -1.9878655242607086508e-221
6.6600000000000001421 1.830800643644453922e-224 -1.830800643644453922e-224
6.6699999999999999289 1.6071916997791137131e-227 -1.6071916997791137131e-227
6.6799999999999997158 1.3448283885295904274e-230 -1.3448283885295904274e-230
6.6900000000000003908 1.0726020232549144464e-233 -1.0726020232549144464e-233
6.7000000000000001776 8.1542290247450851765e-237 -8.1542290247450851765e-237
6.7099999999999999645 5.9088061420177007612e-240 -5.9088061420177007612e-240
6.7199999999999997513 4.0812116276417925802e-243 -4.0812116276417925802e-243
6.7300000000000004263 2.6868970078674459401e-246 -2.6868970078674459401e-246
6.7400000000000002132 1.6861082324423918026e-249 -1.6861082324423918026e-249
6.75 1.0085383029974113033e-252 -1.0085383029974113033e-252
6.7599999999999997868 5.7500531330685959726e-256 1.9988206076959609475e-06
6.7700000000000004619 3.1248115129664236736e-259 -3.1248115129664236736e-259
6.7800000000000002487 1.6186326483480081625e-262 -1.6186326483480081625e-262
6.7900000000000000355 7.9918120588399694977e-266 -7.9918120588399694977e-266
6.7999999999999998224 3.7610986016362396268e-269 -3.7610986016362396268e-269
6.8100000000000004974 1.6871615196929177887e-272 -1.6871615196929177887e-272
6.8200000000000002842 7.2139160554582370475e-276 -7.2139160554582370475e-276
6.8300000000000000711 2.9400721102301247577e-279 -2.9400721102301247577e-279
6.8399999999999998579 1.1421347636591016679e-282 1.9988206076959609475e-06
6.8500000000000005329 4.2291119734676369638e-286 -4.2291119734676369638e-286
6.8600000000000003197 1.4926345087024172331e-289 -1.4926345087024172331e-289
6.8700000000000001066 5.0214625453574586368e-293 -5.0214625453574586368e-293
6.8799999999999998934 1.6101985396418177275e-296 -1.6101985396418177275e-296
6.8900000000000005684 4.9215406399289712814e-300 -4.9215406399289712814e-300
6.9000000000000003553 1.4338217529569727646e-303 -1.4338217529569727646e-303
6.9100000000000001421 3.9816372589612141911e-307 -3.9816372589612141911e-307
6.9199999999999999289 1.0539030268829784673e-310 -1.0539030268829784673e-310
6.9299999999999997158 2.6589614503099079264e-314 -2.6589614503099079264e-314
6.9400000000000003908 6.3943408675147067362e-318 -6.3943408675147067362e-318
6.9500000000000001776 1.4624343116900897708e-321 -1.4624343116900897708e-321
6.9599999999999999645 0 1.9988206076959609475e-06
6.9699999999999997513 0 0
6.9800000000000004263 0 0
6.9900000000000002132 0 0
7 0 0
7.0099999999999997868 0 0
7.0200000000000004619 0 0
7.0300000000000002487 0 0
7.0400000000000000355 0 0
7.0499999999999998224 0 0
7.0600000000000004974 0 0
7.0700000000000002842 0 0
7.0800000000000000711 0 0
7.0899999999999998579 0 0
7.1000000000000005329 0 0
7.1100000000000003197 0 0
7.1200000000000001066 0 0
7.1299999999999998934 0 0
7.1400000000000005684 0 0
7.1500000000000003553 0 0
7.1600000000000001421 0 0
7.1699999999999999289 0 0
7.1799999999999997158 0 0
7.1900000000000003908 0 0
7.2000000000000001776 0 0
7.2099999999999999645 0 0
7.2199999999999997513 0 0
7.2300000000000004263 0 0
7.2400000000000002132 0 0
7.25 0 0
7.2599999999999997868 0 0
7.2700000000000004619 0 0
7.2800000000000002487 0 0
7.2900000000000000355 0 0
7.2999999999999998224 0 0
7.3100000000000004974 0 0
7.3200000000000002842 0 0
7.3300000000000000711 0 0
7.3399999999999998579 0 0
7.3500000000000005329 0 0
7.3600000000000003197 0 0
7.3700000000000001066 0 1.9988206076959609475e-06
7.3799999999999998934 0 0
7.3900000000000005684 0 0
7.4000000000000003553 0 0
7.4100000000000001421 0 0
7.4199999999999999289 0 0
7.4299999999999997158 0 0
7.4400000000000003908 0 0
7.4500000000000001776 0 0
7.4599999999999999645 0 0
7.4699999999999997513 0 0
7.4800000000000004263 0 0
7.4900000000000002132 0 0
7.5 0 0
7.5099999999999997868 0 0
7.5200000000000004619 0 0
7.5300000000000002487 0 0
7.5400000000000000355 0 0
7.5499999999999998224 0 0
7.5600000000000004974 0 0
7.5700000000000002842 0 0
7.5800000000000000711 0 0
7.5899999999999998579 0 0
7.6000000000000005329 0 0
7.6100000000000003197 0 0
7.6200000000000001066 0 0
7.6299999999999998934 0 0
7.6400000000000005684 0 0
7.6500000000000003553 0 0
7.6600000000000001421 0 0
7.6699999999999999289 0 0
7.6799999999999997158 0 1.9988206076959609475e-06
7.6900000000000003908 0 0
7.7000000000000001776 0 0
7.7099999999999999645 0 0
7.7199999999999997513 0 0
7.7300000000000004263 0 0
7.7400000000000002132 0 0
7.75 0 0
7.7599999999999997868 0 1.9988206076959609475e-06
7.7700000000000004619 0 0
7.7800000000000002487 0 0
7.7900000000000000355 0 0
7.7999999999999998224 0 1.9988206076959609475e-06
7.8100000000000004974 0 0
7.8200000000000002842 0 0
7.8300000000000000711 0 0
7.8399999999999998579 0 0
7.8500000000000005329 0 0
7.8600000000000003197 0 0
7.8700000000000001066 0 0
7.8799999999999998934 0 0
7.8900000000000005684 0 0
7.9000000000000003553 0 0
7.9100000000000001421 0 0
7.9199999999999999289 0 0
7.930000000000000604 0 1.9988206076959609475e-06
7.9400000000000003908 0 0
7.9500000000000001776 0 0
7.9599999999999999645 0 0
7.9699999999999997513 0 0
7.9800000000000004263 0 0
7.9900000000000002132 0 0
8 0 0
8.0099999999999997868 0 0
8.0199999999999995737 0 0
8.0299999999999993605 0 0
8.0400000000000009237 0 0
8.0500000000000007105 0 0
8.0600000000000004974 0 0
8.0700000000000002842 0 0
8.0800000000000000711 0 0
8.0899999999999998579 0 0
8.0999999999999996447 0 0
8.1099999999999994316 0 0
8.1200000000000009948 0 0
8.1300000000000007816 0 0
8.1400000000000005684 0 0
8.1500000000000003553 0 0
8.1600000000000001421 0 0
8.1699999999999999289 0 0
8.1799999999999997158 0 0
8.1899999999999995026 0 0
8.1999999999999992895 0 0
8.2100000000000008527 0 0
8.2200000000000006395 0 0
8.2300000000000004263 0 0
8.2400000000000002132 0 0
8.25 0 0
8.2599999999999997868 0 0
8.2699999999999995737 0 0
8.2799999999999993605 0 0
8.2900000000000009237 0 0
8.3000000000000007105 0 0
8.3100000000000004974 0 0
8.3200000000000002842 0 0
8.3300000000000000711 0 0
8.3399999999999998579 0 0
8.3499999999999996447 0 0
8.3599999999999994316 0 1.9988206076959609475e-06
8.3700000000000009948 0 0
8.3800000000000007816 0 1.9988206076959609475e-06
8.3900000000000005684 0 0
8.4000000000000003553 0 0
8.4100000000000001421 0 0
8.4199999999999999289 0 0
8.4299999999999997158 0 0
8.4399999999999995026 0 0
8.4499999999999992895 0 0
8.4600000000000008527 0 0
8.4700000000000006395 0 0
8.4800000000000004263 0 1.9988206076959609475e-06
8.4900000000000002132 0 1.9988206076959609475e-06
8.5 0 0
8.5099999999999997868 0 0
8.5199999999999995737 0 0
8.5299999999999993605 0 1.9988206076959609475e-06
8.5400000000000009237 0 0
8.5500000000000007105 0 0
8.5600000000000004974 0 0
8.5700000000000002842 0 1.9988206076959609475e-06
8.5800000000000000711 0 0
8.5899999999999998579 0 0
8.5999999999999996447 0 0
8.6099999999999994316 0 0
8.6200000000000009948 0 1.9988206076959609475e-06
8.6300000000000007816 0 0
8.6400000000000005684 0 0
8.6500000000000003553 0 0
8.6600000000000001421 0 1.9988206076959609475e-06
8.6699999999999999289 0 0
8.6799999999999997158 0 0
8.6899999999999995026 0 0
8.7000000000000010658 0 0
8.7100000000000008527 0 0
8.7200000000000006395 0 1.9988206076959609475e-06
8.7300000000000004263 0 0
8.7400000000000002132 0 0
8.75 0 0
8.7599999999999997868 0 0
8.7699999999999995737 0 0
8.7799999999999993605 0 0
8.7900000000000009237 0 0
8.8000000000000007105 0 0
8.8100000000000004974 0 0
8.8200000000000002842 0 0
8.8300000000000000711 0 0
8.8399999999999998579 0 0
8.8499999999999996447 0 0
8.8599999999999994316 0 0
8.8700000000000009948 0 0
8.8800000000000007816 0 1.9988206076959609475e-06
8.8900000000000005684 0 0
8.9000000000000003553 0 0
8.9100000000000001421 0 0
8.9199999999999999289 0 0
8.9299999999999997158 0 0
8.9399999999999995026 0 0
8.9500000000000010658 0 0
8.9600000000000008527 0 0
8.9700000000000006395 0 0
8.9800000000000004263 0 0
8.9900000000000002132 0 0
9 0 0
9.0099999999999997868 0 0
9.0199999999999995737 0 0
9.0299999999999993605 0 0
9.0400000000000009237 0 0
9.0500000000000007105 0 0
9.0600000000000004974 0 0
9.0700000000000002842 0 0
9.0800000000000000711 0 0
9.0899999999999998579 0 0
9.0999999999999996447 0 0
9.1099999999999994316 0 0
9.1200000000000009948 0 0
9.1300000000000007816 0 0
9.1400000000000005684 0 0
9.1500000000000003553 0 0
9.1600000000000001421 0 0
9.1699999999999999289 0 0
9.1799999999999997158 0 0
9.1899999999999995026 0 0
9.2000000000000010658 0 0
9.2100000000000008527 0 0
9.2200000000000006395 0 0
9.2300000000000004263 0 0
9.2400000000000002132 0 0
9.25 0 0
9.2599999999999997868 0 0
9.2699999999999995737 0 1.9988206076959609475e-06
9.2799999999999993605 0 0
9.2900000000000009237 0 0
9.3000000000000007105 0 0
9.3100000000000004974 0 0
9.3200000000000002842 0 0
9.3300000000000000711 0 0
9.3399999999999998579 0 0
9.3499999999999996447 0 0
9.3599999999999994316 0 0
9.3700000000000009948 0 0
9.3800000000000007816 0 0
9.3900000000000005684 0 0
9.4000000000000003553 0 0
9.4100000000000001421 0 0
9.4199999999999999289 0 0
9.4299999999999997158 0 0
9.4399999999999995026 0 0
9.4500000000000010658 0 0
9.4600000000000008527 0 0
9.4700000000000006395 0 0
9.4800000000000004263 0 0
9.4900000000000002132 0 1.9988206076959609475e-06
9.5 0 0
9.5099999999999997868 0 0
9.5199999999999995737 0 0
9.5299999999999993605 0 0
9.5400000000000009237 0 0
9.5500000000000007105 0 0
9.5600000000000004974 0 0
9.5700000000000002842 0 0
9.5800000000000000711 0 0
9.5899999999999998579 0 0
9.5999999999999996447 0 0
9.6099999999999994316 0 0
9.6200000000000009948 0 0
9.6300000000000007816 0 0
9.6400000000000005684 0 0
9.6500000000000003553 0 0
9.6600000000000001421 0 0
9.6699999999999999289 0 0
9.6799999999999997158 0 0
9.6899999999999995026 0 0
9.7000000000000010658 0 0
9.7100000000000008527 0 0
9.7200000000000006395 0 1.9988206076959609475e-06
9.7300000000000004263 0 0
9.7400000000000002132 0 0
9.75 0 0
9.7599999999999997868 0 1.9988206076959609475e-06
9.7699999999999995737 0 0
9.7799999999999993605 0 0
9.7900000000000009237 0 0
9.8000000000000007105 0 0
9.8100000000000004974 0 0
9.8200000000000002842 0 0
9.8300000000000000711 0 0
9.8399999999999998579 0 0
9.8499999999999996447 0 0
9.8599999999999994316 0 0
9.8700000000000009948 0 0
9.8800000000000007816 0 0
9.8900000000000005684 0 0
9.9000000000000003553 0 3.9976412153919227421e-06
9.9100000000000001421 0 0
9.9199999999999999289 0 0
9.9299999999999997158 0 0
9.9399999999999995026 0 0
9.9500000000000010658 0 0
9.9600000000000008527 0 0
9.9700000000000006395 0 0
9.9800000000000004263 0 0
9.9900000000000002132 0 0
10 0 0
10.009999999999999787 0 0
10.019999999999999574 0 0
10.029999999999999361 0 1.9988206076959609475e-06
10.040000000000000924 0 1.9988206076959609475e-06
10.050000000000000711 0 1.9988206076959609475e-06
10.060000000000000497 0 1.9988206076959609475e-06
10.070000000000000284 0 0
10.080000000000000071 0 3.9976412153919227421e-06
10.089999999999999858 0 0
10.099999999999999645 0 0
10.109999999999999432 0 1.9988206076959609475e-06
10.120000000000000995 0 1.9988206076959609475e-06
10.130000000000000782 0 1.9988206076959609475e-06
10.140000000000000568 0 0
10.150000000000000355 0 0
10.160000000000000142 0 1.9988206076959609475e-06
10.169999999999999929 0 0
10.179999999999999716 0 1.9988206076959609475e-06
10.189999999999999503 0 0
10.200000000000001066 0 1.9988206076959609475e-06
10.210000000000000853 0 1.9988206076959609475e-06
10.220000000000000639 0 0
10.230000000000000426 0 1.9988206076959609475e-06
