0 5.3065938200412589865e-312 -5.3065938200412589865e-312
0.010000000000000000208 1.2994109079738664291e-309 -1.2994109079738664291e-309
0.020000000000000000416 3.1144525553453090237e-307 -3.1144525553453090237e-307
0.02999999999999999889 7.3067034344622642903e-305 -7.3067034344622642903e-305
0.040000000000000000833 1.6778989087660160549e-302 -1.6778989087660160549e-302
0.050000000000000002776 3.7715046947807278056e-300 -3.7715046947807278056e-300
0.05999999999999999778 8.2978974577722194188e-298 -8.2978974577722194188e-298
0.070000000000000006661 1.7870060574978301692e-295 -1.7870060574978301692e-295
0.080000000000000001665 3.7669385496902481718e-293 -3.7669385496902481718e-293
0.089999999999999996669 7.7724081138450376048e-291 -7.7724081138450376048e-291
0.10000000000000000555 1.5697381285922097035e-288 -1.5697381285922097035e-288
0.11000000000000000056 3.103154280793141371e-286 -3.103154280793141371e-286
0.11999999999999999556 6.00459995791917066e-284 -6.00459995791917066e-284
0.13000000000000000444 1.137285074488755449e-281 -1.137285074488755449e-281
0.14000000000000001332 2.1084298216658115139e-279 -2.1084298216658115139e-279
0.14999999999999999445 3.8260752812034946962e-277 4.5973611122462898493e-05
0.16000000000000000333 6.7959851538383640585e-275 3.7978199543431401253e-05
0.17000000000000001221 1.1815602771109355253e-272 4.5973611122462898493e-05
0.17999999999999999334 2.0107769237241962099e-270 5.7966728491010137577e-05
0.19000000000000000222 3.3494727812357788173e-268 3.5979348467662930489e-05
0.2000000000000000111 5.4612689333214653523e-266 2.398623109911568124e-05
0.20999999999999999223 8.7159599042980216602e-264 4.5973611122462898493e-05
0.22000000000000000111 1.3615745778063998041e-261 4.3974760046694427729e-05
0.23000000000000000999 2.0819591035608948809e-259 3.1981642678147181869e-05
0.23999999999999999112 3.1160721478413747909e-257 3.9977054257178679109e-05
0.25 4.5650691948703000355e-255 3.5979348467662930489e-05
0.26000000000000000888 6.5462377598517590591e-253 2.9982789783389310947e-05
0.27000000000000001776 9.1884178105800869306e-251 4.3974760046694427729e-05
0.28000000000000002665 1.2623920329914072997e-248 6.3963285356294363737e-05
0.28999999999999998002 1.6976662115771600927e-246 2.9982789783389310947e-05
0.2999999999999999889 2.2346778021062104205e-244 2.9982789783389310947e-05
0.30999999999999999778 2.8792678964584078734e-242 3.3980493753915652633e-05
0.32000000000000000666 3.6312302263169965687e-240 4.1975905332947149873e-05
0.33000000000000001554 4.4826005971751995477e-238 5.3969022701494402509e-05
0.34000000000000002442 5.4164015592940130409e-236 6.7960987507831305265e-05
0.35000000000000003331 6.406136882834125702e-234 4.3974760046694427729e-05
0.35999999999999998668 7.4162800984202653741e-232 3.7978199543431401253e-05
0.36999999999999999556 8.4038943413218025512e-230 4.9971316911978647113e-05
0.38000000000000000444 9.3213666967142201473e-228 2.798393688863142986e-05
0.39000000000000001332 1.01200615238275508e-225 5.9965579566778621893e-05
0.4000000000000000222 1.0754525713803624201e-223 3.7978199543431401253e-05
0.41000000000000003109 1.1186749720370105893e-221 3.5979348467662930489e-05
0.41999999999999998446 1.1389931998795174327e-219 5.3969022701494402509e-05
0.42999999999999999334 1.1351229140920952612e-217 4.7972462198231369257e-05
0.44000000000000000222 1.1073099438541043462e-215 3.1981642678147181869e-05
0.4500000000000000111 1.0573044480933163755e-213 4.9971316911978647113e-05
0.46000000000000001998 9.8817865458700248376e-212 4.5973611122462898493e-05
0.47000000000000002887 9.0401456528246577267e-210 5.5967873777262873273e-05
0.47999999999999998224 8.095057481972430025e-208 4.1975905332947149873e-05
0.48999999999999999112 7.0952711365415444807e-206 3.1981642678147181869e-05
0.5 6.0872705599906183186e-204 3.9977054257178679109e-05
0.51000000000000000888 5.1118813410085127462e-202 4.9971316911978647113e-05
0.52000000000000001776 4.2018783346662480812e-200 4.1975905332947149873e-05
0.53000000000000002665 3.3807319051983429212e-198 4.3974760046694427729e-05
0.54000000000000003553 2.6624566242683773054e-196 5.3969022701494402509e-05
0.55000000000000004441 2.0523853218096242991e-194 4.3974760046694427729e-05
0.56000000000000005329 1.5486019751751633642e-192 4.1975905332947149873e-05
0.57000000000000006217 1.1437346214761004232e-190 4.3974760046694427729e-05
0.57999999999999996003 8.2682819243385150101e-189 2.1987380023347210476e-05
0.58999999999999996891 5.850727014279317228e-187 2.5985083993873558939e-05
0.5999999999999999778 4.0523686205444598221e-185 3.7978199543431401253e-05
0.60999999999999998668 2.7473412211185108066e-183 3.7978199543431401253e-05
0.61999999999999999556 1.8231433216641123793e-181 3.7978199543431401253e-05
0.63000000000000000444 1.1842232120060005276e-179 5.5967873777262873273e-05
0.64000000000000001332 7.5292354425501141175e-178 4.1975905332947149873e-05
0.6500000000000000222 4.6856811916912775385e-176 3.9977054257178679109e-05
0.66000000000000003109 2.8542968929776269999e-174 2.5985083993873558939e-05
0.67000000000000003997 1.7018845790671772211e-172 4.9971316911978647113e-05
0.68000000000000004885 9.932660956505140532e-171 3.1981642678147181869e-05
0.69000000000000005773 5.6742134608478786512e-169 5.1970167987747117877e-05
0.70000000000000006661 3.1728553849208028649e-167 4.1975905332947149873e-05
0.70999999999999996447 1.7365985580838714662e-165 4.9971316911978647113e-05
0.71999999999999997335 9.3036452912662106706e-164 2.9982789783389310947e-05
0.72999999999999998224 4.8787818816710450814e-162 5.5967873777262873273e-05
0.73999999999999999112 2.5042299791343120666e-160 4.7972462198231369257e-05
0.75 1.2581764974128786717e-158 3.9977054257178679109e-05
0.76000000000000000888 6.1874752721265476555e-157 2.798393688863142986e-05
0.77000000000000001776 2.9784473962653361791e-155 4.7972462198231369257e-05
0.78000000000000002665 1.4033659729579593771e-153 5.1970167987747117877e-05
0.79000000000000003553 6.472268118151231094e-152 4.1975905332947149873e-05
0.80000000000000004441 2.9217739166021423518e-150 4.1975905332947149873e-05
0.81000000000000005329 1.2910446592369857095e-148 4.1975905332947149873e-05
0.82000000000000006217 5.5839365289813776938e-147 4.1975905332947149873e-05
0.83000000000000007105 2.3639823560282587925e-145 3.3980493753915652633e-05
0.83999999999999996891 9.7960848553337696208e-144 2.5985083993873558939e-05
0.8499999999999999778 3.9734284402489361418e-142 2.5985083993873558939e-05
0.85999999999999998668 1.5775488031490874271e-140 5.1970167987747117877e-05
0.86999999999999999556 6.1306251282340852912e-139 4.1975905332947149873e-05
0.88000000000000000444 2.332014617829375693e-137 4.5973611122462898493e-05
0.89000000000000001332 8.682850546260429553e-136 2.798393688863142986e-05
0.9000000000000000222 3.1644477787371959212e-134 5.3969022701494402509e-05
0.91000000000000003109 1.1288548167572190842e-132 3.3980493753915652633e-05
0.92000000000000003997 3.9416930144476565678e-131 3.1981642678147181869e-05
0.93000000000000004885 1.3471999402821919417e-129 4.3974760046694427729e-05
0.94000000000000005773 4.5069823994113077989e-128 2.9982789783389310947e-05
0.95000000000000006661 1.4758567951150253963e-126 4.1975905332947149873e-05
0.95999999999999996447 4.7305008655753765821e-125 2.798393688863142986e-05
0.96999999999999997335 1.4841390196856225459e-123 3.7978199543431401253e-05
0.97999999999999998224 4.5577089723735187068e-122 5.5967873777262873273e-05
0.98999999999999999112 1.3700081391080711104e-120 3.7978199543431401253e-05
1 4.0309206980189856621e-119 4.3974760046694427729e-05
1.0100000000000000089 1.1608869016253116981e-117 5.5967873777262873273e-05
1.0200000000000000178 3.2725034861186548131e-116 3.7978199543431401253e-05
1.0300000000000000266 9.0297322886185047188e-115 4.5973611122462898493e-05
1.0400000000000000355 2.4387887410117514274e-113 4.3974760046694427729e-05
1.0500000000000000444 6.447302363143070698e-112 5.3969022701494402509e-05
1.0600000000000000533 1.668347230392898302e-110 5.1970167987747117877e-05
1.0700000000000000622 4.2257071990050501388e-109 4.7972462198231369257e-05
1.0800000000000000711 1.047651665809975017e-107 2.798393688863142986e-05
1.0900000000000000799 2.5423712245186544656e-106 4.9971316911978647113e-05
1.1000000000000000888 6.0390075262706277773e-105 4.1975905332947149873e-05
1.1100000000000000977 1.4040957580354390854e-103 2.398623109911568124e-05
1.1200000000000001066 3.1954529964371286018e-102 4.5973611122462898493e-05
1.1300000000000001155 7.1182410381052263789e-101 5.9965579566778621893e-05
1.1400000000000001243 1.5520921282536031993e-99 3.9977054257178679109e-05
1.1500000000000001332 3.3125836392293116987e-98 4.1975905332947149873e-05
1.1599999999999999201 6.9202336634475274675e-97 3.3980493753915652633e-05
1.1699999999999999289 1.4150742067284371973e-95 4.3974760046694427729e-05
1.1799999999999999378 2.8323193607856062142e-94 2.9982789783389310947e-05
1.1899999999999999467 5.5489367836007949961e-93 2.798393688863142986e-05
1.1999999999999999556 1.0640986278359614959e-91 4.7972462198231369257e-05
1.2099999999999999645 1.99737007616785493e-90 4.5973611122462898493e-05
1.2199999999999999734 3.6697775970970778839e-89 4.9971316911978647113e-05
1.2299999999999999822 6.5997198551508585353e-88 3.9977054257178679109e-05
1.2399999999999999911 1.1617583614003625024e-86 3.1981642678147181869e-05
1.25 2.0017538048973145642e-85 3.3980493753915652633e-05
1.2600000000000000089 3.3760593163973282552e-84 3.5979348467662930489e-05
1.2700000000000000178 5.5733205746417894118e-83 2.398623109911568124e-05
1.2800000000000000266 9.0058048088525926148e-82 3.1981642678147181869e-05
1.2900000000000000355 1.4244118745752780017e-80 3.3980493753915652633e-05
1.3000000000000000444 2.2052264410211096326e-79 5.3969022701494402509e-05
1.3100000000000000533 3.3417606950493298528e-78 3.9977054257178679109e-05
1.3200000000000000622 4.9568074881716443728e-77 3.3980493753915652633e-05
1.3300000000000000711 7.1966984831419182507e-76 2.9982789783389310947e-05
1.3400000000000000799 1.0227491166003571116e-74 4.7972462198231369257e-05
1.3500000000000000888 1.4226873450267193504e-73 4.5973611122462898493e-05
1.3600000000000000977 1.9371104043695940077e-72 2.9982789783389310947e-05
1.3700000000000001066 2.5816884336175037792e-71 3.7978199543431401253e-05
1.3800000000000001155 3.367889502949495385e-70 2.9982789783389310947e-05
1.3900000000000001243 4.300474625508305539e-69 3.1981642678147181869e-05
1.4000000000000001332 5.3750126991022843728e-68 4.1975905332947149873e-05
1.4099999999999999201 6.5757781043735026967e-67 3.1981642678147181869e-05
1.4199999999999999289 7.8744341371247351246e-66 4.5973611122462898493e-05
1.4299999999999999378 9.2298811728504352441e-65 3.3980493753915652633e-05
1.4399999999999999467 1.0589547795392848953e-63 4.9971316911978647113e-05
1.4499999999999999556 1.1892229172394028298e-62 3.5979348467662930489e-05
1.4599999999999999645 1.3072350226490792294e-61 2.5985083993873558939e-05
1.4699999999999999734 1.4065288012050030822e-60 4.1975905332947149873e-05
1.4799999999999999822 1.4813174345933532489e-59 3.7978199543431401253e-05
1.4899999999999999911 1.5270462440069398435e-58 4.1975905332947149873e-05
1.5 1.5408515296909225388e-57 3.7978199543431401253e-05
1.5100000000000000089 1.5218573584405340927e-56 4.5973611122462898493e-05
1.5200000000000000178 1.4712675391706280713e-55 2.9982789783389310947e-05
1.5300000000000000266 1.392239360692684022e-54 4.1975905332947149873e-05
1.5400000000000000355 1.2895575019765629818e-53 3.3980493753915652633e-05
1.5500000000000000444 1.1691549340551593733e-52 5.1970167987747117877e-05
1.5600000000000000533 1.0375474593237643983e-51 4.5973611122462898493e-05
1.5700000000000000622 9.0125653267138370415e-51 4.3974760046694427729e-05
1.5800000000000000711 7.6629047984971291336e-50 4.3974760046694427729e-05
1.5900000000000000799 6.3773901165307430755e-49 4.3974760046694427729e-05
1.6000000000000000888 5.1951380039041583057e-48 4.3974760046694427729e-05
1.6100000000000000977 4.1424353852335663419e-47 4.3974760046694427729e-05
1.6200000000000001066 3.2330985820376910452e-46 4.9971316911978647113e-05
1.6300000000000001155 2.4699416936117470626e-45 4.3974760046694427729e-05
1.6400000000000001243 1.8469664448209626503e-44 4.3974760046694427729e-05
1.6500000000000001332 1.3518728915484656404e-43 5.3969022701494402509e-05
1.6600000000000001421 9.6853933538353787251e-43 5.7966728491010137577e-05
1.6699999999999999289 6.792086644629016316e-42 4.9971316911978647113e-05
1.6799999999999999378 4.6622302874467889489e-41 4.7972462198231369257e-05
1.6899999999999999467 3.1324833787368494027e-40 7.3957548011094331741e-05
1.6999999999999999556 2.0601003652403634706e-39 7.3957548011094331741e-05
1.7099999999999999645 1.326149643617285959e-38 5.1970167987747117877e-05
1.7199999999999999734 8.3560539765774772577e-38 5.3969022701494402509e-05
1.7299999999999999822 5.1536448905995253137e-37 7.9954108514357358217e-05
1.7399999999999999911 3.1112312625462940023e-36 8.9948371169157326221e-05
1.75 1.8384619579551096224e-35 5.9965579566778621893e-05
1.7600000000000000089 1.06336301610066492e-34 6.3963285356294363737e-05
1.7700000000000000178 6.0202289146777397239e-34 4.7972462198231369257e-05
1.7800000000000000266 3.336176430447457298e-33 4.7972462198231369257e-05
1.7900000000000000355 1.8096290792314168696e-32 5.7966728491010137577e-05
1.8000000000000000444 9.6080372701382593314e-32 3.1981642678147181869e-05
1.8100000000000000533 4.9932620546486771364e-31 5.7966728491010137577e-05
1.8200000000000000622 2.5400287810073043606e-30 4.7972462198231369257e-05
1.8300000000000000711 1.2647293486406530615e-29 4.3974760046694427729e-05
1.8400000000000000799 6.163983228897906484e-29 4.3974760046694427729e-05
1.8500000000000000888 2.9405646017163828936e-28 3.7978199543431401253e-05
1.8600000000000000977 1.3731144067234520277e-27 5.1970167987747117877e-05
1.8700000000000001066 6.2761385152101660125e-27 4.5973611122462898493e-05
1.8800000000000001155 2.8079876532611425773e-26 3.1981642678147181869e-05
1.8900000000000001243 1.2297889411629208539e-25 5.5967873777262873273e-05
1.9000000000000001332 5.2727003653643741187e-25 3.9977054257178679109e-05
1.9100000000000001421 2.2134782553259485143e-24 5.1970167987747117877e-05
1.9199999999999999289 9.1013417301646460621e-24 5.3969022701494402509e-05
1.9299999999999999378 3.6678985052597788345e-23 4.5973611122462898493e-05
1.9399999999999999467 1.450683369614626832e-22 3.3980493753915652633e-05
1.9499999999999999556 5.6442132216219714078e-22 5.3969022701494402509e-05
1.9599999999999999645 2.169274356712253585e-21 3.5979348467662930489e-05
1.9699999999999999734 8.2920244499417997819e-21 4.5973611122462891717e-05
1.9799999999999999822 3.1844952229118454222e-20 4.3974760046694393847e-05
1.9899999999999999911 1.244860103665204753e-19 3.797819954343127928e-05
2 5.01953122028881809e-19 5.1970167987746616434e-05
2.0100000000000002309 2.1053786333028459788e-18 2.7983936888629325831e-05
2.0200000000000000178 9.1759893218214487904e-18 3.3980493753906477572e-05
2.0300000000000002487 4.1103726076897909071e-17 4.5973611122421793678e-05
2.0400000000000000355 1.8615682877545075385e-16 4.3974760046508270216e-05
2.0499999999999998224 8.3840937102414031204e-16 6.1964434279687479433e-05
2.0600000000000000533 3.7047230633468396359e-15 3.5979348463958204889e-05
2.0699999999999998401 1.5906380888191604382e-14 6.196443426461950869e-05
2.0800000000000000711 6.5932028552370305023e-14 2.9982789717457282772e-05
2.0899999999999998579 2.6274479162507558586e-13 4.197590507020236111e-05
2.1000000000000000888 1.0040597007649317307e-12 4.1975904328887446925e-05
2.1099999999999998757 3.6734811502012254889e-12 3.5979344794181780957e-05
2.1200000000000001066 1.2854792480581440979e-11 4.997130405718616707e-05
2.1299999999999998934 4.2999974676684029125e-11 4.1975862332972475183e-05
2.1400000000000001243 1.3744942456140267827e-10 2.7983799439206869832e-05
2.1499999999999999112 4.1977424233506097893e-10 2.1986960249104876917e-05
2.1600000000000001421 1.2247879641726343049e-09 4.997009212401447596e-05
2.1699999999999999289 3.4141758959322469287e-09 3.7974785367535469828e-05
2.1800000000000001599 9.0933377116282213731e-09 4.3965666708982797744e-05
2.1899999999999999467 2.3143331250747934777e-08 2.9959646452138563366e-05
2.2000000000000001776 5.6294209118203479042e-08 3.1925348469028978998e-05
2.2099999999999999645 1.3089514350243672807e-07 5.383812755799196909e-05
2.2200000000000001954 2.9101043900592320962e-07 4.3683749607688504731e-05
2.2299999999999999822 6.1878487952555493579e-07 3.9358269377653123326e-05
2.2400000000000002132 1.2588012099852030401e-06 4.4714809912477693123e-05
2.25 2.4508857582962763649e-06 4.5521576439935091622e-05
2.2600000000000002309 4.5690373134109405127e-06 3.3409162230020458199e-05
2.2700000000000000178 8.1597818869501972586e-06 3.5814978159744228776e-05
2.2800000000000002487 1.3968036030096004803e-05 3.0006724016598421232e-05
2.2900000000000000355 2.2934337618060625364e-05 2.3039273504402273129e-05
2.3000000000000002665 3.6146807828114706999e-05 1.1825654370116662258e-05
2.3100000000000000533 5.4737120912408538645e-05 -1.0762360865714110916e-05
2.3199999999999998401 7.9723153382808348765e-05 -3.9746099125629669657e-05
2.3300000000000000711 0.0001118198110328953238 -5.5851937255632450529e-05
2.3399999999999998579 0.00015125813824348345441 -9.7289115541989058681e-05
2.3500000000000000888 0.00019766332962449148763 -0.00016568168694634430576
2.3599999999999998757 0.00025003779587435263259 -0.00019406992209708976609
2.3700000000000001066 0.00030687380276213415201 -0.00025090592898487128551
2.3799999999999998934 0.00036638617948229530328 -0.00031441601149454818541
2.3900000000000001243 0.00042682000708877928033 -0.00035086360800191647782
2.3999999999999999112 0.00048676378750610880056 -0.0004287970590150986562
2.4100000000000001421 0.00054539446508792470501 -0.00048143117973163034127
2.4199999999999999289 0.00060259820602013886189 -0.00054463147752912871753
2.4300000000000001599 0.0006589432366204242596 -0.00058498568860932992786
2.4399999999999999467 0.00071551668734950231877 -0.00063156487668360801902
2.4500000000000001776 0.00077366512440362302308 -0.00068171790215869722609
2.4599999999999999645 0.0008346919329572853553 -0.00068277913478355975029
2.4700000000000001954 0.00089956389667610709652 -0.00074765109850238149151
2.4799999999999999822 0.00096866884216198912826 -0.00078677324874790600506
2.4900000000000002132 0.0010416521774138656157 -0.00081578183122904567894
2.5 0.0011173471427469142039 -0.00083151120608137923072
2.5100000000000002309 0.0011938033666029743314 -0.00085599727286362866166
2.5200000000000000178 0.001268410233703424865 -0.0008186683924095534623
2.5300000000000002487 0.001338104050910876976 -0.00089036106069277404403
2.5400000000000000355 0.0013996400042175175665 -0.00090992108320061583504
2.5500000000000002665 0.0014499017386809022207 -0.00079827576411143253039
2.5600000000000000533 0.001486214611465083886 -0.00085257829657753043257
2.5699999999999998401 0.0015066253570028742461 -0.00090297186645950876759
2.5800000000000000711 0.0015101127845461974081 -0.00088447187396171783776
2.5899999999999998579 0.001496701825308697489 -0.00077711485595543887926
2.6000000000000000888 0.0014674659596435738525 -0.00089179638416096696472
2.6099999999999998757 0.0014244186969441939745 -0.00088872620118461741548
2.6200000000000001066 0.0013703104850607444095 -0.00082862143607386243814
2.6299999999999998934 0.0013083602537070377486 -0.00086061726348893481664
2.6400000000000001243 0.0012419584421537737014 -0.00084818446008524993676
2.6499999999999999112 0.00117437966663570207 -0.00087255292136401933073
2.6600000000000001421 0.0011085383376199361895 -0.00080871044342402192105
2.6699999999999999289 0.0010468109428400655843 -0.00082493829880678258906
2.6800000000000001599 0.00099093656700934831458 -0.0007570708019695392664
2.6899999999999999467 0.00094199495944776009872 -0.00078208674241904538229
2.7000000000000001776 0.00090045121338173277677 -0.00076652808944183863701
2.7099999999999999645 0.00086624930214861171982 -0.00074232043358755993388
2.7200000000000001954 0.00083893385666179319179 -0.00074298893226533045328
2.7299999999999999822 0.00081778035780648153982 -0.00073582739821635571083
2.7400000000000002132 0.00080191744094996325609 -0.00071396792085657440063
2.75 0.00079043005738024297874 -0.00068249201197725418728
2.7600000000000002309 0.00078243761353461913598 -0.00069049039128969333899
2.7700000000000000178 0.00077714596388480695899 -0.000685198741639881162
2.7800000000000002487 0.00077387568454652074564 -0.00071391010497974213053
2.7900000000000000355 0.00077207119665377360249 -0.00069611479756691079998
2.8000000000000002665 0.00077129614199665541031 -0.0006853454802549926398
2.8100000000000000533 0.00077122023205388324889 -0.00067327644930569442543
2.8199999999999998401 0.00077160196489080702491 -0.0006856513031491442544
2.8300000000000000711 0.00077227048377468126162 -0.0006923163752603239034
2.8399999999999998579 0.0007731087117233875804 -0.00068316034055423025418
2.8500000000000000888 0.00077403891381127209927 -0.00070008136580017776753
2.8599999999999998757 0.0007750110968630152591 -0.00068506272569385793288
2.8700000000000001066 0.00077599416534853771568 -0.00069604005683418035746
2.8799999999999998934 0.00077696947912619007855 -0.00070301193111509574681
2.8900000000000001243 0.00077792634906117175044 -0.00067398601308567751469
2.8999999999999999112 0.00077885900406137224209 -0.00069490719339547794235
2.9100000000000001421 0.0007797646197118844125 -0.00069181509961849555704
2.9199999999999999289 0.00078064207922859635107 -0.00068469715483213361255
2.9300000000000001599 0.00078149121948979281219 -0.00069554055774813004168
2.9399999999999999467 0.00078231238654301565438 -0.00069036516429808985739
2.9500000000000001776 0.00078310618171287856969 -0.00071114748477755270872
2.9599999999999999645 0.00078387332121918854456 -0.00069992151055329424481
2.9700000000000001954 0.00078461456123940509499 -0.00069666504114601623954
2.9799999999999999822 0.000785330659525550266 -0.00069538228835639293978
2.9900000000000002132 0.00078602235680348025212 -0.0006960739856343229259
3 0.00078669036853551638569 -0.0006947431462905905887
3.0100000000000002309 0.0007873353819243536977 -0.00069738701075519637148
3.0200000000000000178 0.00078795805545954576265 -0.00069800968429038843643
3.0300000000000002487 0.00078855901962912914281 -0.00070660606003900331383
3.0400000000000000355 0.00078913887811618978023 -0.00071917903225663239002
3.0500000000000002665 0.00078969820915656731026 -0.00069575213583587304251
3.0600000000000000533 0.00079023756691042144201 -0.00069229378416223261855
3.0700000000000002842 0.00079075748278502051673 -0.00071280223262238924346
3.0800000000000000711 0.00079125846668533987398 -0.000709305507095214045
3.0899999999999998579 0.00079174100818648718118 -0.0007097880485963613522
3.1000000000000000888 0.00079220557762932277291 -0.00072624344119725993841
3.1099999999999998757 0.00079265262714343822769 -0.00072069393020811236671
3.1200000000000001066 0.00079308259160250252177 -0.00071912504359140819003
3.1299999999999998934 0.00079349588951702727455 -0.0006995498161963330068
3.1400000000000001243 0.00079389292386934054869 -0.00072992963851304618495
3.1499999999999999112 0.00079427408289520402569 -0.00070432571172604669946
3.1600000000000001421 0.00079463974081613497798 -0.00070669022072274612252
3.1699999999999999289 0.00079499025852614339446 -0.00070903959678448062395
3.1800000000000001599 0.000795325984236288871 -0.00069938105983982613249
3.1899999999999999467 0.00079564725408014615789 -0.00070769773398675730244
3.2000000000000001776 0.00079595439268302561192 -0.0007160002841686682537
3.2099999999999999645 0.00079624771369753925398 -0.00070829819360415039852
3.2200000000000001954 0.00079652752030790136342 -0.00071257570964200706368
3.2299999999999999822 0.00079679410570514383125 -0.00071484114611501800227
3.2400000000000002132 0.00079704775353525735872 -0.0007170936450209000005
3.25 0.00079728873832210771667 -0.00070933921822871886121
3.2600000000000002309 0.00079751732586682481767 -0.00070157240147036207915
3.2700000000000000178 0.00079773377362523398369 -0.00072577507668990812271
3.2800000000000002487 0.00079793833106477692757 -0.00070199340666831418906
3.2900000000000000355 0.0007981312400022563423 -0.00069219204567503602159
3.3000000000000002665 0.00079831273492363835371 -0.00070636551267871255672
3.3100000000000000533 0.00079848304328705775428 -0.00067255532365023749757
3.3200000000000002842 0.00079864238581008344022 -0.00071269172406842066971
3.3300000000000000711 0.00079879097674221809927 -0.00071483916607632379953
3.3399999999999998579 0.00079892902412355296191 -0.00069898639029959566769
3.3500000000000000888 0.00079905673003041071713 -0.00071910262151605335891
3.3599999999999998757 0.0007991742908087687107 -0.0006872385432542429777
3.3700000000000001066 0.00079928189729618634787 -0.00069334270296896602717
3.3799999999999998934 0.00079937973503291953094 -0.00065746119223803627975
3.3900000000000001243 0.00079946798446285389627 -0.00069552764848735966052
3.3999999999999999112 0.00079954682112484166956 -0.00068161451306705291009
3.4100000000000001421 0.00079961641583499833488 -0.00069367722150777801418
3.4199999999999999289 0.00079967693486046771689 -0.00070373201046400497838
3.4300000000000001599 0.0007997285400851327419 -0.00066380656506947013137
3.4399999999999999467 0.00079977138916772811013 -0.00067984023003417087989
3.4500000000000001776 0.00079980563569276199708 -0.00066788136282863632808
3.4599999999999999645 0.00079983142931464978193 -0.0006599117375955350015
3.4700000000000001954 0.00079984891589541758962 -0.00066192807525207127996
3.4799999999999999822 0.00079985823763632747044 -0.00064794543946260186543
3.4900000000000002132 0.00079985953320374253862 -0.00064195016725079640137
3.5 0.00079985293784953196035 -0.00065593554397888023839
3.5100000000000002309 0.00079983858352630961015 -0.00061794299011222648694
3.5200000000000000178 0.00079981659899776042389 -0.00062791527551443499129
3.5300000000000002487 0.00079978710994431899406 -0.00062188921868177281238
3.5400000000000000355 0.00079975023906442288535 -0.00063584431988417122739
3.5500000000000002665 0.0007997061061715727984 -0.0006118139595301842629
3.5600000000000000533 0.00079965482828740590531 -0.00061576038379755431134
3.5700000000000002842 0.00079959651973097567012 -0.00061570207524112407615
3.5800000000000000711 0.00079953129220442723923 -0.00061363799663880717449
3.5899999999999998579 0.00079945925487524675292 -0.00058358316406926916999
3.6000000000000000888 0.00079938051445524688308 -0.00061748492104116375987
3.6099999999999998757 0.00079929517527647410413 -0.00059141450332548563262
3.6200000000000001066 0.00079920333936425746492 -0.00060131692279211134723
3.6299999999999998934 0.00079910510650787244108 -0.0005952221367084209111
3.6400000000000001243 0.00079900057433013164411 -0.00056913251144185953746
3.6499999999999999112 0.00079888983836022857063 -0.00054503554801081958645
3.6600000000000001421 0.00079877299212383458607 -0.00057490149701478312008
3.6699999999999999289 0.00079865012729425969261 -0.00057277978110943975586
3.6800000000000001599 0.00079852133403461990433 -0.00052267965274792728501
3.6899999999999999467 0.00079838670189579647157 -0.00052054616953333538148
3.7000000000000001776 0.00079824632223681097915 -0.00048642532158628588607
3.7099999999999999645 0.00079810029458164384684 -0.00046828960514537206015
3.7200000000000001954 0.00079794874258368034877 -0.00054809215438580841454
3.7299999999999999822 0.00079779185210202983782 -0.00048397197127190581725
3.7400000000000002132 0.00079762995718964579874 -0.00048780780761488917643
3.75 0.00079746372361294982477 -0.00049963468049280402705
3.7600000000000002309 0.00079729451837278408292 -0.00052545056834145886186
3.7700000000000000178 0.00079712511029202993973 -0.00049130066286881025894
3.7800000000000002487 0.00079696091767816575665 -0.00043316973084999956444
3.7900000000000000355 0.00079681208875270856558 -0.00044301515730338467298
3.8000000000000002665 0.00079669673547572931321 -0.00042491014434448923795
3.8100000000000000533 0.00079664558961724718424 -0.00037288881230836590144
3.8200000000000002842 0.00079670815163019985394 -0.00041692615619588584142
3.8300000000000000711 0.00079696001650832225607 -0.00039319177906095613764
3.8399999999999998579 0.00079751050156364898438 -0.00037775145551013509983
3.8500000000000000888 0.00079850907699696585876 -0.00039074313739806274459
3.8599999999999998757 0.00080014862083917063802 -0.00042036662540485662549
3.8700000000000001066 0.00080266345305489081308 -0.00040689061991059863191
3.8799999999999998934 0.00080632067424178720336 -0.00037656734370560050826
3.8900000000000001243 0.0008114045947952569374 -0.00036566045565292242198
3.8999999999999999112 0.00081819577403859436449 -0.00038644359242663914441
3.9100000000000001421 0.00082694791578630656541 -0.00033722899476940483392
3.9199999999999999289 0.00083786698441111581888 -0.00037613200755880313482
3.9300000000000001599 0.00085109692591236010047 -0.00038936194906004741641
3.9399999999999999467 0.0008667151600348009478 -0.00041297561658939265774
3.9500000000000001776 0.00088473885989826352768 -0.00033505440660830767326
3.9599999999999999645 0.00090514061891778510235 -0.00036744927208244007252
3.9700000000000001954 0.00092787018326508075537 -0.00035419945885824233832
3.9799999999999999822 0.00095287805992950178405 -0.00036521537799228407165
3.9900000000000002132 0.00098013714774460849663 -0.00037848250827701148888
4 0.0010096598138030253924 -0.00041799942971427073851
4.0099999999999997868 0.0010415095241385050918 -0.00037789044311442457694
4.0200000000000004619 0.0010758076908439330802 -0.00036221727471797988268
4.0300000000000002487 0.0011127374573778889624 -0.00042513216344458679835
4.0400000000000000355 0.0011525466239495512667 -0.00043096080352052418619
4.0499999999999998224 0.0011955519855785118073 -0.00041200172359300121956
4.0600000000000004974 0.0012421473799941813894 -0.00047059028267094253975
4.0700000000000002842 0.0012928182707699789698 -0.00040132999248531004734
4.0800000000000000711 0.0013481676122846560778 -0.00034074585519009402412
4.0899999999999998579 0.0014089626895398767344 -0.00034357425124802881168
4.0999999999999996447 0.0014762236651694672813 -0.00018696367356090719605
4.1100000000000003197 0.0015513970450234573339 -9.4233446635024311136e-05
4.1200000000000001066 0.0016366992310886268897 2.4347293443512194738e-05
4.1299999999999998934 0.0017357860695600031697 0.00013913775291000572351
4.1399999999999996803 0.0018550086987156634566 0.00037970866663863652238
4.1500000000000003553 0.0020056418013713658149 0.00073078741683146311234
4.1600000000000001421 0.0022075679427221083992 0.001176489722521636451
4.1699999999999999289 0.00249486266709813111 0.0017367085527633763058
4.1799999999999997158 0.0029233782433859710134 0.0022996235757179852091
4.1900000000000003908 0.0035795784547357494161 0.0029726604939074590013
4.2000000000000001776 0.0045884398347622893863 0.0040725890942924477048
4.2099999999999999645 0.0061163982488753633471 0.0052230929843542772684
4.2199999999999997513 0.0083637390265174620801 0.0058640945723346972474
4.2300000000000004263 0.011540636049661337492 0.00695274807318717325
4.2400000000000002132 0.01582352093951989655 0.0070893278012962232526
4.25 0.021294313769212223908 0.0071213754756541472468
4.2599999999999997868 0.027873513576577715195 0.0060070405630363969685
4.2700000000000004619 0.035266495634871927733 0.004224837432545210103
4.2800000000000002487 0.042946372528818013703 0.0015221011142464851984
4.2900000000000000355 0.050192482979759180106 -0.0004650281982268925085
4.2999999999999998224 0.056189701775468607614 -0.0024005778826844889617
4.3100000000000004974 0.060173521076806742169 -0.0043715520552479805727
4.3200000000000002842 0.061586626274687916727 -0.0055727776421138353058
4.3300000000000000711 0.060203175033582051467 -0.0059243319287427334552
4.3399999999999998579 0.056182857597367935609 -0.0043166279738117985243
4.3500000000000005329 0.050037290080190359454 -0.003212167991996466021
4.3600000000000003197 0.042518832299871675562 -0.00084675154463791785231
4.3700000000000001066 0.034465560858209620676 0.0010260658514900100613
4.3799999999999998934 0.026646731990765386289 0.0026424558727037340822
4.3899999999999996803 0.019647587905858417134 0.0039948421761051219891
4.4000000000000003553 0.013814769388370316122 0.0044827277947141752623
4.4100000000000001421 0.0092622673185391874578 0.0042959500057773124249
4.4199999999999999289 0.0059211529122894547561 0.0038832197634274222275
4.4299999999999997158 0.0036090347092626994668 0.0031031123254419857443
4.4400000000000003908 0.00209727642121111061 0.0025480572041651147752
4.4500000000000001776 0.001161948513431525264 0.0018603166414368386365
4.4599999999999999645 0.00061372473737710485885 0.0013571440531451133254
4.4699999999999997513 0.00030903423206838747913 0.000952241844479413636
4.4800000000000004263 0.00014834668958466440077 0.00057723683299589964839
4.4900000000000002132 6.788607202486889123e-05 0.0003878523224963079238
4.5 2.9614829709113681849e-05 0.00017027043793880089983
4.5099999999999997868 1.2315683098336887853e-05 9.7621213380420421811e-05
4.5200000000000004619 4.8822959103099204849e-06 4.9086726791184483718e-05
4.5300000000000002487 1.845024704293436728e-06 4.4128586418169464306e-05
4.5400000000000000355 6.6464447407788629868e-07 9.3296190902167828432e-06
4.5499999999999998224 2.2823527034267173688e-07 1.376373317397304772e-05
4.5600000000000004974 7.4710152993509435771e-08 1.924142514390689484e-06
4.5700000000000002842 2.3311898579652145733e-08 5.9732458761992693886e-06
4.5800000000000000711 6.9338542972435406773e-09 3.9907714804711543104e-06
4.5899999999999998579 1.9659340083589695448e-09 -1.9659340083589695448e-09
4.6000000000000005329 5.3132299868233034555e-10 -5.3132299868233034555e-10
4.6100000000000003197 1.3688069827419331147e-10 -1.3688069827419331147e-10
4.6200000000000001066 3.3613855778960787452e-11 -3.3613855778960787452e-11
4.6299999999999998934 7.8683869421615706958e-12 1.9988447989972566868e-06
4.6399999999999996803 1.7556712072665314836e-12 -1.7556712072665314836e-12
4.6500000000000003553 3.734132382084984933e-13 -3.734132382084984933e-13
4.6600000000000001421 7.570495627490123788e-14 -7.570495627490123788e-14
4.6699999999999999289 1.4630059976117872044e-14 -1.4630059976117872044e-14
4.6799999999999997158 2.6949721042441127939e-15 -2.6949721042441127939e-15
4.6900000000000003908 4.7320362441487338468e-16 -4.7320362441487338468e-16
4.7000000000000001776 7.9200290571719379997e-17 1.9988526673049987451e-06
4.7099999999999999645 1.2635422469273841924e-17 1.9988526673715632528e-06
4.7199999999999997513 1.9214825353896824619e-18 -1.9214825353896824619e-18
4.7300000000000004263 2.7852632053790431188e-19 -2.7852632053790431188e-19
4.7400000000000002132 3.8483862275460261916e-20 -3.8483862275460261916e-20
4.75 5.0684269183233770676e-21 -5.0684269183233770676e-21
4.7599999999999997868 6.3628165651371714313e-22 -6.3628165651371714313e-22
4.7700000000000004619 7.6138948323700517355e-23 -7.6138948323700517355e-23
4.7800000000000002487 8.6845077480503229444e-24 -8.6845077480503229444e-24
4.7900000000000000355 9.4420008060727705638e-25 -9.4420008060727705638e-25
4.7999999999999998224 9.7850490174774604297e-26 -9.7850490174774604297e-26
4.8100000000000004974 9.6658888794408072711e-27 -9.6658888794408072711e-27
4.8200000000000002842 9.1012302990818180006e-28 -9.1012302990818180006e-28
4.8300000000000000711 8.1684119873668403487e-29 -8.1684119873668403487e-29
4.8399999999999998579 6.9880196164142786386e-30 -6.9880196164142786386e-30
4.8500000000000005329 5.6983522319813729894e-31 -5.6983522319813729894e-31
4.8600000000000003197 4.4291757805932217433e-32 -4.4291757805932217433e-32
4.8700000000000001066 3.2815177834247031975e-33 -3.2815177834247031975e-33
4.8799999999999998934 2.3174192470110100762e-34 -2.3174192470110100762e-34
4.8899999999999996803 1.5599556519188598679e-35 1.9988526673841988668e-06
4.9000000000000003553 1.0009156799801350055e-36 -1.0009156799801350055e-36
4.9100000000000001421 6.1215323049265277347e-38 -6.1215323049265277347e-38
4.9199999999999999289 3.5686177676224699716e-39 -3.5686177676224699716e-39
4.9299999999999997158 1.9829738510998570579e-40 -1.9829738510998570579e-40
4.9400000000000003908 1.0502939088617350805e-41 -1.0502939088617350805e-41
4.9500000000000001776 5.3025095445158587284e-43 -5.3025095445158587284e-43
4.9599999999999999645 2.5516945012336283564e-44 -2.5516945012336283564e-44
4.9699999999999997513 1.1704486473347560389e-45 -1.1704486473347560389e-45
4.9800000000000004263 5.1174355873627607152e-47 -5.1174355873627607152e-47
4.9900000000000002132 2.1326943251870506346e-48 -2.1326943251870506346e-48
5 8.4719020863809569497e-50 -8.4719020863809569497e-50
5.0099999999999997868 3.2078142479140508724e-51 -3.2078142479140508724e-51
5.0200000000000004619 1.1577461748642253853e-52 -1.1577461748642253853e-52
5.0300000000000002487 3.9828435700789366713e-54 -3.9828435700789366713e-54
5.0400000000000000355 1.3060168908287984104e-55 -1.3060168908287984104e-55
5.0499999999999998224 4.0820647544376437115e-57 -4.0820647544376437115e-57
5.0600000000000004974 1.2161480373265301687e-58 -1.2161480373265301687e-58
5.0700000000000002842 3.4535708026887072439e-60 -3.4535708026887072439e-60
5.0800000000000000711 9.3481476926063382044e-62 -9.3481476926063382044e-62
5.0899999999999998579 2.4118925912740092414e-63 -2.4118925912740092414e-63
5.1000000000000005329 5.9315128895342786461e-65 -5.9315128895342786461e-65
5.1100000000000003197 1.3904264894894782226e-66 -1.3904264894894782226e-66
5.1200000000000001066 3.1067446056429242635e-68 -3.1067446056429242635e-68
5.1299999999999998934 6.6166470142741110083e-70 -6.6166470142741110083e-70
5.1399999999999996803 1.3432139845919876777e-71 -1.3432139845919876777e-71
5.1500000000000003553 2.5991252072768064169e-73 -2.5991252072768064169e-73
5.1600000000000001421 4.7938439402059582978e-75 -4.7938439402059582978e-75
5.1699999999999999289 8.4278192864327322077e-77 -8.4278192864327322077e-77
5.1799999999999997158 1.4122809794006111872e-78 -1.4122809794006111872e-78
5.1900000000000003908 2.2558048204023947163e-80 -2.2558048204023947163e-80
5.2000000000000001776 3.434443607829099606e-82 -3.434443607829099606e-82
5.2099999999999999645 4.9840875749089339411e-84 -4.9840875749089339411e-84
5.2199999999999997513 6.894285956551240127e-86 -6.894285956551240127e-86
5.2300000000000004263 9.0900699239106238265e-88 -9.0900699239106238265e-88
5.2400000000000002132 1.1424031960636149505e-89 -1.1424031960636149505e-89
5.25 1.3685031522311951627e-91 -1.3685031522311951627e-91
5.2599999999999997868 1.5625947338459395978e-93 -1.5625947338459395978e-93
5.2700000000000004619 1.7006738266550193567e-95 -1.7006738266550193567e-95
5.2800000000000002487 1.7642891942281822494e-97 -1.7642891942281822494e-97
5.2900000000000000355 1.7445866849745907496e-99 -1.7445866849745907496e-99
5.2999999999999998224 1.6443313077875932676e-101 -1.6443313077875932676e-101
5.3100000000000004974 1.4772705902172004813e-103 -1.4772705902172004813e-103
5.3200000000000002842 1.2650412705237998068e-105 -1.2650412705237998068e-105
5.3300000000000000711 1.0325788271748488753e-107 -1.0325788271748488753e-107
5.3399999999999998579 8.0336994640303081027e-110 1.9988526673841988668e-06
5.3500000000000005329 5.9577428684202484784e-112 -5.9577428684202484784e-112
5.3600000000000003197 4.2113535773254742074e-114 -4.2113535773254742074e-114
5.3700000000000001066 2.8374969177965354889e-116 -2.8374969177965354889e-116
5.3799999999999998934 1.8223122836185485519e-118 -1.8223122836185485519e-118
5.3899999999999996803 1.1155367628972540079e-120 -1.1155367628972540079e-120
5.4000000000000003553 6.5090652053518838334e-123 -6.5090652053518838334e-123
5.4100000000000001421 3.6201534396165875133e-125 -3.6201534396165875133e-125
5.4199999999999999289 1.9191500321455398126e-127 -1.9191500321455398126e-127
5.4299999999999997158 9.6976039188498790201e-130 -9.6976039188498790201e-130
5.4400000000000003908 4.6708239155836091815e-132 -4.6708239155836091815e-132
5.4500000000000001776 2.1443519180392033373e-134 -2.1443519180392033373e-134
5.4599999999999999645 9.3836567480492100631e-137 -9.3836567480492100631e-137
5.4699999999999997513 3.914007265725945954e-139 -3.914007265725945954e-139
5.4800000000000004263 1.5561253586614077873e-141 -1.5561253586614077873e-141
5.4900000000000002132 5.8971333311490044936e-144 -5.8971333311490044936e-144
5.5 2.1301525464604638837e-146 -2.1301525464604638837e-146
5.5099999999999997868 7.3342183177690089707e-149 -7.3342183177690089707e-149
5.5200000000000004619 2.4069679569791619446e-151 -2.4069679569791619446e-151
5.5300000000000002487 7.529395500821364362e-154 -7.529395500821364362e-154
5.5400000000000000355 2.2450355224741750821e-156 -2.2450355224741750821e-156
5.5499999999999998224 6.3805719346510449309e-159 1.9988526673841988668e-06
5.5600000000000004974 1.7284995347465772892e-161 1.9988526673841988668e-06
5.5700000000000002842 4.4632598382474214423e-164 -4.4632598382474214423e-164
5.5800000000000000711 1.0985208453122688997e-166 -1.0985208453122688997e-166
5.5899999999999998579 2.5771378120654775649e-169 -2.5771378120654775649e-169
5.6000000000000005329 5.7628879404978038844e-172 -5.7628879404978038844e-172
5.6100000000000003197 1.2283323230885726366e-174 -1.2283323230885726366e-174
5.6200000000000001066 2.4955411894363380826e-177 -2.4955411894363380826e-177
5.6299999999999998934 4.8326655948081821039e-180 -4.8326655948081821039e-180
5.6399999999999996803 8.9203494902515211353e-183 -8.9203494902515211353e-183
5.6500000000000003553 1.5694594635125957494e-185 -1.5694594635125957494e-185
5.6600000000000001421 2.632033594922256527e-188 -2.632033594922256527e-188
5.6699999999999999289 4.2073227645014237213e-191 3.9977053347683977336e-06
5.6799999999999997158 6.4105205084827849936e-194 -6.4105205084827849936e-194
5.6900000000000003908 9.3100884051975704683e-197 -9.3100884051975704683e-197
5.7000000000000001776 1.2888054052804318745e-199 -1.2888054052804318745e-199
5.7099999999999999645 1.7005676445256146852e-202 -1.7005676445256146852e-202
5.7199999999999997513 2.1388162748129427416e-205 -2.1388162748129427416e-205
5.7300000000000004263 2.564047346215198914e-208 -2.564047346215198914e-208
5.7400000000000002132 2.9298917809843650775e-211 -2.9298917809843650775e-211
5.75 3.1911710588109071704e-214 -3.1911710588109071704e-214
5.7599999999999997868 3.3130008195276737725e-217 -3.3130008195276737725e-217
5.7700000000000004619 3.2784302114583543601e-220 -3.2784302114583543601e-220
5.7800000000000002487 3.0923117613857512839e-223 -3.0923117613857512839e-223
5.7900000000000000355 2.7801838659255166925e-226 -2.7801838659255166925e-226
5.7999999999999998224 2.3825206361900331342e-229 -2.3825206361900331342e-229
5.8100000000000004974 1.9461338999707692423e-232 -1.9461338999707692423e-232
5.8200000000000002842 1.5152407725955737612e-235 1.9988526673841988668e-06
5.8300000000000000711 1.1245103336050433047e-238 -1.1245103336050433047e-238
5.8399999999999998579 7.9545957777178837845e-242 -7.9545957777178837845e-242
5.8500000000000005329 5.36346722933675598e-245 1.9988526673841988668e-06
5.8600000000000003197 3.4470373463388660621e-248 -3.4470373463388660621e-248
5.8700000000000001066 2.1116365822398629564e-251 -2.1116365822398629564e-251
5.8799999999999998934 1.2330059913638593742e-254 1.9988526673841988668e-06
5.8899999999999996803 6.8625260855442534255e-258 -6.8625260855442534255e-258
5.9000000000000003553 3.640622357543153832e-261 -3.640622357543153832e-261
5.9100000000000001421 1.8409417550229353603e-264 -1.8409417550229353603e-264
5.9199999999999999289 8.8731382529133744247e-268 -8.8731382529133744247e-268
5.9299999999999997158 4.0764979028872639441e-271 -4.0764979028872639441e-271
5.9400000000000003908 1.7851304749228826006e-274 1.9988526673841988668e-06
5.9500000000000001776 7.4511869912675714956e-278 -7.4511869912675714956e-278
5.9599999999999999645 2.9645153914881128198e-281 -2.9645153914881128198e-281
5.9699999999999997513 1.1242287755172183679e-284 -1.1242287755172183679e-284
5.9800000000000004263 4.0637634257558531317e-288 -4.0637634257558531317e-288
5.9900000000000002132 1.4001509577735515098e-291 -1.4001509577735515098e-291
6 4.5982652816001690933e-295 -4.5982652816001690933e-295
6.0099999999999997868 1.4394145641833539743e-298 -1.4394145641833539743e-298
6.0200000000000004619 4.2948743586518131376e-302 -4.2948743586518131376e-302
6.0300000000000002487 1.2214838472251585006e-305 -1.2214838472251585006e-305
6.0400000000000000355 3.3112935209224688845e-309 -3.3112935209224688845e-309
6.0499999999999998224 8.5561878247007093782e-313 -8.5561878247007093782e-313
6.0600000000000004974 2.1073448690928877417e-316 -2.1073448690928877417e-316
6.0700000000000002842 4.9470793118084016468e-320 -4.9470793118084016468e-320
6.0800000000000000711 9.8813129168249308835e-324 -9.8813129168249308835e-324
6.0899999999999998579 0 0
6.1000000000000005329 0 0
6.1100000000000003197 0 0
6.1200000000000001066 0 0
6.1299999999999998934 0 0
6.1400000000000005684 0 0
6.1500000000000003553 0 0
6.1600000000000001421 0 0
6.1699999999999999289 0 0
6.1799999999999997158 0 0
6.1900000000000003908 0 0
6.2000000000000001776 0 0
6.2099999999999999645 0 0
6.2199999999999997513 0 0
6.2300000000000004263 0 0
6.2400000000000002132 0 0
6.25 0 0
6.2599999999999997868 0 0
6.2700000000000004619 0 0
6.2800000000000002487 0 0
6.2900000000000000355 0 0
6.2999999999999998224 0 0
6.3100000000000004974 0 0
6.3200000000000002842 0 0
6.3300000000000000711 0 0
6.3399999999999998579 0 0
6.3500000000000005329 0 0
6.3600000000000003197 0 0
6.3700000000000001066 0 0
6.3799999999999998934 0 0
6.3900000000000005684 0 0
6.4000000000000003553 0 0
6.4100000000000001421 0 0
6.4199999999999999289 0 1.9988526673841988668e-06
6.4299999999999997158 0 0
6.4400000000000003908 0 0
6.4500000000000001776 0 0
6.4599999999999999645 0 0
6.4699999999999997513 0 0
6.4800000000000004263 0 0
6.4900000000000002132 0 0
6.5 0 0
6.5099999999999997868 0 0
6.5200000000000004619 0 0
6.5300000000000002487 0 0
6.5400000000000000355 0 0
6.5499999999999998224 0 0
6.5600000000000004974 0 0
6.5700000000000002842 0 0
6.5800000000000000711 0 0
6.5899999999999998579 0 0
6.6000000000000005329 0 0
6.6100000000000003197 0 0
6.6200000000000001066 0 0
6.6299999999999998934 0 0
6.6400000000000005684 0 0
6.6500000000000003553 0 0
6.6600000000000001421 0 0
6.6699999999999999289 0 0
6.6799999999999997158 0 0
6.6900000000000003908 0 1.9988526673841988668e-06
6.7000000000000001776 0 1.9988526673841988668e-06
6.7099999999999999645 0 0
6.7199999999999997513 0 0
6.7300000000000004263 0 1.9988526673841988668e-06
6.7400000000000002132 0 1.9988526673841988668e-06
6.75 0 0
6.7599999999999997868 0 0
6.7700000000000004619 0 0
6.7800000000000002487 0 0
6.7900000000000000355 0 0
6.7999999999999998224 0 0
6.8100000000000004974 0 0
6.8200000000000002842 0 0
6.8300000000000000711 0 3.9977053347683977336e-06
6.8399999999999998579 0 3.9977053347683977336e-06
6.8500000000000005329 0 0
6.8600000000000003197 0 0
6.8700000000000001066 0 0
6.8799999999999998934 0 0
6.8900000000000005684 0 1.9988526673841988668e-06
6.9000000000000003553 0 0
6.9100000000000001421 0 0
6.9199999999999999289 0 0
6.9299999999999997158 0 1.9988526673841988668e-06
6.9400000000000003908 0 0
6.9500000000000001776 0 0
6.9599999999999999645 0 0
6.9699999999999997513 0 1.9988526673841988668e-06
6.9800000000000004263 0 1.9988526673841988668e-06
6.9900000000000002132 0 0
7 0 0
7.0099999999999997868 0 0
7.0200000000000004619 0 0
7.0300000000000002487 0 0
7.0400000000000000355 0 0
7.0499999999999998224 0 0
7.0600000000000004974 0 0
7.0700000000000002842 0 1.9988526673841988668e-06
7.0800000000000000711 0 0
7.0899999999999998579 0 0
7.1000000000000005329 0 0
7.1100000000000003197 0 1.9988526673841988668e-06
7.1200000000000001066 0 0
7.1299999999999998934 0 0
7.1400000000000005684 0 0
7.1500000000000003553 0 0
7.1600000000000001421 0 0
7.1699999999999999289 0 0
7.1799999999999997158 0 0
7.1900000000000003908 0 0
7.2000000000000001776 0 0
7.2099999999999999645 0 0
7.2199999999999997513 0 1.9988526673841988668e-06
7.2300000000000004263 0 0
7.2400000000000002132 0 1.9988526673841988668e-06
7.25 0 0
7.2599999999999997868 0 0
7.2700000000000004619 0 0
7.2800000000000002487 0 0
7.2900000000000000355 0 0
7.2999999999999998224 0 1.9988526673841988668e-06
7.3100000000000004974 0 0
7.3200000000000002842 0 0
7.3300000000000000711 0 0
7.3399999999999998579 0 0
7.3500000000000005329 0 1.9988526673841988668e-06
7.3600000000000003197 0 0
7.3700000000000001066 0 0
7.3799999999999998934 0 0
7.3900000000000005684 0 0
7.4000000000000003553 0 1.9988526673841988668e-06
7.4100000000000001421 0 0
7.4199999999999999289 0 0
7.4299999999999997158 0 0
7.4400000000000003908 0 0
7.4500000000000001776 0 0
7.4599999999999999645 0 0
7.4699999999999997513 0 0
7.4800000000000004263 0 0
7.4900000000000002132 0 0
7.5 0 0
7.5099999999999997868 0 0
7.5200000000000004619 0 0
7.5300000000000002487 0 0
7.5400000000000000355 0 0
7.5499999999999998224 0 0
7.5600000000000004974 0 0
7.5700000000000002842 0 0
7.5800000000000000711 0 0
7.5899999999999998579 0 0
7.6000000000000005329 0 0
7.6100000000000003197 0 0
7.6200000000000001066 0 0
7.6299999999999998934 0 0
7.6400000000000005684 0 0
7.6500000000000003553 0 1.9988526673841988668e-06
7.6600000000000001421 0 0
7.6699999999999999289 0 0
7.6799999999999997158 0 0
7.6900000000000003908 0 0
7.7000000000000001776 0 0
7.7099999999999999645 0 0
7.7199999999999997513 0 0
7.7300000000000004263 0 0
7.7400000000000002132 0 0
7.75 0 0
7.7599999999999997868 0 0
7.7700000000000004619 0 0
7.7800000000000002487 0 0
7.7900000000000000355 0 0
7.7999999999999998224 0 0
7.8100000000000004974 0 0
7.8200000000000002842 0 0
7.8300000000000000711 0 0
7.8399999999999998579 0 0
7.8500000000000005329 0 0
7.8600000000000003197 0 0
7.8700000000000001066 0 0
7.8799999999999998934 0 0
7.8900000000000005684 0 0
7.9000000000000003553 0 0
7.9100000000000001421 0 0
7.9199999999999999289 0 0
7.930000000000000604 0 0
7.9400000000000003908 0 0
7.9500000000000001776 0 0
7.9599999999999999645 0 0
7.9699999999999997513 0 1.9988526673841988668e-06
7.9800000000000004263 0 0
7.9900000000000002132 0 0
8 0 0
8.0099999999999997868 0 0
8.0199999999999995737 0 0
8.0299999999999993605 0 0
8.0400000000000009237 0 3.9977053347683977336e-06
8.0500000000000007105 0 1.9988526673841988668e-06
8.0600000000000004974 0 0
8.0700000000000002842 0 0
8.0800000000000000711 0 1.9988526673841988668e-06
8.0899999999999998579 0 0
8.0999999999999996447 0 0
8.1099999999999994316 0 3.9977053347683977336e-06
8.1200000000000009948 0 0
8.1300000000000007816 0 0
8.1400000000000005684 0 0
8.1500000000000003553 0 1.9988526673841988668e-06
8.1600000000000001421 0 1.9988526673841988668e-06
8.1699999999999999289 0 0
8.1799999999999997158 0 0
8.1899999999999995026 0 0
8.1999999999999992895 0 1.9988526673841988668e-06
8.2100000000000008527 0 0
8.2200000000000006395 0 1.9988526673841988668e-06
8.2300000000000004263 0 1.9988526673841988668e-06
8.2400000000000002132 0 0
8.25 0 0
8.2599999999999997868 0 0
8.2699999999999995737 0 1.9988526673841988668e-06
8.2799999999999993605 0 0
8.2900000000000009237 0 0
8.3000000000000007105 0 0
8.3100000000000004974 0 3.9977053347683977336e-06
8.3200000000000002842 0 0
8.3300000000000000711 0 0
8.3399999999999998579 0 0
8.3499999999999996447 0 0
8.3599999999999994316 0 0
8.3700000000000009948 0 0
8.3800000000000007816 0 0
8.3900000000000005684 0 0
8.4000000000000003553 0 0
8.4100000000000001421 0 0
8.4199999999999999289 0 1.9988526673841988668e-06
8.4299999999999997158 0 5.9965577747789211571e-06
8.4399999999999995026 0 0
8.4499999999999992895 0 5.9965577747789211571e-06
8.4600000000000008527 0 0
8.4700000000000006395 0 1.9988526673841988668e-06
8.4800000000000004263 0 1.9988526673841988668e-06
8.4900000000000002132 0 9.9942635642946697772e-06
8.5 0 0
8.5099999999999997868 0 3.9977053347683977336e-06
8.5199999999999995737 0 3.9977053347683977336e-06
8.5299999999999993605 0 1.199311554955784062e-05
8.5400000000000009237 0 9.9942635642946697772e-06
8.5500000000000007105 0 1.199311554955784062e-05
8.5600000000000004974 0 7.9954106695367954671e-06
8.5700000000000002842 0 1.199311554955784062e-05
8.5800000000000000711 0 1.5990821339073590934e-05
8.5899999999999998579 0 1.199311554955784062e-05
8.5999999999999996447 0 9.9942635642946697772e-06
8.6099999999999994316 0 2.398623109911568124e-05
8.6200000000000009948 0 1.5990821339073590934e-05
8.6300000000000007816 0 2.5985083993873558939e-05
8.6400000000000005684 0 1.199311554955784062e-05
8.6500000000000003553 0 1.5990821339073590934e-05
8.6600000000000001421 0 2.5985083993873558939e-05
8.6699999999999999289 0 9.9942635642946697772e-06
8.6799999999999997158 0 2.5985083993873558939e-05
8.6899999999999995026 0 9.9942635642946697772e-06
8.7000000000000010658 0 1.5990821339073590934e-05
8.7100000000000008527 0 7.9954106695367954671e-06
8.7200000000000006395 0 1.5990821339073590934e-05
8.7300000000000004263 0 3.9977053347683977336e-06
8.7400000000000002132 0 3.9977053347683977336e-06
8.75 0 5.9965577747789211571e-06
8.7599999999999997868 0 3.9977053347683977336e-06
8.7699999999999995737 0 9.9942635642946697772e-06
8.7799999999999993605 0 7.9954106695367954671e-06
8.7900000000000009237 0 0
8.8000000000000007105 0 1.9988526673841988668e-06
8.8100000000000004974 0 3.9977053347683977336e-06
8.8200000000000002842 0 1.9988526673841988668e-06
8.8300000000000000711 0 1.9988526673841988668e-06
8.8399999999999998579 0 0
8.8499999999999996447 0 0
8.8599999999999994316 0 1.9988526673841988668e-06
8.8700000000000009948 0 0
8.8800000000000007816 0 0
8.8900000000000005684 0 0
8.9000000000000003553 0 0
8.9100000000000001421 0 0
8.9199999999999999289 0 0
8.9299999999999997158 0 0
8.9399999999999995026 0 0
8.9500000000000010658 0 0
8.9600000000000008527 0 0
8.9700000000000006395 0 0
8.9800000000000004263 0 0
8.9900000000000002132 0 0
9 0 0
9.0099999999999997868 0 0
9.0199999999999995737 0 0
9.0299999999999993605 0 0
9.0400000000000009237 0 0
9.0500000000000007105 0 0
9.0600000000000004974 0 0
9.0700000000000002842 0 0
9.0800000000000000711 0 0
9.0899999999999998579 0 0
9.0999999999999996447 0 0
9.1099999999999994316 0 0
9.1200000000000009948 0 0
9.1300000000000007816 0 0
9.1400000000000005684 0 0
9.1500000000000003553 0 0
9.1600000000000001421 0 0
9.1699999999999999289 0 0
9.1799999999999997158 0 0
9.1899999999999995026 0 0
9.2000000000000010658 0 0
9.2100000000000008527 0 0
9.2200000000000006395 0 0
9.2300000000000004263 0 0
9.2400000000000002132 0 0
9.25 0 0
9.2599999999999997868 0 0
9.2699999999999995737 0 0
9.2799999999999993605 0 0
9.2900000000000009237 0 0
9.3000000000000007105 0 0
9.3100000000000004974 0 0
9.3200000000000002842 0 0
9.3300000000000000711 0 0
9.3399999999999998579 0 0
9.3499999999999996447 0 0
9.3599999999999994316 0 0
9.3700000000000009948 0 0
9.3800000000000007816 0 0
9.3900000000000005684 0 0
9.4000000000000003553 0 0
9.4100000000000001421 0 0
9.4199999999999999289 0 0
9.4299999999999997158 0 0
9.4399999999999995026 0 0
9.4500000000000010658 0 0
9.4600000000000008527 0 0
9.4700000000000006395 0 0
9.4800000000000004263 0 0
9.4900000000000002132 0 0
9.5 0 0
9.5099999999999997868 0 0
9.5199999999999995737 0 0
9.5299999999999993605 0 0
9.5400000000000009237 0 0
9.5500000000000007105 0 0
9.5600000000000004974 0 0
9.5700000000000002842 0 0
9.5800000000000000711 0 0
9.5899999999999998579 0 0
9.5999999999999996447 0 0
9.6099999999999994316 0 0
9.6200000000000009948 0 0
9.6300000000000007816 0 0
9.6400000000000005684 0 0
9.6500000000000003553 0 0
9.6600000000000001421 0 0
9.6699999999999999289 0 0
9.6799999999999997158 0 0
9.6899999999999995026 0 0
9.7000000000000010658 0 0
9.7100000000000008527 0 0
9.7200000000000006395 0 0
9.7300000000000004263 0 0
9.7400000000000002132 0 0
9.75 0 0
9.7599999999999997868 0 0
9.7699999999999995737 0 0
9.7799999999999993605 0 0
9.7900000000000009237 0 0
9.8000000000000007105 0 0
9.8100000000000004974 0 0
9.8200000000000002842 0 0
9.8300000000000000711 0 0
9.8399999999999998579 0 0
9.8499999999999996447 0 0
9.8599999999999994316 0 0
9.8700000000000009948 0 0
9.8800000000000007816 0 0
9.8900000000000005684 0 0
9.9000000000000003553 0 0
9.9100000000000001421 0 0
9.9199999999999999289 0 0
9.9299999999999997158 0 0
9.9399999999999995026 0 0
9.9500000000000010658 0 0
9.9600000000000008527 0 0
9.9700000000000006395 0 0
9.9800000000000004263 0 0
9.9900000000000002132 0 0
10 0 0
10.009999999999999787 0 0
10.019999999999999574 0 0
10.029999999999999361 0 0
10.040000000000000924 0 0
10.050000000000000711 0 0
10.060000000000000497 0 0
10.070000000000000284 0 0
10.080000000000000071 0 0
10.089999999999999858 0 0
10.099999999999999645 0 0
10.109999999999999432 0 0
10.120000000000000995 0 0
10.130000000000000782 0 0
10.140000000000000568 0 0
10.150000000000000355 0 0
10.160000000000000142 0 0
10.169999999999999929 0 0
10.179999999999999716 0 0
10.189999999999999503 0 0
10.200000000000001066 0 0
10.210000000000000853 0 0
10.220000000000000639 0 0
10.230000000000000426 0 0
