0 2.4942099181637889202e-07 -2.4942099181637889202e-07
0.010000000000000000208 3.665540821830303146e-07 -3.665540821830303146e-07
0.020000000000000000416 5.3333525069975362237e-07 -5.3333525069975362237e-07
0.02999999999999999889 7.6828350142227153607e-07 -7.6828350142227153607e-07
0.040000000000000000833 1.0957714272908136872e-06 -1.0957714272908136872e-06
0.050000000000000002776 1.547907298369674653e-06 -1.547907298369674653e-06
0.05999999999999999778 2.1706227620173512625e-06 -2.1706227620173512625e-06
0.070000000000000006661 3.0580674789235504856e-06 -3.0580674789235504856e-06
0.080000000000000001665 4.5393784728410604618e-06 -4.5393784728410604618e-06
0.089999999999999996669 7.9863562559396446917e-06 -7.9863562559396446917e-06
0.10000000000000000555 1.8432612010470546786e-05 -1.8432612010470546786e-05
0.11000000000000000056 5.0485977159390480276e-05 -5.0485977159390480276e-05
0.11999999999999999556 0.00013575821465586983099 -0.00013575821465586983099
0.13000000000000000444 0.00032053056244373028449 -0.00032053056244373028449
0.14000000000000001332 0.00063588426286601451749 -0.00063588426286601451749
0.14999999999999999445 0.0010434802074203743377 -0.00082535500170053083084
0.16000000000000000333 0.0014088026404180603937 -0.0012086877726516726331
0.17000000000000001221 0.0015631755577390777767 -0.0014471089361808027029
0.17999999999999999334 0.0014284613803567612882 -0.0013304050967519419606
0.19000000000000000222 0.0010831534431238309252 -0.0010171155348691739845
0.2000000000000000111 0.00069626411949468740639 -0.0006182193241216983777
0.20999999999999999223 0.00040260725758787147292 -0.00035658083756504483112
0.22000000000000000111 0.00024076391226566365759 -0.0001827306014865261207
0.23000000000000000999 0.00017982236938444729228 -0.00014380169347753579993
0.23999999999999999112 0.00017358446006837910153 -0.00014356722953962305672
0.25 0.00019042390274681908697 -0.00016240782067744819134
0.26000000000000000888 0.00021561324076219411409 -0.00019360060588996806956
0.27000000000000001776 0.00024389088437820678648 -0.00021787595258721044358
0.28000000000000002665 0.00027355028938543473173 -0.00026154339771962913487
0.28999999999999998002 0.00030382762248900554904 -0.00028981958145432010123
0.2999999999999999889 0.00033410626655431792734 -0.00032009822551963247952
0.30999999999999999778 0.00036374743991940118549 -0.00032572561373411514042
0.32000000000000000666 0.00039207789025829113856 -0.00035005376715423479513
0.33000000000000001554 0.00041840973059140894276 -0.00040240054109733834576
0.34000000000000002442 0.00044206711707390382912 -0.00038803610321353659059
0.35000000000000003331 0.00046241472849661299045 -0.00039437567723953911121
0.35999999999999998668 0.00047888597408162717362 -0.00043285955405880053182
0.36999999999999999556 0.0004910091529861553613 -0.0004389792894041626755
0.38000000000000000444 0.00049842988080718185137 -0.00045040231414395946394
0.39000000000000001332 0.00050092829602827869829 -0.00045089957908668175813
0.4000000000000000222 0.00049842988080718185137 -0.00044439886694681461285
0.41000000000000003109 0.0004910091529861553613 -0.00044698388324170327222
0.41999999999999998446 0.0004788859740816270652 -0.00043886300125594527449
0.42999999999999999334 0.00046241472849660247369 -0.00040838371463623523517
0.44000000000000000222 0.00044206711707354913237 -0.00039604069705072249058
0.4500000000000000111 0.00041840973058158715528 -0.00038439020495305021565
0.46000000000000001998 0.00039207789003588793377 -0.00036005951104774673978
0.47000000000000002887 0.00036374743580151232139 -0.0003177210157786856796
0.47999999999999998224 0.00033410620421069547534 -0.00030609012214132457971
0.48999999999999999112 0.00030382685070931228109 -0.0002878176612152416841
0.5 0.00027354247709184421194 -0.00024152409810370301796
0.51000000000000000888 0.00024382622259765967154 -0.00021581014052828877592
0.52000000000000001776 0.00021517561723962975442 -0.0001911618339080185607
0.53000000000000002665 0.00018800210678463963646 -0.00016398832345302844274
0.54000000000000003553 0.00016262577771118221968 -0.00013460969564181132405
0.55000000000000004441 0.00013927496840394535359 -0.00012526692736925990578
0.56000000000000005329 0.00011809017399633942036 -9.6077539124113375824e-05
0.57000000000000006217 9.9131452163590190224e-05 -8.9125708957169742547e-05
0.57999999999999996003 8.238842213777694838e-05 -6.4378084184321202207e-05
0.58999999999999996891 6.779191696215418545e-05 -5.9787322215118886954e-05
0.5999999999999999778 5.5226390012539634626e-05 -3.9217200518469030857e-05
0.60999999999999998668 4.4542276369793052954e-05 -3.8538830536890254525e-05
0.61999999999999999556 3.556765007383940418e-05 -1.9558460579768803799e-05
0.63000000000000000444 2.8118681258698570322e-05 -2.0114086511663271825e-05
0.64000000000000001332 2.2008565509103974778e-05 -1.2002822302683525407e-05
0.6500000000000000222 1.7054757019449858993e-05 -9.0501622724145604963e-06
0.66000000000000003109 1.3084476386545996948e-05 9.2356464813945255852e-07
0.67000000000000003997 9.9385761788886466171e-06 6.070613315181953764e-06
0.68000000000000004885 7.4739296532736954255e-06 5.3066509376160307101e-07
0.69000000000000005773 5.5645602937602009632e-06 -1.562262920242551715e-06
0.70000000000000006661 4.1017549502766796149e-06 5.9039882561437697565e-06
0.70999999999999996447 2.9934056983764402091e-06 7.0123375080440091624e-06
0.71999999999999997335 2.1628104684268628154e-06 1.8394869050907864328e-06
0.72999999999999998224 1.5471355186762137876e-06 1.0459756147129386459e-05
0.73999999999999999112 1.0957090836682447976e-06 8.9100341227522052092e-06
0.75 7.6827938353346461248e-07 9.2374638228869852884e-06
0.76000000000000000888 5.333350282965228884e-07 7.4712597187387759257e-06
0.77000000000000001776 3.6655407236122176411e-07 7.6380406746740767853e-06
0.78000000000000002665 2.4942099146170787991e-07 9.7563222149587409092e-06
0.79000000000000003553 1.6802927959547147579e-07 1.1838862386210129379e-05
0.80000000000000004441 1.1207117914283570749e-07 1.1894820486662764327e-05
0.81000000000000005329 7.4004806771229762849e-08 1.3934036227914218896e-05
0.82000000000000006217 4.8381900996344365543e-08 1.5960807593074255619e-05
0.83000000000000007105 3.1315758816132413997e-08 1.9980170654024767454e-05
0.83999999999999996891 2.0067809169131601624e-08 9.9856753972513184514e-06
0.8499999999999999778 1.2731922817713266811e-08 1.1994159742987886214e-05
0.85999999999999998668 7.9973304904185501235e-09 9.9977458759300308263e-06
0.86999999999999999556 4.9733966997357513554e-09 7.9996213503355624531e-06
0.88000000000000000444 3.0620915551326120653e-09 6.0003837413476650623e-06
0.89000000000000001332 1.8665526879585820657e-09 1.2005025113117641209e-05
0.9000000000000000222 1.1264692652845125687e-09 1.2005765196540316237e-05
0.91000000000000003109 6.7306258951940621187e-10 1.000507014383093079e-05
0.92000000000000003997 3.9815169506726060729e-10 -3.9815169506726060729e-10
0.93000000000000004885 2.3318397307303932647e-10 1.6008956310097527024e-05
0.94000000000000005773 1.3520907389595428808e-10 1.4007905825611553996e-05
0.95000000000000006661 7.7619347993918746764e-11 1.4007963415337454884e-05
0.95999999999999996447 4.411549476192964139e-11 1.2006847550310838094e-05
0.96999999999999997335 2.4823860953684710522e-11 1.0005718382559495496e-05
0.97999999999999998224 1.3829437547056885613e-11 8.0045809175977508383e-06
0.98999999999999999112 7.6277546723539275352e-12 1.2006884038050927104e-05
1 4.1652965589642032113e-12 1.6009185328774040838e-05
1.0100000000000000089 2.2519158115009269416e-12 1.2006889413889788423e-05
1.0200000000000000178 1.2053561408083674424e-12 8.0045935416791575345e-06
1.0300000000000000266 6.3875693953080640201e-13 6.0034451941458584622e-06
1.0400000000000000355 3.3512967991201736009e-13 1.0005742871290769424e-05
1.0500000000000000444 1.7407931744184156547e-13 1.4008040860606131651e-05
1.0600000000000000533 8.9523805569752917275e-14 8.0045946575114935285e-06
1.0700000000000000622 4.5581359812265721746e-14 6.0034457873214381555e-06
1.0800000000000000711 2.2977095244109276881e-14 1.2006891642828505099e-05
1.0900000000000000799 1.1467579693469928662e-14 1.0005743194952870098e-05
1.1000000000000000888 5.6672367879101638415e-15 1.4008041029018212942e-05
1.1100000000000000977 2.7752022782458003373e-15 8.0045947442600966888e-06
1.1200000000000001066 1.3517488764604621044e-15 8.0045947456835491091e-06
1.1300000000000001155 6.6840218538724449724e-16 6.0034458322343954131e-06
1.1400000000000001243 3.6994085522427901862e-16 4.0022973731477084556e-06
1.1500000000000001332 3.0863104194398594298e-16 1.2006891665496968545e-05
1.1599999999999999201 4.8330031104315132992e-16 8.0045947465519984374e-06
1.1699999999999999289 1.0656297156057601501e-15 1.4008041033619819378e-05
1.1799999999999999378 2.5455484086410431315e-15 6.0034458303572492763e-06
1.1899999999999999467 6.1030884423947409306e-15 4.0022973674145608699e-06
1.1999999999999999556 1.4458279054106410414e-14 1.2006891651347320431e-05
1.2099999999999999645 3.3743858242115159674e-14 8.0045947132914405011e-06
1.2199999999999999734 7.7543018097490046066e-14 1.200689158826258165e-05
1.2299999999999999822 1.7543454832153955833e-13 1.4008040859250900958e-05
1.2399999999999999911 3.9075400299999966534e-13 1.000574281566644612e-05
1.25 8.5685238658180184716e-13 1.4008040177833062747e-05
1.2600000000000000089 1.8497904670827302388e-12 2.0011468369683579825e-06
1.2700000000000000178 3.9314517936910288483e-12 8.004590815583505556e-06
1.2800000000000000266 8.226161902297624655e-12 8.0045865208733966371e-06
1.2900000000000000355 1.6945540607365172202e-11 8.0045778014946907772e-06
1.3000000000000000444 3.4365880980919483321e-11 1.2006857299924619874e-05
1.3100000000000000533 6.8614106472780224401e-11 2.0010800726523520782e-06
1.3200000000000000622 1.3486933614935945357e-10 2.0010138174226758183e-06
1.3300000000000000711 2.6099182536885829987e-10 2.0008876949334563723e-06
1.3400000000000000799 4.972267295904335761e-10 1.4007543807955858385e-05
1.3500000000000000888 9.3260106415334688754e-10 1.0004810605356295671e-05
1.3600000000000000977 1.7220716753207402607e-09 6.0017237612274772319e-06
1.3700000000000001066 3.1305483641011129258e-09 1.9980181383947238276e-06
1.3800000000000001155 5.6027789591226933605e-09 2.000588363388177611e-05
1.3900000000000001243 9.8718929596745741911e-09 1.3998169141725774092e-05
1.4000000000000001332 1.7124238331981204487e-08 7.9874705087033180629e-06
1.4099999999999999201 2.924394556689742588e-08 1.9719047411919277806e-06
1.4199999999999999289 4.9167094804412409607e-08 1.3958873939881036977e-05
1.4299999999999999378 8.1381746371800214146e-08 1.3926659288313650073e-05
1.4399999999999999467 1.3261521087459274653e-07 7.8719795361607063588e-06
1.4499999999999999556 2.1275195156780338033e-07 9.7929912548526453029e-06
1.4599999999999999645 3.3602194565056654222e-07 7.668572801384732166e-06
1.4699999999999999734 5.2248714415394943417e-07 7.4821076028813489564e-06
1.4799999999999999822 7.9982956466910154291e-07 7.2047651823661970594e-06
1.4899999999999999911 1.2054055165262416967e-06 6.7991892305090567998e-06
1.5 1.7884745866217109992e-06 4.2149712462810865829e-06
1.5100000000000000089 2.6124395466773538844e-06 1.3898578268402953638e-06
1.5200000000000000178 3.7568478148626439618e-06 1.8255787057363395492e-05
1.5300000000000000266 5.3188143679497999923e-06 2.6857803790854985042e-06
1.5400000000000000355 7.4134428015173979779e-06 6.5945982331680515283e-06
1.5500000000000000444 1.0172762990325681664e-05 -4.1693171574228840822e-06
1.5600000000000000533 1.3742691221139819694e-05 -7.7392453882370212644e-06
1.5700000000000000622 1.8277573048815693352e-05 -1.0272978301780394855e-05
1.5800000000000000711 2.3932008325357625962e-05 -1.5927413578322327465e-05
1.5900000000000000799 3.0849891396053916767e-05 -1.0838404983213018024e-05
1.6000000000000000888 3.9150923522478024133e-05 -2.5142882487792576321e-05
1.6100000000000000977 4.8915248004654188695e-05 -4.0910653257618890199e-05
1.6200000000000001066 6.0167280995820716157e-05 -5.216268624878541766e-05
1.6300000000000001155 7.2860205058115876955e-05 -6.8857907684598227706e-05
1.6400000000000001243 8.6862889041482667439e-05 -7.6857145835062219761e-05
1.6500000000000001332 0.00010195112623481280482 -9.3946531487777506326e-05
1.6600000000000001421 0.00011780498352819542224 -0.00010379694249350997443
1.6699999999999999289 0.00013401369305670522529 -0.00010999990972509403157
1.6799999999999999378 0.00015008889668319453682 -0.00013207855872973879065
1.6899999999999999467 0.00016548621850449285442 -0.00014947702901042225743
1.6999999999999999556 0.00017963418022579527426 -0.0001596226938129543789
1.7099999999999999645 0.00019196851172615032096 -0.00016995587685392427642
1.7199999999999999734 0.00020196908446043542124 -0.00018996219279462982438
1.7299999999999999822 0.00020919614292397488171 -0.00018318121113297853881
1.7399999999999999911 0.00021332233379669642112 -0.00019531199584324067495
1.75 0.0002141572872676521873 -0.00020215039560184659044
1.7600000000000000089 0.00021166218007819564864 -0.00018164494954943960383
1.7700000000000000178 0.00020595272861957016476 -0.00018994353912549956777
1.7800000000000000266 0.00019729029069276757648 -0.00017527765582054153195
1.7900000000000000355 0.00018606202895328770612 -0.00017205398791860225831
1.8000000000000000444 0.00017275223291656979525 -0.000168749935543052146
1.8100000000000000533 0.00015790775673681689052 -0.00015590660805005806589
1.8200000000000000622 0.00014210100044972963644 -0.00013609755461682683801
1.8300000000000000711 0.00012589389910876115294 -0.00010988470961469055595
1.8400000000000000799 0.00010980600991990150099 -9.1795671966445754821e-05
1.8500000000000000888 9.4289083441635929746e-05 -9.0286786068118280498e-05
1.8600000000000000977 7.9709593592206263979e-05 -6.5701552557520816167e-05
1.8700000000000001066 6.6339722855797723651e-05 -5.0330533361727126658e-05
1.8800000000000001155 5.4356387767815198453e-05 -5.0354090394297549205e-05
1.8900000000000001243 4.3847153090023997248e-05 -2.1834518217797956101e-05
1.9000000000000001332 3.4821388980553717588e-05 -2.4815645774133269911e-05
1.9100000000000001421 2.7224797473677137026e-05 -1.922020272664183853e-05
1.9199999999999999289 2.0955455343829744843e-05 -1.0949712137409295471e-05
1.9299999999999999378 1.587974133027907997e-05 -7.8751465832437814738e-06
1.9399999999999999467 1.1846869998688067558e-05 -1.8411267922676181864e-06
1.9499999999999999556 8.7011709054613547396e-06 9.3091670479943948224e-06
1.9599999999999999645 6.2916658980334857598e-06 5.7152257677721144866e-06
1.9699999999999999734 4.4788599569251670958e-06 1.5245858759776304863e-06
1.9799999999999999822 3.1389412796086402385e-06 2.8645045532941573436e-06
1.9899999999999999911 2.1657722098417385311e-06 1.8365251636759107172e-06
2 1.47114757214513737e-06 1.05357440936604633e-05
2.0100000000000002309 9.8381531586289213362e-07 9.0219278905575570261e-06
2.0200000000000000178 6.477162554435531966e-07 1.1359175410362046415e-05
2.0300000000000002487 4.1982654118151139882e-07 1.3588214493503937737e-05
2.0400000000000000355 2.6789762452625057893e-07 1.173899404127935025e-05
2.0499999999999998224 1.6829906829210677529e-07 1.9843187344548792497e-05
2.0600000000000000533 1.0408986326047705103e-07 1.3903951171424972733e-05
2.0699999999999998401 6.3379533984554174977e-08 5.9400662989182434601e-06
2.0800000000000000711 3.7992994297995812157e-08 3.9643043792196536412e-06
2.0899999999999998579 2.2421872599378753899e-08 1.398561916208607065e-05
2.1000000000000000888 1.3027291047938671624e-08 1.599616220302266115e-05
2.1099999999999998757 7.4516119189382354618e-09 1.6001737882151662544e-05
2.1200000000000001066 4.1962390276384254058e-09 5.9992495938751594131e-06
2.1299999999999998934 2.3263983754571186691e-09 8.0022683486598407616e-06
2.1400000000000001243 1.2697605515055552967e-09 1.4006771274133944779e-05
2.1499999999999999112 6.8229698508536961121e-10 6.0027635359177118228e-06
2.1600000000000001421 3.6094327230126204661e-10 1.0005382263148147426e-05
2.1699999999999999289 1.8798289243673920985e-10 1.600900151117816452e-05
2.1800000000000001599 9.6385472635737504668e-11 1.6009093108597965185e-05
2.1899999999999999467 4.8654018084699838151e-11 1.2006843011787514725e-05
2.2000000000000001776 2.4179077118148802622e-11 1.4008016855608331668e-05
2.2099999999999999645 1.1829723828364355991e-11 1.0005731376696620302e-05
2.2200000000000001954 5.6980121196095045561e-12 1.8010332255443629239e-05
2.2299999999999999822 2.7020041310469697299e-12 6.0034431308986667536e-06
2.2400000000000002132 1.2614281718043647763e-12 6.0034445714746255822e-06
2.25 5.7976623723999903023e-13 1.4008040454919211978e-05
2.2600000000000002309 2.6233557723891426566e-13 1.4008040772349872525e-05
2.2700000000000000178 1.1686254541483048026e-13 6.0034457160402520762e-06
2.2800000000000002487 5.1251592919720503128e-14 2.0011486355072322545e-06
2.2900000000000000355 2.2128566024123756673e-14 8.0045947249067321561e-06
2.3000000000000002665 9.4061749611152397342e-15 2.0011486773526499528e-06
2.3100000000000000533 3.9362865920738125056e-15 1.0005743202484163599e-05
2.3199999999999998401 1.6217139272338144288e-15 1.2006891664183886212e-05
2.3300000000000000711 6.5777241912053506263e-16 1.6009189493412828476e-05
2.3399999999999998579 2.6265819130130094854e-16 1.0005743206157791231e-05
2.3500000000000000888 1.0325714590494862525e-16 6.0034458327995400307e-06
2.3599999999999998757 3.9963467300198072295e-17 1.6009189494030637367e-05
2.3700000000000001066 1.5227201097067078392e-17 6.0034458328875704708e-06
2.3799999999999998934 5.7120352969482280915e-18 2.2012634872220328757e-05
2.3900000000000001243 2.1094807127783854906e-18 1.4008041034683340394e-05
2.3999999999999999112 7.6696246943099661682e-19 2.0011486867580580593e-06
2.4100000000000001421 2.7452793525399975801e-19 1.6009189494070325942e-05
2.4199999999999999289 9.6741507815835448866e-20 1.8010337953455651306e-05
2.4300000000000001599 3.3562402207565929105e-20 1.8010337953455715681e-05
2.4399999999999999467 1.146323248749377481e-20 2.0011486867588136127e-06
2.4500000000000001776 3.8545620444958451753e-21 2.0011486412840895355e-05
2.4599999999999999645 1.2760181683630424407e-21 1.0005743206420447677e-05
2.4700000000000001954 4.1586517419519629609e-22 8.0045947470352984965e-06
2.4799999999999999822 1.3343265413171312124e-22 8.0045947470352984965e-06
2.4900000000000002132 4.2148834886507932541e-23 8.0045947470352984965e-06
2.5 1.3107591574216473668e-23 1.4008041034685449506e-05
2.5100000000000002309 4.0130456898034869624e-24 6.0034458329027975821e-06
2.5200000000000000178 1.2095927787529953798e-24 8.0045947470352984965e-06
2.5300000000000002487 3.589369298744630759e-25 1.0005743206420449371e-05
2.5400000000000000355 1.048602718899950472e-25 1.0005743206420449371e-05
2.5500000000000002665 3.0159052437196072431e-26 1.0005743206420449371e-05
2.5600000000000000533 8.539614826647791501e-27 1.0005743206420449371e-05
2.5699999999999998401 2.3805250181914391082e-27 6.0034458329027975821e-06
2.5800000000000000711 6.5331269117365336068e-28 -6.5331269117365336068e-28
2.5899999999999998579 1.7651569088047510947e-28 1.6009189494070600381e-05
2.6000000000000000888 4.6952575118544705731e-29 1.4008041034685449506e-05
2.6099999999999998757 1.2295590558149363153e-29 6.0034458329027975821e-06
2.6200000000000001066 3.169956091467027697e-30 8.0045947470352984965e-06
2.6299999999999998934 8.0458323278715539635e-31 2.0011486412840898743e-05
2.6400000000000001243 2.0104930966593665247e-31 1.6009189494070600381e-05
2.6499999999999999112 4.945931212339286438e-32 1.4008041034685449506e-05
2.6600000000000001421 1.1978637845086700906e-32 1.2006891665805600246e-05
2.6699999999999999289 2.8561477842920687494e-33 6.0034458329027975821e-06
2.6800000000000001599 6.7045215758279983681e-34 1.2006891665805600246e-05
2.6899999999999999467 1.5494186798654119211e-34 8.0045947470352984965e-06
2.7000000000000001776 3.525199173552264036e-35 2.0011486867588250476e-06
2.7099999999999999645 7.8960958037039188584e-36 1.2006891665805600246e-05
2.7200000000000001954 1.7412255679544789467e-36 1.0005743206420449371e-05
2.7299999999999999822 3.7801718142324498402e-37 1.2006891665805600246e-05
2.7400000000000002132 8.0794522911894043616e-38 1.6009189494070600381e-05
2.75 1.700067555617664535e-38 6.0034458329027975821e-06
2.7600000000000002309 3.5217969666100987447e-39 1.2006891665805600246e-05
2.7700000000000000178 7.1825114682425435278e-40 1.4008041034685449506e-05
2.7800000000000002487 1.442122718012597654e-40 1.4008041034685449506e-05
2.7900000000000000355 2.8506374478530236748e-41 1.0005743206420449371e-05
2.8000000000000002665 5.547478540312717229e-42 1.4008041034685449506e-05
2.8100000000000000533 1.062828405652342466e-42 8.0045947470352984965e-06
2.8199999999999998401 2.0046776684593072328e-43 2.4013783331611190328e-05
2.8300000000000000711 3.7225439094602189449e-44 1.2006891665805600246e-05
2.8399999999999998579 6.8053267655655917409e-45 1.6009189494070600381e-05
2.8500000000000000888 1.2248192812391114918e-45 1.2006891665805600246e-05
2.8599999999999998757 2.1702457929143680751e-46 8.0045947470352984965e-06
2.8700000000000001066 3.7858177998162826408e-47 -3.7858177998162826408e-47
2.8799999999999998934 6.5016617562860671919e-48 1.2006891665805600246e-05
2.8900000000000001243 1.0992662954896355076e-48 2.0011486412840898743e-05
2.8999999999999999112 1.8297650584489517962e-49 1.0005743206420449371e-05
2.9100000000000001421 2.9984832345262314573e-50 1.4008041034685449506e-05
2.9199999999999999289 4.8375091236446496276e-51 2.4013783331611190328e-05
2.9300000000000001599 7.6834425191965031196e-52 8.0045947470352984965e-06
2.9399999999999999467 1.2014446652834337234e-52 6.0034458329027975821e-06
2.9500000000000001776 1.8495478751983744415e-53 1.6009189494070600381e-05
2.9599999999999999645 2.8031172161587059631e-54 -2.8031172161587059631e-54
2.9700000000000001954 4.1824505736100651291e-55 1.6009189494070600381e-05
2.9799999999999999822 6.143760163807066758e-56 1.0005743206420449371e-05
2.9900000000000002132 8.8848820785383046712e-57 1.2006891665805600246e-05
3 1.2650501381606332942e-57 6.0034458329027975821e-06
3.0100000000000002309 1.7973267304936138564e-58 8.0045947470352984965e-06
3.0200000000000000178 1.0150662458421100097e-58 1.2006891665805600246e-05
3.0300000000000002487 2.3367759749240544338e-57 1.0005743206420449371e-05
3.0400000000000000355 6.7383810908725665189e-56 1.2006891665805600246e-05
3.0500000000000002665 1.8551389666277903967e-54 6.0034458329027975821e-06
3.0600000000000000533 4.8693710401785947623e-53 2.0011486867588250476e-06
3.0700000000000002842 1.2185544404185455509e-51 8.0045947470352984965e-06
3.0800000000000000711 2.907339151656550383e-50 6.0034458329027975821e-06
3.0899999999999998579 6.6134540946343516175e-49 1.2006891665805600246e-05
3.1000000000000000888 1.4343205314556906322e-47 6.0034458329027975821e-06
3.1099999999999998757 2.9658747300828970457e-46 8.0045947470352984965e-06
3.1200000000000001066 5.8472513561795993923e-45 1.0005743206420449371e-05
3.1299999999999998934 1.0991245802807825876e-43 1.4008041034685449506e-05
3.1400000000000001243 1.9698914029532893794e-42 1.2006891665805600246e-05
3.1499999999999999112 3.3662166362523221363e-41 1.2006891665805600246e-05
3.1600000000000001421 5.4846720539757670856e-40 1.0005743206420449371e-05
3.1699999999999999289 8.5206500346484832635e-39 1.2006891665805600246e-05
3.1800000000000001599 1.2621562521804716011e-37 1.6009189494070600381e-05
3.1899999999999999467 1.7826947005341335016e-36 2.0011486867588250476e-06
3.2000000000000001776 2.400875687853453233e-35 6.0034458329027975821e-06
3.2099999999999999645 3.0831659964177871116e-34 8.0045947470352984965e-06
3.2200000000000001954 3.7754147520329484524e-33 1.6009189494070600381e-05
3.2299999999999999822 4.4083826321813312635e-32 1.0005743206420449371e-05
3.2400000000000002132 4.9084846157746163898e-31 -4.9084846157746163898e-31
3.25 5.2116613871102466964e-30 8.0045947470352984965e-06
3.2600000000000002309 5.2768291734504347717e-29 1.0005743206420449371e-05
3.2700000000000000178 5.0950200198778919958e-28 1.0005743206420449371e-05
3.2800000000000002487 4.6914077455598872981e-27 1.0005743206420449371e-05
3.2900000000000000355 4.119588368821487984e-26 6.0034458329027975821e-06
3.3000000000000002665 3.4499064468183292196e-25 4.0022973735176492482e-06
3.3100000000000000533 2.7553309583691353135e-24 1.0005743206420449371e-05
3.3200000000000002842 2.0987656853748241381e-23 8.0045947470352984965e-06
3.3300000000000000711 1.5247174122851515882e-22 1.0005743206420449371e-05
3.3399999999999998579 1.0564823995737551744e-21 4.0022973735176484012e-06
3.3500000000000000888 6.9822567006040087856e-21 6.0034458329027908058e-06
3.3599999999999998757 4.4015341005623978145e-20 1.0005743206420405326e-05
3.3700000000000001066 2.6466843353431945846e-19 1.0005743206420185097e-05
3.3799999999999998934 1.5181205836505849043e-18 6.0034458329012796991e-06
3.3900000000000001243 8.3068028487419392329e-18 4.0022973735093423961e-06
3.3999999999999999112 4.3361458372528386367e-17 8.0045947469919371858e-06
3.4100000000000001421 2.1594170921057868525e-16 1.0005743206204508486e-05
3.4199999999999999289 1.0260153610927223386e-15 1.2006891664779584155e-05
3.4300000000000001599 4.6513573382694975244e-15 1.2006891661154242483e-05
3.4399999999999999467 2.0120554615879875624e-14 1.6009189473950044227e-05
3.4500000000000001776 8.305442083519567556e-14 4.0022972904632286685e-06
3.4599999999999999645 3.2717403449840295261e-13 1.2006891338631565447e-05
3.4700000000000001954 1.2300470426010690546e-12 6.0034446028557546279e-06
3.4799999999999999822 4.4139576654383916797e-12 6.0034414189451321589e-06
3.4900000000000002132 1.511953635480844041e-11 1.4008025915149094375e-05
3.5 4.9442111192103413917e-11 1.2006842223694408123e-05
3.5100000000000002309 1.5436636714124820686e-10 6.0032914665356559486e-06
3.5200000000000000178 4.6021375701206445227e-10 6.0029856191457857905e-06
3.5300000000000002487 1.3103210557229727351e-09 1.0004432885364726512e-05
3.5400000000000000355 3.5634751022831271327e-09 3.9987338984153657654e-06
3.5500000000000002665 9.2581020117730353488e-09 1.9918905847470518038e-06
3.5600000000000000533 2.2982937810564788592e-08 1.198390872799503559e-05
3.5700000000000002842 5.4527764438275401863e-08 1.3953513270247174766e-05
3.5800000000000000711 1.2366969329446257982e-07 1.8774789934643624678e-06
3.5899999999999998579 2.6820115900970567573e-07 1.7329475277491194248e-06
3.6000000000000000888 5.5634441826523762361e-07 7.4482503287700610846e-06
3.6099999999999998757 1.1042428997758510788e-06 8.9015003066445982927e-06
3.6200000000000001066 2.0979565055742753695e-06 9.9089351602313253004e-06
3.6299999999999998934 3.8171316397810198034e-06 8.189760026024580443e-06
3.6400000000000001243 6.6544648213181842837e-06 5.3524268444874159627e-06
3.6499999999999999112 1.1122043053531913598e-05 -9.1208943667730889738e-06
3.6600000000000001421 1.7834080233155045819e-05 -5.8271885673494455726e-06
3.6699999999999999289 2.7457212217688634445e-05 -1.5450320551883034198e-05
3.6800000000000001599 4.0625578396835497486e-05 -2.2615240443379747924e-05
3.6899999999999999467 5.7828107457385840207e-05 -4.982351271035054171e-05
3.7000000000000001776 7.9287287016412090132e-05 -6.9281543809991642455e-05
3.7099999999999999645 0.00010485792441447183893 -9.6853329667436540438e-05
3.7200000000000001954 0.0001339763291139139164 -0.00012397058590749346872
3.7299999999999999822 0.00016568216873539626461 -0.00015567642552897581693
3.7400000000000002132 0.00019871794117924944682 -0.00019071334643221414832
3.75 0.00023168965650518331609 -0.00022368506175814801759
3.7600000000000002309 0.0002632544269962697062 -0.00025725098116336690777
3.7700000000000000178 0.00029229294121899639103 -0.00028829064384547874178
3.7800000000000002487 0.00031803013113217604331 -0.00030202094163810544632
3.7900000000000000355 0.00034008346108263732459 -0.0003240742715885667276
3.8000000000000002665 0.00035843888829345364484 -0.00035043429354641834634
3.8100000000000000533 0.00037337229950669078606 -0.00036536770475965548756
3.8200000000000002842 0.00038534381317666756327 -0.00037533806997024711559
3.8300000000000000711 0.00039489231051620193001 -0.00038888886468329913158
3.8399999999999998579 0.00040255015919352668758 -0.00039054326752772109072
3.8500000000000000888 0.00040878753133654521139 -0.00039678063967073961453
3.8599999999999998757 0.00041398607551765606973 -0.00040398033231123562205
3.8700000000000001066 0.00041843547566096844564 -0.00040842973245454799796
3.8799999999999998934 0.00042234415278557776215 -0.00041433955803854246366
3.8900000000000001243 0.00042585612895077758341 -0.0004118480879160921356
3.8999999999999999112 0.00042906839721703167933 -0.00041706150555122608247
3.9100000000000001421 0.00043204571282465118126 -0.00042404111807761588277
3.9199999999999999289 0.00043483175116185732254 -0.00043082945378833967329
3.9300000000000001599 0.00043745681471094304427 -0.00043145336887804024584
3.9399999999999999467 0.00043994281383810316093 -0.00043193821909106786244
3.9500000000000001776 0.00044230633526271467479 -0.00043430174051567937629
3.9599999999999999645 0.00044456047963600591952 -0.00043455473642958547184
3.9700000000000001954 0.0004467159553896620579 -0.00044071250955675925947
3.9799999999999999822 0.00044878174189023634913 -0.0004467805932034775245
3.9900000000000002132 0.00045076550808501747057 -0.00044276091333798217207
4 0.00045267389154276339641 -0.00044466929679572809791
4.0099999999999997868 0.00045451269520258344957 -0.00044650810045554815107
4.0200000000000004619 0.00045628703300240380574 -0.00045028358716950100732
4.0300000000000002487 0.00045800144175089935053 -0.00043798995533805845518
4.0400000000000000355 0.0004596599694025625747 -0.00044765307773675697784
4.0499999999999998224 0.00046126624606943690586 -0.00045126050286301645819
4.0600000000000004974 0.00046282354197499592577 -0.00045081665030919032891
4.0700000000000002842 0.00046433481529297929028 -0.00045232792362717369342
4.0800000000000000711 0.00046580275201239026289 -0.0004577981572653549644
4.0899999999999998579 0.000467229799430629708 -0.00045522290776482411115
4.0999999999999996447 0.00046861819449784422684 -0.00046261474866494142841
4.1100000000000003197 0.00046996998796089434073 -0.00046596769058737669148
4.1200000000000001066 0.00047128706505170499209 -0.00045727902401701954428
4.1299999999999998934 0.00047257116331115623688 -0.00046456656856412093838
4.1399999999999996803 0.00047382388802219978056 -0.00046181699635639418371
4.1500000000000003553 0.00047504672563499248739 -0.00047104442826147483814
4.1600000000000001421 0.00047624105549575889047 -0.00047023760966285609204
4.1699999999999999289 0.00047740816013501274689 -0.00046540126846920715003
4.1799999999999997158 0.00047854923432613340932 -0.00046654234266032781247
4.1900000000000003908 0.00047966539308950609114 -0.00046365620359543549414
4.2000000000000001776 0.00048075767878852165241 -0.00047475423295561885399
4.2099999999999999645 0.0004818270674402391502 -0.00047182132423381870252
4.2199999999999997513 0.0004828744743442886728 -0.00047286873113786822512
4.2300000000000004263 0.00048390075911778024451 -0.00048189961043102141989
4.2400000000000002132 0.00048490673021091241579 -0.00047289983854510681894
4.25 0.00048589314896710036505 -0.00047188510793241491724
4.2599999999999997868 0.00048686073328237040913 -0.00047285269224768496131
4.2700000000000004619 0.00048781016091114934785 -0.00047380211987646390004
4.2800000000000002487 0.00048874207245916390357 -0.00047273288296509330658
4.2900000000000000355 0.00048965707409874634909 -0.0004736478846046757521
4.2999999999999998224 0.00049055574003722165598 -0.00047054425362438076063
4.3100000000000004974 0.00049143861476514283815 -0.00047743057373045739034
4.3200000000000002842 0.00049230621510777173612 -0.00046228898457901569131
4.3300000000000000711 0.000493159032100331466 -0.00046914524876872027229
4.3399999999999998579 0.00049399753270507431365 -0.00047998949167038886584
4.3500000000000005329 0.00049482216138607194606 -0.00046680607931670105044
4.3600000000000003197 0.00049563334155578191078 -0.00046561611102702586597
4.3700000000000001066 0.00049643147690584085892 -0.00047441884203361481438
4.3799999999999998934 0.00049721695263313012668 -0.00047720546622028923132
4.3899999999999996803 0.00049799013657094402807 -0.00047797865015810313272
4.4000000000000003553 0.00049875138023402988598 -0.00046072955404874384091
4.4100000000000001421 0.00049950101978532438027 -0.00047148493771595348465
4.4199999999999999289 0.000500239376931420625 -0.00045821525382736428156
4.4299999999999997158 0.00050096675975308481345 -0.00045894263664902847002
4.4400000000000003908 0.00050168346347658019507 -0.00046366163729129415
4.4500000000000001776 0.00050238977119110219283 -0.00048237828477826129748
4.4599999999999999645 0.00050308595451741564084 -0.00047306872398865959604
4.4699999999999997513 0.00050377227423286849699 -0.00048175963936064245246
4.4800000000000004263 0.00050444898085867803054 -0.00046642715467339198546
4.4900000000000002132 0.00050511631521720000513 -0.00047910138342620366223
4.5 0.00050577450897080979304 -0.00048376187409858374851
4.5099999999999997868 0.0005064237851617965679 -0.00047640655463304052309
4.5200000000000004619 0.00050706435878755489171 -0.00047304483315901795209
4.5300000000000002487 0.00050769643747297632779 -0.00047167576156606483544
4.5400000000000000355 0.00050832022235214921035 -0.00049231103285807861335
4.5499999999999998224 0.00050893590936079279464 -0.00046491063961634070557
4.5600000000000004974 0.0005095436912967374072 -0.00047752531230859621321
4.5700000000000002842 0.00051014376127242314941 -0.0004861299779408119557
4.5800000000000000711 0.00051073631863068045828 -0.00049072483221783956293
4.5899999999999998579 0.00051132157913009405187 -0.00047329975294480800679
4.6000000000000005329 0.0005118997923892875529 -0.00049388945443583180672
4.6100000000000003197 0.00051247127144269071907 -0.00048645633965169437617
4.6200000000000001066 0.00051303644212950404082 -0.0004890226587978928471
4.6299999999999998934 0.00051359592435262074999 -0.000481577545364479556
4.6399999999999996803 0.00051415066357380809995 -0.0004941391771609672046
4.6500000000000003553 0.00051470213995163027407 -0.00048468490942287422926
4.6600000000000001421 0.00051525269507281148788 -0.00049724235711935574171
4.6699999999999999289 0.00051580603308944746998 -0.00049779569513599172381
4.6799999999999997158 0.00051636797494173996767 -0.00049635648852889907232
4.6900000000000003908 0.00051694757154652996173 -0.00048492919255838876774
4.7000000000000001776 0.00051755871399264603318 -0.00048153803808573454083
4.7099999999999999645 0.00051822241438229327617 -0.00049220748259129693328
4.7199999999999997513 0.00051896996678696231953 -0.00048895273625820627472
4.7300000000000004263 0.0005198472283969470106 -0.00049583344506533581688
4.7400000000000002132 0.00052092027816514089797 -0.00049290419609577000234
4.75 0.00052228270295559715841 -0.00049426662088622626279
4.7599999999999997868 0.00052406471555380173318 -0.00050205208068157568865
4.7700000000000004619 0.00052644420921610162682 -0.00050643272280326073146
4.7800000000000002487 0.00052965968408705537285 -0.00050764704921482932832
4.7900000000000000355 0.0005340247290541016165 -0.00049800405314719012415
4.7999999999999998224 0.00053994340250270280238 -0.00050792502351456160839
4.8100000000000004974 0.00054792543249813181402 -0.00052191050070713547113
4.8200000000000002842 0.00055859967290896044186 -0.00054058933495550469568
4.8300000000000000711 0.00057272374889098278099 -0.00054270651836222673619
4.8399999999999998579 0.00059118736716088813535 -0.00056517243536989179246
4.8500000000000005329 0.00061500643860692245576 -0.00057698461242163641069
4.8600000000000003197 0.00064530506284805780153 -0.00060928438694114630918
4.8700000000000001066 0.00068328265978029551018 -0.00063325394283869857002
4.8799999999999998934 0.00073016419252422252745 -0.00069614466689568558783
4.8899999999999996803 0.00078713256704083861201 -0.00074110614701801197021
4.9000000000000003553 0.00085524391909492407989 -0.0008032140555129313941
4.9100000000000001421 0.00093532853916138505336 -0.0008852998222197881132
4.9199999999999999289 0.0010278824857058966539 -0.00098785951288021486318
4.9299999999999997158 0.0011329572583654505362 -0.0010889319886209984471
4.9400000000000003908 0.0012500569379038579173 -0.0011960259240434906788
4.9500000000000001776 0.0013780536063211815904 -0.0013060122545073586057
4.9599999999999999645 0.0015151323058575801288 -0.0014410898037653825914
4.9699999999999997513 0.0016587760145420824259 -0.0015487128365429733961
4.9800000000000004263 0.0018057989670139096543 -0.0016977369392931751773
4.9900000000000002132 0.0019524331622250519144 -0.0018043481580406568396
5 0.0020944683014610179783 -0.0019683959357868277551
5.0099999999999997868 0.0022274401127247087095 -0.0020693493717003560994
5.0200000000000004619 0.0023468566209944902341 -0.0021967704665317206066
5.0300000000000002487 0.0024484470880443915189 -0.0022303218823245480121
5.0400000000000000355 0.0025284147377116115117 -0.0023343033207803474093
5.0499999999999998224 0.002583672565144975921 -0.0023455358711933021153
5.0600000000000004974 0.002612041864247160658 -0.0024379419355477268544
5.0700000000000002842 0.0026123956889706079904 -0.0024142819714825947824
5.0800000000000000711 0.0025847340835786799911 -0.0023345905025086740973
5.0899999999999998579 0.0025301840826735932238 -0.0023460784025822866566
5.1000000000000005329 0.0024509244809911971165 -0.002230798124992979057
5.1100000000000003197 0.0023500423721611496571 -0.0021619343915130939844
5.1200000000000001066 0.0022313346213209584064 -0.0020312197535545706457
5.1299999999999998934 0.0020990720559241290467 -0.0019609928031316067355
5.1399999999999996803 0.0019577467405297510269 -0.0017876490978351511005
5.1500000000000003553 0.0018118230370397960926 -0.0016957564154815210188
5.1600000000000001421 0.0016655113344992815167 -0.0015594504570569215924
5.1699999999999999289 0.0015225797247711300806 -0.001418519997607144709
5.1799999999999997158 0.0013862140645752331607 -0.0013241784568773253255
5.1900000000000003908 0.0012589314678463829709 -0.0011968958601484751356
5.2000000000000001776 0.0011425469849746375858 -0.0011005228618705812423
5.2099999999999999645 0.0010381886273191729547 -0.00098815991037757601456
5.2199999999999997513 0.00094635240826853315229 -0.00090232713852408106322
5.2300000000000004263 0.00086698692319648988647 -0.00083897084112711899084
5.2400000000000002132 0.00079959620957340872289 -0.00078158587161995297671
5.25 0.00074335007385407957971 -0.00071933629052246838599
5.2599999999999997868 0.00069719247826732788382 -0.0006731786949357166901
5.2700000000000004619 0.00065994061598169883546 -0.00062792223699355764147
5.2800000000000002487 0.00063036962421620626636 -0.00060635584088459507264
5.2900000000000000355 0.00060728018470076409584 -0.00058926984674730834967
5.2999999999999998224 0.00058954830080724799409 -0.00057153796285379224792
5.3100000000000004974 0.00057615816608432685562 -0.00055214438275271566191
5.3200000000000002842 0.00056622017978209262471 -0.0005522121387474071769
5.3300000000000000711 0.00055897682432807572518 -0.00053896533791523482983
5.3399999999999998579 0.00055379935514332143641 -0.00054179246347751583955
5.3500000000000005329 0.00055017815525149765549 -0.00052616437191988646178
5.3600000000000003197 0.00054770927925192839508 -0.00052769779283908749973
5.3700000000000001066 0.0005460792532380693903 -0.00053607351003164894262
5.3799999999999998934 0.00054504969414661099195 -0.00052703935619315524577
5.3899999999999996803 0.00054444282801130862263 -0.0005224301931390825781
5.4000000000000003553 0.00054412856365865952014 -0.00052411707724581862479
5.4100000000000001421 0.00054401343827634206837 -0.00053400769506992162069
5.4199999999999999289 0.0005440314995259649131 -0.00053202460786015931624
5.4299999999999997158 0.0005441370195230319385 -0.00051411978899427589369
5.4400000000000003908 0.0005442988363275361131 -0.00052228620145531006857
5.4500000000000001776 0.00054449607293509990746 -0.0005244845865222590121
5.4599999999999999645 0.00054471497646840490257 -0.00051269659748026370858
5.4699999999999997513 0.00054494663749028130362 -0.00051893170569928496073
5.4800000000000004263 0.00054518537997046145893 -0.0005231727450982354144
5.4900000000000002132 0.00054542764826729522604 -0.00052541616185445433069
5.5 0.00054567125308397333456 -0.00052165746975236214084
5.5099999999999997868 0.00054591487051958880513 -0.00052790453256613305896
5.5200000000000004619 0.00054615771553601663666 -0.00052414508066379059213
5.5300000000000002487 0.00054639933302890603128 -0.00052838899507545028511
5.5400000000000000355 0.00054663946655285138802 -0.00051662223602409534321
5.5499999999999998224 0.00054687797729508196704 -0.00052886763934162622086
5.5600000000000004974 0.00054711479493226272252 -0.0005231010116006515288
5.5700000000000002842 0.00054734988833461152569 -0.00051933380626524063006
5.5800000000000000711 0.00054758324839666741666 -0.00052957291044321167049
5.5899999999999998579 0.00054781487814329005506 -0.00052780339173044915971
5.6000000000000005329 0.00054804478712279210226 -0.00050401951737834001319
5.6100000000000003197 0.00054827298828224915305 -0.00052626035341002310852
5.6200000000000001066 0.00054849949625519962056 -0.00052648686138297357603
5.6299999999999998934 0.00054872432643936306252 -0.00051870709591060701771
5.6399999999999996803 0.00054894749450882379671 -0.00051893026398006775191
5.6500000000000003553 0.00054916901616116492197 -0.00052915752974832402662
5.6600000000000001421 0.00054938890698955176062 -0.00053137856903609601445
5.6699999999999999289 0.00054960718242016092482 -0.00052159110035079002919
5.6799999999999997158 0.00054982385768320609764 -0.00051780547869506490365
5.6900000000000003908 0.0005500389478009364572 -0.00051001597497525466649
5.7000000000000001776 0.00055025246758404504008 -0.00052423753579304869718
5.7099999999999999645 0.00055046443163215446389 -0.00051644490600361752427
5.7199999999999997513 0.00055067485433621518251 -0.00052866221946398913797
5.7300000000000004263 0.00055088374988176850092 -0.00051886537089362730693
5.7400000000000002132 0.00055109113225255469161 -0.00053107964583971379625
5.75 0.00055129701523423809643 -0.00051327518904895205135
5.7599999999999997868 0.00055150141241812745789 -0.00050347384575490507046
5.7700000000000004619 0.00055170433720485071404 -0.00051168136437916892333
5.7800000000000002487 0.00055190580280795834434 -0.00050788053306350625527
5.7900000000000000355 0.00055210582225744821942 -0.00051808629662891127979
5.7999999999999998224 0.00055230440840321173759 -0.00051228143557752994688
5.8100000000000004974 0.00055250157391839767058 -0.00052248434338964162577
5.8200000000000002842 0.00055269733130270109079 -0.00050867206155824900172
5.8300000000000000711 0.00055289169288557250131 -0.00051486986670028645624
5.8399999999999998579 0.00055308467082935367388 -0.00049104906313144583863
5.8500000000000005329 0.00055327627713234420626 -0.00051525445094705816119
5.8600000000000003197 0.00055346652363179782343 -0.00049543321285266028655
5.8700000000000001066 0.00055365542200687379269 -0.00050562785534365140526
5.8799999999999998934 0.00055384298378159744613 -0.00049580967300245990925
5.8899999999999996803 0.00055402922032806584118 -0.00051000395058361375211
5.9000000000000003553 0.0005542141428707264561 -0.00049417968181321436649
5.9100000000000001421 0.00055439776249458319092 -0.0004743518168432196095
5.9199999999999999289 0.00055458009016660773406 -0.00048654103890953385482
5.9299999999999997158 0.00055476113679891417979 -0.00048472093526346574782
5.9400000000000003908 0.00055494091343683210962 -0.00046689037394792793148
5.9500000000000001776 0.00055511943180038014235 -0.00044905855435802021804
5.9599999999999999645 0.0005552967057715108316 -0.00044923582832915090728
5.9699999999999997513 0.00055547275527316247647 -0.00045741647166834314888
5.9800000000000004263 0.00055564761585740320236 -0.00045559018197420932204
5.9900000000000002132 0.00055582136113619697287 -0.0004397547395779218991
6 0.00055599415238664299382 -0.00044192868110674247278
6.0099999999999997868 0.00055616634211057345942 -0.0004300939764363832362
6.0200000000000004619 0.00055633867778938101561 -0.00042026057527523320292
6.0300000000000002487 0.00055651267890077197199 -0.00043044031322658174877
6.0400000000000000355 0.00055669129116876314538 -0.00044462696289127956288
6.0499999999999998224 0.00055687994733803964417 -0.00040479264259689546387
6.0600000000000004974 0.00055708816557671083335 -0.00044702498757760180358
6.0700000000000002842 0.00055733177010589549701 -0.00040124217935991738542
6.0800000000000000711 0.00055763569934959072646 -0.00039954495832523811635
6.0899999999999998579 0.00055803716461855310677 -0.00038994067220232773302
6.1000000000000005329 0.00055858865873601338137 -0.00039649561715491166581
6.1100000000000003197 0.00055936005507148682438 -0.00037725552525855480992
6.1200000000000001066 0.00056043888926987639465 -0.00039634469741040012636
6.1299999999999998934 0.00056192799517004201042 -0.00036781657823877790797
6.1400000000000005684 0.0005639400481195049877 -0.0003678274809098662783
6.1500000000000003553 0.0005665892313893479415 -0.00034646287539112988196
6.1600000000000001421 0.00056998103808006026719 -0.00032984319385001185454
6.1699999999999999289 0.00057420190618868462411 -0.00033806636251538531692
6.1799999999999997158 0.00057931069706950073534 -0.00030315219148445611292
6.1900000000000003908 0.00058533380159262664126 -0.00036520744559440858172
6.2000000000000001776 0.00059226491012023005454 -0.00035012591561180714337
6.2099999999999999645 0.0006000694232863447268 -0.00033992009082446601525
6.2199999999999997513 0.00060869244193945636328 -0.00031852588440578987177
6.2300000000000004263 0.00061806857684735129043 -0.00034391122154068116653
6.2400000000000002132 0.0006281316461201786076 -0.00040200185383875211825
6.25 0.00063882266884461634624 -0.00032464233707428562454
6.2599999999999997868 0.00065009523666940483358 -0.0003299114540639505079
6.2700000000000004619 0.00066191809471248834115 -0.00034173431210703401548
6.2800000000000002487 0.00067427536367283089514 -0.00035609273134575112219
6.2900000000000000355 0.00068716516370037790395 -0.00032695840463126298048
6.2999999999999998224 0.00070059745224532816912 -0.00037240906852637568674
6.3100000000000004974 0.00071459174177401936761 -0.00032636890791149116269
6.3200000000000002842 0.00072917512827488093537 -0.00037897412059763872132
6.3300000000000000711 0.00074438083144943273904 -0.00037416832098844505193
6.3399999999999998579 0.00076024727678185137231 -0.00037002329264094856046
6.3500000000000005329 0.00077681765303847395004 -0.00035457529354740885972
6.3600000000000003197 0.00079413984434933320225 -0.00042592848416672012208
6.3700000000000001066 0.00081226664144868612402 -0.00044005298070932393839
6.3799999999999998934 0.00083125616064158396306 -0.0003749942755219818789
6.3900000000000005684 0.0008511724270233369128 -0.00039691169218210943558
6.4000000000000003553 0.00087208610303273002406 -0.00044784259326329032679
6.4100000000000001421 0.00089407536247829730389 -0.00040179280145178372739
6.4199999999999999289 0.00091722692453565467501 -0.00044095353663230706358
6.4299999999999997158 0.00094163727374449565557 -0.00050138456174805953649
6.4400000000000003908 0.00096741410270367953622 -0.0004991453159138301357
6.4500000000000001776 0.00099467802570758550793 -0.00058044026733001857429
6.4599999999999999645 0.001023564625540184566 -0.00046924643498789031168
6.4699999999999997513 0.0010542269136488210002 -0.00050791332421002495685
6.4800000000000004263 0.0010868383079561669876 -0.00049449829121858668822
6.4900000000000002132 0.0011215962655899041137 -0.00058328727726460628117
6.5 0.0011587267549397826764 -0.00056638673820220237706
6.5099999999999997868 0.0011984898232267895361 -0.00057813376079962641198
6.5200000000000004619 0.0012411866374732135644 -0.00060081907226230491306
6.5300000000000002487 0.0012871686152211602502 -0.00061678382493846376465
6.5400000000000000355 0.0013368497986647443453 -0.00062043858108326360376
6.5499999999999998224 0.0013907249497318327578 -0.00056224943297669889054
6.5600000000000004974 0.0014493992010161601842 -0.00058890527980703347329
6.5700000000000002842 0.0015136434775170608952 -0.00057910702511190619013
6.5800000000000000711 0.0015845099324598135773 -0.00057593100706629157468
6.5899999999999998579 0.0016635866977192435932 -0.00055495031661465465088
6.6000000000000005329 0.0017535654540413953082 -0.00046482572250607936092
6.6100000000000003197 0.0018594760676165190353 -0.00037462378342348009487
6.6200000000000001066 0.0019912554642340821003 -0.00013018716053727111791
6.6299999999999998934 0.0021687933458653108065 -0.00018765625829666966393
6.6400000000000005684 0.0024311948764218359494 5.8234090815637018501e-05
6.6500000000000003553 0.0028525170153680542116 0.00019923474353521078775
6.6600000000000001421 0.0035662021071951894441 3.847195457288340309e-06
6.6699999999999999289 0.0047990808905318651026 -0.00024046410706194971257
6.6799999999999997158 0.0069122480149847549333 -0.001373068701056866063
6.6900000000000003908 0.010439804430993154805 -0.0037679748162048609661
6.7000000000000001776 0.016108107543483015517 -0.0082796139409091439043
6.7099999999999999645 0.024810534983470265702 -0.015132980502738778428
6.7199999999999997513 0.037510850536295832491 -0.0263664536873192204
6.7300000000000004263 0.055057959013818859317 -0.04183637009674227164
6.7400000000000002132 0.07791978570495944334 -0.062498934407282880077
6.75 0.10588152767337623283 -0.088441517811191708298
6.7599999999999997868 0.13779200926413012751 -0.11836885973801089533
6.7700000000000004619 0.1714626264429409408 -0.14988824284139465326
6.7800000000000002487 0.20380802799932765113 -0.1801904716806869422
6.7900000000000000355 0.23125916621984729526 -0.20710730268956908939
6.7999999999999998224 0.250390333757608885 -0.22571817196986054821
6.8100000000000004974 0.25861422596869598767 -0.23407013779876362225
6.8200000000000002842 0.2547519733487431659 -0.23014785026300593751
6.8300000000000000711 0.23930538300723977474 -0.21587393287868447689
6.8399999999999998579 0.21434514497555731682 -0.19242656317688464074
6.8500000000000005329 0.18304979767044007866 -0.16272413137693822471
6.8600000000000003197 0.14903748982764006281 -0.13090508260942221308
6.8700000000000001066 0.11568431326338510234 -0.099721150036542222095
6.8799999999999998934 0.085603640197389738176 -0.071977819098704473588
6.8900000000000005684 0.060386239777973083065 -0.048969686258306895088
6.9000000000000003553 0.040607212025399914979 -0.030835603277858010529
6.9100000000000001421 0.026030405401697962603 -0.018408030248692839465
6.9199999999999999289 0.015906173183362806722 -0.010142865038256967947
6.9299999999999997158 0.0092651605141023923168 -0.004624497005776577116
6.9400000000000003908 0.0051444493265883134078 -0.0019225998813347023632
6.9500000000000001776 0.0027228292509276540503 -0.00018737385639139726018
6.9599999999999999645 0.0013737093368958127639 0.0004393313601200091699
6.9699999999999997513 0.00066063257533728202055 0.00061810137570233005585
6.9800000000000004263 0.00030284046305856042978 0.00054764773586252397421
6.9900000000000002132 0.00013232897841114791507 0.00050603746562521664028
7 5.5116513790501550402e-05 0.00028908104305161696481
7.0099999999999997868 2.1882302018301398063e-05 0.00021425324165499790236
7.0200000000000004619 8.2810934219216294068e-06 0.00012579587336576677592
7.0300000000000002487 2.9872035730417893285e-06 8.106104263507090432e-05
7.0400000000000000355 1.0271256578398885239e-06 2.6988956411531009853e-05
7.0499999999999998224 3.3663806000887127302e-07 4.5689781962817769254e-05
7.0600000000000004974 1.0516786808192724026e-07 1.5904021625988674319e-05
7.0700000000000002842 3.1317172971012905319e-08 1.197557449283458703e-05
7.0800000000000000711 8.8891682637342331806e-09 5.9945566646390631587e-06
7.0899999999999998579 2.4050179406657451064e-09 1.998743668818159322e-06
7.1000000000000005329 6.202313287823573278e-10 2.000528455430042586e-06
7.1100000000000003197 1.5246384654055179611e-10 6.0032933690562571326e-06
7.1200000000000001066 3.5723786436289081047e-11 2.0011129629723887426e-06
7.1299999999999998934 7.9785727818674315503e-12 -7.9785727818674315503e-12
7.1400000000000005684 1.6985164469049121768e-12 -1.6985164469049121768e-12
7.1500000000000003553 3.4465997296464304332e-13 -3.4465997296464304332e-13
7.1600000000000001421 6.6663519943882228069e-14 -6.6663519943882228069e-14
7.1699999999999999289 1.2290277896780396137e-14 -1.2290277896780396137e-14
7.1799999999999997158 2.1597874978161064192e-15 -2.1597874978161064192e-15
7.1900000000000003908 3.617728792274627802e-16 -3.617728792274627802e-16
7.2000000000000001776 5.7761235285000765168e-17 2.0011486867010637534e-06
7.2099999999999999645 8.7904731958101961178e-18 -8.7904731958101961178e-18
7.2199999999999997513 1.2751556371920858949e-18 -1.2751556371920858949e-18
7.2300000000000004263 1.7631495520826356432e-19 -1.7631495520826356432e-19
7.2400000000000002132 2.3237531257581872453e-20 -2.3237531257581872453e-20
7.25 2.9192116031893380912e-21 -2.9192116031893380912e-21
7.2599999999999997868 3.4955522822120786954e-22 -3.4955522822120786954e-22
7.2700000000000004619 3.9897028721599207619e-23 -3.9897028721599207619e-23
7.2800000000000002487 4.3404996627636102951e-24 -4.3404996627636102951e-24
7.2900000000000000355 4.5010436573569706231e-25 -4.5010436573569706231e-25
7.2999999999999998224 4.4489851660630929879e-26 -4.4489851660630929879e-26
7.3100000000000004974 4.1916290156937820479e-27 -4.1916290156937820479e-27
7.3200000000000002842 3.7642528276315163672e-28 -3.7642528276315163672e-28
7.3300000000000000711 3.2221720286320699953e-29 -3.2221720286320699953e-29
7.3399999999999998579 2.6290120687704954808e-30 -2.6290120687704954808e-30
7.3500000000000005329 2.0446090875285826083e-31 -2.0446090875285826083e-31
7.3600000000000003197 1.5156599665232501509e-32 -1.5156599665232501509e-32
7.3700000000000001066 1.0709445804655349579e-33 -1.0709445804655349579e-33
7.3799999999999998934 7.2128330859519726086e-35 -7.2128330859519726086e-35
7.3900000000000005684 4.6303986091490881563e-36 -4.6303986091490881563e-36
7.4000000000000003553 2.8333774662698013336e-37 -2.8333774662698013336e-37
7.4100000000000001421 1.6525857462383824065e-38 -1.6525857462383824065e-38
7.4199999999999999289 9.1874932413680136818e-40 -9.1874932413680136818e-40
7.4299999999999997158 4.8685931172989878417e-41 -4.8685931172989878417e-41
7.4400000000000003908 2.4591402847881094214e-42 -2.4591402847881094214e-42
7.4500000000000001776 1.1839584525653732759e-43 -1.1839584525653732759e-43
7.4599999999999999645 5.4332903766389475239e-45 -5.4332903766389475239e-45
7.4699999999999997513 2.376635763900658947e-46 -2.376635763900658947e-46
7.4800000000000004263 9.909130845133423292e-48 -9.909130845133423292e-48
7.4900000000000002132 3.9380541801483792263e-49 -3.9380541801483792263e-49
7.5 1.4917669017037920292e-50 -1.4917669017037920292e-50
7.5099999999999997868 5.3863351476626407222e-52 -5.3863351476626407222e-52
7.5200000000000004619 1.8537829068470513686e-53 -1.8537829068470513686e-53
7.5300000000000002487 6.0813141796784005179e-55 -6.0813141796784005179e-55
7.5400000000000000355 1.9015556862242721264e-56 -1.9015556862242721264e-56
7.5499999999999998224 5.6675279190573494822e-58 -5.6675279190573494822e-58
7.5600000000000004974 1.6100941651604426486e-59 2.0011486867588250476e-06
7.5700000000000002842 4.3599534020205484539e-61 -4.3599534020205484539e-61
7.5800000000000000711 1.1253441545523365305e-62 -1.1253441545523365305e-62
7.5899999999999998579 2.7686100362574260246e-64 -2.7686100362574260246e-64
7.6000000000000005329 6.4924873865040050553e-66 -6.4924873865040050553e-66
7.6100000000000003197 1.4512202026394909359e-67 -1.4512202026394909359e-67
7.6200000000000001066 3.0919208797972153725e-69 -3.0919208797972153725e-69
7.6299999999999998934 6.2790835899808844239e-71 -6.2790835899808844239e-71
7.6400000000000005684 1.2154496549048033867e-72 -1.2154496549048033867e-72
7.6500000000000003553 2.2425931138155689629e-74 -2.2425931138155689629e-74
7.6600000000000001421 3.9439988181295587835e-76 -3.9439988181295587835e-76
7.6699999999999999289 6.6114365377946836804e-78 -6.6114365377946836804e-78
7.6799999999999997158 1.0563981705753061529e-79 -1.0563981705753061529e-79
7.6900000000000003908 1.6089115937080086685e-81 -1.6089115937080086685e-81
7.7000000000000001776 2.3356590189564849982e-83 -2.3356590189564849982e-83
7.7099999999999999645 3.2319110883180687562e-85 -3.2319110883180687562e-85
7.7199999999999997513 4.2626733971520236397e-87 -4.2626733971520236397e-87
7.7300000000000004263 5.3589214242489642685e-89 -5.3589214242489642685e-89
7.7400000000000002132 6.4216315426570000573e-91 -6.4216315426570000573e-91
7.75 7.3347620257313467037e-93 -7.3347620257313467037e-93
7.7599999999999997868 7.9854484562750405221e-95 -7.9854484562750405221e-95
7.7700000000000004619 8.2867687580453996249e-97 -8.2867687580453996249e-97
7.7800000000000002487 8.1967887793869361996e-99 -8.1967887793869361996e-99
7.7900000000000000355 7.7281380514472284001e-101 -7.7281380514472284001e-101
7.7999999999999998224 6.945101409782858571e-103 -6.945101409782858571e-103
7.8100000000000004974 5.949149648429188848e-105 -5.949149648429188848e-105
7.8200000000000002842 4.8573988687299846742e-107 -4.8573988687299846742e-107
7.8300000000000000711 3.7802907436412170757e-109 -3.7802907436412170757e-109
7.8399999999999998579 2.8042658971240133595e-111 -2.8042658971240133595e-111
7.8500000000000005329 1.9828310947219451015e-113 -1.9828310947219451015e-113
7.8600000000000003197 1.336364052498002802e-115 -1.336364052498002802e-115
7.8700000000000001066 8.5849223921622346941e-118 -8.5849223921622346941e-118
7.8799999999999998934 5.2567881870386334696e-120 -5.2567881870386334696e-120
7.8900000000000005684 3.0681535502417037659e-122 -3.0681535502417037659e-122
7.9000000000000003553 1.7068926283060197352e-124 -1.7068926283060197352e-124
7.9100000000000001421 9.0512342854733144351e-127 -9.0512342854733144351e-127
7.9199999999999999289 4.5749030400360465227e-129 -4.5749030400360465227e-129
7.930000000000000604 2.2040856050244124632e-131 -2.2040856050244124632e-131
7.9400000000000003908 1.0121560872607592447e-133 -1.0121560872607592447e-133
7.9500000000000001776 4.4303596860227523364e-136 -4.4303596860227523364e-136
7.9599999999999999645 1.8484296950287575626e-138 -1.8484296950287575626e-138
7.9699999999999997513 7.3508800393296159662e-141 -7.3508800393296159662e-141
7.9800000000000004263 2.7864302472449616074e-143 -2.7864302472449616074e-143
7.9900000000000002132 1.0067681123091862478e-145 -1.0067681123091862478e-145
8 3.4672340290421572572e-148 -3.4672340290421572572e-148
8.0099999999999997868 1.1381756344541600116e-150 -1.1381756344541600116e-150
8.0199999999999995737 3.561294008840091648e-153 -3.561294008840091648e-153
8.0299999999999993605 1.0621327135757183195e-155 -1.0621327135757183195e-155
8.0400000000000009237 3.0194104033309930549e-158 -3.0194104033309930549e-158
8.0500000000000007105 8.1815937085879203468e-161 -8.1815937085879203468e-161
8.0600000000000004974 2.1131292696471318198e-163 -2.1131292696471318198e-163
8.0700000000000002842 5.2021948129976272452e-166 -5.2021948129976272452e-166
8.0800000000000000711 1.2207297877348005601e-168 -1.2207297877348005601e-168
8.0899999999999998579 2.7303910516464340954e-171 -2.7303910516464340954e-171
8.0999999999999996447 5.8210661711515052604e-174 -5.8210661711515052604e-174
8.1099999999999994316 1.1829124154945093395e-176 -1.1829124154945093395e-176
8.1200000000000009948 2.2912633527084263357e-179 -2.2912633527084263357e-179
8.1300000000000007816 4.2302865664088771616e-182 -4.2302865664088771616e-182
8.1400000000000005684 7.4445238124860820527e-185 -7.4445238124860820527e-185
8.1500000000000003553 1.2487526137416645088e-187 -1.2487526137416645088e-187
8.1600000000000001421 1.9965870246818171878e-190 -1.9965870246818171878e-190
8.1699999999999999289 3.042793092914141558e-193 -3.042793092914141558e-193
8.1799999999999997158 4.4200678717887258402e-196 -4.4200678717887258402e-196
8.1899999999999995026 6.1200897304782937329e-199 -6.1200897304782937329e-199
8.1999999999999992895 8.0771653277873088293e-202 -8.0771653277873088293e-202
8.2100000000000008527 1.016090714037029125e-204 -1.016090714037029125e-204
8.2200000000000006395 1.2183675292574745417e-207 -1.2183675292574745417e-207
8.2300000000000004263 1.3925040589168057474e-210 -1.3925040589168057474e-210
8.2400000000000002132 1.5170047470093115784e-213 -1.5170047470093115784e-213
8.25 1.5752508502440791487e-216 -1.5752508502440791487e-216
8.2599999999999997868 1.5591389282665551415e-219 -1.5591389282665551415e-219
8.2699999999999995737 1.4709307040855926937e-222 -1.4709307040855926937e-222
8.2799999999999993605 1.3227321657496690689e-225 -1.3227321657496690689e-225
8.2900000000000009237 1.1337672699841163078e-228 -1.1337672699841163078e-228
8.3000000000000007105 9.2629263850085060887e-232 -9.2629263850085060887e-232
8.3100000000000004974 7.2134795188122170325e-235 -7.2134795188122170325e-235
8.3200000000000002842 5.3544354054971964264e-238 -5.3544354054971964264e-238
8.3300000000000000711 3.7883914838491282436e-241 -3.7883914838491282436e-241
8.3399999999999998579 2.5548670422529260625e-244 -2.5548670422529260625e-244
8.3499999999999996447 1.6423058418914980692e-247 -1.6423058418914980692e-247
8.3599999999999994316 1.0062642652530200116e-250 -1.0062642652530200116e-250
8.3700000000000009948 5.8768193172113081359e-254 -5.8768193172113081359e-254
8.3800000000000007816 3.2714847495612093983e-257 -3.2714847495612093983e-257
8.3900000000000005684 1.7358801312008101415e-260 -1.7358801312008101415e-260
8.4000000000000003553 8.7794403485911541949e-264 -8.7794403485911541949e-264
8.4100000000000001421 4.2323950513661182186e-267 -4.2323950513661182186e-267
8.4199999999999999289 1.9448128992931944096e-270 -1.9448128992931944096e-270
8.4299999999999997158 8.5180800141356477249e-274 -8.5180800141356477249e-274
8.4399999999999995026 3.5561319104280666248e-277 -3.5561319104280666248e-277
8.4499999999999992895 1.4150971778689031286e-280 -1.4150971778689031286e-280
8.4600000000000008527 5.367436569869916173e-284 -5.367436569869916173e-284
8.4700000000000006395 1.9405276170226017555e-287 -1.9405276170226017555e-287
8.4800000000000004263 6.6872103399996107153e-291 -6.6872103399996107153e-291
8.4900000000000002132 2.1965565381436374947e-294 -2.1965565381436374947e-294
8.5 6.8772059968589665376e-298 -6.8772059968589665376e-298
8.5099999999999997868 2.0523617992639496214e-301 -2.0523617992639496214e-301
8.5199999999999995737 5.8380532514957432322e-305 -5.8380532514957432322e-305
8.5299999999999993605 1.5829034287333089544e-308 -1.5829034287333089544e-308
8.5400000000000009237 4.090844992016170373e-312 -4.090844992016170373e-312
8.5500000000000007105 1.0077292404957276042e-315 -1.0077292404957276042e-315
8.5600000000000004974 2.3661791910628979494e-319 -2.3661791910628979494e-319
8.5700000000000002842 4.9406564584124654418e-323 -4.9406564584124654418e-323
8.5800000000000000711 0 0
8.5899999999999998579 0 0
8.5999999999999996447 0 0
8.6099999999999994316 0 0
8.6200000000000009948 0 0
8.6300000000000007816 0 0
8.6400000000000005684 0 0
8.6500000000000003553 0 0
8.6600000000000001421 0 0
8.6699999999999999289 0 0
8.6799999999999997158 0 0
8.6899999999999995026 0 0
8.7000000000000010658 0 0
8.7100000000000008527 0 0
8.7200000000000006395 0 0
8.7300000000000004263 0 0
8.7400000000000002132 0 0
8.75 0 0
8.7599999999999997868 0 0
8.7699999999999995737 0 0
8.7799999999999993605 0 0
8.7900000000000009237 0 0
8.8000000000000007105 0 0
8.8100000000000004974 0 0
8.8200000000000002842 0 0
8.8300000000000000711 0 0
8.8399999999999998579 0 0
8.8499999999999996447 0 0
8.8599999999999994316 0 0
8.8700000000000009948 0 0
8.8800000000000007816 0 0
8.8900000000000005684 0 0
8.9000000000000003553 0 0
8.9100000000000001421 0 0
8.9199999999999999289 0 0
8.9299999999999997158 0 0
8.9399999999999995026 0 0
8.9500000000000010658 0 0
8.9600000000000008527 0 0
8.9700000000000006395 0 0
8.9800000000000004263 0 0
8.9900000000000002132 0 0
9 0 0
9.0099999999999997868 0 0
9.0199999999999995737 0 0
9.0299999999999993605 0 0
9.0400000000000009237 0 0
9.0500000000000007105 0 0
9.0600000000000004974 0 0
9.0700000000000002842 0 0
9.0800000000000000711 0 0
9.0899999999999998579 0 0
9.0999999999999996447 0 0
9.1099999999999994316 0 0
9.1200000000000009948 0 0
9.1300000000000007816 0 0
9.1400000000000005684 0 0
9.1500000000000003553 0 0
9.1600000000000001421 0 0
9.1699999999999999289 0 0
9.1799999999999997158 0 0
9.1899999999999995026 0 0
9.2000000000000010658 0 0
9.2100000000000008527 0 0
9.2200000000000006395 0 0
9.2300000000000004263 0 0
9.2400000000000002132 0 0
9.25 0 0
9.2599999999999997868 0 0
9.2699999999999995737 0 0
9.2799999999999993605 0 0
9.2900000000000009237 0 0
9.3000000000000007105 0 0
9.3100000000000004974 0 0
9.3200000000000002842 0 0
9.3300000000000000711 0 0
9.3399999999999998579 0 0
9.3499999999999996447 0 0
9.3599999999999994316 0 0
9.3700000000000009948 0 0
9.3800000000000007816 0 0
9.3900000000000005684 0 0
9.4000000000000003553 0 0
9.4100000000000001421 0 0
9.4199999999999999289 0 0
9.4299999999999997158 0 0
9.4399999999999995026 0 0
9.4500000000000010658 0 0
9.4600000000000008527 0 0
9.4700000000000006395 0 0
9.4800000000000004263 0 0
9.4900000000000002132 0 0
9.5 0 0
9.5099999999999997868 0 0
9.5199999999999995737 0 0
9.5299999999999993605 0 0
9.5400000000000009237 0 0
9.5500000000000007105 0 0
9.5600000000000004974 0 0
9.5700000000000002842 0 0
9.5800000000000000711 0 0
9.5899999999999998579 0 0
9.5999999999999996447 0 0
9.6099999999999994316 0 0
9.6200000000000009948 0 0
9.6300000000000007816 0 0
9.6400000000000005684 0 0
9.6500000000000003553 0 0
9.6600000000000001421 0 0
9.6699999999999999289 0 0
9.6799999999999997158 0 0
9.6899999999999995026 0 0
9.7000000000000010658 0 0
9.7100000000000008527 0 0
9.7200000000000006395 0 0
9.7300000000000004263 0 0
9.7400000000000002132 0 0
9.75 0 0
9.7599999999999997868 0 0
9.7699999999999995737 0 0
9.7799999999999993605 0 0
9.7900000000000009237 0 0
9.8000000000000007105 0 0
9.8100000000000004974 0 0
9.8200000000000002842 0 0
9.8300000000000000711 0 0
9.8399999999999998579 0 0
9.8499999999999996447 0 0
9.8599999999999994316 0 0
9.8700000000000009948 0 2.0011486867588250476e-06
9.8800000000000007816 0 0
9.8900000000000005684 0 0
9.9000000000000003553 0 0
9.9100000000000001421 0 0
9.9199999999999999289 0 0
9.9299999999999997158 0 0
9.9399999999999995026 0 0
9.9500000000000010658 0 0
9.9600000000000008527 0 0
9.9700000000000006395 0 0
9.9800000000000004263 0 0
9.9900000000000002132 0 0
10 0 0
10.009999999999999787 0 0
10.019999999999999574 0 0
10.029999999999999361 0 0
10.040000000000000924 0 0
10.050000000000000711 0 0
10.060000000000000497 0 0
10.070000000000000284 0 0
10.080000000000000071 0 0
10.089999999999999858 0 0
10.099999999999999645 0 0
10.109999999999999432 0 0
10.120000000000000995 0 0
10.130000000000000782 0 0
10.140000000000000568 0 0
10.150000000000000355 0 0
10.160000000000000142 0 0
10.169999999999999929 0 0
10.179999999999999716 0 0
10.189999999999999503 0 0
10.200000000000001066 0 2.0011486867588250476e-06
10.210000000000000853 0 0
10.220000000000000639 0 0
10.230000000000000426 0 0
