0 0 0
0.010000000000000000208 0 0
0.020000000000000000416 0 0
0.02999999999999999889 0 0
0.040000000000000000833 0 0
0.050000000000000002776 0 0
0.05999999999999999778 0 0
0.070000000000000006661 0 0
0.080000000000000001665 0 0
0.089999999999999996669 0 0
0.10000000000000000555 0 0
0.11000000000000000056 0 0
0.11999999999999999556 0 0
0.13000000000000000444 0 0
0.14000000000000001332 0 0
0.14999999999999999445 0 0.00014215096598491069944
0.16000000000000000333 0 9.2097805463708937168e-05
0.17000000000000001221 0 8.0085053923539817333e-05
0.17999999999999999334 0 7.8082921390887349844e-05
0.19000000000000000222 0 5.0053156883222982287e-05
0.2000000000000000111 0 5.8061661547981202602e-05
0.20999999999999999223 0 3.6038272810401388187e-05
0.22000000000000000111 0 2.6027641069958921185e-05
0.23000000000000000999 0 3.6038272810401388187e-05
0.23999999999999999112 0 1.4014884072821590712e-05
0.25 0 2.6027641069958921185e-05
0.26000000000000000888 0 3.4036147553706541657e-05
0.27000000000000001776 0 1.601700932951644063e-05
0.28000000000000002665 0 2.802976814564317126e-05
0.28999999999999998002 0 1.0010631740442480555e-05
0.2999999999999999889 0 1.4014884072821590712e-05
0.30999999999999999778 0 1.601700932951644063e-05
0.32000000000000000666 0 2.4025515813264061103e-05
0.33000000000000001554 0 3.6038272810401388187e-05
0.34000000000000002442 0 2.2023388737579811027e-05
0.35000000000000003331 0 3.6038272810401388187e-05
0.35999999999999998668 0 2.6027641069958921185e-05
0.36999999999999999556 0 3.203401865903288126e-05
0.38000000000000000444 0 4.2044652218464761972e-05
0.39000000000000001332 0 3.203401865903288126e-05
0.4000000000000000222 0 3.4036147553706541657e-05
0.41000000000000003109 0 4.8051031626528128982e-05
0.41999999999999998446 0 2.2023388737579811027e-05
0.42999999999999999334 0 3.0031893402338031342e-05
0.44000000000000000222 0 3.0031893402338031342e-05
0.4500000000000000111 0 3.6038272810401388187e-05
0.46000000000000001998 0 3.8040398067096248269e-05
0.47000000000000002887 0 3.4036147553706541657e-05
0.47999999999999998224 0 2.2023388737579811027e-05
0.48999999999999999112 0 1.801913640520070087e-05
0.5 0 2.6027641069958921185e-05
0.51000000000000000888 0 3.6038272810401388187e-05
0.52000000000000001776 0 2.0021263480884950945e-05
0.53000000000000002665 0 2.802976814564317126e-05
0.54000000000000003553 0 2.0021263480884950945e-05
0.55000000000000004441 0 1.601700932951644063e-05
0.56000000000000005329 0 2.4025515813264061103e-05
0.57000000000000006217 0 2.2023388737579811027e-05
0.57999999999999996003 0 2.0021263480884950945e-05
0.58999999999999996891 0 2.4025515813264061103e-05
0.5999999999999999778 0 1.4014884072821590712e-05
0.60999999999999998668 0 2.6027641069958921185e-05
0.61999999999999999556 0 8.008504664758220315e-06
0.63000000000000000444 0 1.2012757906632030551e-05
0.64000000000000001332 0 1.601700932951644063e-05
0.6500000000000000222 0 1.4014884072821590712e-05
0.66000000000000003109 0 2.2023388737579811027e-05
0.67000000000000003997 0 1.601700932951644063e-05
0.68000000000000004885 0 2.6027641069958921185e-05
0.69000000000000005773 0 1.801913640520070087e-05
0.70000000000000006661 0 1.2012757906632030551e-05
0.70999999999999996447 0 1.601700932951644063e-05
0.71999999999999997335 0 2.6027641069958921185e-05
0.72999999999999998224 0 6.0063789533160161227e-06
0.73999999999999999112 0 4.0042523323791101575e-06
0.75 0 1.801913640520070087e-05
0.76000000000000000888 0 1.801913640520070087e-05
0.77000000000000001776 0 3.4036147553706541657e-05
0.78000000000000002665 0 2.0021263480884950945e-05
0.79000000000000003553 0 2.4025515813264061103e-05
0.80000000000000004441 0 8.008504664758220315e-06
0.81000000000000005329 0 1.4014884072821590712e-05
0.82000000000000006217 0 1.4014884072821590712e-05
0.83000000000000007105 0 1.0010631740442480555e-05
0.83999999999999996891 0 6.0063789533160161227e-06
0.8499999999999999778 0 2.802976814564317126e-05
0.85999999999999998668 0 1.4014884072821590712e-05
0.86999999999999999556 0 1.4014884072821590712e-05
0.88000000000000000444 0 1.801913640520070087e-05
0.89000000000000001332 0 2.0021263480884950945e-05
0.9000000000000000222 0 2.2023388737579811027e-05
0.91000000000000003109 0 1.4014884072821590712e-05
0.92000000000000003997 0 1.801913640520070087e-05
0.93000000000000004885 0 2.4025515813264061103e-05
0.94000000000000005773 0 8.008504664758220315e-06
0.95000000000000006661 0 1.2012757906632030551e-05
0.95999999999999996447 0 2.4025515813264061103e-05
0.96999999999999997335 0 1.2012757906632030551e-05
0.97999999999999998224 0 2.2023388737579811027e-05
0.98999999999999999112 0 2.6027641069958921185e-05
1 0 1.601700932951644063e-05
1.0100000000000000089 0 2.4025515813264061103e-05
1.0200000000000000178 0 2.0021263480884950945e-05
1.0300000000000000266 0 2.0021263480884950945e-05
1.0400000000000000355 0 1.0010631740442480555e-05
1.0500000000000000444 0 1.601700932951644063e-05
1.0600000000000000533 0 1.801913640520070087e-05
1.0700000000000000622 0 2.4025515813264061103e-05
1.0800000000000000711 0 8.008504664758220315e-06
1.0900000000000000799 0 1.801913640520070087e-05
1.1000000000000000888 0 2.2023388737579811027e-05
1.1100000000000000977 0 1.601700932951644063e-05
1.1200000000000001066 1.4821969375237396325e-323 1.4014884072821590712e-05
1.1300000000000001155 2.5394974196240072371e-321 2.4025515813264061103e-05
1.1400000000000001243 3.9149267710814534914e-319 1.0010631740442480555e-05
1.1500000000000001332 5.9286153211845599351e-317 1.601700932951644063e-05
1.1599999999999999201 8.8232038073634278276e-315 1.601700932951644063e-05
1.1699999999999999289 1.2904530830861357313e-312 1.0010631740442480555e-05
1.1799999999999999378 1.85481672997634628e-310 2.0021263480884950945e-05
1.1899999999999999467 2.6200082918972785927e-308 2.4025515813264061103e-05
1.1999999999999999556 3.6370326814193049012e-306 1.4014884072821590712e-05
1.2099999999999999645 4.9617470216403807779e-304 1.2012757906632030551e-05
1.2199999999999999734 6.6521940311271402716e-302 1.801913640520070087e-05
1.2299999999999999822 8.7647205777317817808e-300 1.801913640520070087e-05
1.2399999999999999911 1.1348909127726498804e-297 1.801913640520070087e-05
1.25 1.4441524400025522704e-295 1.601700932951644063e-05
1.2600000000000000089 1.8059878929715292058e-293 2.0021263480884950945e-05
1.2700000000000000178 2.2195222710172221407e-291 3.203401865903288126e-05
1.2800000000000000266 2.6806928511717426622e-289 2.2023388737579811027e-05
1.2900000000000000355 3.1818337314904580418e-287 2.0021263480884950945e-05
1.3000000000000000444 3.711511268395196698e-285 1.601700932951644063e-05
1.3100000000000000533 4.2546805866938595124e-283 1.601700932951644063e-05
1.3200000000000000622 4.7932051397717222391e-281 1.801913640520070087e-05
1.3300000000000000711 5.306741676601500882e-279 1.4014884072821590712e-05
1.3400000000000000799 5.7739464918809666246e-277 1.0010631740442480555e-05
1.3500000000000000888 6.1739120541322278852e-275 2.0021263480884950945e-05
1.3600000000000000977 6.4877035817085685628e-273 2.0021263480884950945e-05
1.3700000000000001066 6.6998400680350717838e-271 2.0021263480884950945e-05
1.3800000000000001155 6.7995590371750701422e-269 1.601700932951644063e-05
1.3900000000000001243 6.781721304275358962e-267 1.2012757906632030551e-05
1.4000000000000001332 6.6472498723752311561e-265 2.4025515813264061103e-05
1.4099999999999999201 6.403050789641508421e-263 1.601700932951644063e-05
1.4199999999999999289 6.0614254131170779757e-261 1.2012757906632030551e-05
1.4299999999999999378 5.6390437057957274182e-259 2.802976814564317126e-05
1.4399999999999999467 5.1555978298392948269e-257 1.4014884072821590712e-05
1.4499999999999999556 4.6322872272407929056e-255 1.2012757906632030551e-05
1.4599999999999999645 4.0902966321675041905e-253 2.2023388737579811027e-05
1.4699999999999999734 3.5494168395594755238e-251 2.0021263480884950945e-05
1.4799999999999999822 3.0269279434344069943e-249 6.0063789533160161227e-06
1.4899999999999999911 2.5368222388844056733e-247 1.2012757906632030551e-05
1.5 2.0893965164313701946e-245 2.6027641069958921185e-05
1.5100000000000000089 1.691198453147511498e-243 1.4014884072821590712e-05
1.5200000000000000178 1.3452752603971499801e-241 1.601700932951644063e-05
1.5300000000000000266 1.0516485197218059162e-239 1.801913640520070087e-05
1.5400000000000000355 8.0792854135641059678e-238 2.4025515813264061103e-05
1.5500000000000000444 6.0998360546685732458e-236 1.2012757906632030551e-05
1.5600000000000000533 4.5259135181387889408e-234 1.2012757906632030551e-05
1.5700000000000000622 3.30017686937930886e-232 1.801913640520070087e-05
1.5800000000000000711 2.3648906125986594585e-230 1.2012757906632030551e-05
1.5900000000000000799 1.665435336474279384e-228 2.0021263480884950945e-05
1.6000000000000000888 1.1526232329527645543e-226 1.601700932951644063e-05
1.6100000000000000977 7.8395266313905529031e-225 2.0021263480884950945e-05
1.6200000000000001066 5.2400470528799541213e-223 1.2012757906632030551e-05
1.6300000000000001155 3.4420994198059468966e-221 1.801913640520070087e-05
1.6400000000000001243 2.2220534934710540563e-219 2.802976814564317126e-05
1.6500000000000001332 1.4097057983758602847e-217 1.801913640520070087e-05
1.6600000000000001421 8.7891188795846827535e-216 2.0021263480884950945e-05
1.6699999999999999289 5.3852400588139746048e-214 1.601700932951644063e-05
1.6799999999999999378 3.2427067314925945593e-212 2.802976814564317126e-05
1.6899999999999999467 1.9189035881453839355e-210 2.802976814564317126e-05
1.6999999999999999556 1.1159417174146197423e-208 4.4046777475159622055e-05
1.7099999999999999645 6.3778271923837059771e-207 3.0031893402338031342e-05
1.7199999999999999734 3.5821754971352280886e-205 2.6027641069958921185e-05
1.7299999999999999822 1.9772602991101961332e-203 3.4036147553706541657e-05
1.7399999999999999911 1.0725652205585490099e-201 3.4036147553706541657e-05
1.75 5.7177669569210293041e-200 4.8051031626528128982e-05
1.7600000000000000089 2.9955189217459242537e-198 3.203401865903288126e-05
1.7700000000000000178 1.5422705309355819911e-196 2.4025515813264061103e-05
1.7800000000000000266 7.8035448337272209862e-195 3.0031893402338031342e-05
1.7900000000000000355 3.8803077916770946955e-193 2.2023388737579811027e-05
1.8000000000000000444 1.8961963166216985224e-191 2.2023388737579811027e-05
1.8100000000000000533 9.1063283078369086441e-190 2.2023388737579811027e-05
1.8200000000000000622 4.2978006513963717726e-188 1.2012757906632030551e-05
1.8300000000000000711 1.9933942859833836994e-186 1.0010631740442480555e-05
1.8400000000000000799 9.0865153848914149853e-185 1.0010631740442480555e-05
1.8500000000000000888 4.0721649468009705522e-183 1.601700932951644063e-05
1.8600000000000000977 1.8026209849569502058e-181 1.801913640520070087e-05
1.8700000000000001066 8.3113490495830089175e-180 1.801913640520070087e-05
1.8800000000000001155 6.0504724821663886987e-178 2.802976814564317126e-05
1.8900000000000001243 1.4304510455907441697e-175 1.601700932951644063e-05
1.9000000000000001332 5.8396094441351188552e-173 1.4014884072821590712e-05
1.9100000000000001421 2.4683567091969692182e-170 2.0021263480884950945e-05
1.9199999999999999289 1.00252738953182587e-167 1.601700932951644063e-05
1.9299999999999999378 3.8843171028277139805e-165 8.008504664758220315e-06
1.9399999999999999467 1.4347235393169723007e-162 1.4014884072821590712e-05
1.9499999999999999556 5.0515986431913486604e-160 2.2023388737579811027e-05
1.9599999999999999645 1.6954859593841101045e-157 1.801913640520070087e-05
1.9699999999999999734 5.4245603513667113299e-155 1.2012757906632030551e-05
1.9799999999999999822 1.6543995278464864691e-152 1.0010631740442480555e-05
1.9899999999999999911 4.809747878769809973e-150 1.4014884072821590712e-05
2 1.332940805101670587e-147 2.0021263480884950945e-05
2.0100000000000002309 3.5213293092581618506e-145 1.601700932951644063e-05
2.0200000000000000178 8.8676848855904890144e-143 1.801913640520070087e-05
2.0300000000000002487 2.1287385031716335352e-140 1.4014884072821590712e-05
2.0400000000000000355 4.8712842121386720851e-138 1.0010631740442480555e-05
2.0499999999999998224 1.0626111445816596558e-135 8.008504664758220315e-06
2.0600000000000000533 2.2096102671909654084e-133 1.801913640520070087e-05
2.0699999999999998401 4.379939349326839422e-131 1.2012757906632030551e-05
2.0800000000000000711 8.2762257222455796341e-129 1.601700932951644063e-05
2.0899999999999998579 1.4907646890343627668e-126 1.0010631740442480555e-05
2.1000000000000000888 2.5597594521737226499e-124 2.2023388737579811027e-05
2.1099999999999998757 4.189896252725965881e-122 1.0010631740442480555e-05
2.1200000000000001066 6.5376584740746285651e-120 2.2023388737579811027e-05
2.1299999999999998934 9.7242663916403606601e-118 2.2023388737579811027e-05
2.1400000000000001243 1.3788212237113050735e-115 1.4014884072821590712e-05
2.1499999999999999112 1.8637018034179548862e-113 1.601700932951644063e-05
2.1600000000000001421 2.4013923880233662322e-111 2.0021261661895550787e-06
2.1699999999999999289 2.9496397907061191156e-109 1.4014884072821590712e-05
2.1800000000000001599 3.4537820204218684208e-107 1.801913640520070087e-05
2.1899999999999999467 3.8551556668806231842e-105 8.008504664758220315e-06
2.2000000000000001776 4.1021445801118594612e-103 1.2012757906632030551e-05
2.2099999999999999645 4.161051416589368548e-101 1.801913640520070087e-05
2.2200000000000001954 4.0236420166436206726e-99 8.008504664758220315e-06
2.2299999999999999822 3.709033970545822241e-97 2.2023388737579811027e-05
2.2400000000000002132 3.2593322723870399093e-95 2.0021263480884950945e-05
2.25 2.7303855287612434497e-93 1.801913640520070087e-05
2.2600000000000002309 2.1804594762801253928e-91 1.801913640520070087e-05
2.2700000000000000178 1.6599767816641052031e-89 1.801913640520070087e-05
2.2800000000000002487 1.2047230883279451236e-87 1.801913640520070087e-05
2.2900000000000000355 8.3349884294345413234e-86 1.801913640520070087e-05
2.3000000000000002665 5.4973917002053070281e-84 1.801913640520070087e-05
2.3100000000000000533 3.4565567330165897071e-82 1.601700932951644063e-05
2.3199999999999998401 2.0718937642317175127e-80 1.4014884072821590712e-05
2.3300000000000000711 1.183939679372248203e-78 1.801913640520070087e-05
2.3399999999999998579 6.4495814667133815692e-77 1.4014884072821590712e-05
2.3500000000000000888 3.3494613803470134549e-75 8.008504664758220315e-06
2.3599999999999998757 1.6582941974295159449e-73 1.801913640520070087e-05
2.3700000000000001066 7.8269596115667909442e-72 1.2012757906632030551e-05
2.3799999999999998934 3.5218537300433009042e-70 2.2023388737579811027e-05
2.3900000000000001243 1.5107691912095043081e-68 1.801913640520070087e-05
2.3999999999999999112 6.1783918783023971444e-67 1.601700932951644063e-05
2.4100000000000001421 2.4088254231901795794e-65 2.0021263480884950945e-05
2.4199999999999999289 8.9534382249326167114e-64 8.008504664758220315e-06
2.4300000000000001599 3.1727158294689458465e-62 2.802976814564317126e-05
2.4399999999999999467 1.0718440290133457127e-60 1.2012757906632030551e-05
2.4500000000000001776 3.4521801457975351484e-59 2.2023388737579811027e-05
2.4599999999999999645 1.0600325488627220681e-57 2.2023388737579811027e-05
2.4700000000000001954 3.1032116546247531228e-56 2.6027641069958921185e-05
2.4799999999999999822 8.6610930128234060001e-55 1.2012757906632030551e-05
2.4900000000000002132 2.3046548294058255367e-53 1.801913640520070087e-05
2.5 5.8467409680871275642e-52 2.0021263480884950945e-05
2.5100000000000002309 1.4141634675183296091e-50 1.0010631740442480555e-05
2.5200000000000000178 3.2611165864852700759e-49 2.0021263480884950945e-05
2.5300000000000002487 7.1699691034552538173e-48 3.0031893402338031342e-05
2.5400000000000000355 1.5029894674214334745e-46 2.4025515813264061103e-05
2.5500000000000002665 3.0039029016380742056e-45 1.601700932951644063e-05
2.5600000000000000533 5.7241488643073835324e-44 2.4025515813264061103e-05
2.5699999999999998401 1.0400039310785974517e-42 1.4014884072821590712e-05
2.5800000000000000711 1.801615964962589118e-41 2.0021263480884950945e-05
2.5899999999999998579 2.9757537789252508739e-40 1.801913640520070087e-05
2.6000000000000000888 4.6864486903909888663e-39 1.4014884072821590712e-05
2.6099999999999998757 7.0373255362119502322e-38 2.6027641069958921185e-05
2.6200000000000001066 1.007612084717450588e-36 2.0021263480884950945e-05
2.6299999999999998934 1.375644954415360132e-35 1.2012757906632030551e-05
2.6400000000000001243 1.7908211529847730882e-34 1.4014884072821590712e-05
2.6499999999999999112 2.2229865623761236057e-33 3.0031893402338031342e-05
2.6600000000000001421 2.6312762949584055754e-32 1.801913640520070087e-05
2.6699999999999999289 2.9699397622479272706e-31 1.4014884072821590712e-05
2.6800000000000001599 3.196593078191190048e-30 2.2023388737579811027e-05
2.6899999999999999467 3.280899703788628467e-29 2.6027641069958921185e-05
2.7000000000000001776 3.2112360881424418048e-28 1.801913640520070087e-05
2.7099999999999999645 2.9973224497919664247e-27 2.802976814564317126e-05
2.7200000000000001954 2.667997530068771739e-26 1.4014884072821590712e-05
2.7299999999999999822 2.2648395144982149803e-25 1.4014884072821590712e-05
2.7400000000000002132 1.8335781400110709531e-24 1.2012757906632030551e-05
2.75 1.4157349837683357926e-23 2.4025515813264061103e-05
2.7600000000000002309 1.0425486623859503692e-22 1.601700932951644063e-05
2.7700000000000000178 7.3224191056835208439e-22 1.4014884072821590712e-05
2.7800000000000002487 4.9053453389733682079e-21 1.6017009329516437242e-05
2.7900000000000000355 3.1344052504222735444e-20 1.6017009329516410137e-05
2.8000000000000002665 1.9104076799740604683e-19 2.4025515813263871367e-05
2.8100000000000000533 1.1107036732241935672e-18 1.6017009329515329323e-05
2.8199999999999998401 6.1601133300436415834e-18 1.2012757906625870928e-05
2.8300000000000000711 3.2592371393147779706e-17 3.0031893402305437514e-05
2.8399999999999998579 1.6451286592887209186e-16 8.0085046645937078819e-06
2.8500000000000000888 7.9224941101951438045e-16 1.6017009328724190386e-05
2.8599999999999998757 3.6402014602375339067e-15 3.0031893398697829324e-05
2.8700000000000001066 1.5959365650552500452e-14 1.6017009313557076131e-05
2.8799999999999998934 6.6766717136689381213e-14 1.8019136338433982712e-05
2.8900000000000001243 2.6655605701518692189e-13 1.4014883806265533158e-05
2.8999999999999999112 1.015626249931824486e-12 6.0063779376897665722e-06
2.9100000000000001421 3.6934471094809932459e-12 1.001062804699537024e-05
2.9199999999999999289 1.2820993981692422837e-11 1.6016996508522458984e-05
2.9300000000000001599 4.2486063410221143631e-11 1.801909391913729012e-05
2.9399999999999999467 1.3441688243734515896e-10 8.0083702478757833824e-06
2.9500000000000001776 4.060656055167000652e-10 1.8018730339595182948e-05
2.9599999999999999645 1.171471835471273637e-09 1.8017964933365229453e-05
2.9700000000000001954 3.227939653293663848e-09 2.0018035541231657252e-05
2.9799999999999999822 8.4966727295979647304e-09 2.2014892064850214326e-05
2.9900000000000002132 2.1368929425564557773e-08 1.799776747577513567e-05
3 5.1359074605700999063e-08 1.796777733059499901e-05
3.0100000000000002309 1.1799225499420854514e-07 2.190539648258560141e-05
3.0200000000000000178 2.5918265981933214357e-07 9.7514490806231490994e-06
3.0300000000000002487 5.4450730491822782433e-07 1.9476756175966723333e-05
3.0400000000000000355 1.0944435437256949874e-06 2.6935324601917477332e-05
3.0500000000000002665 2.1054341446769673378e-06 9.90732376195506279e-06
3.0600000000000000533 3.8782777792150224507e-06 1.61429857016699268e-05
3.0700000000000002842 6.8438881259821023455e-06 1.1175248279218599371e-05
3.0800000000000000711 1.1576666107245049629e-05 4.4403432222713910008e-06
3.0899999999999998579 1.8783134271068655527e-05 3.2402544665111554999e-06
3.1000000000000000888 2.9254155067484956807e-05 -2.524990273510584665e-05
3.1099999999999998757 4.3774754494704124972e-05 -2.3753491013819174026e-05
3.1200000000000001066 6.299657367232533293e-05 -3.6968932602366415133e-05
3.1299999999999998934 8.7292092908339825289e-05 -7.5279335001707793043e-05
3.1400000000000001243 0.000116622359184410956 -0.00010060534985489451537
3.1499999999999999112 0.00015045526101124044832 -0.00014044462927079797115
3.1600000000000001421 0.00018776515179542556952 -0.00016574176305784576188
3.1699999999999999289 0.00022712654786902929842 -0.0002131116637962077111
3.1800000000000001599 0.00026688952187853314446 -0.00024887038547333244698
3.1899999999999999467 0.00030540079086444706135 -0.00028537952738356210701
3.2000000000000001776 0.00034122111902540157302 -0.0003272062349525799857
3.2099999999999999645 0.00037329158158777136492 -0.00035527244518257066743
3.2200000000000001954 0.00040101750285069124799 -0.00037498986178073233019
3.2299999999999999822 0.00042426302437130236677 -0.0004142523926308598896
3.2400000000000002132 0.00044327238763685624214 -0.00041924687182359217765
3.25 0.00045854873149150595941 -0.00044453384741868437208
3.2600000000000002309 0.00047072436797150499308 -0.00045070310449062003875
3.2700000000000000178 0.00048044968518522201701 -0.00045642416937195795252
3.2800000000000002487 0.00048831567593298342948 -0.00047430079186016184216
3.2900000000000000355 0.00049481278385488775516 -0.00047479152037400280083
3.3000000000000002665 0.000500319941829735341 -0.00048029867834885038667
3.3100000000000000533 0.000505113639009834481 -0.00049510300726939200384
3.3200000000000002842 0.00050938689605165943068 -0.00048736350731407962304
3.3300000000000000711 0.00051327046586326519756 -0.00049525132945806450008
3.3399999999999998579 0.00051685170860477330345 -0.00049683044512388834912
3.3500000000000000888 0.00052018927071685334279 -0.00050617438664403175547
3.3599999999999998757 0.00052332345728291565241 -0.00050730644795339921178
3.3700000000000001066 0.00052628305116732472003 -0.0005102660418378082794
3.3799999999999998934 0.00052908956404506136528 -0.00051307255471554492465
3.3900000000000001243 0.00053175979753215102657 -0.00051574278820263458594
3.3999999999999999112 0.00053430736676062494123 -0.00051628823035542424375
3.4100000000000001421 0.00053674361705889172929 -0.00051472022832131192165
3.4199999999999999289 0.00053907819497163672693 -0.00052105905856643602945
3.4300000000000001599 0.00054131942276743148096 -0.00052530241343791504033
3.4399999999999999467 0.00054347455843720767106 -0.00052545542203200697358
3.4500000000000001776 0.00054554998571556742853 -0.0005295329763860509879
3.4599999999999999645 0.00054755135869330451293 -0.0005415449797399884968
3.4700000000000001954 0.00054948371516734789265 -0.00052746032642976808501
3.4799999999999999822 0.00055135156738401905428 -0.00052932817864643924664
3.4900000000000002132 0.00055315897582542436321 -0.00054314834408498188605
3.5 0.00055490960993988573072 -0.00053889260061036929009
3.5100000000000002309 0.00055660679862844957607 -0.00052457277996941669481
3.5200000000000000178 0.0005582535725798542809 -0.00054624081467322224866
3.5300000000000002487 0.00055985270004995952176 -0.00053582718423669545727
3.5400000000000000355 0.00056140671733237066613 -0.00053738120151910660164
3.5500000000000002665 0.00056291795492495217291 -0.00053488818677930899826
3.5600000000000000533 0.00056438856024551835745 -0.00054837155091600191682
3.5700000000000002842 0.00056582051769266106505 -0.0005357886242903230371
3.5800000000000000711 0.00056721566691211714774 -0.0005451922781745373401
3.5899999999999998579 0.00056857572037756585071 -0.00052452894290240623543
3.6000000000000000888 0.00056990228194303798725 -0.00053586613438933144559
3.6099999999999998757 0.00057119686907018305758 -0.00053916285041115017632
3.6200000000000001066 0.00057246094329918572902 -0.00054242904989684770107
3.6299999999999998934 0.00057369595671744304938 -0.00052164067457752521378
3.6400000000000001243 0.00057490342742980431352 -0.00054687365928416113887
3.6499999999999999112 0.00057608506540478114383 -0.0005540616766672013362
3.6600000000000001421 0.00057724298298032110984 -0.00054921321483467793519
3.6699999999999999289 0.00057838004353446897336 -0.00054234177072406757839
3.6800000000000001599 0.00057950042937652841007 -0.00054546428182282186842
3.6899999999999999467 0.00058061054775263606746 -0.00052855526561271823187
3.7000000000000001776 0.00058172044331849441599 -0.00055168854991615638803
3.7099999999999999645 0.00058284594629382023394 -0.00053879916881866061866
3.7200000000000001954 0.00058401185469523673403 -0.00054196720247677197205
3.7299999999999999822 0.00058525651894565514696 -0.00053920761621380067837
3.7400000000000002132 0.00058663825387724171517 -0.00054659572691547180651
3.75 0.000588244024995414512 -0.00054019299336888638302
3.7600000000000002309 0.0005902008128666759142 -0.00056217104472103273955
3.7700000000000000178 0.00059268991468540790403 -0.00054463888305887977505
3.7800000000000002487 0.000595964155707140366 -0.00055391950348867560402
3.7900000000000000355 0.0006003675204810263134 -0.00055031436359780333111
3.8000000000000002665 0.00060635605630023699415 -0.00056230927882507737887
3.8100000000000000533 0.00061451806159027887091 -0.00057447553462850896224
3.8200000000000002842 0.0006255906088261244764 -0.00056552682202144842049
3.8300000000000000711 0.00064046848213941318627 -0.00059642170466425357099
3.8399999999999998579 0.00066020081367270809676 -0.00060814553153279026117
3.8500000000000000888 0.00068597031270567466153 -0.00063791928107914653255
3.8599999999999998757 0.00071905025630146913833 -0.00066499284890485644943
3.8700000000000001066 0.00076073558800511715833 -0.00070868030586519932274
3.8799999999999998934 0.00081224670795986171623 -0.00075218292115518566032
3.8900000000000001243 0.00087460783929063439738 -0.00080253129366983160745
3.8999999999999999112 0.00094850601787764522114 -0.00087042309648675787129
3.9100000000000001421 0.0010341413309869246402 -0.00095005202654999511627
3.9199999999999999289 0.0011310833532564897735 -0.0010409876730494756897
3.9300000000000001599 0.0012381519698055115566 -0.0011320392802689810321
3.9399999999999999467 0.0013533420833074334341 -0.0012031826162957432944
3.9500000000000001776 0.0014738103676958695058 -0.0012956211325385361913
3.9599999999999999645 0.0015959378769968151929 -0.0013636912308048903825
3.9700000000000001954 0.0017154750459131050747 -0.001455198646127452318
3.9799999999999999822 0.0018277660914765676229 -0.0015734960529090841978
3.9900000000000002132 0.0019280392353462198242 -0.0016177096604874500498
4 0.0020117390875226399787 -0.0016753818697749218829
4.0099999999999997868 0.0020748696616424353034 -0.0017204933020325482995
4.0200000000000004619 0.0021143123326461316959 -0.0018119912588141413347
4.0300000000000002487 0.0021280835941069409581 -0.0017697029839836642476
4.0400000000000000355 0.0021155029733244605332 -0.0017611266137145735293
4.0499999999999998224 0.0020772513191849527846 -0.0017308834897056756506
4.0600000000000004974 0.0020153125148725543198 -0.0016909680486650053438
4.0700000000000002842 0.0019328055633494203944 -0.0016244781282992607017
4.0800000000000000711 0.0018337268306052739459 -0.0015233972557465041715
4.0899999999999998579 0.0017226320885748030737 -0.0014263174050648125008
4.0999999999999996447 0.0016042935004377881225 -0.0013820574805293375786
4.1100000000000003197 0.0014833672375110034617 -0.0013011737518402804407
4.1200000000000001066 0.0013641032575707305596 -0.0011899182729267869518
4.1299999999999998934 0.0012501209038380839845 -0.0010999614368263938447
4.1399999999999996803 0.0011442639050519814569 -0.0010341469577261036116
4.1500000000000003553 0.0010485377673169356781 -0.00097245697118274318158
4.1600000000000001421 0.0009641230211031390912 -0.00090005498378507332868
4.1699999999999999289 0.0008914505149083867732 -0.00083138672810371071729
4.1799999999999997158 0.00083032059291690486942 -0.00078627381544174525414
4.1900000000000003908 0.00078004665981776797386 -0.0007420062617506717256
4.2000000000000001776 0.00073960494301991230957 -0.00070757092436087942831
4.2099999999999999645 0.00070777550376946679438 -0.00066773297680769688571
4.2199999999999997513 0.00068326387170772112309 -0.00064121921948925636112
4.2300000000000004263 0.00066479725575204124711 -0.00063476536234970321916
4.2400000000000002132 0.00065119344645665083477 -0.00061915942779761795351
4.25 0.00064140382649381644502 -0.00061737831068055238053
4.2599999999999997868 0.00063453414273097771912 -0.00060850650166101880132
4.2700000000000004619 0.00062984787116356110489 -0.00060382023009360218709
4.2800000000000002487 0.00062675728068754810434 -0.00059472326202851522308
4.2900000000000000355 0.00062480691166477068769 -0.0006007813958515066232
4.2999999999999998224 0.00062365338913078624192 -0.00059362149572844821396
4.3100000000000004974 0.00062304452106686305807 -0.00058500412299976680981
4.3200000000000002842 0.00062279966903002023822 -0.00060678265970050379759
4.3300000000000000711 0.00062279253873809726095 -0.00058275001177632735228
4.3399999999999998579 0.00062293688069479805428 -0.00059490711254915487963
4.3500000000000005329 0.00062317512818720868697 -0.00058913898063350214531
4.3600000000000003197 0.00062346971362331959302 -0.00060344845014243463869
4.3700000000000001066 0.00062379665937253685193 -0.00059576689122689367728
4.3799999999999998934 0.00062414099627111044744 -0.00059010484871740390578
4.3899999999999996803 0.00062449358480898991587 -0.00060447232132810496154
4.4000000000000003553 0.0006248489707385919455 -0.00057880006800673747692
4.4100000000000001421 0.00062520397675308418683 -0.00059316995809405130557
4.4199999999999999289 0.00062555680107079637917 -0.00060353341233321657153
4.4299999999999997158 0.00062590645463227547775 -0.00058185967715711586247
4.4400000000000003908 0.00062625241808496150131 -0.00059421839942592862005
4.4500000000000001776 0.0006265944375802316637 -0.00059856466943458848905
4.4599999999999999645 0.00062693240597163702506 -0.00060290689015837296057
4.4699999999999997513 0.0006272662952414618338 -0.00060924715883626113632
4.4800000000000004263 0.00062759611891202553031 -0.00058755359195025562164
4.4900000000000002132 0.00062792191159320557853 -0.0006119049022636891379
4.5 0.00062824371809732434263 -0.00058019268647079621365
4.5099999999999997868 0.00062856158777476497761 -0.00058451481029960536233
4.5200000000000004619 0.00062887557163504928526 -0.00060084580348940611061
4.5300000000000002487 0.00062918572092140437509 -0.00060315807985144545729
4.5400000000000000355 0.00062949208642721927315 -0.00060546657061395520866
4.5499999999999998224 0.00062979471818289426647 -0.00059776069952386138521
4.5600000000000004974 0.00063009366532346567247 -0.00059405539251306427751
4.5700000000000002842 0.0006303889760423751331 -0.00059635282848866859144
4.5800000000000000711 0.00063068069758517929062 -0.00057662329018856660172
4.5899999999999998579 0.00063096887626113969203 -0.00059693272870743315037
4.6000000000000005329 0.00063125355746238367722 -0.00060522591639242475942
4.6100000000000003197 0.00063153478568594490807 -0.00058148162880272192578
4.6200000000000001066 0.00063181260455658517367 -0.00059977858589755229241
4.6299999999999998934 0.00063208705684950061959 -0.00059004240463103585761
4.6399999999999996803 0.00063235818451254225455 -0.00059431778644544600628
4.6500000000000003553 0.00063262602868781130615 -0.00060059201002877842489
4.6600000000000001421 0.0006328906297325903943 -0.0006068629886626314765
4.6699999999999999289 0.00063315202723960726985 -0.00060111800858057438859
4.6799999999999997158 0.00063341026005664944135 -0.00059937411250294289969
4.6900000000000003908 0.00063366536630554801297 -0.00059962921875184147132
4.7000000000000001776 0.00063391738340055718819 -0.00058987060592539757291
4.7099999999999999645 0.00063416634806614873791 -0.00058811744533429426932
4.7199999999999997513 0.00063441229635424463505 -0.00059637189828714838678
4.7300000000000004263 0.00063465526366090997332 -0.00059461273669914006465
4.7400000000000002132 0.00063489528474252525207 -0.00058684425311599712309
4.75 0.00063513239373145808503 -0.00059508986676968817636
4.7599999999999997868 0.00063536662415125222218 -0.0005873155925247240932
4.7700000000000004619 0.00063559800893135350898 -0.00058354272679143567339
4.7800000000000002487 0.0006358265804213876363 -0.00056775428531397455299
4.7900000000000000355 0.00063605237040500670325 -0.00057398645834363579404
4.7999999999999998224 0.00063627541011332085577 -0.00056419886449251806584
4.8100000000000004974 0.00063649573023793017991 -0.00057242769291986441739
4.8200000000000002842 0.00063671336094356910124 -0.0005586304395526817514
4.8300000000000000711 0.00063692833188037911978 -0.0005348198928572383019
4.8399999999999998579 0.00063714067219582321607 -0.00056506412657502042615
4.8500000000000005329 0.00063735041054625201154 -0.00057128024069553378153
4.8600000000000003197 0.00063755757510813729563 -0.00055947465371724994579
4.8700000000000001066 0.00063776219358898083439 -0.00056568564796817804446
4.8799999999999998934 0.00063796429323791342247 -0.00055988137184702607262
4.8899999999999996803 0.000638163900855991768 -0.00052804695353011392271
4.9000000000000003553 0.00063836104280620394394 -0.00053425047852636827275
4.9100000000000001421 0.00063855574502319825941 -0.00053244305548666773491
4.9199999999999999289 0.00063874803302274151418 -0.00054264596976968525622
4.9299999999999997158 0.00063893793191093590979 -0.00052281460881497350459
4.9400000000000003908 0.00063912546639326411457 -0.00052100001804060685606
4.9500000000000001776 0.00063931066078370458496 -0.0004931554442854041518
4.9599999999999999645 0.00063949353901479784063 -0.0005013468235432768207
4.9699999999999997513 0.00063967412465168568998 -0.00050152740918016467005
4.9800000000000004263 0.00063985244092007171994 -0.00049369722442177128678
4.9900000000000002132 0.00064002851077906764733 -0.00050588604582093633401
5 0.00064020235713014574889 -0.00048804076486176075581
5.0099999999999997868 0.00064037400341603999826 -0.0004922166616610447118
5.0200000000000004619 0.00064054347527603980664 -0.00044833934876992729071
5.0300000000000002487 0.00064071080490596399315 -0.00042448117531951318334
5.0400000000000000355 0.00064087604195584544926 -0.00044266553967964837341
5.0499999999999998224 0.00064103927932634638138 -0.00040879263313442157097
5.0600000000000004974 0.00064120071091819429501 -0.00047902847781441980704
5.0700000000000002842 0.00064136075372720835822 -0.0004111162327919783469
5.0800000000000000711 0.00064152029124033081286 -0.00040727151979171114914
5.0899999999999998579 0.00064168113002770741683 -0.00045147912877828975421
5.1000000000000005329 0.00064184680367883589075 -0.00038357251459796281321
5.1100000000000003197 0.00064202389680558175685 -0.00037574110669792926609
5.1200000000000001066 0.00064222407472920778945 -0.00040797530328058812573
5.1299999999999998934 0.00064246695922705343053 -0.00037818627982418051049
5.1399999999999996803 0.00064278385229596109 -0.00044657547527645886747
5.1500000000000003553 0.00064322205787474453619 -0.00029084783807346761397
5.1600000000000001421 0.00064384920370148368118 -0.00027545798184664798671
5.1699999999999999289 0.00064475659802596156037 -0.00029238237822468463815
5.1799999999999997158 0.00064606040366314593671 -0.00031771168694220725415
5.1900000000000003908 0.00064789943627297571106 -0.00029752732717647841377
5.2000000000000001776 0.00065042881703203457144 -0.00031607373909292655733
5.2099999999999999645 0.00065380953736679026708 -0.00024737792108283707723
5.2199999999999997513 0.00065819506341946616701 -0.00023975066649151334638
5.2300000000000004263 0.00066371710876007047712 -0.00029132163639184496763
5.2400000000000002132 0.00067047327192951199169 -0.00030408416077945586795
5.25 0.00067851910359552076567 -0.00023604920358722975959
5.2599999999999997868 0.00068786629741370963059 -0.00027542829080775665246
5.2700000000000004619 0.00069848732178418439058 -0.00028204506466484170583
5.2800000000000002487 0.00071032535397159957645 -0.00028587459582547747848
5.2900000000000000355 0.00072330729785675831976 -0.00023478850239257045927
5.2999999999999998224 0.00073735726389214382211 -0.00024683635772317633669
5.3100000000000004974 0.00075240820857103856995 -0.00030793616875413748219
5.3200000000000002842 0.00076841026869109744449 -0.00028990208495846862217
5.3300000000000000711 0.00078533534593425928082 -0.0002607782667457336041
5.3399999999999998579 0.00080317837477740169905 -0.00026060218283053757093
5.3500000000000005329 0.0008219562402947419924 -0.00028138215905265748923
5.3600000000000003197 0.00084170546195780956283 -0.00032315477309128367439
5.3700000000000001066 0.00086247961260391299825 -0.00034793314514694635969
5.3799999999999998934 0.00088434714319437384734 -0.00026168588277205467353
5.3899999999999996803 0.00090738996889056866904 -0.00031476060187058752318
5.4000000000000003553 0.00093170292667233149848 -0.00032906294792079131446
5.4100000000000001421 0.00095739407021181073282 -0.00038278381595016803835
5.4199999999999999289 0.00098458571470715875069 -0.00035191384255328053872
5.4299999999999997158 0.0010134161550928064924 -0.00036272511197292891562
5.4400000000000003908 0.0010440420268968924992 -0.00044140204814535231523
5.4500000000000001776 0.0010766413401209304779 -0.00039391629289393524822
5.4599999999999999645 0.0011114172841707099272 -0.00046072624105083235038
5.4699999999999997513 0.0011486029777756181537 -0.00044185242746828468433
5.4800000000000004263 0.0011884674345111986317 -0.00045969349182830654757
5.4900000000000002132 0.0012313231628571427983 -0.00040244287002801667867
5.5 0.0012775360954659223996 -0.00045466219295879606831
5.5099999999999997868 0.0013275391395006091739 -0.00049865884667148305427
5.5200000000000004619 0.0013818520525124737899 -0.00036677400894731971431
5.5300000000000002487 0.0014411137813810771888 -0.00040401240364802519511
5.5400000000000000355 0.0015061416085052565031 -0.00035892321068675052224
5.5499999999999998224 0.0015780502222619572153 -0.00036075748411487727069
5.5600000000000004974 0.0016585041844102579953 -0.00021897541180281206163
5.5700000000000002842 0.0017502576195883503152 -0.00017458427131799322644
5.5800000000000000711 0.001858280857124570886 -7.8390587152186910064e-05
5.5899999999999998579 0.0019920100727189309249 0.00022234159623496507763
5.6000000000000005329 0.0021695837612679528573 0.00048923997660667425599
5.6100000000000003197 0.0024252815907130332272 0.00071405244159900276707
5.6200000000000001066 0.0028215589860897754247 0.0010205212587047125285
5.6299999999999998934 0.0034666983454999262398 0.001274336590659922927
5.6399999999999996803 0.0045376521397149155099 0.0013405905243242194694
5.6500000000000003553 0.0063046643045036087141 0.00081489677538592718981
5.6600000000000001421 0.0091497240020565577534 -0.00015617286699338636669
5.6699999999999999289 0.01356584345811697942 -0.0024360236700782487984
5.6799999999999997158 0.020120945391671536673 -0.0068508522635863967898
5.6900000000000003908 0.029372239667119166839 -0.012998851197899955606
5.7000000000000001776 0.041727482872078697218 -0.022455015750596798302
5.7099999999999999645 0.057268942673924606857 -0.034316566740396653445
5.7199999999999997513 0.075579906815277680954 -0.049265961164223298629
5.7300000000000004263 0.095632660865373489423 -0.066389605134315368695
5.7400000000000002132 0.11579913724876733649 -0.083741091980708559639
5.75 0.134022566444069402 -0.10002045608201648452
5.7599999999999997868 0.1481419571639735755 -0.11249609971062732305
5.7700000000000004619 0.15630520010631893113 -0.12009474510591838792
5.7800000000000002487 0.15736374881500039824 -0.12144760664933954009
5.7900000000000000355 0.15113338882800750329 -0.11623632962581328942
5.7999999999999998224 0.13843982992706030388 -0.10604742867884367485
5.8100000000000004974 0.12093408880594691546 -0.090595870370301812002
5.8200000000000002842 0.10073505021665300763 -0.073764406666495460629
5.8300000000000000711 0.080006338816087860244 -0.056737627994220871108
5.8399999999999998579 0.060583647587056692341 -0.040692523368354369118
5.8500000000000005329 0.043737555185056398166 -0.027300099173284238935
5.8600000000000003197 0.030102777842392333674 -0.01678663640092791301
5.8700000000000001066 0.019751478482662631481 -0.0093684518082727923083
5.8799999999999998934 0.012354464442817491773 -0.0043900061262529318368
5.8899999999999996803 0.0073666768392163699611 -0.0013402765860396808131
5.9000000000000003553 0.0041873204167624765437 7.9210789904946704576e-05
5.9100000000000001421 0.0022688837857926112858 0.00075032267291007172932
5.9199999999999999289 0.0011719127082190990315 0.00092631560853500410913
5.9299999999999997158 0.00057700743459242653972 0.00075240443434488745063
5.9400000000000003908 0.0002708117068016613403 0.00068220038104637608679
5.9500000000000001776 0.00012115756961697372548 0.0004995015801005658505
5.9599999999999999645 5.1668798367384796461e-05 0.00036677559856056803772
5.9699999999999997513 2.1003843583581090638e-05 0.00020523642683825920729
5.9800000000000004263 8.138792500526158456e-06 0.00011198878110882593473
5.9900000000000002132 3.0061480788931145288e-06 6.3064021771825110822e-05
6 1.0583968791137045471e-06 5.7003264668867500173e-05
6.0099999999999997868 3.5520026077964178285e-07 2.967669314155838993e-05
6.0200000000000004619 1.136274971042937294e-07 1.9907635983780658142e-05
6.0300000000000002487 3.4647990998345679213e-08 7.9738566737598739608e-06
6.0400000000000000355 1.0070620830639492389e-08 5.9963083324853768007e-06
6.0499999999999998224 2.7900835365572585712e-09 -2.7900835365572585712e-09
6.0600000000000004974 7.3681800023544768515e-10 4.0035155143788744804e-06
6.0700000000000002842 1.8547469175963731591e-10 -1.8547469175963731591e-10
6.0800000000000000711 4.4503063833158917166e-11 -4.4503063833158917166e-11
6.0899999999999998579 1.017830477907867118e-11 2.0021159878847758207e-06
6.1000000000000005329 2.2189156312030596235e-12 -2.2189156312030596235e-12
6.1100000000000003197 4.610897619656944079e-13 -4.610897619656944079e-13
6.1200000000000001066 9.1329085809896122328e-14 -9.1329085809896122328e-14
6.1299999999999998934 1.7242939581177843658e-14 -1.7242939581177843658e-14
6.1400000000000005684 3.1030710546658191543e-15 -3.1030710546658191543e-15
6.1500000000000003553 5.3229211338294965864e-16 2.0021261656572630575e-06
6.1600000000000001421 8.7033398879778266652e-17 -8.7033398879778266652e-17
6.1699999999999999289 1.3564356130167215408e-17 -1.3564356130167215408e-17
6.1799999999999997158 2.0150670195669398848e-18 -2.0150670195669398848e-18
6.1900000000000003908 2.8533604779677023201e-19 4.0042523323788247074e-06
6.2000000000000001776 3.8512383928109201877e-20 -3.8512383928109201877e-20
6.2099999999999999645 4.9547366005866086172e-21 -4.9547366005866086172e-21
6.2199999999999997513 6.075988699768267577e-22 2.0021261661895546552e-06
6.2300000000000004263 7.1021424585368289021e-23 -7.1021424585368289021e-23
6.2400000000000002132 7.9129362864023098244e-24 2.0021261661895550787e-06
6.25 8.4035283172086341491e-25 -8.4035283172086341491e-25
6.2599999999999997868 8.5067021654787656201e-26 -8.5067021654787656201e-26
6.2700000000000004619 8.2079784695569827693e-27 2.0021261661895550787e-06
6.2800000000000002487 7.5489487847537736385e-28 -7.5489487847537736385e-28
6.2900000000000000355 6.6177737409033601976e-29 -6.6177737409033601976e-29
6.2999999999999998224 5.5298378754462349561e-30 -5.5298378754462349561e-30
6.3100000000000004974 4.4044108163314489451e-31 -4.4044108163314489451e-31
6.3200000000000002842 3.3437829212736886408e-32 -3.3437829212736886408e-32
6.3300000000000000711 2.4197085771379525117e-33 -2.4197085771379525117e-33
6.3399999999999998579 1.6690244264720225792e-34 -1.6690244264720225792e-34
6.3500000000000005329 1.0973290397277251849e-35 -1.0973290397277251849e-35
6.3600000000000003197 6.8767861458828466248e-37 -6.8767861458828466248e-37
6.3700000000000001066 4.1077930088644474627e-38 -4.1077930088644474627e-38
6.3799999999999998934 2.3388689794097015183e-39 -2.3388689794097015183e-39
6.3900000000000005684 1.2693385604349477882e-40 -1.2693385604349477882e-40
6.4000000000000003553 6.5663378000900747682e-42 -6.5663378000900747682e-42
6.4100000000000001421 3.2377481980603728503e-43 -3.2377481980603728503e-43
6.4199999999999999289 1.5217277442562743335e-44 -1.5217277442562743335e-44
6.4299999999999997158 6.8171810189068481968e-46 -6.8171810189068481968e-46
6.4400000000000003908 2.9110295564502022328e-47 -2.9110295564502022328e-47
6.4500000000000001776 1.1848469923476849642e-48 -1.1848469923476849642e-48
6.4599999999999999645 4.5967590534875269143e-50 -4.5967590534875269143e-50
6.4699999999999997513 1.6998671204975008108e-51 -1.6998671204975008108e-51
6.4800000000000004263 5.9917256977748607974e-53 -5.9917256977748607974e-53
6.4900000000000002132 2.0130869902236743727e-54 -2.0130869902236743727e-54
6.5 6.4468384403273017991e-56 -6.4468384403273017991e-56
6.5099999999999997868 1.9679071992391192462e-57 -1.9679071992391192462e-57
6.5200000000000004619 5.7257975004279470995e-59 -5.7257975004279470995e-59
6.5300000000000002487 1.5879647513753614613e-60 -1.5879647513753614613e-60
6.5400000000000000355 4.1977753898731191838e-62 -4.1977753898731191838e-62
6.5499999999999998224 1.0577206074962014264e-63 -1.0577206074962014264e-63
6.5600000000000004974 2.540365050635619139e-65 -2.540365050635619139e-65
6.5700000000000002842 5.8156016903960541072e-67 -5.8156016903960541072e-67
6.5800000000000000711 1.2690142770024788075e-68 -1.2690142770024788075e-68
6.5899999999999998579 2.6394391872986727655e-70 -2.6394391872986727655e-70
6.6000000000000005329 5.2327511366598854884e-72 -5.2327511366598854884e-72
6.6100000000000003197 9.8883024263773860917e-74 -9.8883024263773860917e-74
6.6200000000000001066 1.7810930620727304977e-75 -1.7810930620727304977e-75
6.6299999999999998934 3.0579097812919943369e-77 -3.0579097812919943369e-77
6.6400000000000005684 5.004214110152871172e-79 -5.004214110152871172e-79
6.6500000000000003553 7.8058505484617585838e-81 -7.8058505484617585838e-81
6.6600000000000001421 1.1605869702386552384e-82 -1.1605869702386552384e-82
6.6699999999999999289 1.6447815861403589162e-84 -1.6447815861403589162e-84
6.6799999999999997158 2.2218352043070809653e-86 -2.2218352043070809653e-86
6.6900000000000003908 2.8608065671190451875e-88 -2.8608065671190451875e-88
6.7000000000000001776 3.5110593041510479427e-90 -3.5110593041510479427e-90
6.7099999999999999645 4.1073417175870835884e-92 -4.1073417175870835884e-92
6.7199999999999997513 4.5799051922753027314e-94 -4.5799051922753027314e-94
6.7300000000000004263 4.867714527610557814e-96 -4.867714527610557814e-96
6.7400000000000002132 4.9313594081030394756e-98 -4.9313594081030394756e-98
6.75 4.7619094839172783957e-100 -4.7619094839172783957e-100
6.7599999999999997868 4.3829702507783517785e-102 -4.3829702507783517785e-102
6.7700000000000004619 3.8452873568027109029e-104 -3.8452873568027109029e-104
6.7800000000000002487 3.2155994873954900749e-106 -3.2155994873954900749e-106
6.7900000000000000355 2.5631142148825412809e-108 -2.5631142148825412809e-108
6.7999999999999998224 1.9473625323641201885e-110 -1.9473625323641201885e-110
6.8100000000000004974 1.4102577258739301642e-112 -1.4102577258739301642e-112
6.8200000000000002842 9.7347090952257645615e-115 -9.7347090952257645615e-115
6.8300000000000000711 6.4050167015684581397e-117 -6.4050167015684581397e-117
6.8399999999999998579 4.0168937058012271536e-119 -4.0168937058012271536e-119
6.8500000000000005329 2.40122681135187408e-121 -2.40122681135187408e-121
6.8600000000000003197 1.3681974800124918078e-123 -1.3681974800124918078e-123
6.8700000000000001066 7.4308267158798686477e-126 -7.4308267158798686477e-126
6.8799999999999998934 3.8467876624965649405e-128 -3.8467876624965649405e-128
6.8900000000000005684 1.8981564986799853058e-130 -1.8981564986799853058e-130
6.9000000000000003553 8.9276781894376426102e-133 -8.9276781894376426102e-133
6.9100000000000001421 4.0023746209291345115e-135 -4.0023746209291345115e-135
6.9199999999999999289 1.7102895090197487024e-137 -1.7102895090197487024e-137
6.9299999999999997158 6.9661721638555640457e-140 -6.9661721638555640457e-140
6.9400000000000003908 2.7045277432006087565e-142 2.0021261661895550787e-06
6.9500000000000001776 1.0008323470663937708e-144 -1.0008323470663937708e-144
6.9599999999999999645 3.5302370715199995433e-147 2.0021261661895550787e-06
6.9699999999999997513 1.1869134318103726556e-149 -1.1869134318103726556e-149
6.9800000000000004263 3.8037051451532704851e-152 -3.8037051451532704851e-152
6.9900000000000002132 1.1618960097039429362e-154 -1.1618960097039429362e-154
7 3.3829866513579606276e-157 -3.3829866513579606276e-157
7.0099999999999997868 9.3887096172053477612e-160 -9.3887096172053477612e-160
7.0200000000000004619 2.4836141195191894248e-162 -2.4836141195191894248e-162
7.0300000000000002487 6.2623150871136744954e-165 -6.2623150871136744954e-165
7.0400000000000000355 1.5050754924959313712e-167 -1.5050754924959313712e-167
7.0499999999999998224 3.4478964845027440473e-170 -3.4478964845027440473e-170
7.0600000000000004974 7.5287471371785873528e-173 -7.5287471371785873528e-173
7.0700000000000002842 1.5669810834829435463e-175 -1.5669810834829435463e-175
7.0800000000000000711 3.1086894491151189242e-178 -3.1086894491151189242e-178
7.0899999999999998579 5.8784585488514934995e-181 -5.8784585488514934995e-181
7.1000000000000005329 1.0595515948689543186e-183 -1.0595515948689543186e-183
7.1100000000000003197 1.8203432188848634062e-186 -1.8203432188848634062e-186
7.1200000000000001066 2.9809656090264458763e-189 -2.9809656090264458763e-189
7.1299999999999998934 4.6530011404150859876e-192 -4.6530011404150859876e-192
7.1400000000000005684 6.9228010951543556486e-195 -6.9228010951543556486e-195
7.1500000000000003553 9.8175482304909225304e-198 -9.8175482304909225304e-198
7.1600000000000001421 1.3270788327209252884e-200 -1.3270788327209252884e-200
7.1699999999999999289 1.7098691765422091202e-203 -1.7098691765422091202e-203
7.1799999999999997158 2.0999140607254293496e-206 2.0021261661895550787e-06
7.1900000000000003908 2.4581740548582919896e-209 -2.4581740548582919896e-209
7.2000000000000001776 2.7428130349340500399e-212 -2.7428130349340500399e-212
7.2099999999999999645 2.9171061880608897307e-215 -2.9171061880608897307e-215
7.2199999999999997513 2.9572001968798351226e-218 -2.9572001968798351226e-218
7.2300000000000004263 2.8574698918895202655e-221 -2.8574698918895202655e-221
7.2400000000000002132 2.6318130933751861444e-224 2.0021261661895550787e-06
7.25 2.3104728081499845762e-227 -2.3104728081499845762e-227
7.2599999999999997868 1.9333884216890483044e-230 -1.9333884216890483044e-230
7.2700000000000004619 1.5420902578945166931e-233 2.0021261661895550787e-06
7.2800000000000002487 1.1723921371634484761e-236 -1.1723921371634484761e-236
7.2900000000000000355 8.4958809748915549984e-240 2.0021261661895550787e-06
7.2999999999999998224 5.8683546981925768735e-243 -5.8683546981925768735e-243
7.3100000000000004974 3.8636404278110922014e-246 -3.8636404278110922014e-246
7.3200000000000002842 2.4246522104786383068e-249 -2.4246522104786383068e-249
7.3300000000000000711 1.450355961000855527e-252 -1.450355961000855527e-252
7.3399999999999998579 8.2693648205112018933e-256 -8.2693648205112018933e-256
7.3500000000000005329 4.494093380876639946e-259 -4.494093380876639946e-259
7.3600000000000003197 2.328007741602934686e-262 -2.328007741602934686e-262
7.3700000000000001066 1.1494739462434980225e-265 -1.1494739462434980225e-265
7.3799999999999998934 5.4098624613129606351e-269 -5.4098624613129606351e-269
7.3900000000000005684 2.4268654095869763624e-272 -2.4268654095869763624e-272
7.4000000000000003553 1.0377136551284883533e-275 -1.0377136551284883533e-275
7.4100000000000001421 4.2294290106815620067e-279 -4.2294290106815620067e-279
7.4199999999999999289 1.6430785000096944327e-282 -1.6430785000096944327e-282
7.4299999999999997158 6.0842527469900599136e-286 -6.0842527469900599136e-286
7.4400000000000003908 2.1474770849597110752e-289 -2.1474770849597110752e-289
7.4500000000000001776 7.2247393538104397778e-293 -7.2247393538104397778e-293
7.4599999999999999645 2.31679805340771467e-296 -2.31679805340771467e-296
7.4699999999999997513 7.0815205967812652539e-300 -7.0815205967812652539e-300
7.4800000000000004263 2.063180428829897003e-303 2.0021261661895550787e-06
7.4900000000000002132 5.7295463466975402162e-307 -5.7295463466975402162e-307
7.5 1.5166158885545005939e-310 -1.5166158885545005939e-310
7.5099999999999997868 3.8265139441114404675e-314 -3.8265139441114404675e-314
7.5200000000000004619 9.2024420161567660695e-318 -9.2024420161567660695e-318
7.5300000000000002487 2.1096603077421227436e-321 -2.1096603077421227436e-321
7.5400000000000000355 0 0
7.5499999999999998224 0 0
7.5600000000000004974 0 0
7.5700000000000002842 0 0
7.5800000000000000711 0 0
7.5899999999999998579 0 0
7.6000000000000005329 0 0
7.6100000000000003197 0 0
7.6200000000000001066 0 0
7.6299999999999998934 0 0
7.6400000000000005684 0 0
7.6500000000000003553 0 0
7.6600000000000001421 0 0
7.6699999999999999289 0 0
7.6799999999999997158 0 0
7.6900000000000003908 0 0
7.7000000000000001776 0 0
7.7099999999999999645 0 2.0021261661895550787e-06
7.7199999999999997513 0 0
7.7300000000000004263 0 0
7.7400000000000002132 0 0
7.75 0 2.0021261661895550787e-06
7.7599999999999997868 0 0
7.7700000000000004619 0 0
7.7800000000000002487 0 0
7.7900000000000000355 0 0
7.7999999999999998224 0 0
7.8100000000000004974 0 0
7.8200000000000002842 0 0
7.8300000000000000711 0 0
7.8399999999999998579 0 0
7.8500000000000005329 0 0
7.8600000000000003197 0 2.0021261661895550787e-06
7.8700000000000001066 0 0
7.8799999999999998934 0 0
7.8900000000000005684 0 0
7.9000000000000003553 0 0
7.9100000000000001421 0 0
7.9199999999999999289 0 0
7.930000000000000604 0 0
7.9400000000000003908 0 0
7.9500000000000001776 0 0
7.9599999999999999645 0 2.0021261661895550787e-06
7.9699999999999997513 0 0
7.9800000000000004263 0 0
7.9900000000000002132 0 0
8 0 0
8.0099999999999997868 0 0
8.0199999999999995737 0 0
8.0299999999999993605 0 0
8.0400000000000009237 0 0
8.0500000000000007105 0 0
8.0600000000000004974 0 0
8.0700000000000002842 0 0
8.0800000000000000711 0 0
8.0899999999999998579 0 0
8.0999999999999996447 0 0
8.1099999999999994316 0 0
8.1200000000000009948 0 0
8.1300000000000007816 0 0
8.1400000000000005684 0 0
8.1500000000000003553 0 0
8.1600000000000001421 0 0
8.1699999999999999289 0 0
8.1799999999999997158 0 0
8.1899999999999995026 0 0
8.1999999999999992895 0 0
8.2100000000000008527 0 0
8.2200000000000006395 0 0
8.2300000000000004263 0 0
8.2400000000000002132 0 0
8.25 0 0
8.2599999999999997868 0 0
8.2699999999999995737 0 0
8.2799999999999993605 0 0
8.2900000000000009237 0 0
8.3000000000000007105 0 0
8.3100000000000004974 0 0
8.3200000000000002842 0 0
8.3300000000000000711 0 0
8.3399999999999998579 0 0
8.3499999999999996447 0 0
8.3599999999999994316 0 0
8.3700000000000009948 0 0
8.3800000000000007816 0 0
8.3900000000000005684 0 0
8.4000000000000003553 0 0
8.4100000000000001421 0 0
8.4199999999999999289 0 0
8.4299999999999997158 0 0
8.4399999999999995026 0 0
8.4499999999999992895 0 0
8.4600000000000008527 0 0
8.4700000000000006395 0 2.0021261661895550787e-06
8.4800000000000004263 0 0
8.4900000000000002132 0 0
8.5 0 0
8.5099999999999997868 0 0
8.5199999999999995737 0 0
8.5299999999999993605 0 0
8.5400000000000009237 0 0
8.5500000000000007105 0 0
8.5600000000000004974 0 0
8.5700000000000002842 0 2.0021261661895550787e-06
8.5800000000000000711 0 0
8.5899999999999998579 0 0
8.5999999999999996447 0 0
8.6099999999999994316 0 0
8.6200000000000009948 0 0
8.6300000000000007816 0 0
8.6400000000000005684 0 2.0021261661895550787e-06
8.6500000000000003553 0 0
8.6600000000000001421 0 0
8.6699999999999999289 0 0
8.6799999999999997158 0 0
8.6899999999999995026 0 0
8.7000000000000010658 0 0
8.7100000000000008527 0 0
8.7200000000000006395 0 0
8.7300000000000004263 0 0
8.7400000000000002132 0 0
8.75 0 0
8.7599999999999997868 0 0
8.7699999999999995737 0 0
8.7799999999999993605 0 0
8.7900000000000009237 0 0
8.8000000000000007105 0 0
8.8100000000000004974 0 0
8.8200000000000002842 0 0
8.8300000000000000711 0 0
8.8399999999999998579 0 0
8.8499999999999996447 0 0
8.8599999999999994316 0 0
8.8700000000000009948 0 0
8.8800000000000007816 0 0
8.8900000000000005684 0 0
8.9000000000000003553 0 0
8.9100000000000001421 0 2.0021261661895550787e-06
8.9199999999999999289 0 0
8.9299999999999997158 0 0
8.9399999999999995026 0 0
8.9500000000000010658 0 0
8.9600000000000008527 0 0
8.9700000000000006395 0 0
8.9800000000000004263 0 0
8.9900000000000002132 0 0
9 0 0
9.0099999999999997868 0 0
9.0199999999999995737 0 0
9.0299999999999993605 0 0
9.0400000000000009237 0 0
9.0500000000000007105 0 0
9.0600000000000004974 0 0
9.0700000000000002842 0 0
9.0800000000000000711 0 0
9.0899999999999998579 0 0
9.0999999999999996447 0 0
9.1099999999999994316 0 0
9.1200000000000009948 0 0
9.1300000000000007816 0 0
9.1400000000000005684 0 0
9.1500000000000003553 0 0
9.1600000000000001421 0 0
9.1699999999999999289 0 0
9.1799999999999997158 0 2.0021261661895550787e-06
9.1899999999999995026 0 0
9.2000000000000010658 0 0
9.2100000000000008527 0 0
9.2200000000000006395 0 0
9.2300000000000004263 0 0
9.2400000000000002132 0 0
9.25 0 2.0021261661895550787e-06
9.2599999999999997868 0 0
9.2699999999999995737 0 0
9.2799999999999993605 0 0
9.2900000000000009237 0 0
9.3000000000000007105 0 0
9.3100000000000004974 0 0
9.3200000000000002842 0 0
9.3300000000000000711 0 0
9.3399999999999998579 0 0
9.3499999999999996447 0 0
9.3599999999999994316 0 0
9.3700000000000009948 0 0
9.3800000000000007816 0 0
9.3900000000000005684 0 0
9.4000000000000003553 0 0
9.4100000000000001421 0 2.0021261661895550787e-06
9.4199999999999999289 0 0
9.4299999999999997158 0 0
9.4399999999999995026 0 0
9.4500000000000010658 0 0
9.4600000000000008527 0 0
9.4700000000000006395 0 0
9.4800000000000004263 0 0
9.4900000000000002132 0 0
9.5 0 0
9.5099999999999997868 0 0
9.5199999999999995737 0 0
9.5299999999999993605 0 0
9.5400000000000009237 0 0
9.5500000000000007105 0 0
9.5600000000000004974 0 0
9.5700000000000002842 0 0
9.5800000000000000711 0 0
9.5899999999999998579 0 0
9.5999999999999996447 0 0
9.6099999999999994316 0 0
9.6200000000000009948 0 0
9.6300000000000007816 0 0
9.6400000000000005684 0 0
9.6500000000000003553 0 0
9.6600000000000001421 0 0
9.6699999999999999289 0 0
9.6799999999999997158 0 0
9.6899999999999995026 0 0
9.7000000000000010658 0 0
9.7100000000000008527 0 0
9.7200000000000006395 0 0
9.7300000000000004263 0 0
9.7400000000000002132 0 0
9.75 0 0
9.7599999999999997868 0 0
9.7699999999999995737 0 0
9.7799999999999993605 0 0
9.7900000000000009237 0 0
9.8000000000000007105 0 0
9.8100000000000004974 0 0
9.8200000000000002842 0 0
9.8300000000000000711 0 0
9.8399999999999998579 0 0
9.8499999999999996447 0 0
9.8599999999999994316 0 0
9.8700000000000009948 0 0
9.8800000000000007816 0 0
9.8900000000000005684 0 0
9.9000000000000003553 0 0
9.9100000000000001421 0 2.0021261661895550787e-06
9.9199999999999999289 0 0
9.9299999999999997158 0 0
9.9399999999999995026 0 0
9.9500000000000010658 0 0
9.9600000000000008527 0 0
9.9700000000000006395 0 0
9.9800000000000004263 0 0
9.9900000000000002132 0 0
10 0 0
10.009999999999999787 0 0
10.019999999999999574 0 0
10.029999999999999361 0 0
10.040000000000000924 0 0
10.050000000000000711 0 0
10.060000000000000497 0 0
10.070000000000000284 0 0
10.080000000000000071 0 0
10.089999999999999858 0 0
10.099999999999999645 0 0
10.109999999999999432 0 0
10.120000000000000995 0 0
10.130000000000000782 0 0
10.140000000000000568 0 0
10.150000000000000355 0 0
10.160000000000000142 0 0
10.169999999999999929 0 0
10.179999999999999716 0 0
10.189999999999999503 0 0
10.200000000000001066 0 0
10.210000000000000853 0 0
10.220000000000000639 0 0
10.230000000000000426 0 0
