0 9.1143976997197698737e-79 -9.1143976997197698737e-79
0.010000000000000000208 5.8768359729112849432e-77 -5.8768359729112849432e-77
0.020000000000000000416 3.5984361278767926791e-75 -3.5984361278767926791e-75
0.02999999999999999889 2.0923789954828639604e-73 -2.0923789954828639604e-73
0.040000000000000000833 1.1553803666672028554e-71 -1.1553803666672028554e-71
0.050000000000000002776 6.0585614160992155633e-70 -6.0585614160992155633e-70
0.05999999999999999778 3.0170036678524299781e-68 -3.0170036678524299781e-68
0.070000000000000006661 1.4267435584191750192e-66 -1.4267435584191750192e-66
0.080000000000000001665 6.4073995568578626603e-65 -6.4073995568578626603e-65
0.089999999999999996669 2.7326601615274677753e-63 -2.7326601615274677753e-63
0.10000000000000000555 1.1067756386652609423e-61 -1.1067756386652609423e-61
0.11000000000000000056 4.2570231468230037629e-60 -4.2570231468230037629e-60
0.11999999999999999556 1.554988890378272266e-58 -1.554988890378272266e-58
0.13000000000000000444 5.3941862169388623315e-57 -5.3941862169388623315e-57
0.14000000000000001332 1.777070101696071551e-55 -1.777070101696071551e-55
0.14999999999999999445 5.5598861166760571896e-54 0.00012574523861985650928
0.16000000000000000333 1.6520104646750372402e-52 0.00012175332813058049842
0.17000000000000001221 4.6617420027834477222e-51 0.00011177354463143270122
0.17999999999999999334 1.2493247221490724049e-49 0.00012574523861985650928
0.19000000000000000222 3.1797820581576729053e-48 0.00011576546239666639403
0.2000000000000000111 7.6863067314143693593e-47 0.00012374928337521851063
0.20999999999999999223 1.7645744413395964625e-45 0.00012374928337521851063
0.22000000000000000111 3.8474051947054219276e-44 0.00016766031330917030573
0.23000000000000000999 7.9671955806023540141e-43 0.00014171289512887599795
0.23999999999999999112 1.5669559072652472619e-41 0.00012574523861985650928
0.25 2.9270232226032290465e-40 0.00016167244757525620134
0.26000000000000000888 5.1929988804881599381e-39 0.00014770076086278999391
0.27000000000000001776 8.7505988336327663087e-38 0.00013772097008768469095
0.28000000000000002665 1.4005218161128894715e-36 0.00014969671610742810099
0.28999999999999998002 2.1290207400271022557e-35 0.00014770076086278999391
0.2999999999999999889 3.0740679618832545075e-34 0.0001437088503735139966
0.30999999999999999778 4.2159607996954814689e-33 0.00012374928337521851063
0.32000000000000000666 5.492062898746525564e-32 0.00010977758938679470257
0.33000000000000001554 6.7957432414639292053e-31 0.00013772097008768469095
0.34000000000000002442 7.9874476376727470061e-30 0.00012574523861985650928
0.35000000000000003331 8.9177686632732529899e-29 0.00015169267135206609964
0.35999999999999998668 9.4577858271631932563e-28 0.00012574523861985650928
0.36999999999999999556 9.5283198627276346221e-27 0.00016167244757525620134
0.38000000000000000444 9.1189701223819596697e-26 0.00016566435806453230707
0.39000000000000001332 8.2906293159779195746e-25 0.00018562392506282779305
0.4000000000000000222 7.1606379905131347641e-24 0.00019560370128601789474
0.41000000000000003109 5.8755623053704037032e-23 0.00014770076086278999391
0.41999999999999998446 4.5802839536715651421e-22 0.00018362796981818971308
0.42999999999999999334 3.3922918890221479655e-21 0.00021556326828431340782
0.44000000000000000222 2.3870712816562602274e-20 0.00016965628310572355986
0.4500000000000000111 1.5959653455956253973e-19 0.00015967649233061804006
0.46000000000000001998 1.0138718578112332803e-18 0.00018562392506282679016
0.47000000000000002887 6.1201363615101889044e-18 0.00020358753681647907331
0.47999999999999998224 3.5105549978550562672e-17 0.00021556326828427830678
0.48999999999999999112 1.9135810089185726151e-16 0.00022953495499658822646
0.5 9.9127856293717889367e-16 0.000185623925061836507
0.51000000000000000888 4.8802899351369244404e-15 0.00021556326827943311569
0.52000000000000001776 2.2836098274765771387e-14 0.00020757944728292521521
0.53000000000000002665 1.015668968531242094e-13 0.00019959562622564230774
0.54000000000000003553 4.2940459123414742765e-13 0.00022953495456737500226
0.55000000000000004441 1.7258320416635325239e-12 0.00025149047551388108461
0.56000000000000005329 6.5945340604720056696e-12 0.00024350664966662694173
0.57000000000000006217 2.395871639583780756e-11 0.00020358751285776881344
0.57999999999999996003 8.2771554802536906181e-11 0.00021755914075739660532
0.58999999999999996891 2.7194800280349444954e-10 0.0002235468173148627113
0.5999999999999999778 8.4983051634112857515e-10 0.00023552198545209255122
0.60999999999999998668 2.5262781723885518503e-09 0.00021755669725077902065
0.61999999999999999556 7.144967621507233644e-09 0.00022553589953988199606
0.63000000000000000444 1.9229397424943095976e-08 0.0002434874268637360578
0.64000000000000001332 4.925643375230707251e-08 0.00021351805660592309871
0.6500000000000000222 1.201126393434228371e-07 0.00024139058837717946139
0.66000000000000003109 2.7890242982965607895e-07 0.00023923584334205522973
0.67000000000000003997 6.1684786773557999437e-07 0.00024089385314878731972
0.68000000000000004885 1.2998937885500479013e-06 0.00025218655324771630357
0.69000000000000005773 2.6109834004357544021e-06 0.00024089567286072522973
0.70000000000000006661 5.0009604357675446277e-06 0.000276428860025431137
0.70999999999999996447 9.1384174524552156521e-06 0.00028626310427312489076
0.71999999999999997335 1.5940642351971855427e-05 0.00029343258063798966645
0.72999999999999998224 2.6561148485344789966e-05 0.0003047675676437198479
0.73999999999999999112 4.2308763641037071507e-05 0.00029899974326313283205
0.75 6.4483466462899921546e-05 0.00027882101023782329035
0.76000000000000000888 9.4136670334154457776e-05 0.00026513544832367289244
0.77000000000000001776 0.00013179426786125327106 0.00024344549275367831235
0.78000000000000002665 0.00017720889675274095407 0.00021599447561584803534
0.79000000000000003553 0.00022921978028856860991 0.0001100927859228785098
0.80000000000000004441 0.00028578358444701894986 9.7439997146464736588e-05
0.81000000000000005329 0.00034419750452505571033 6.8965420289913590898e-05
0.82000000000000006217 0.00040147862363234431337 5.6964500006261931456e-06
0.83000000000000007105 0.00045481286998323721977 -8.3565019857581742096e-05
0.83999999999999996891 0.00050196350385455347585 -7.8820788264478763244e-05
0.8499999999999999778 0.00054154299587143512121 -0.00010642454881353230825
0.85999999999999998668 0.00057309740279370112188 -0.00012999513475724620588
0.86999999999999999556 0.00059700996464419483437 -0.00019183086080777763619
0.88000000000000000444 0.00061427827227459859492 -0.00021309107892745750247
0.89000000000000001332 0.00062624157449539020765 -0.00019311906813021019209
0.9000000000000000222 0.00063432884119109451179 -0.00016727508111515282992
0.91000000000000003109 0.00063987273135442535987 -0.00015285941883210347461
0.92000000000000003997 0.00064400350122319595728 -0.00015299824910776750955
0.93000000000000004885 0.00064761216788665856067 -0.00015660691577123011294
0.94000000000000005773 0.00065135984116543809395 -0.00015835864835728684884
0.95000000000000006661 0.00065570950658011366557 -0.00017268810454706777762
0.95999999999999996447 0.00066096314408634418164 -0.0001779417420532982937
0.96999999999999997335 0.00066729558192902898531 -0.00014834698549249863368
0.97999999999999998224 0.00067478312322404173599 -0.00013587494523730067001
0.98999999999999999112 0.00068342828181190294536 -0.00017445944704664749416
1 0.00069318236387698776383 -0.00018620946980445511002
1.0100000000000000089 0.00070396650265789229451 -0.00016106644328570563374
1.0200000000000000178 0.00071569046979240034858 -0.00015482676956272577087
1.0300000000000000266 0.00072826797898466405848 -0.00011950135288367686251
1.0400000000000000355 0.00074162743538730207735 -0.00016679203389324609094
1.0500000000000000444 0.00075571786760875875062 -0.0001968501080718069703
1.0600000000000000533 0.00077051064830394315648 -0.00024158223198847699094
1.0700000000000000622 0.0007859982019707675762 -0.00017323963627667387198
1.0800000000000000711 0.00080219107210764478352 -0.00022136784853542040494
1.0900000000000000799 0.00081911453388040724073 -0.00027022659422239127432
1.1000000000000000888 0.00083680555954701292629 -0.00025997421736023414249
1.1100000000000000977 0.0008553105431252163186 -0.0002784792009384375348
1.1200000000000001066 0.00087468388001538230261 -0.00030783229949987841925
1.1300000000000001155 0.00089498731499564076509 -0.00026426516665172005739
1.1400000000000001243 0.00091628990283926855121 -0.00028357181380262504612
1.1500000000000001332 0.00093866843067720465241 -0.00029796652066200904427
1.1599999999999999201 0.00096220819123789790017 -0.00029755476007938506944
1.1699999999999999289 0.00098700404428033990459 -0.00032434661202221078471
1.1799999999999999378 0.0010131617464716269686 -0.00031856897209162852308
1.1899999999999999467 0.0010407995641592902684 -0.0003342310874152941251
1.1999999999999999556 0.0010700502108168003391 -0.00041537659953722332225
1.2099999999999999645 0.0011010631752499404259 -0.0004404016836845341034
1.2199999999999999734 0.001134007532088829838 -0.00041147141338772948854
1.2299999999999999822 0.0011690753567107344067 -0.00031480610455203298682
1.2399999999999999911 0.0012064859069310575768 -0.00045001850541536510437
1.25 0.0012464907893120539227 -0.00044810828400321722417
1.2600000000000000089 0.001289380407875943867 -0.00038920417053865262631
1.2700000000000000178 0.0013354921143762512811 -0.00044529563871023494087
1.2800000000000000266 0.0013852206786290738837 -0.00055290694871330597557
1.2900000000000000355 0.0014390320615665116825 -0.00044304997248659520534
1.3000000000000000444 0.0014974822184927762386 -0.00042764974170550733995
1.3100000000000000533 0.0015612443194233066417 -0.00046945626218544266733
1.3200000000000000622 0.0016311516138256395778 -0.00051142015405901365341
1.3300000000000000711 0.001708271992717665588 -0.00037098136762974852007
1.3400000000000000799 0.0017940497731267317227 -0.00033500583446014961519
1.3500000000000000888 0.0018905904763775319751 -0.00026787812033913995131
1.3600000000000000977 0.0020012406745134581586 -0.00015098933327484026154
1.3700000000000001066 0.0021317444568053774655 1.9896373756141637335e-05
1.3800000000000001155 0.0022924470298932471402 0.00010270042782560204198
1.3900000000000001243 0.0025022322707558266805 0.00045377882898503616588
1.4000000000000001332 0.0027950119418715135312 0.00051228751375628550288
1.4099999999999999201 0.0032293976581770880881 0.00077049868934564750764
1.4199999999999999289 0.0039013415984059818947 0.00057359212644443428875
1.4299999999999999378 0.0049577049712444419202 0.00037349417928804213435
1.4399999999999999467 0.0066058859226182662164 0.00011849030881369484319
1.4499999999999999556 0.0091114882938361039383 -0.00037119636310099270171
1.4599999999999999645 0.01277417398670602916 -0.0011397450012891399695
1.4699999999999999734 0.017873660518838083155 -0.0017642982742320616196
1.4799999999999999822 0.02458530648698763893 -0.0026218051378961090836
1.4899999999999999911 0.03287782850505490545 -0.0021620593482412839292
1.5 0.042420829515823002542 -0.0015396539679847914828
1.5100000000000000089 0.052539935740655151208 -0.0012039415864402921996
1.5200000000000000178 0.062254516724982798814 -0.00084293479148441624593
1.5300000000000000266 0.070413022447373491142 -6.7538727070909354566e-05
1.5400000000000000355 0.075907685789356860173 -0.0009335810272795286302
1.5500000000000000444 0.077916027944463561727 -0.0020676944068849789637
1.5600000000000000533 0.076097411863884911742 -0.0051212066937303402092
1.5700000000000000622 0.070680406800314593552 -0.007426557055517840622
1.5800000000000000711 0.062410715704034364082 -0.010032832359145676948
1.5900000000000000799 0.052376543775049813623 -0.012319700464455254907
1.6000000000000000888 0.041768385393634435698 -0.012575529811993235024
1.6100000000000000977 0.031646662341127340667 -0.011804860965976660125
1.6200000000000001066 0.022778678447296779597 -0.010104357026806039602
1.6300000000000001155 0.015574401220147329056 -0.0080037391500815922851
1.6400000000000001243 0.010114543641225510334 -0.0056396099163750941508
1.6500000000000001332 0.0062389175852948985587 -0.0040473577080482811552
1.6600000000000001421 0.0036549442821964062481 -0.0025072694199010170726
1.6699999999999999289 0.0020335034885858023317 -0.0014965912512917840631
1.6799999999999999378 0.0010744559245995711529 -0.00077506249238471500509
1.6899999999999999467 0.00053913916030199108501 -0.00041538987692677257439
1.6999999999999999556 0.00025690500119220386829 -0.00021099800873765643325
1.7099999999999999645 0.00011625077990811808783 -9.2299306058525357427e-05
1.7199999999999999734 4.9953301823104176048e-05 -4.3965433360705993447e-05
1.7299999999999999822 2.0383175440285269465e-05 -1.8387219286152541931e-05
1.7399999999999999911 7.8979410678470357126e-06 -7.8979410678470357126e-06
1.75 2.9059361488128613515e-06 -2.9059361488128613515e-06
1.7600000000000000089 1.0152772309009845322e-06 2.9766350773644703232e-06
1.7700000000000000178 3.36826574815870174e-07 -3.36826574815870174e-07
1.7800000000000000266 1.0610803763096013785e-07 1.889848116501767859e-06
1.7900000000000000355 3.1740070322148071165e-08 -3.1740070322148071165e-08
1.8000000000000000444 9.0153558394347199236e-09 1.9869407982932931644e-06
1.8100000000000000533 2.4314828439619740691e-09 1.9935246712887661079e-06
1.8200000000000000622 6.2268881596391774717e-10 -6.2268881596391774717e-10
1.8300000000000000711 1.5141914688934627652e-10 3.9917608891185655016e-06
1.8400000000000000799 3.4962212817792156487e-11 1.9959211919199101008e-06
1.8500000000000000888 7.6652102308579181493e-12 1.9959484889224971739e-06
1.8600000000000000977 1.5957139718150767059e-12 -1.5957139718150767059e-12
1.8700000000000001066 3.1542109079623825779e-13 -3.1542109079623825779e-13
1.8800000000000001155 5.9201143841274040633e-14 1.9959560949315839938e-06
1.8900000000000001243 1.0550480080383296664e-14 1.9959561435822477729e-06
1.9000000000000001332 1.7853207225882927204e-15 1.9959561523474073915e-06
1.9100000000000001421 2.8685431264836474807e-16 -2.8685431264836474807e-16
1.9199999999999999289 4.376298224774906119e-17 -4.376298224774906119e-17
1.9299999999999999378 6.3394583651935061446e-18 -6.3394583651935061446e-18
1.9399999999999999467 8.7195986764565470301e-19 1.9959561541318559367e-06
1.9499999999999999556 1.1387787728871919113e-19 -1.1387787728871919113e-19
1.9599999999999999645 1.4121480124696201648e-20 -1.4121480124696201648e-20
1.9699999999999999734 1.6627178825156310689e-21 -1.6627178825156310689e-21
1.9799999999999999822 1.8588910895427894617e-22 1.9959561541327279571e-06
1.9899999999999999911 1.9732673084329939594e-23 -1.9732673084329939594e-23
2 1.988905227392492698e-24 -1.988905227392492698e-24
2.0100000000000002309 1.9034350943404679033e-25 -1.9034350943404679033e-25
2.0200000000000000178 1.7296471496716495866e-26 1.9959561541327279571e-06
2.0300000000000002487 1.4923547970884601472e-27 -1.4923547970884601472e-27
2.0400000000000000355 1.2225917776784965045e-28 -1.2225917776784965045e-28
2.0499999999999998224 9.5101063880051259004e-30 -9.5101063880051259004e-30
2.0600000000000000533 7.0239841437597987647e-31 -7.0239841437597987647e-31
2.0699999999999998401 4.9257872531073973908e-32 -4.9257872531073973908e-32
2.0800000000000000711 3.2799068695227764876e-33 -3.2799068695227764876e-33
2.0899999999999998579 2.0736758726542091635e-34 -2.0736758726542091635e-34
2.1000000000000000888 1.2448399467487502574e-35 -1.2448399467487502574e-35
2.1099999999999998757 7.0954383046983709635e-37 -7.0954383046983709635e-37
2.1200000000000001066 3.8400582469133160078e-38 -3.8400582469133160078e-38
2.1299999999999998934 1.9732816589342957547e-39 -1.9732816589342957547e-39
2.1400000000000001243 9.6279283924525338755e-41 3.9919123082654550672e-06
2.1499999999999999112 4.460350206537849649e-42 -4.460350206537849649e-42
2.1600000000000001421 1.9619920336341379087e-43 1.9959561541327279571e-06
2.1699999999999999289 8.1944071757747246587e-45 -8.1944071757747246587e-45
2.1800000000000001599 3.2495985581794690518e-46 -3.2495985581794690518e-46
2.1899999999999999467 1.2235835226572575085e-47 1.9959561541327279571e-06
2.2000000000000001776 4.3745071062717797663e-49 1.9959561541327279571e-06
2.2099999999999999645 1.4849646158784479778e-50 -1.4849646158784479778e-50
2.2200000000000001954 4.7862395929098060278e-52 -4.7862395929098060278e-52
2.2299999999999999822 1.4647516612616659006e-53 -1.4647516612616659006e-53
2.2400000000000002132 4.2562260608724828099e-55 -4.2562260608724828099e-55
2.25 1.1742927794178492079e-56 -1.1742927794178492079e-56
2.2600000000000002309 3.0762314565814241662e-58 -3.0762314565814241662e-58
2.2700000000000000178 7.6516032635889871941e-60 -7.6516032635889871941e-60
2.2800000000000002487 1.8070767628462132487e-61 -1.8070767628462132487e-61
2.2900000000000000355 4.0522048462987163812e-63 -4.0522048462987163812e-63
2.3000000000000002665 8.6277336230650311056e-65 -8.6277336230650311056e-65
2.3100000000000000533 1.7441849205623300661e-66 -1.7441849205623300661e-66
2.3199999999999998401 3.3479480471728278428e-68 -3.3479480471728278428e-68
2.3300000000000000711 6.1017610886461346283e-70 -6.1017610886461346283e-70
2.3399999999999998579 1.0558978863128314614e-71 1.9959561541327279571e-06
2.3500000000000000888 1.7349174023238698991e-73 1.9959561541327279571e-06
2.3599999999999998757 2.7066106035175376854e-75 -2.7066106035175376854e-75
2.3700000000000001066 4.0092467081694467811e-77 -4.0092467081694467811e-77
2.3799999999999998934 5.6388396760244746005e-79 -5.6388396760244746005e-79
2.3900000000000001243 7.5302017884646173662e-81 1.9959561541327279571e-06
2.3999999999999999112 9.5480200917307157394e-83 -9.5480200917307157394e-83
2.4100000000000001421 1.1495022340106323557e-84 1.9959561541327279571e-06
2.4199999999999999289 1.3140020577584715238e-86 -1.3140020577584715238e-86
2.4300000000000001599 1.4261721389418965377e-88 -1.4261721389418965377e-88
2.4399999999999999467 1.4697297194649694502e-90 1.9959561541327279571e-06
2.4500000000000001776 1.438111568833476779e-92 -1.438111568833476779e-92
2.4599999999999999645 1.3360946078382511192e-94 -1.3360946078382511192e-94
2.4700000000000001954 1.1786132619691435417e-96 -1.1786132619691435417e-96
2.4799999999999999822 9.8717664395957282782e-99 -9.8717664395957282782e-99
2.4900000000000002132 7.8506896967655995877e-101 1.9959561541327279571e-06
2.5 5.9280260328168955685e-103 -5.9280260328168955685e-103
2.5100000000000002309 4.250124981781076739e-105 -4.250124981781076739e-105
2.5200000000000000178 2.8932274031084119919e-107 -2.8932274031084119919e-107
2.5300000000000002487 1.8700476343711750054e-109 1.9959561541327279571e-06
2.5400000000000000355 1.1476566088799298385e-111 -1.1476566088799298385e-111
2.5500000000000002665 6.6874479075595569012e-114 -6.6874479075595569012e-114
2.5600000000000000533 3.6999681397284732318e-116 -3.6999681397284732318e-116
2.5699999999999998401 1.9436794581626938181e-118 -1.9436794581626938181e-118
2.5800000000000000711 9.6948336215308237743e-121 -9.6948336215308237743e-121
2.5899999999999998579 4.5913996700315973277e-123 -4.5913996700315973277e-123
2.6000000000000000888 2.0646138135867240697e-125 -2.0646138135867240697e-125
2.6099999999999998757 8.8149838327307377749e-128 -8.8149838327307377749e-128
2.6200000000000001066 3.5734947085713088369e-130 -3.5734947085713088369e-130
2.6299999999999998934 1.3754780675148278876e-132 -1.3754780675148278876e-132
2.6400000000000001243 5.026932706718024478e-135 -5.026932706718024478e-135
2.6499999999999999112 1.7443808951088627746e-137 1.9959561541327279571e-06
2.6600000000000001421 5.7473598971091542649e-140 -5.7473598971091542649e-140
2.6699999999999999289 1.797977535595726381e-142 -1.797977535595726381e-142
2.6800000000000001599 5.340585844759584448e-145 1.9959561541327279571e-06
2.6899999999999999467 1.5061987617102306675e-147 5.9878684623981826007e-06
2.7000000000000001776 4.033335930319674929e-150 -4.033335930319674929e-150
2.7099999999999999645 1.0254989127746210534e-152 -1.0254989127746210534e-152
2.7200000000000001954 2.4756810411707423971e-155 1.9959561541327279571e-06
2.7299999999999999822 5.6746990338623538546e-158 -5.6746990338623538546e-158
2.7400000000000002132 1.2350359784750631534e-160 1.9959561541327279571e-06
2.75 2.5521429672491215911e-163 1.9959561541327279571e-06
2.7600000000000002309 5.0074772187265644524e-166 1.9959561541327279571e-06
2.7700000000000000178 9.3287088378215597935e-169 3.9919123082654550672e-06
2.7800000000000002487 1.6501090586142019311e-171 -1.6501090586142019311e-171
2.7900000000000000355 2.7713558475010267502e-174 -2.7713558475010267502e-174
2.8000000000000002665 4.4193709383388352675e-177 1.9959561541327279571e-06
2.8100000000000000533 6.6914019096109439033e-180 1.9959561541327279571e-06
2.8199999999999998401 9.619716152761847628e-183 -9.619716152761847628e-183
2.8300000000000000711 1.313094140011826552e-185 -1.313094140011826552e-185
2.8399999999999998579 1.7018368219190853719e-188 1.9959561541327279571e-06
2.8500000000000000888 2.0942494007066515984e-191 1.9959561541327279571e-06
2.8599999999999998757 2.4469624140172158337e-194 1.9959561541327279571e-06
2.8700000000000001066 2.7146547043193154381e-197 -2.7146547043193154381e-197
2.8799999999999998934 2.859501169910357128e-200 -2.859501169910357128e-200
2.8900000000000001243 2.8599229295855979411e-203 5.9878684623981826007e-06
2.8999999999999999112 2.7158559772849993878e-206 3.9919123082654550672e-06
2.9100000000000001421 2.4487670982354522341e-209 3.9919123082654550672e-06
2.9199999999999999289 2.0964115981855986048e-212 1.9959561541327279571e-06
2.9300000000000001599 1.7040955356788584503e-215 5.9878684623981826007e-06
2.9399999999999999467 1.3152236904665499102e-218 3.9919123082654550672e-06
2.9500000000000001776 9.6381480588213500634e-222 1.9959561541327279571e-06
2.9599999999999999645 6.706189750351217339e-225 -6.706189750351217339e-225
2.9700000000000001954 4.4304347265607218434e-228 1.9959561541327279571e-06
2.9799999999999999822 2.7791058994158045437e-231 9.9797807706636376679e-06
2.9900000000000002132 1.655206131527534716e-234 3.9919123082654550672e-06
3 9.3602468401243676007e-238 3.9919123082654550672e-06
3.0100000000000002309 5.0258639769680128783e-241 1.1975736924796370284e-05
3.0200000000000000178 2.5622550705525017053e-244 1.9959561541327278724e-05
3.0300000000000002487 1.2402869757436311472e-247 1.5967649233061820269e-05
3.0400000000000000355 5.7004637125634516245e-251 1.3971693078929089347e-05
3.0500000000000002665 2.4876332748023977158e-254 1.9959561541327278724e-05
3.0600000000000000533 1.0307436988221863742e-257 1.9959561541327278724e-05
3.0700000000000002842 4.0551149425019319013e-261 4.3911037209909409285e-05
3.0800000000000000711 1.5147598603459691805e-264 3.3931253710761673074e-05
3.0899999999999998579 5.3724519126272556616e-268 2.5947430913220159709e-05
3.1000000000000000888 1.8092117737957713915e-271 1.9959561541327278724e-05
3.1099999999999998757 5.7848803935099545109e-275 1.3971693078929089347e-05
3.1200000000000001066 1.7562545555946606898e-278 1.9959561541327278724e-05
3.1299999999999998934 5.0625419564154002908e-282 1.5967649233061820269e-05
3.1400000000000001243 1.3856000499228407885e-285 3.1935298466123640537e-05
3.1499999999999999112 3.600768656043918631e-289 1.3971693078929089347e-05
3.1600000000000001421 8.8846559431764074622e-293 2.1955518604954701254e-05
3.1699999999999999289 2.0814887447595108824e-296 1.7963606296689249575e-05
3.1800000000000001599 4.6301554116097235316e-300 3.9919123082654550672e-06
3.1899999999999999467 9.7792401432293293151e-304 1.1975736924796370284e-05
3.2000000000000001776 1.9611133074285204564e-307 5.9878684623981826007e-06
3.2099999999999999645 3.7341201486060791434e-311 3.9919123082654550672e-06
3.2200000000000001954 6.7509036024681782544e-315 -6.7509036024681782544e-315
3.2299999999999999822 1.1588408536335605943e-318 -1.1588408536335605943e-318
3.2400000000000002132 1.8774494541967368679e-322 1.9959561541327279571e-06
3.25 0 0
3.2600000000000002309 0 0
3.2700000000000000178 0 0
3.2800000000000002487 0 0
3.2900000000000000355 0 0
3.3000000000000002665 0 0
3.3100000000000000533 0 0
3.3200000000000002842 0 0
3.3300000000000000711 0 0
3.3399999999999998579 0 0
3.3500000000000000888 0 0
3.3599999999999998757 0 0
3.3700000000000001066 0 0
3.3799999999999998934 0 0
3.3900000000000001243 0 0
3.3999999999999999112 0 0
3.4100000000000001421 0 0
3.4199999999999999289 0 0
3.4300000000000001599 0 0
3.4399999999999999467 0 0
3.4500000000000001776 0 0
3.4599999999999999645 0 0
3.4700000000000001954 0 0
3.4799999999999999822 0 0
3.4900000000000002132 0 0
3.5 0 0
3.5100000000000002309 0 0
3.5200000000000000178 0 0
3.5300000000000002487 0 0
3.5400000000000000355 0 0
3.5500000000000002665 0 0
3.5600000000000000533 0 0
3.5700000000000002842 0 0
3.5800000000000000711 0 0
3.5899999999999998579 0 0
3.6000000000000000888 0 0
3.6099999999999998757 0 0
3.6200000000000001066 0 0
3.6299999999999998934 0 0
3.6400000000000001243 0 0
3.6499999999999999112 0 0
3.6600000000000001421 0 0
3.6699999999999999289 0 0
3.6800000000000001599 0 0
3.6899999999999999467 0 0
3.7000000000000001776 0 0
3.7099999999999999645 0 0
3.7200000000000001954 0 0
3.7299999999999999822 0 0
3.7400000000000002132 0 0
3.75 0 0
3.7600000000000002309 0 0
3.7700000000000000178 0 0
3.7800000000000002487 0 0
3.7900000000000000355 0 0
3.8000000000000002665 0 0
3.8100000000000000533 0 0
3.8200000000000002842 0 0
3.8300000000000000711 0 0
3.8399999999999998579 0 0
3.8500000000000000888 0 0
3.8599999999999998757 0 0
3.8700000000000001066 0 0
3.8799999999999998934 0 0
3.8900000000000001243 0 0
3.8999999999999999112 0 0
3.9100000000000001421 0 0
3.9199999999999999289 0 0
3.9300000000000001599 0 0
3.9399999999999999467 0 0
3.9500000000000001776 0 0
3.9599999999999999645 0 0
3.9700000000000001954 0 0
3.9799999999999999822 0 0
3.9900000000000002132 0 0
4 0 0
4.0099999999999997868 0 0
4.0200000000000004619 0 0
4.0300000000000002487 0 0
4.0400000000000000355 0 0
4.0499999999999998224 0 0
4.0600000000000004974 0 0
4.0700000000000002842 0 0
4.0800000000000000711 0 0
4.0899999999999998579 0 0
4.0999999999999996447 0 0
4.1100000000000003197 0 0
4.1200000000000001066 0 0
4.1299999999999998934 0 0
4.1399999999999996803 0 0
4.1500000000000003553 0 0
4.1600000000000001421 0 0
4.1699999999999999289 0 0
4.1799999999999997158 0 0
4.1900000000000003908 0 0
4.2000000000000001776 0 0
4.2099999999999999645 0 0
4.2199999999999997513 0 0
4.2300000000000004263 0 0
4.2400000000000002132 0 0
4.25 0 0
4.2599999999999997868 0 0
4.2700000000000004619 0 0
4.2800000000000002487 0 0
4.2900000000000000355 0 0
4.2999999999999998224 0 0
4.3100000000000004974 0 0
4.3200000000000002842 0 0
4.3300000000000000711 0 0
4.3399999999999998579 0 0
4.3500000000000005329 0 0
4.3600000000000003197 0 0
4.3700000000000001066 0 0
4.3799999999999998934 0 0
4.3899999999999996803 0 0
4.4000000000000003553 0 0
4.4100000000000001421 0 0
4.4199999999999999289 0 0
4.4299999999999997158 0 0
4.4400000000000003908 0 0
4.4500000000000001776 0 0
4.4599999999999999645 0 0
4.4699999999999997513 0 0
4.4800000000000004263 0 0
4.4900000000000002132 0 0
4.5 0 0
4.5099999999999997868 0 0
4.5200000000000004619 0 0
4.5300000000000002487 0 0
4.5400000000000000355 0 0
4.5499999999999998224 0 0
4.5600000000000004974 0 0
4.5700000000000002842 0 0
4.5800000000000000711 0 0
4.5899999999999998579 0 0
4.6000000000000005329 0 0
4.6100000000000003197 0 0
4.6200000000000001066 0 0
4.6299999999999998934 0 0
4.6399999999999996803 0 0
4.6500000000000003553 0 0
4.6600000000000001421 0 0
4.6699999999999999289 0 0
4.6799999999999997158 0 0
4.6900000000000003908 0 0
4.7000000000000001776 0 0
4.7099999999999999645 0 0
4.7199999999999997513 0 0
4.7300000000000004263 0 0
4.7400000000000002132 0 0
4.75 0 0
4.7599999999999997868 0 0
4.7700000000000004619 0 0
4.7800000000000002487 0 0
4.7900000000000000355 0 0
4.7999999999999998224 0 0
4.8100000000000004974 0 0
4.8200000000000002842 0 0
4.8300000000000000711 0 0
4.8399999999999998579 0 0
4.8500000000000005329 0 0
4.8600000000000003197 0 0
4.8700000000000001066 0 0
4.8799999999999998934 0 0
4.8899999999999996803 0 0
4.9000000000000003553 0 0
4.9100000000000001421 0 0
4.9199999999999999289 0 0
4.9299999999999997158 0 0
4.9400000000000003908 0 0
4.9500000000000001776 0 0
4.9599999999999999645 0 0
4.9699999999999997513 0 0
4.9800000000000004263 0 0
4.9900000000000002132 0 0
5 0 0
5.0099999999999997868 0 0
5.0200000000000004619 0 0
5.0300000000000002487 0 0
5.0400000000000000355 0 0
5.0499999999999998224 0 0
5.0600000000000004974 0 0
5.0700000000000002842 0 0
5.0800000000000000711 0 0
5.0899999999999998579 0 0
5.1000000000000005329 0 0
5.1100000000000003197 0 0
5.1200000000000001066 0 0
5.1299999999999998934 0 0
5.1399999999999996803 0 0
5.1500000000000003553 0 0
5.1600000000000001421 0 0
5.1699999999999999289 0 0
5.1799999999999997158 0 0
5.1900000000000003908 0 0
5.2000000000000001776 0 0
5.2099999999999999645 0 0
5.2199999999999997513 0 0
5.2300000000000004263 0 0
5.2400000000000002132 0 0
5.25 0 0
5.2599999999999997868 0 0
5.2700000000000004619 0 0
5.2800000000000002487 0 0
5.2900000000000000355 0 0
5.2999999999999998224 0 0
5.3100000000000004974 0 0
5.3200000000000002842 0 0
5.3300000000000000711 0 0
5.3399999999999998579 0 0
5.3500000000000005329 0 0
5.3600000000000003197 0 0
5.3700000000000001066 0 0
5.3799999999999998934 0 0
5.3899999999999996803 0 0
5.4000000000000003553 0 0
5.4100000000000001421 0 0
5.4199999999999999289 0 0
5.4299999999999997158 0 0
5.4400000000000003908 0 0
5.4500000000000001776 0 0
5.4599999999999999645 0 0
5.4699999999999997513 0 0
5.4800000000000004263 0 0
5.4900000000000002132 0 0
5.5 0 0
5.5099999999999997868 0 0
5.5200000000000004619 0 0
5.5300000000000002487 0 0
5.5400000000000000355 0 0
5.5499999999999998224 0 0
5.5600000000000004974 0 0
5.5700000000000002842 0 0
5.5800000000000000711 0 0
5.5899999999999998579 0 0
5.6000000000000005329 0 0
5.6100000000000003197 0 0
5.6200000000000001066 0 0
5.6299999999999998934 0 0
5.6399999999999996803 0 0
5.6500000000000003553 0 0
5.6600000000000001421 0 0
5.6699999999999999289 0 0
5.6799999999999997158 0 0
5.6900000000000003908 0 0
5.7000000000000001776 0 0
5.7099999999999999645 0 0
5.7199999999999997513 0 0
5.7300000000000004263 0 0
5.7400000000000002132 0 0
5.75 0 0
5.7599999999999997868 0 0
5.7700000000000004619 0 0
5.7800000000000002487 0 0
5.7900000000000000355 0 0
5.7999999999999998224 0 0
5.8100000000000004974 0 0
5.8200000000000002842 0 0
5.8300000000000000711 0 0
5.8399999999999998579 0 0
5.8500000000000005329 0 0
5.8600000000000003197 0 0
5.8700000000000001066 0 0
5.8799999999999998934 0 0
5.8899999999999996803 0 0
5.9000000000000003553 0 0
5.9100000000000001421 0 0
5.9199999999999999289 0 0
5.9299999999999997158 0 0
5.9400000000000003908 0 0
5.9500000000000001776 0 0
5.9599999999999999645 0 0
5.9699999999999997513 0 0
5.9800000000000004263 0 0
5.9900000000000002132 0 0
6 0 0
6.0099999999999997868 0 0
6.0200000000000004619 0 0
6.0300000000000002487 0 0
6.0400000000000000355 0 0
6.0499999999999998224 0 0
6.0600000000000004974 0 0
6.0700000000000002842 0 0
6.0800000000000000711 0 0
6.0899999999999998579 0 0
6.1000000000000005329 0 0
6.1100000000000003197 0 0
6.1200000000000001066 0 0
6.1299999999999998934 0 0
6.1400000000000005684 0 0
6.1500000000000003553 0 0
6.1600000000000001421 0 0
6.1699999999999999289 0 0
6.1799999999999997158 0 0
6.1900000000000003908 0 0
6.2000000000000001776 0 0
6.2099999999999999645 0 0
6.2199999999999997513 0 0
6.2300000000000004263 0 0
6.2400000000000002132 0 0
6.25 0 0
6.2599999999999997868 0 0
6.2700000000000004619 0 0
6.2800000000000002487 0 0
6.2900000000000000355 0 0
6.2999999999999998224 0 0
6.3100000000000004974 0 0
6.3200000000000002842 0 0
6.3300000000000000711 0 0
6.3399999999999998579 0 0
6.3500000000000005329 0 0
6.3600000000000003197 0 0
6.3700000000000001066 0 0
6.3799999999999998934 0 0
6.3900000000000005684 0 0
6.4000000000000003553 0 0
6.4100000000000001421 0 0
6.4199999999999999289 0 0
6.4299999999999997158 0 0
6.4400000000000003908 0 0
6.4500000000000001776 0 0
6.4599999999999999645 0 0
6.4699999999999997513 0 0
6.4800000000000004263 0 0
6.4900000000000002132 0 0
6.5 0 0
6.5099999999999997868 0 0
6.5200000000000004619 0 0
6.5300000000000002487 0 0
6.5400000000000000355 0 0
6.5499999999999998224 0 0
6.5600000000000004974 0 0
6.5700000000000002842 0 0
6.5800000000000000711 0 0
6.5899999999999998579 0 0
6.6000000000000005329 0 0
6.6100000000000003197 0 0
6.6200000000000001066 0 0
6.6299999999999998934 0 0
6.6400000000000005684 0 0
6.6500000000000003553 0 0
6.6600000000000001421 0 0
6.6699999999999999289 0 0
6.6799999999999997158 0 0
6.6900000000000003908 0 0
6.7000000000000001776 0 0
6.7099999999999999645 0 0
6.7199999999999997513 0 0
6.7300000000000004263 0 0
6.7400000000000002132 0 0
6.75 0 0
6.7599999999999997868 0 0
6.7700000000000004619 0 0
6.7800000000000002487 0 0
6.7900000000000000355 0 0
6.7999999999999998224 0 0
6.8100000000000004974 0 0
6.8200000000000002842 0 0
6.8300000000000000711 0 0
6.8399999999999998579 0 0
6.8500000000000005329 0 0
6.8600000000000003197 0 0
6.8700000000000001066 0 0
6.8799999999999998934 0 0
6.8900000000000005684 0 0
6.9000000000000003553 0 0
6.9100000000000001421 0 0
6.9199999999999999289 0 0
6.9299999999999997158 0 0
6.9400000000000003908 0 0
6.9500000000000001776 0 0
6.9599999999999999645 0 0
6.9699999999999997513 0 0
6.9800000000000004263 0 0
6.9900000000000002132 0 0
7 0 0
7.0099999999999997868 0 0
7.0200000000000004619 0 0
7.0300000000000002487 0 0
7.0400000000000000355 0 0
7.0499999999999998224 0 0
7.0600000000000004974 0 0
7.0700000000000002842 0 0
7.0800000000000000711 0 0
7.0899999999999998579 0 0
7.1000000000000005329 0 0
7.1100000000000003197 0 0
7.1200000000000001066 0 0
7.1299999999999998934 0 0
7.1400000000000005684 0 0
7.1500000000000003553 0 0
7.1600000000000001421 0 0
7.1699999999999999289 0 0
7.1799999999999997158 0 0
7.1900000000000003908 0 0
7.2000000000000001776 0 0
7.2099999999999999645 0 0
7.2199999999999997513 0 0
7.2300000000000004263 0 0
7.2400000000000002132 0 0
7.25 0 0
7.2599999999999997868 0 0
7.2700000000000004619 0 0
7.2800000000000002487 0 0
7.2900000000000000355 0 0
7.2999999999999998224 0 0
7.3100000000000004974 0 0
7.3200000000000002842 0 0
7.3300000000000000711 0 0
7.3399999999999998579 0 0
7.3500000000000005329 0 0
7.3600000000000003197 0 0
7.3700000000000001066 0 0
7.3799999999999998934 0 0
7.3900000000000005684 0 0
7.4000000000000003553 0 0
7.4100000000000001421 0 0
7.4199999999999999289 0 0
7.4299999999999997158 0 0
7.4400000000000003908 0 0
7.4500000000000001776 0 0
7.4599999999999999645 0 0
7.4699999999999997513 0 0
7.4800000000000004263 0 0
7.4900000000000002132 0 0
7.5 0 0
7.5099999999999997868 0 0
7.5200000000000004619 0 0
7.5300000000000002487 0 0
7.5400000000000000355 0 0
7.5499999999999998224 0 0
7.5600000000000004974 0 0
7.5700000000000002842 0 0
7.5800000000000000711 0 0
7.5899999999999998579 0 0
7.6000000000000005329 0 0
7.6100000000000003197 0 0
7.6200000000000001066 0 0
7.6299999999999998934 0 0
7.6400000000000005684 0 0
7.6500000000000003553 0 0
7.6600000000000001421 0 0
7.6699999999999999289 0 0
7.6799999999999997158 0 0
7.6900000000000003908 0 0
7.7000000000000001776 0 0
7.7099999999999999645 0 0
7.7199999999999997513 0 0
7.7300000000000004263 0 0
7.7400000000000002132 0 0
7.75 0 0
7.7599999999999997868 0 0
7.7700000000000004619 0 0
7.7800000000000002487 0 0
7.7900000000000000355 0 0
7.7999999999999998224 0 0
7.8100000000000004974 0 0
7.8200000000000002842 0 0
7.8300000000000000711 0 0
7.8399999999999998579 0 0
7.8500000000000005329 0 0
7.8600000000000003197 0 0
7.8700000000000001066 0 0
7.8799999999999998934 0 0
7.8900000000000005684 0 0
7.9000000000000003553 0 0
7.9100000000000001421 0 0
7.9199999999999999289 0 0
7.930000000000000604 0 0
7.9400000000000003908 0 0
7.9500000000000001776 0 0
7.9599999999999999645 0 0
7.9699999999999997513 0 0
7.9800000000000004263 0 0
7.9900000000000002132 0 0
8 0 0
8.0099999999999997868 0 0
8.0199999999999995737 0 0
8.0299999999999993605 0 0
8.0400000000000009237 0 0
8.0500000000000007105 0 0
8.0600000000000004974 0 0
8.0700000000000002842 0 0
8.0800000000000000711 0 0
8.0899999999999998579 0 0
8.0999999999999996447 0 0
8.1099999999999994316 0 0
8.1200000000000009948 0 0
8.1300000000000007816 0 0
8.1400000000000005684 0 0
8.1500000000000003553 0 0
8.1600000000000001421 0 0
8.1699999999999999289 0 0
8.1799999999999997158 0 0
8.1899999999999995026 0 0
8.1999999999999992895 0 0
8.2100000000000008527 0 0
8.2200000000000006395 0 0
8.2300000000000004263 0 0
8.2400000000000002132 0 0
8.25 0 0
8.2599999999999997868 0 0
8.2699999999999995737 0 0
8.2799999999999993605 0 0
8.2900000000000009237 0 0
8.3000000000000007105 0 0
8.3100000000000004974 0 0
8.3200000000000002842 0 0
8.3300000000000000711 0 0
8.3399999999999998579 0 0
8.3499999999999996447 0 0
8.3599999999999994316 0 0
8.3700000000000009948 0 0
8.3800000000000007816 0 0
8.3900000000000005684 0 0
8.4000000000000003553 0 0
8.4100000000000001421 0 0
8.4199999999999999289 0 0
8.4299999999999997158 0 0
8.4399999999999995026 0 0
8.4499999999999992895 0 0
8.4600000000000008527 0 0
8.4700000000000006395 0 0
8.4800000000000004263 0 0
8.4900000000000002132 0 0
8.5 0 0
8.5099999999999997868 0 0
8.5199999999999995737 0 0
8.5299999999999993605 0 0
8.5400000000000009237 0 0
8.5500000000000007105 0 0
8.5600000000000004974 0 0
8.5700000000000002842 0 0
8.5800000000000000711 0 0
8.5899999999999998579 0 0
8.5999999999999996447 0 0
8.6099999999999994316 0 0
8.6200000000000009948 0 0
8.6300000000000007816 0 0
8.6400000000000005684 0 0
8.6500000000000003553 0 0
8.6600000000000001421 0 0
8.6699999999999999289 0 0
8.6799999999999997158 0 0
8.6899999999999995026 0 0
8.7000000000000010658 0 0
8.7100000000000008527 0 0
8.7200000000000006395 0 0
8.7300000000000004263 0 0
8.7400000000000002132 0 0
8.75 0 0
8.7599999999999997868 0 0
8.7699999999999995737 0 0
8.7799999999999993605 0 0
8.7900000000000009237 0 0
8.8000000000000007105 0 0
8.8100000000000004974 0 0
8.8200000000000002842 0 0
8.8300000000000000711 0 0
8.8399999999999998579 0 0
8.8499999999999996447 0 0
8.8599999999999994316 0 0
8.8700000000000009948 0 0
8.8800000000000007816 0 0
8.8900000000000005684 0 0
8.9000000000000003553 0 0
8.9100000000000001421 0 0
8.9199999999999999289 0 0
8.9299999999999997158 0 0
8.9399999999999995026 0 0
8.9500000000000010658 0 0
8.9600000000000008527 0 0
8.9700000000000006395 0 0
8.9800000000000004263 0 0
8.9900000000000002132 0 0
9 0 0
9.0099999999999997868 0 0
9.0199999999999995737 0 0
9.0299999999999993605 0 0
9.0400000000000009237 0 0
9.0500000000000007105 0 0
9.0600000000000004974 0 0
9.0700000000000002842 0 0
9.0800000000000000711 0 0
9.0899999999999998579 0 0
9.0999999999999996447 0 0
9.1099999999999994316 0 0
9.1200000000000009948 0 0
9.1300000000000007816 0 0
9.1400000000000005684 0 0
9.1500000000000003553 0 0
9.1600000000000001421 0 0
9.1699999999999999289 0 0
9.1799999999999997158 0 0
9.1899999999999995026 0 0
9.2000000000000010658 0 0
9.2100000000000008527 0 0
9.2200000000000006395 0 0
9.2300000000000004263 0 0
9.2400000000000002132 0 0
9.25 0 0
9.2599999999999997868 0 0
9.2699999999999995737 0 0
9.2799999999999993605 0 0
9.2900000000000009237 0 0
9.3000000000000007105 0 0
9.3100000000000004974 0 0
9.3200000000000002842 0 0
9.3300000000000000711 0 0
9.3399999999999998579 0 0
9.3499999999999996447 0 0
9.3599999999999994316 0 0
9.3700000000000009948 0 0
9.3800000000000007816 0 0
9.3900000000000005684 0 0
9.4000000000000003553 0 0
9.4100000000000001421 0 0
9.4199999999999999289 0 0
9.4299999999999997158 0 0
9.4399999999999995026 0 0
9.4500000000000010658 0 0
9.4600000000000008527 0 0
9.4700000000000006395 0 0
9.4800000000000004263 0 0
9.4900000000000002132 0 0
9.5 0 0
9.5099999999999997868 0 0
9.5199999999999995737 0 0
9.5299999999999993605 0 0
9.5400000000000009237 0 0
9.5500000000000007105 0 0
9.5600000000000004974 0 0
9.5700000000000002842 0 0
9.5800000000000000711 0 0
9.5899999999999998579 0 0
9.5999999999999996447 0 0
9.6099999999999994316 0 0
9.6200000000000009948 0 0
9.6300000000000007816 0 0
9.6400000000000005684 0 0
9.6500000000000003553 0 0
9.6600000000000001421 0 0
9.6699999999999999289 0 0
9.6799999999999997158 0 0
9.6899999999999995026 0 0
9.7000000000000010658 0 0
9.7100000000000008527 0 0
9.7200000000000006395 0 0
9.7300000000000004263 0 0
9.7400000000000002132 0 0
9.75 0 0
9.7599999999999997868 0 0
9.7699999999999995737 0 0
9.7799999999999993605 0 0
9.7900000000000009237 0 0
9.8000000000000007105 0 0
9.8100000000000004974 0 0
9.8200000000000002842 0 0
9.8300000000000000711 0 0
9.8399999999999998579 0 0
9.8499999999999996447 0 0
9.8599999999999994316 0 0
9.8700000000000009948 0 0
9.8800000000000007816 0 0
9.8900000000000005684 0 0
9.9000000000000003553 0 0
9.9100000000000001421 0 0
9.9199999999999999289 0 0
9.9299999999999997158 0 0
9.9399999999999995026 0 0
9.9500000000000010658 0 0
9.9600000000000008527 0 0
9.9700000000000006395 0 0
9.9800000000000004263 0 0
9.9900000000000002132 0 0
10 0 0
10.009999999999999787 0 0
10.019999999999999574 0 0
10.029999999999999361 0 0
10.040000000000000924 0 0
10.050000000000000711 0 0
10.060000000000000497 0 0
10.070000000000000284 0 0
10.080000000000000071 0 0
10.089999999999999858 0 0
10.099999999999999645 0 0
10.109999999999999432 0 0
10.120000000000000995 0 0
10.130000000000000782 0 0
10.140000000000000568 0 0
10.150000000000000355 0 0
10.160000000000000142 0 0
10.169999999999999929 0 0
10.179999999999999716 0 0
10.189999999999999503 0 0
10.200000000000001066 0 0
10.210000000000000853 0 0
10.220000000000000639 0 0
10.230000000000000426 0 0
