0 5.031198719490984793e-74 -5.031198719490984793e-74
0.010000000000000000208 2.8400062971104754611e-72 -2.8400062971104754611e-72
0.020000000000000000416 1.5216008178124857013e-70 -1.5216008178124857013e-70
0.02999999999999999889 7.7378178679658888375e-69 -7.7378178679658888375e-69
0.040000000000000000833 3.7348697728781932419e-67 -3.7348697728781932419e-67
0.050000000000000002776 1.7110967962821507242e-65 -1.7110967962821507242e-65
0.05999999999999999778 7.4407880062538617656e-64 -7.4407880062538617656e-64
0.070000000000000006661 3.0712257030101115187e-62 -3.0712257030101115187e-62
0.080000000000000001665 1.2032512723830140926e-60 -1.2032512723830140926e-60
0.089999999999999996669 4.4746204608885827723e-59 -4.4746204608885827723e-59
0.10000000000000000555 1.5794831298199743806e-57 -1.5794831298199743806e-57
0.11000000000000000056 5.2922028654905173052e-56 -5.2922028654905173052e-56
0.11999999999999999556 1.6831570413625721206e-54 -1.6831570413625721206e-54
0.13000000000000000444 5.0814024218271096768e-53 -5.0814024218271096768e-53
0.14000000000000001332 1.4561887148241213556e-51 -1.4561887148241213556e-51
0.14999999999999999445 3.9612419569746656771e-50 0.00013013769057579341261
0.16000000000000000333 1.022891214392457718e-48 0.00015616521704941990702
0.17000000000000001221 2.5073608986291942123e-47 0.00015416310634464030918
0.17999999999999999334 5.8344344249192274526e-46 0.00013013769057579341261
0.19000000000000000222 1.2887854815219294746e-44 0.00017018005019053819506
0.2000000000000000111 2.7025154062746271195e-43 0.00015216098108794540167
0.20999999999999999223 5.3798156511974086676e-42 0.00014815674512647089632
0.22000000000000000111 1.0166807232920576651e-40 0.00014615463442169129848
0.23000000000000000999 1.8240065714916612626e-39 0.00017418428615201259199
0.23999999999999999112 3.106703504360483848e-38 0.00012212921865284440191
0.25 5.0235667233218751325e-37 0.00013614403724204748869
0.26000000000000000888 7.7120753330835701396e-36 0.00015816734230611470611
0.27000000000000001776 1.1240490544326032118e-34 0.00014014827320352199404
0.28000000000000002665 1.5554742818182919496e-33 0.00015416310634464030918
0.28999999999999998002 2.0436810953603763645e-32 0.00015216098108794540167
0.2999999999999999889 2.549446087909999467e-31 0.00013814616249874228779
0.30999999999999999778 3.0197515831117294471e-30 0.00013814616249874228779
0.32000000000000000666 3.3962540924985004389e-29 0.00014615463442169129848
0.33000000000000001554 3.6269725651801814925e-28 0.00015015887038316580383
0.34000000000000002442 3.6780345276750175514e-27 0.00014415250916499639097
0.35000000000000003331 3.5418311838838437371e-26 0.00015015887038316580383
0.35999999999999998668 3.238876474846867545e-25 0.00018219275807496160269
0.36999999999999999556 2.8127443943449482168e-24 0.00014014827320352199404
0.38000000000000000444 2.3198046048621985062e-23 0.00015216098108794540167
0.39000000000000001332 1.8170831914106812038e-22 0.00020021182717755439608
0.4000000000000000222 1.3518194989822319142e-21 0.00019820970192085948856
0.41000000000000003109 9.5521832342600997947e-21 0.00018819911929313090713
0.41999999999999998446 6.4113226566578750702e-20 0.00014815674512647084211
0.42999999999999999334 4.0876742724896617155e-19 0.00013614403724204708211
0.44000000000000000222 2.4757851682249065448e-18 0.00020221393788233152735
0.4500000000000000111 1.4245705759056310677e-17 0.00018219275807494734543
0.46000000000000001998 7.7878535643629332618e-17 0.00017818852211340922452
0.47000000000000002887 4.0452485442592834499e-16 0.00018619699403603159221
0.47999999999999998224 1.9966398730555048661e-15 0.00018219275807296496307
0.48999999999999999112 9.3652153461857932357e-15 0.00020221393787296879107
0.5 4.1748316567615371851e-14 0.0002082202990587549824
0.51000000000000000888 1.7689137822952846677e-13 0.00018619699385954472889
0.52000000000000001776 7.124727855998959418e-13 0.00016817793877328571055
0.53000000000000002665 2.7281976185374126296e-12 0.00019220335252640778048
0.54000000000000003553 9.9331384343735425646e-12 0.0001821927481418231709
0.55000000000000004441 3.4392464037957642275e-11 0.00022623933381063206314
0.56000000000000005329 1.1325981939523015105e-10 0.00022623925494327670836
0.57000000000000006217 3.5481447305853469058e-10 0.00022824112409340263966
0.57999999999999996003 1.0576094369018301897e-09 0.00021022135219584610105
0.58999999999999996891 3.0001515397699098485e-09 0.00025626813048665737478
0.5999999999999999778 8.1014248983315740573e-09 0.00020220583645743565697
0.60999999999999998668 2.0830474319031684739e-08 0.00021420581529243837835
0.61999999999999999556 5.1014101366199605485e-08 0.00020216292378096779761
0.63000000000000000444 1.1903790700186780398e-07 0.00021210549715497593556
0.64000000000000001332 2.6476118266687988802e-07 0.00023798731490485262484
0.6500000000000000222 5.6155173000252794141e-07 0.00022167356595970388313
0.66000000000000003109 1.1363444724370332062e-06 0.0002611411473839293871
0.67000000000000003997 2.1951456530433527013e-06 0.00027009292883105161113
0.68000000000000004885 4.0507252140285943622e-06 0.0002342013508734908957
0.69000000000000005773 7.1456440798033084183e-06 0.00027515304213585072999
0.70000000000000006661 1.2060306473790172941e-05 0.00030427437813843933754
0.70999999999999996447 1.9494219946167016042e-05 0.00030284682588423177856
0.71999999999999997335 3.0211101148053382377e-05 0.0003561977200659369896
0.72999999999999998224 4.4946035373147749583e-05 0.00029140984359836934322
0.73999999999999999112 6.4284710339674555851e-05 0.00029809869510546901103
0.75 8.8537389474795956975e-05 0.00025182271090628031117
0.76000000000000000888 0.00011763861617927793104 0.00024874901067542483151
0.77000000000000001776 0.00015110289518961044549 0.00021528473166509233061
0.78000000000000002665 0.00018805501726788887503 0.00015630933362657711328
0.79000000000000003553 0.00022733407638286169433 0.0001350493290622818861
0.80000000000000004441 0.00026764930433269902739 0.0001087489342535628953
0.81000000000000005329 0.00030775146147406766016 4.2619221534737257179e-05
0.82000000000000006217 0.00034658100538543287067 8.3874425956692014086e-05
0.83000000000000007105 0.00038336397545524485315 5.1095677296439335688e-05
0.83999999999999996891 0.00041764393898757545083 5.8860213187463656347e-05
0.8499999999999999778 0.00044925643033708121928 -2.0803138803566307777e-05
0.85999999999999998668 0.00047826491843821886986 -2.9790432545416392976e-05
0.86999999999999999556 0.00050488156163524286306 -4.2392242601322043926e-05
0.88000000000000000444 0.00052939267932100965777 -0.00012296266374773153407
0.89000000000000001332 0.00055210125505516865433 -0.00010162465845758655251
0.9000000000000000222 0.00057329061010799662983 -0.00011280340177885554405
0.91000000000000003109 0.00059320726810255404709 -0.00016475397656903913559
0.92000000000000003997 0.00061205790908193705938 -0.0001675876737025242349
0.93000000000000004885 0.00063001476169135823668 -0.00017753602528516605318
0.94000000000000005773 0.00064722475036876111337 -0.0001647142660793832398
0.95000000000000006661 0.00066381917758913540871 -0.00021334258099155330689
0.95999999999999996447 0.00067992203846910150705 -0.00018139461033382566629
0.96999999999999997335 0.00069565601292723741426 -0.00014507347363704767122
0.97999999999999998224 0.00071114580623856825294 -0.00024265012598647815647
0.98999999999999999112 0.00072651894689686950628 -0.00025201693453044048078
1 0.00074190449643054569556 -0.00023536856726849044157
1.0100000000000000089 0.00075743039249500602322 -0.00027692201891040772038
1.0200000000000000178 0.0007732202905945534388 -0.00022463992021680423417
1.0300000000000000266 0.00078939074529997652237 -0.00022879765248588865463
1.0400000000000000355 0.00080604937668785688488 -0.00030351772714302179424
1.0500000000000000444 0.00082329435747813706648 -0.00032476692934286122572
1.0600000000000000533 0.00084121522394566927532 -0.00031866235093771610835
1.0700000000000000622 0.00085989475087207235468 -0.00026326349074896849764
1.0800000000000000711 0.00087941149361048405724 -0.0003768798440656489666
1.0900000000000000799 0.00089984259489049058228 -0.00029720500265304785042
1.1000000000000000888 0.00092126654541829701862 -0.00035666917298698898754
1.1100000000000000977 0.00094376572252063994396 -0.00028907307733594422329
1.1200000000000001066 0.00096742866196777410181 -0.0003567826269112128702
1.1300000000000001155 0.00099235211564723110542 -0.00034366580257687425956
1.1400000000000001243 0.00101864300416786859 -0.00040199057878930757014
1.1500000000000001332 0.0010464203962199224857 -0.0004097468055859043029
1.1599999999999999201 0.0010758176496841332769 -0.0003950974489219806051
1.1699999999999999289 0.0011069848469172605902 -0.00048833031083391994533
1.1799999999999999378 0.0011400916586214234361 -0.00041932906914069552513
1.1899999999999999467 0.0011753307837203607819 -0.00046457880597119190907
1.1999999999999999556 0.0012129221409907817251 -0.00047213838625459665123
1.2099999999999999645 0.0012531180361799274404 -0.00047629617234238729069
1.2199999999999999734 0.0012962096032142274727 -0.00052939829290058544771
1.2299999999999999822 0.0013425349346083011691 -0.00044558596282269621533
1.2399999999999999911 0.001392489507235595116 -0.00055159986801446331435
1.25 0.0014465398542484815721 -0.00057561843804033356944
1.2600000000000000089 0.0015052421298206955947 -0.00064232915643166609183
1.2700000000000000178 0.0015692687543392481488 -0.00043006345595273417874
1.2800000000000000266 0.001639449901047608342 -0.00046821071496929832917
1.2900000000000000355 0.0017168448635936674196 -0.00044549979303041046218
1.3000000000000000444 0.0018028768269495512849 -0.00040539831632389129908
1.3100000000000000533 0.0018996033153417701995 -0.00024985792459130220546
1.3200000000000000622 0.0020102692581293766724 -0.00019034375898070959691
1.3300000000000000711 0.0021404187028189404669 -2.6181882329772299817e-05
1.3400000000000000799 0.0023000340781822673636 0.00015656506980807859131
1.3500000000000000888 0.0025074011355554239044 0.0002995685499245751178
1.3600000000000000977 0.002795554849338458079 0.00036178560646183679714
1.3700000000000001066 0.0032220132159993621936 0.00054597333306515482762
1.3800000000000001155 0.0038816961660144587085 0.00063308046990058226139
1.3900000000000001243 0.0049210981930863156517 0.00040653864859826419759
1.4000000000000001332 0.0065488706388308623799 8.8151260392465256854e-05
1.4099999999999999201 0.0090346189391316573253 -0.00027334989872590705062
1.4199999999999999289 0.01268559671737260787 -0.0012094553167373671421
1.4299999999999999378 0.017792558674752732839 -0.0023161847191453220629
1.4399999999999999467 0.024543535284754898484 -0.0024621732012006271317
1.4499999999999999556 0.032917858943700646635 -0.0028280242387054878306
1.4599999999999999645 0.042588809268474359104 -0.0027846971023080466234
1.4699999999999999734 0.052874367658650285595 -0.0015720911069268053706
1.4799999999999999822 0.062773265632812547121 -0.00076566332859234753627
1.4899999999999999911 0.07110305876496762767 -0.0004302859402033759606
1.5 0.076722054355602656295 -0.00092386322544137089441
1.5100000000000000089 0.078780501208317310624 -0.0030263504600644419718
1.5200000000000000178 0.076925749457317463276 -0.0049996548656998790472
1.5300000000000000266 0.071393650992211843409 -0.0081987874940009364266
1.5400000000000000355 0.062954221701438661807 -0.011435714399631265181
1.5500000000000000444 0.052729371503899516438 -0.012614931480000438069
1.5600000000000000533 0.041942799335406420747 -0.013212403154061431315
1.5700000000000000622 0.031679245388071076983 -0.012248688122193356759
1.5800000000000000711 0.022717230328522262928 -0.010432232477865753528
1.5900000000000000799 0.015465379606458650244 -0.0079754552873701912291
1.6000000000000000888 0.0099944771776985831535 -0.005962210851449937371
1.6100000000000000977 0.0061309761316814138238 -0.0040307540861257030312
1.6200000000000001066 0.0035698472251606528337 -0.0025467648133126437673
1.6300000000000001155 0.001972895575382516923 -0.0014583512034013431692
1.6400000000000001243 0.0010348557945870115286 -0.00079259948253801752391
1.6500000000000001332 0.00051518814143676808746 -0.00041908646380946538122
1.6600000000000001421 0.00024341814246025492976 -0.00019736942162734081576
1.6699999999999999289 0.00010915240046717899125 -8.7129099041090553811e-05
1.6799999999999999378 4.6451554052434166915e-05 -3.8443081219990508652e-05
1.6899999999999999467 1.8760659727602259833e-05 -1.4756423311380430702e-05
1.6999999999999999556 7.190712686663335319e-06 -5.1885944785524207534e-06
1.7099999999999999645 2.6155766675431350544e-06 -2.6155766675431350544e-06
1.7199999999999999734 9.0288184327672308057e-07 -9.0288184327672308057e-07
1.7299999999999999822 2.9577335402623800817e-07 -2.9577335402623800817e-07
1.7399999999999999911 9.1949407709910746331e-08 -9.1949407709910746331e-08
1.75 2.7126765969361911874e-08 1.9749914421415529912e-06
1.7600000000000000089 7.5945844172500040281e-09 -7.5945844172500040281e-09
1.7700000000000000178 2.0177384655569516562e-09 -2.0177384655569516562e-09
1.7800000000000000266 5.0871994779680760406e-10 2.0016094881631183594e-06
1.7900000000000000355 1.2171498437961879372e-10 2.0019964931265352251e-06
1.8000000000000000444 2.7634984531183294668e-11 -2.7634984531183294668e-11
1.8100000000000000533 5.95419363022494144e-12 -5.95419363022494144e-12
1.8200000000000000622 1.2174019892491030704e-12 -1.2174019892491030704e-12
1.8300000000000000711 2.362061876569197878e-13 -2.362061876569197878e-13
1.8400000000000000799 4.3490432284675418186e-14 2.0021181646204826508e-06
1.8500000000000000888 7.5987199179829163501e-15 -7.5987199179829163501e-15
1.8600000000000000977 1.2598839750805698624e-15 -1.2598839750805698624e-15
1.8700000000000001066 1.982272161008846078e-16 -1.982272161008846078e-16
1.8800000000000001155 2.9596332688347256199e-17 -2.9596332688347256199e-17
1.8900000000000001243 4.1932787929293411458e-18 2.0021182081067217525e-06
1.9000000000000001332 5.6378065887761160192e-19 -5.6378065887761160192e-19
1.9100000000000001421 7.192943193833274565e-20 4.0042364162217571334e-06
1.9199999999999999289 8.7084843597191318538e-21 -8.7084843597191318538e-21
1.9299999999999999378 1.0005009669053266217e-21 -1.0005009669053266217e-21
1.9399999999999999467 1.0907644536476594854e-22 2.0021182081109149891e-06
1.9499999999999999556 1.128450556537368229e-23 -1.128450556537368229e-23
1.9599999999999999645 1.1078265877660945909e-24 -1.1078265877660945909e-24
1.9699999999999999734 1.0320443121387834927e-25 -1.0320443121387834927e-25
1.9799999999999999822 9.1235081072208022753e-27 2.0021182081109149891e-06
1.9899999999999999911 7.6535337867813298648e-28 -7.6535337867813298648e-28
2 6.0925409365160547936e-29 -6.0925409365160547936e-29
2.0100000000000002309 4.6022576076835349801e-30 4.0042364162218291312e-06
2.0200000000000000178 3.2989758116664039267e-31 -3.2989758116664039267e-31
2.0300000000000002487 2.243999806419605889e-32 -2.243999806419605889e-32
2.0400000000000000355 1.4484440652926850823e-33 -1.4484440652926850823e-33
2.0499999999999998224 8.8718795784163664745e-35 -8.8718795784163664745e-35
2.0600000000000000533 5.1566104343463350282e-36 -5.1566104343463350282e-36
2.0699999999999998401 2.8441177552904190532e-37 -2.8441177552904190532e-37
2.0800000000000000711 1.4885560472852739941e-38 -1.4885560472852739941e-38
2.0899999999999998579 7.3929367101008633096e-40 -7.3929367101008633096e-40
2.1000000000000000888 3.4841976653771484214e-41 -3.4841976653771484214e-41
2.1099999999999998757 1.5581971757661214847e-42 -1.5581971757661214847e-42
2.1200000000000001066 6.6126526240117559099e-44 -6.6126526240117559099e-44
2.1299999999999998934 2.6629469809203036876e-45 -2.6629469809203036876e-45
2.1400000000000001243 1.0176131223430859429e-46 2.0021182081109149891e-06
2.1499999999999999112 3.6900827545460763639e-48 -3.6900827545460763639e-48
2.1600000000000001421 1.2697628245726783992e-49 2.0021182081109149891e-06
2.1699999999999999289 4.1461220028340509711e-51 -4.1461220028340509711e-51
2.1800000000000001599 1.2846783127207790675e-52 -1.2846783127207790675e-52
2.1899999999999999467 3.7772822448811736499e-54 -3.7772822448811736499e-54
2.2000000000000001776 1.0538944073213621325e-55 2.0021182081109149891e-06
2.2099999999999999645 2.7902767082119657274e-57 -2.7902767082119657274e-57
2.2200000000000001954 7.0101910992332633358e-59 -7.0101910992332633358e-59
2.2299999999999999822 1.6712628199658650775e-60 -1.6712628199658650775e-60
2.2400000000000002132 3.7808710336987328288e-62 -3.7808710336987328288e-62
2.25 8.1165431747411359534e-64 -8.1165431747411359534e-64
2.2600000000000002309 1.6534169421598187672e-65 2.0021182081109149891e-06
2.2700000000000000178 3.1961387270666762777e-67 2.0021182081109149891e-06
2.2800000000000002487 5.8627413862032515801e-69 -5.8627413862032515801e-69
2.2900000000000000355 1.0204874171416138054e-70 -1.0204874171416138054e-70
2.3000000000000002665 1.6855680790444661966e-72 2.0021182081109149891e-06
2.3100000000000000533 2.6419013573926048102e-74 2.0021182081109149891e-06
2.3199999999999998401 3.9293298308967053281e-76 -3.9293298308967053281e-76
2.3300000000000000711 5.5456428159263731343e-78 -5.5456428159263731343e-78
2.3399999999999998579 7.4270570611919810037e-80 -7.4270570611919810037e-80
2.3500000000000000888 9.4387182720919355573e-82 -9.4387182720919355573e-82
2.3599999999999998757 1.1382577695772038036e-83 -1.1382577695772038036e-83
2.3700000000000001066 1.3025652967693620891e-85 4.0042364162218291312e-06
2.3799999999999998934 1.414456540614649056e-87 -1.414456540614649056e-87
2.3900000000000001243 1.4575077897280564346e-89 2.0021182081109149891e-06
2.3999999999999999112 1.4251588722742978094e-91 -1.4251588722742978094e-91
2.4100000000000001421 1.3223509979471078455e-93 -1.3223509979471078455e-93
2.4199999999999999289 1.1642901835012450901e-95 -1.1642901835012450901e-95
2.4300000000000001599 9.7276223013096198442e-98 2.0021182081109149891e-06
2.4399999999999999467 7.7122854231963743362e-100 -7.7122854231963743362e-100
2.4500000000000001776 5.8021690067452698885e-102 -5.8021690067452698885e-102
2.4599999999999999645 4.1421755437890268207e-104 2.0021182081109149891e-06
2.4700000000000001954 2.8060630750341830457e-106 -2.8060630750341830457e-106
2.4799999999999999822 1.803836296255182805e-108 -1.803836296255182805e-108
2.4900000000000002132 1.1003416171894986792e-110 2.0021182081109149891e-06
2.5 6.369255120509131708e-113 -6.369255120509131708e-113
2.5100000000000002309 3.4984881109927024723e-115 -3.4984881109927024723e-115
2.5200000000000000178 1.8234874408861021825e-117 -1.8234874408861021825e-117
2.5300000000000002487 9.0189448895080482052e-120 -9.0189448895080482052e-120
2.5400000000000000355 4.2329119949685726083e-122 -4.2329119949685726083e-122
2.5500000000000002665 1.8851819060381683389e-124 -1.8851819060381683389e-124
2.5600000000000000533 7.9670542113097598082e-127 -7.9670542113097598082e-127
2.5699999999999998401 3.1950137948601454341e-129 -3.1950137948601454341e-129
2.5800000000000000711 1.2158447649923505509e-131 -1.2158447649923505509e-131
2.5899999999999998579 4.3904993621556155737e-134 6.0063548517064191401e-06
2.6000000000000000888 1.5044580321499870244e-136 -1.5044580321499870244e-136
2.6099999999999998757 4.8918888285045077169e-139 -4.8918888285045077169e-139
2.6200000000000001066 1.5093967014956347784e-141 -1.5093967014956347784e-141
2.6299999999999998934 4.4193714413603630252e-144 -4.4193714413603630252e-144
2.6400000000000001243 1.2278572494669630879e-146 -1.2278572494669630879e-146
2.6499999999999999112 3.2371699015018238694e-149 2.0021182081109149891e-06
2.6600000000000001421 8.098662976744627563e-152 2.0021182081109149891e-06
2.6699999999999999289 1.9226106924834894201e-154 -1.9226106924834894201e-154
2.6800000000000001599 4.3311133732277328317e-157 -4.3311133732277328317e-157
2.6899999999999999467 9.2584418038409434826e-160 4.0042364162218291312e-06
2.7000000000000001776 1.8780466619794250072e-162 2.0021182081109149891e-06
2.7099999999999999645 3.6149722168262685578e-165 -3.6149722168262685578e-165
2.7200000000000001954 6.6028835281437624551e-168 -6.6028835281437624551e-168
2.7299999999999999822 1.1444382826398574021e-170 -1.1444382826398574021e-170
2.7400000000000002132 1.8822667288564349236e-173 -1.8822667288564349236e-173
2.75 2.9376495424187487459e-176 -2.9376495424187487459e-176
2.7600000000000002309 4.3505965684854293944e-179 2.0021182081109149891e-06
2.7700000000000000178 6.1140309826391784092e-182 2.0021182081109149891e-06
2.7800000000000002487 8.1533565168266669242e-185 6.0063548517064191401e-06
2.7900000000000000355 1.0317516900099683544e-187 -1.0317516900099683544e-187
2.8000000000000002665 1.2389217765017230428e-190 4.0042364162218291312e-06
2.8100000000000000533 1.4117003082131822797e-193 -1.4117003082131822797e-193
2.8199999999999998401 1.5264094347634978537e-196 -1.5264094347634978537e-196
2.8300000000000000711 1.5661359821331610625e-199 -1.5661359821331610625e-199
2.8399999999999998579 1.5248171640024393551e-202 2.0021182081109149891e-06
2.8500000000000000888 1.4087565220994736252e-205 8.0084728324436582625e-06
2.8599999999999998757 1.2350483402614125534e-208 -1.2350483402614125534e-208
2.8700000000000001066 1.0274526288723356307e-211 2.0021182081109149891e-06
2.8799999999999998934 8.1109080808433497263e-215 2.0021182081109149891e-06
2.8900000000000001243 6.0758488131928373597e-218 6.0063548517064191401e-06
2.8999999999999999112 4.3189107686605819814e-221 4.0042364162218291312e-06
2.9100000000000001421 2.913206596217629231e-224 4.0042364162218291312e-06
2.9199999999999999289 1.8646533498865258932e-227 1.4014827684150080791e-05
2.9300000000000001599 1.1325429530070148674e-230 2.0021181626361791382e-05
2.9399999999999999467 6.5274116392998402149e-234 1.0010590813180900773e-05
2.9500000000000001776 3.5699082297365156258e-237 2.0021181626361791382e-05
2.9599999999999999645 1.8526902746156372265e-240 1.8019063645624559036e-05
2.9700000000000001954 9.1238534162634943228e-244 1.6016945664887319913e-05
2.9799999999999999822 4.2636689158400644834e-247 2.0021181626361791382e-05
2.9900000000000002132 1.8906813174605422844e-250 2.4025419406825679949e-05
3 7.9557818642382835749e-254 2.0021181626361791382e-05
3.0100000000000002309 3.1767063052994714034e-257 4.204448487143964253e-05
3.0200000000000000178 1.203651930704657963e-260 2.0021181626361791382e-05
3.0300000000000002487 4.3276727414452346387e-264 2.2023301426088440826e-05
3.0400000000000000355 1.4765139028799158383e-267 2.6027537387562919071e-05
3.0500000000000002665 4.7802465083809062982e-271 2.4025419406825679949e-05
3.0600000000000000533 1.4685632610536848966e-274 1.6016945664887319913e-05
3.0700000000000002842 4.2811912611734307422e-278 1.2012709703412839974e-05
3.0800000000000000711 1.1843121823108887374e-281 3.0031773349037390539e-05
3.0899999999999998579 3.1088326852966638507e-285 2.0021181626361791382e-05
3.1000000000000000888 7.7438704596347697202e-289 6.0063548517064191401e-06
3.1099999999999998757 1.8304099935578771281e-292 1.2012709703412839974e-05
3.1200000000000001066 4.1055206152478799306e-296 -4.1055206152478799306e-296
3.1299999999999998934 8.7381128243779586377e-300 2.0021182081109149891e-06
3.1400000000000001243 1.7648044984311890919e-303 6.0063548517064191401e-06
3.1499999999999999112 3.3822452199705534406e-307 2.0021182081109149891e-06
3.1600000000000001421 6.1509629161442376967e-311 -6.1509629161442376967e-311
3.1699999999999999289 1.0614771386650365209e-314 -1.0614771386650365209e-314
3.1800000000000001599 1.7382316365115904167e-318 -1.7382316365115904167e-318
3.1899999999999999467 2.717361052126855993e-322 -2.717361052126855993e-322
3.2000000000000001776 0 0
3.2099999999999999645 0 4.0042364162218291312e-06
3.2200000000000001954 0 0
3.2299999999999999822 0 0
3.2400000000000002132 0 0
3.25 0 0
3.2600000000000002309 0 0
3.2700000000000000178 0 0
3.2800000000000002487 0 0
3.2900000000000000355 0 0
3.3000000000000002665 0 0
3.3100000000000000533 0 0
3.3200000000000002842 0 0
3.3300000000000000711 0 0
3.3399999999999998579 0 0
3.3500000000000000888 0 0
3.3599999999999998757 0 0
3.3700000000000001066 0 0
3.3799999999999998934 0 0
3.3900000000000001243 0 0
3.3999999999999999112 0 0
3.4100000000000001421 0 0
3.4199999999999999289 0 0
3.4300000000000001599 0 0
3.4399999999999999467 0 0
3.4500000000000001776 0 0
3.4599999999999999645 0 0
3.4700000000000001954 0 0
3.4799999999999999822 0 0
3.4900000000000002132 0 0
3.5 0 0
3.5100000000000002309 0 0
3.5200000000000000178 0 0
3.5300000000000002487 0 0
3.5400000000000000355 0 0
3.5500000000000002665 0 0
3.5600000000000000533 0 0
3.5700000000000002842 0 0
3.5800000000000000711 0 0
3.5899999999999998579 0 0
3.6000000000000000888 0 0
3.6099999999999998757 0 0
3.6200000000000001066 0 0
3.6299999999999998934 0 0
3.6400000000000001243 0 0
3.6499999999999999112 0 0
3.6600000000000001421 0 0
3.6699999999999999289 0 0
3.6800000000000001599 0 0
3.6899999999999999467 0 0
3.7000000000000001776 0 0
3.7099999999999999645 0 0
3.7200000000000001954 0 0
3.7299999999999999822 0 0
3.7400000000000002132 0 0
3.75 0 0
3.7600000000000002309 0 0
3.7700000000000000178 0 0
3.7800000000000002487 0 0
3.7900000000000000355 0 0
3.8000000000000002665 0 0
3.8100000000000000533 0 0
3.8200000000000002842 0 0
3.8300000000000000711 0 0
3.8399999999999998579 0 0
3.8500000000000000888 0 0
3.8599999999999998757 0 0
3.8700000000000001066 0 0
3.8799999999999998934 0 0
3.8900000000000001243 0 0
3.8999999999999999112 0 0
3.9100000000000001421 0 0
3.9199999999999999289 0 0
3.9300000000000001599 0 0
3.9399999999999999467 0 0
3.9500000000000001776 0 0
3.9599999999999999645 0 0
3.9700000000000001954 0 0
3.9799999999999999822 0 0
3.9900000000000002132 0 0
4 0 0
4.0099999999999997868 0 0
4.0200000000000004619 0 0
4.0300000000000002487 0 0
4.0400000000000000355 0 0
4.0499999999999998224 0 0
4.0600000000000004974 0 0
4.0700000000000002842 0 0
4.0800000000000000711 0 0
4.0899999999999998579 0 0
4.0999999999999996447 0 0
4.1100000000000003197 0 0
4.1200000000000001066 0 0
4.1299999999999998934 0 0
4.1399999999999996803 0 0
4.1500000000000003553 0 0
4.1600000000000001421 0 0
4.1699999999999999289 0 0
4.1799999999999997158 0 0
4.1900000000000003908 0 0
4.2000000000000001776 0 0
4.2099999999999999645 0 0
4.2199999999999997513 0 0
4.2300000000000004263 0 0
4.2400000000000002132 0 0
4.25 0 0
4.2599999999999997868 0 0
4.2700000000000004619 0 0
4.2800000000000002487 0 0
4.2900000000000000355 0 0
4.2999999999999998224 0 0
4.3100000000000004974 0 0
4.3200000000000002842 0 0
4.3300000000000000711 0 0
4.3399999999999998579 0 0
4.3500000000000005329 0 0
4.3600000000000003197 0 0
4.3700000000000001066 0 0
4.3799999999999998934 0 0
4.3899999999999996803 0 0
4.4000000000000003553 0 0
4.4100000000000001421 0 0
4.4199999999999999289 0 0
4.4299999999999997158 0 0
4.4400000000000003908 0 0
4.4500000000000001776 0 0
4.4599999999999999645 0 0
4.4699999999999997513 0 0
4.4800000000000004263 0 0
4.4900000000000002132 0 0
4.5 0 0
4.5099999999999997868 0 0
4.5200000000000004619 0 0
4.5300000000000002487 0 0
4.5400000000000000355 0 0
4.5499999999999998224 0 0
4.5600000000000004974 0 0
4.5700000000000002842 0 0
4.5800000000000000711 0 0
4.5899999999999998579 0 0
4.6000000000000005329 0 0
4.6100000000000003197 0 0
4.6200000000000001066 0 0
4.6299999999999998934 0 0
4.6399999999999996803 0 0
4.6500000000000003553 0 0
4.6600000000000001421 0 0
4.6699999999999999289 0 0
4.6799999999999997158 0 0
4.6900000000000003908 0 0
4.7000000000000001776 0 0
4.7099999999999999645 0 0
4.7199999999999997513 0 0
4.7300000000000004263 0 0
4.7400000000000002132 0 0
4.75 0 0
4.7599999999999997868 0 0
4.7700000000000004619 0 0
4.7800000000000002487 0 0
4.7900000000000000355 0 0
4.7999999999999998224 0 0
4.8100000000000004974 0 0
4.8200000000000002842 0 0
4.8300000000000000711 0 0
4.8399999999999998579 0 0
4.8500000000000005329 0 0
4.8600000000000003197 0 0
4.8700000000000001066 0 0
4.8799999999999998934 0 0
4.8899999999999996803 0 0
4.9000000000000003553 0 0
4.9100000000000001421 0 0
4.9199999999999999289 0 0
4.9299999999999997158 0 0
4.9400000000000003908 0 0
4.9500000000000001776 0 0
4.9599999999999999645 0 0
4.9699999999999997513 0 0
4.9800000000000004263 0 0
4.9900000000000002132 0 0
5 0 0
5.0099999999999997868 0 0
5.0200000000000004619 0 0
5.0300000000000002487 0 0
5.0400000000000000355 0 0
5.0499999999999998224 0 0
5.0600000000000004974 0 0
5.0700000000000002842 0 0
5.0800000000000000711 0 0
5.0899999999999998579 0 0
5.1000000000000005329 0 0
5.1100000000000003197 0 0
5.1200000000000001066 0 0
5.1299999999999998934 0 0
5.1399999999999996803 0 0
5.1500000000000003553 0 0
5.1600000000000001421 0 0
5.1699999999999999289 0 0
5.1799999999999997158 0 0
5.1900000000000003908 0 0
5.2000000000000001776 0 0
5.2099999999999999645 0 0
5.2199999999999997513 0 0
5.2300000000000004263 0 0
5.2400000000000002132 0 0
5.25 0 0
5.2599999999999997868 0 0
5.2700000000000004619 0 0
5.2800000000000002487 0 0
5.2900000000000000355 0 0
5.2999999999999998224 0 0
5.3100000000000004974 0 0
5.3200000000000002842 0 0
5.3300000000000000711 0 0
5.3399999999999998579 0 0
5.3500000000000005329 0 0
5.3600000000000003197 0 0
5.3700000000000001066 0 0
5.3799999999999998934 0 0
5.3899999999999996803 0 0
5.4000000000000003553 0 0
5.4100000000000001421 0 0
5.4199999999999999289 0 0
5.4299999999999997158 0 0
5.4400000000000003908 0 0
5.4500000000000001776 0 0
5.4599999999999999645 0 0
5.4699999999999997513 0 0
5.4800000000000004263 0 0
5.4900000000000002132 0 0
5.5 0 0
5.5099999999999997868 0 0
5.5200000000000004619 0 0
5.5300000000000002487 0 0
5.5400000000000000355 0 0
5.5499999999999998224 0 0
5.5600000000000004974 0 0
5.5700000000000002842 0 0
5.5800000000000000711 0 0
5.5899999999999998579 0 0
5.6000000000000005329 0 0
5.6100000000000003197 0 0
5.6200000000000001066 0 0
5.6299999999999998934 0 0
5.6399999999999996803 0 0
5.6500000000000003553 0 0
5.6600000000000001421 0 0
5.6699999999999999289 0 0
5.6799999999999997158 0 0
5.6900000000000003908 0 0
5.7000000000000001776 0 0
5.7099999999999999645 0 0
5.7199999999999997513 0 0
5.7300000000000004263 0 0
5.7400000000000002132 0 0
5.75 0 0
5.7599999999999997868 0 0
5.7700000000000004619 0 0
5.7800000000000002487 0 0
5.7900000000000000355 0 0
5.7999999999999998224 0 0
5.8100000000000004974 0 0
5.8200000000000002842 0 0
5.8300000000000000711 0 0
5.8399999999999998579 0 0
5.8500000000000005329 0 0
5.8600000000000003197 0 0
5.8700000000000001066 0 0
5.8799999999999998934 0 0
5.8899999999999996803 0 0
5.9000000000000003553 0 0
5.9100000000000001421 0 0
5.9199999999999999289 0 0
5.9299999999999997158 0 0
5.9400000000000003908 0 0
5.9500000000000001776 0 0
5.9599999999999999645 0 0
5.9699999999999997513 0 0
5.9800000000000004263 0 0
5.9900000000000002132 0 0
6 0 0
6.0099999999999997868 0 0
6.0200000000000004619 0 0
6.0300000000000002487 0 0
6.0400000000000000355 0 0
6.0499999999999998224 0 0
6.0600000000000004974 0 0
6.0700000000000002842 0 0
6.0800000000000000711 0 0
6.0899999999999998579 0 0
6.1000000000000005329 0 0
6.1100000000000003197 0 0
6.1200000000000001066 0 0
6.1299999999999998934 0 0
6.1400000000000005684 0 0
6.1500000000000003553 0 0
6.1600000000000001421 0 0
6.1699999999999999289 0 0
6.1799999999999997158 0 0
6.1900000000000003908 0 0
6.2000000000000001776 0 0
6.2099999999999999645 0 0
6.2199999999999997513 0 0
6.2300000000000004263 0 0
6.2400000000000002132 0 0
6.25 0 0
6.2599999999999997868 0 0
6.2700000000000004619 0 0
6.2800000000000002487 0 0
6.2900000000000000355 0 0
6.2999999999999998224 0 0
6.3100000000000004974 0 0
6.3200000000000002842 0 0
6.3300000000000000711 0 0
6.3399999999999998579 0 0
6.3500000000000005329 0 0
6.3600000000000003197 0 0
6.3700000000000001066 0 0
6.3799999999999998934 0 0
6.3900000000000005684 0 0
6.4000000000000003553 0 0
6.4100000000000001421 0 0
6.4199999999999999289 0 0
6.4299999999999997158 0 0
6.4400000000000003908 0 0
6.4500000000000001776 0 0
6.4599999999999999645 0 0
6.4699999999999997513 0 0
6.4800000000000004263 0 0
6.4900000000000002132 0 0
6.5 0 0
6.5099999999999997868 0 0
6.5200000000000004619 0 0
6.5300000000000002487 0 0
6.5400000000000000355 0 0
6.5499999999999998224 0 0
6.5600000000000004974 0 0
6.5700000000000002842 0 0
6.5800000000000000711 0 0
6.5899999999999998579 0 0
6.6000000000000005329 0 0
6.6100000000000003197 0 0
6.6200000000000001066 0 0
6.6299999999999998934 0 0
6.6400000000000005684 0 0
6.6500000000000003553 0 0
6.6600000000000001421 0 0
6.6699999999999999289 0 0
6.6799999999999997158 0 0
6.6900000000000003908 0 0
6.7000000000000001776 0 0
6.7099999999999999645 0 0
6.7199999999999997513 0 0
6.7300000000000004263 0 0
6.7400000000000002132 0 0
6.75 0 0
6.7599999999999997868 0 0
6.7700000000000004619 0 0
6.7800000000000002487 0 0
6.7900000000000000355 0 0
6.7999999999999998224 0 0
6.8100000000000004974 0 0
6.8200000000000002842 0 0
6.8300000000000000711 0 0
6.8399999999999998579 0 0
6.8500000000000005329 0 0
6.8600000000000003197 0 0
6.8700000000000001066 0 0
6.8799999999999998934 0 0
6.8900000000000005684 0 0
6.9000000000000003553 0 0
6.9100000000000001421 0 0
6.9199999999999999289 0 0
6.9299999999999997158 0 0
6.9400000000000003908 0 0
6.9500000000000001776 0 0
6.9599999999999999645 0 0
6.9699999999999997513 0 0
6.9800000000000004263 0 0
6.9900000000000002132 0 0
7 0 0
7.0099999999999997868 0 0
7.0200000000000004619 0 0
7.0300000000000002487 0 0
7.0400000000000000355 0 0
7.0499999999999998224 0 0
7.0600000000000004974 0 0
7.0700000000000002842 0 0
7.0800000000000000711 0 0
7.0899999999999998579 0 0
7.1000000000000005329 0 0
7.1100000000000003197 0 0
7.1200000000000001066 0 0
7.1299999999999998934 0 0
7.1400000000000005684 0 0
7.1500000000000003553 0 0
7.1600000000000001421 0 0
7.1699999999999999289 0 0
7.1799999999999997158 0 0
7.1900000000000003908 0 0
7.2000000000000001776 0 0
7.2099999999999999645 0 0
7.2199999999999997513 0 0
7.2300000000000004263 0 0
7.2400000000000002132 0 0
7.25 0 0
7.2599999999999997868 0 0
7.2700000000000004619 0 0
7.2800000000000002487 0 0
7.2900000000000000355 0 0
7.2999999999999998224 0 0
7.3100000000000004974 0 0
7.3200000000000002842 0 0
7.3300000000000000711 0 0
7.3399999999999998579 0 0
7.3500000000000005329 0 0
7.3600000000000003197 0 0
7.3700000000000001066 0 0
7.3799999999999998934 0 0
7.3900000000000005684 0 0
7.4000000000000003553 0 0
7.4100000000000001421 0 0
7.4199999999999999289 0 0
7.4299999999999997158 0 0
7.4400000000000003908 0 0
7.4500000000000001776 0 0
7.4599999999999999645 0 0
7.4699999999999997513 0 0
7.4800000000000004263 0 0
7.4900000000000002132 0 0
7.5 0 0
7.5099999999999997868 0 0
7.5200000000000004619 0 0
7.5300000000000002487 0 0
7.5400000000000000355 0 0
7.5499999999999998224 0 0
7.5600000000000004974 0 0
7.5700000000000002842 0 0
7.5800000000000000711 0 0
7.5899999999999998579 0 0
7.6000000000000005329 0 0
7.6100000000000003197 0 0
7.6200000000000001066 0 0
7.6299999999999998934 0 0
7.6400000000000005684 0 0
7.6500000000000003553 0 0
7.6600000000000001421 0 0
7.6699999999999999289 0 0
7.6799999999999997158 0 0
7.6900000000000003908 0 0
7.7000000000000001776 0 0
7.7099999999999999645 0 0
7.7199999999999997513 0 0
7.7300000000000004263 0 0
7.7400000000000002132 0 0
7.75 0 0
7.7599999999999997868 0 0
7.7700000000000004619 0 0
7.7800000000000002487 0 0
7.7900000000000000355 0 0
7.7999999999999998224 0 0
7.8100000000000004974 0 0
7.8200000000000002842 0 0
7.8300000000000000711 0 0
7.8399999999999998579 0 0
7.8500000000000005329 0 0
7.8600000000000003197 0 0
7.8700000000000001066 0 0
7.8799999999999998934 0 0
7.8900000000000005684 0 0
7.9000000000000003553 0 0
7.9100000000000001421 0 0
7.9199999999999999289 0 0
7.930000000000000604 0 0
7.9400000000000003908 0 0
7.9500000000000001776 0 0
7.9599999999999999645 0 0
7.9699999999999997513 0 0
7.9800000000000004263 0 0
7.9900000000000002132 0 0
8 0 0
8.0099999999999997868 0 0
8.0199999999999995737 0 0
8.0299999999999993605 0 0
8.0400000000000009237 0 0
8.0500000000000007105 0 0
8.0600000000000004974 0 0
8.0700000000000002842 0 0
8.0800000000000000711 0 0
8.0899999999999998579 0 0
8.0999999999999996447 0 0
8.1099999999999994316 0 0
8.1200000000000009948 0 0
8.1300000000000007816 0 0
8.1400000000000005684 0 0
8.1500000000000003553 0 0
8.1600000000000001421 0 0
8.1699999999999999289 0 0
8.1799999999999997158 0 0
8.1899999999999995026 0 0
8.1999999999999992895 0 0
8.2100000000000008527 0 0
8.2200000000000006395 0 0
8.2300000000000004263 0 0
8.2400000000000002132 0 0
8.25 0 0
8.2599999999999997868 0 0
8.2699999999999995737 0 0
8.2799999999999993605 0 0
8.2900000000000009237 0 0
8.3000000000000007105 0 0
8.3100000000000004974 0 0
8.3200000000000002842 0 0
8.3300000000000000711 0 0
8.3399999999999998579 0 0
8.3499999999999996447 0 0
8.3599999999999994316 0 0
8.3700000000000009948 0 0
8.3800000000000007816 0 0
8.3900000000000005684 0 0
8.4000000000000003553 0 0
8.4100000000000001421 0 0
8.4199999999999999289 0 0
8.4299999999999997158 0 0
8.4399999999999995026 0 0
8.4499999999999992895 0 0
8.4600000000000008527 0 0
8.4700000000000006395 0 0
8.4800000000000004263 0 0
8.4900000000000002132 0 0
8.5 0 0
8.5099999999999997868 0 0
8.5199999999999995737 0 0
8.5299999999999993605 0 0
8.5400000000000009237 0 0
8.5500000000000007105 0 0
8.5600000000000004974 0 0
8.5700000000000002842 0 0
8.5800000000000000711 0 0
8.5899999999999998579 0 0
8.5999999999999996447 0 0
8.6099999999999994316 0 0
8.6200000000000009948 0 0
8.6300000000000007816 0 0
8.6400000000000005684 0 0
8.6500000000000003553 0 0
8.6600000000000001421 0 0
8.6699999999999999289 0 0
8.6799999999999997158 0 0
8.6899999999999995026 0 0
8.7000000000000010658 0 0
8.7100000000000008527 0 0
8.7200000000000006395 0 0
8.7300000000000004263 0 0
8.7400000000000002132 0 0
8.75 0 0
8.7599999999999997868 0 0
8.7699999999999995737 0 0
8.7799999999999993605 0 0
8.7900000000000009237 0 0
8.8000000000000007105 0 0
8.8100000000000004974 0 0
8.8200000000000002842 0 0
8.8300000000000000711 0 0
8.8399999999999998579 0 0
8.8499999999999996447 0 0
8.8599999999999994316 0 0
8.8700000000000009948 0 0
8.8800000000000007816 0 0
8.8900000000000005684 0 0
8.9000000000000003553 0 0
8.9100000000000001421 0 0
8.9199999999999999289 0 0
8.9299999999999997158 0 0
8.9399999999999995026 0 0
8.9500000000000010658 0 0
8.9600000000000008527 0 0
8.9700000000000006395 0 0
8.9800000000000004263 0 0
8.9900000000000002132 0 0
9 0 0
9.0099999999999997868 0 0
9.0199999999999995737 0 0
9.0299999999999993605 0 0
9.0400000000000009237 0 0
9.0500000000000007105 0 0
9.0600000000000004974 0 0
9.0700000000000002842 0 0
9.0800000000000000711 0 0
9.0899999999999998579 0 0
9.0999999999999996447 0 0
9.1099999999999994316 0 0
9.1200000000000009948 0 0
9.1300000000000007816 0 0
9.1400000000000005684 0 0
9.1500000000000003553 0 0
9.1600000000000001421 0 0
9.1699999999999999289 0 0
9.1799999999999997158 0 0
9.1899999999999995026 0 0
9.2000000000000010658 0 0
9.2100000000000008527 0 0
9.2200000000000006395 0 0
9.2300000000000004263 0 0
9.2400000000000002132 0 0
9.25 0 0
9.2599999999999997868 0 0
9.2699999999999995737 0 0
9.2799999999999993605 0 0
9.2900000000000009237 0 0
9.3000000000000007105 0 0
9.3100000000000004974 0 0
9.3200000000000002842 0 0
9.3300000000000000711 0 0
9.3399999999999998579 0 0
9.3499999999999996447 0 0
9.3599999999999994316 0 0
9.3700000000000009948 0 0
9.3800000000000007816 0 0
9.3900000000000005684 0 0
9.4000000000000003553 0 0
9.4100000000000001421 0 0
9.4199999999999999289 0 0
9.4299999999999997158 0 0
9.4399999999999995026 0 0
9.4500000000000010658 0 0
9.4600000000000008527 0 0
9.4700000000000006395 0 0
9.4800000000000004263 0 0
9.4900000000000002132 0 0
9.5 0 0
9.5099999999999997868 0 0
9.5199999999999995737 0 0
9.5299999999999993605 0 0
9.5400000000000009237 0 0
9.5500000000000007105 0 0
9.5600000000000004974 0 0
9.5700000000000002842 0 0
9.5800000000000000711 0 0
9.5899999999999998579 0 0
9.5999999999999996447 0 0
9.6099999999999994316 0 0
9.6200000000000009948 0 0
9.6300000000000007816 0 0
9.6400000000000005684 0 0
9.6500000000000003553 0 0
9.6600000000000001421 0 0
9.6699999999999999289 0 0
9.6799999999999997158 0 0
9.6899999999999995026 0 0
9.7000000000000010658 0 0
9.7100000000000008527 0 0
9.7200000000000006395 0 0
9.7300000000000004263 0 0
9.7400000000000002132 0 0
9.75 0 0
9.7599999999999997868 0 0
9.7699999999999995737 0 0
9.7799999999999993605 0 0
9.7900000000000009237 0 0
9.8000000000000007105 0 0
9.8100000000000004974 0 0
9.8200000000000002842 0 0
9.8300000000000000711 0 0
9.8399999999999998579 0 0
9.8499999999999996447 0 0
9.8599999999999994316 0 0
9.8700000000000009948 0 0
9.8800000000000007816 0 0
9.8900000000000005684 0 0
9.9000000000000003553 0 0
9.9100000000000001421 0 0
9.9199999999999999289 0 0
9.9299999999999997158 0 0
9.9399999999999995026 0 0
9.9500000000000010658 0 0
9.9600000000000008527 0 0
9.9700000000000006395 0 0
9.9800000000000004263 0 0
9.9900000000000002132 0 0
10 0 0
10.009999999999999787 0 0
10.019999999999999574 0 0
10.029999999999999361 0 0
10.040000000000000924 0 0
10.050000000000000711 0 0
10.060000000000000497 0 0
10.070000000000000284 0 0
10.080000000000000071 0 0
10.089999999999999858 0 0
10.099999999999999645 0 0
10.109999999999999432 0 0
10.120000000000000995 0 0
10.130000000000000782 0 0
10.140000000000000568 0 0
10.150000000000000355 0 0
10.160000000000000142 0 0
10.169999999999999929 0 0
10.179999999999999716 0 0
10.189999999999999503 0 0
10.200000000000001066 0 0
10.210000000000000853 0 0
10.220000000000000639 0 0
10.230000000000000426 0 0
