0 0 0
0.010000000000000000208 0 0
0.020000000000000000416 0 0
0.02999999999999999889 0 0
0.040000000000000000833 0 0
0.050000000000000002776 0 0
0.05999999999999999778 0 0
0.070000000000000006661 0 0
0.080000000000000001665 0 0
0.089999999999999996669 0 0
0.10000000000000000555 0 0
0.11000000000000000056 0 0
0.11999999999999999556 0 0
0.13000000000000000444 0 0
0.14000000000000001332 0 0
0.14999999999999999445 0 5.1948987675132229924e-05
0.16000000000000000333 0 5.7943099818658076901e-05
0.17000000000000001221 0 4.7952911700122058392e-05
0.17999999999999999334 0 3.796271994360723279e-05
0.19000000000000000222 0 3.5964683775091537017e-05
0.2000000000000000111 0 3.796271994360723279e-05
0.20999999999999999223 0 2.9970567993586879561e-05
0.22000000000000000111 0 3.1968607800081372261e-05
0.23000000000000000999 0 2.1978417862555940041e-05
0.23999999999999999112 0 2.9970567993586879561e-05
0.25 0 3.9960759750101722103e-05
0.26000000000000000888 0 4.7952911700122058392e-05
0.27000000000000001776 0 3.3966643968597047705e-05
0.28000000000000002665 0 2.9970567993586879561e-05
0.28999999999999998002 0 5.9941139625152572989e-06
0.2999999999999999889 0 2.9970567993586879561e-05
0.30999999999999999778 5.4347221042537119859e-323 2.9970567993586879561e-05
0.32000000000000000666 1.0597708103294738373e-320 3.796271994360723279e-05
0.33000000000000001554 2.0417065188131176939e-318 2.9970567993586879561e-05
0.34000000000000002442 3.8586335736796414538e-316 2.3976455850061029196e-05
0.35000000000000003331 7.1550201805371520444e-314 9.9901899375254288316e-06
0.35999999999999998668 1.3017429886699954729e-311 3.3966643968597047705e-05
0.36999999999999999556 2.3236819811548236744e-309 2.9970567993586879561e-05
0.38000000000000000444 4.0697262023023532463e-307 3.796271994360723279e-05
0.39000000000000001332 6.9934383903861751215e-305 3.1968607800081372261e-05
0.4000000000000000222 1.1791074221274454486e-302 2.9970567993586879561e-05
0.41000000000000003109 1.9505318754885797204e-300 3.5964683775091537017e-05
0.41999999999999998446 3.1658460328246707034e-298 2.9970567993586879561e-05
0.42999999999999999334 5.0415442837656906567e-296 3.1968607800081372261e-05
0.44000000000000000222 7.8772466077479591915e-294 3.796271994360723279e-05
0.4500000000000000111 1.2075979200921687802e-291 3.9960759750101722103e-05
0.46000000000000001998 1.8163825867272035865e-289 3.1968607800081372261e-05
0.47000000000000002887 2.6805836363103082311e-287 3.3966643968597047705e-05
0.47999999999999998224 3.8814004633236954803e-285 2.5974493837566111574e-05
0.48999999999999999112 5.5142265320677643393e-283 3.1968607800081372261e-05
0.5 7.6863085215335328591e-281 3.3966643968597047705e-05
0.51000000000000000888 1.0512066042742617929e-278 1.9980379875050861051e-05
0.52000000000000001776 1.4105724835134413288e-276 2.7972531825071200728e-05
0.53000000000000002665 1.857119257915649477e-274 3.3966643968597047705e-05
0.54000000000000003553 2.3989502323795834549e-272 3.796271994360723279e-05
0.55000000000000004441 3.0404631354013226095e-270 3.796271994360723279e-05
0.56000000000000005329 3.7809009906234373124e-268 3.796271994360723279e-05
0.57000000000000006217 4.6130474983070927916e-266 2.5974493837566111574e-05
0.57999999999999996003 5.522269619864058258e-264 2.9970567993586879561e-05
0.58999999999999996891 6.4861105459544162578e-262 3.1968607800081372261e-05
0.5999999999999999778 7.4746032376345129496e-260 3.796271994360723279e-05
0.60999999999999998668 8.4514067103966431122e-258 3.9960759750101722103e-05
0.61999999999999999556 9.3757694204006880148e-256 2.3976455850061029196e-05
0.63000000000000000444 1.0205208762479599167e-253 1.1988227925030509516e-05
0.64000000000000001332 1.0898680653284469175e-251 3.3966643968597047705e-05
0.6500000000000000222 1.1419918915369394542e-249 2.3976455850061029196e-05
0.66000000000000003109 1.1740569728717340037e-247 1.3986265912535600364e-05
0.67000000000000003997 1.1842745135356722629e-245 2.1978417862555940041e-05
0.68000000000000004885 1.172067578640228334e-243 2.7972531825071200728e-05
0.69000000000000005773 1.1381250480463064587e-241 2.3976455850061029196e-05
0.70000000000000006661 1.0843372295819906728e-239 2.9970567993586879561e-05
0.70999999999999996447 1.013621504146477243e-237 2.7972531825071200728e-05
0.71999999999999997335 9.2966037644112195271e-236 4.5954871893627569079e-05
0.72999999999999998224 8.3658463791199472793e-234 1.9980379875050861051e-05
0.73999999999999999112 7.3863946625352171097e-232 2.9970567993586879561e-05
0.75 6.3987065121736272656e-230 2.7972531825071200728e-05
0.76000000000000000888 5.4386227133429487339e-228 3.5964683775091537017e-05
0.77000000000000001776 4.5354745275836864523e-226 2.9970567993586879561e-05
0.78000000000000002665 3.7110225314413994005e-224 3.5964683775091537017e-05
0.79000000000000003553 2.9792126893493590384e-222 2.1978417862555940041e-05
0.80000000000000004441 2.3466400902933212145e-220 2.3976455850061029196e-05
0.81000000000000005329 1.8135457741616378295e-218 3.1968607800081372261e-05
0.82000000000000006217 1.3751422209513339746e-216 1.3986265912535600364e-05
0.83000000000000007105 1.0230662784880835442e-214 2.7972531825071200728e-05
0.83999999999999996891 7.4678740131697850396e-213 3.796271994360723279e-05
0.8499999999999999778 5.3484415502935049347e-211 3.796271994360723279e-05
0.85999999999999998668 3.7583271769774879559e-209 3.5964683775091537017e-05
0.86999999999999999556 2.5911882982908579873e-207 1.7982341887545768509e-05
0.88000000000000000444 1.7528325198891824901e-205 2.5974493837566111574e-05
0.89000000000000001332 1.1633728629756002725e-203 3.1968607800081372261e-05
0.9000000000000000222 7.5759045667717838067e-202 2.5974493837566111574e-05
0.91000000000000003109 4.8404654017879794699e-200 2.1978417862555940041e-05
0.92000000000000003997 3.0344277698656200315e-198 3.1968607800081372261e-05
0.93000000000000004885 1.8663949344047170491e-196 3.3966643968597047705e-05
0.94000000000000005773 1.1263344013246812222e-194 3.5964683775091537017e-05
0.95000000000000006661 6.669115049966205394e-193 9.9901899375254288316e-06
0.95999999999999996447 3.8744149265618496597e-191 1.1988227925030509516e-05
0.96999999999999997335 2.2084171330392318747e-189 2.9970567993586879561e-05
0.97999999999999998224 1.2350744718865957509e-187 2.9970567993586879561e-05
0.98999999999999999112 6.7770742163071497041e-186 2.5974493837566111574e-05
1 3.6486180055198581304e-184 3.3966643968597047705e-05
1.0100000000000000089 1.9273101618665319585e-182 2.7972531825071200728e-05
1.0200000000000000178 9.9887670375518622688e-181 3.796271994360723279e-05
1.0300000000000000266 5.0793625961461893048e-179 2.1978417862555940041e-05
1.0400000000000000355 2.534215877649371496e-177 2.5974493837566111574e-05
1.0500000000000000444 1.2405522408034933219e-175 2.9970567993586879561e-05
1.0600000000000000533 5.9583164673939922499e-174 2.9970567993586879561e-05
1.0700000000000000622 2.8078191662893156694e-172 2.7972531825071200728e-05
1.0800000000000000711 1.2982303593042755587e-170 5.1948987675132229924e-05
1.0900000000000000799 5.8894053510891913441e-169 2.5974493837566111574e-05
1.1000000000000000888 2.6213691930169033919e-167 4.1958795918617397547e-05
1.1100000000000000977 1.1447798978814801186e-165 2.7972531825071200728e-05
1.1200000000000001066 4.905156374947285069e-164 2.1978417862555940041e-05
1.1300000000000001155 2.0621524974002684899e-162 2.5974493837566111574e-05
1.1400000000000001243 8.5060074498138979764e-161 9.9901899375254288316e-06
1.1500000000000001332 3.4424512436702265054e-159 3.3966643968597047705e-05
1.1599999999999999201 1.3669319545865633175e-157 2.1978417862555940041e-05
1.1699999999999999289 5.3255326684214612351e-156 3.796271994360723279e-05
1.1799999999999999378 2.0357116831105109252e-154 2.9970567993586879561e-05
1.1899999999999999467 7.6349560952907505274e-153 4.3956835725111886859e-05
1.1999999999999999556 2.8095313196557188192e-151 2.9970567993586879561e-05
1.2099999999999999645 1.0143743772960552093e-149 3.3966643968597047705e-05
1.2199999999999999734 3.59335166934833151e-148 2.3976455850061029196e-05
1.2299999999999999822 1.2489303885303783464e-146 3.3966643968597047705e-05
1.2399999999999999911 4.2590604321310123283e-145 1.9980379875050861051e-05
1.25 1.4250379521708061275e-143 2.1978417862555940041e-05
1.2600000000000000089 4.6781712773757821702e-142 2.3976455850061029196e-05
1.2700000000000000178 1.5068251645138854092e-140 3.3966643968597047705e-05
1.2800000000000000266 4.7619701603292180289e-139 2.7972531825071200728e-05
1.2900000000000000355 1.476547878073631066e-137 3.3966643968597047705e-05
1.3000000000000000444 4.4920590529154997359e-136 2.9970567993586879561e-05
1.3100000000000000533 1.3408507488548045139e-134 2.5974493837566111574e-05
1.3200000000000000622 3.9269238516800672655e-133 2.1978417862555940041e-05
1.3300000000000000711 1.1283961082550316039e-131 1.9980379875050861051e-05
1.3400000000000000799 3.1813228029698461648e-130 1.9980379875050861051e-05
1.3500000000000000888 8.8001678570801877436e-129 2.3976455850061029196e-05
1.3600000000000000977 2.3884229340918317677e-127 1.7982341887545768509e-05
1.3700000000000001066 6.3601677191062882738e-126 2.5974493837566111574e-05
1.3800000000000001155 1.6617395743134076008e-124 3.9960759750101722103e-05
1.3900000000000001243 4.259851072298383146e-123 2.1978417862555940041e-05
1.4000000000000001332 1.0714278437208192442e-121 3.5964683775091537017e-05
1.4099999999999999201 2.6440429138678908579e-120 2.9970567993586879561e-05
1.4199999999999999289 6.4019330754572064739e-119 1.9980379875050861051e-05
1.4299999999999999378 1.5208655371706979162e-117 2.5974493837566111574e-05
1.4399999999999999467 3.5449292090045915871e-116 3.796271994360723279e-05
1.4499999999999999556 8.1070224156781930135e-115 3.3966643968597047705e-05
1.4599999999999999645 1.8190818458388426711e-113 2.9970567993586879561e-05
1.4699999999999999734 4.0047938420180911294e-112 3.5964683775091537017e-05
1.4799999999999999822 8.6505784336957766962e-111 3.1968607800081372261e-05
1.4899999999999999911 1.8333576320504063582e-109 2.1978417862555940041e-05
1.5 3.8122931817412351904e-108 2.5974493837566111574e-05
1.5100000000000000089 7.7779017496494542495e-107 2.9970567993586879561e-05
1.5200000000000000178 1.556953608027610238e-105 2.7972531825071200728e-05
1.5300000000000000266 3.0579188113146149169e-104 2.7972531825071200728e-05
1.5400000000000000355 5.892685838624473423e-103 2.5974493837566111574e-05
1.5500000000000000444 1.1141346573085675627e-101 3.1968607800081372261e-05
1.5600000000000000533 2.0668032657905739363e-100 3.9960759750101722103e-05
1.5700000000000000622 3.7618168995545429113e-99 1.9980379875050861051e-05
1.5800000000000000711 6.7178952243934313091e-98 2.5974493837566111574e-05
1.5900000000000000799 1.1770796676631078464e-96 3.1968607800081372261e-05
1.6000000000000000888 2.0235574965067058376e-95 2.7972531825071200728e-05
1.6100000000000000977 3.4132044131398759588e-94 2.1978417862555940041e-05
1.6200000000000001066 5.6486687449047915248e-93 2.3976455850061029196e-05
1.6300000000000001155 9.1720618512856325001e-92 3.5964683775091537017e-05
1.6400000000000001243 1.461251268594978309e-90 2.3976455850061029196e-05
1.6500000000000001332 2.2841251020235956879e-89 4.1958795918617397547e-05
1.6600000000000001421 3.5030951283974372363e-88 2.3976455850061029196e-05
1.6699999999999999289 5.271340063719424301e-87 3.3966643968597047705e-05
1.6799999999999999378 7.7826445624426915286e-86 2.3976455850061029196e-05
1.6899999999999999467 1.1273802375183613521e-84 4.9950947868637740612e-05
1.6999999999999999556 1.6023253278342025876e-83 4.1958795918617397547e-05
1.7099999999999999645 2.2344366004639889732e-82 6.3937215600162744522e-05
1.7199999999999999734 3.0571900289750213201e-81 6.5935251768678426743e-05
1.7299999999999999822 4.1040617944425274635e-80 5.5945063650142401457e-05
1.7399999999999999911 5.4055813435127252257e-79 4.9950947868637740612e-05
1.75 6.9856686453771477017e-78 3.796271994360723279e-05
1.7600000000000000089 8.8574888698395554079e-77 4.1958795918617397547e-05
1.7700000000000000178 1.1019206144057668259e-75 5.7943099818658076901e-05
1.7800000000000000266 1.3450147878241388839e-74 3.1968607800081372261e-05
1.7900000000000000355 1.6107972133132584519e-73 2.1978417862555940041e-05
1.8000000000000000444 1.8927433932584909232e-72 5.3947023843647912145e-05
1.8100000000000000533 2.1821252129813521044e-71 3.796271994360723279e-05
1.8200000000000000622 2.4683381481394649306e-70 2.9970567993586879561e-05
1.8300000000000000711 2.7394709873104766632e-69 3.5964683775091537017e-05
1.8400000000000000799 2.9830863776804659327e-68 2.9970567993586879561e-05
1.8500000000000000888 3.1871468649949523047e-67 1.3986265912535600364e-05
1.8600000000000000977 3.3409937639094165377e-66 2.9970567993586879561e-05
1.8700000000000001066 3.436271748152118958e-65 1.9980379875050861051e-05
1.8800000000000001155 3.4676979478462664331e-64 2.5974493837566111574e-05
1.8900000000000001243 3.433613483826516844e-63 4.5954871893627569079e-05
1.9000000000000001332 3.3363618598178563552e-62 2.5974493837566111574e-05
1.9100000000000001421 3.1828117866822809979e-61 3.9960759750101722103e-05
1.9199999999999999289 2.9860558030303353583e-60 3.3966643968597047705e-05
1.9299999999999999378 2.7711652458033410881e-59 2.5974493837566111574e-05
1.9399999999999999467 2.5924774183134130633e-58 3.3966643968597047705e-05
1.9499999999999999556 2.5806245373586637149e-57 1.9980379875050861051e-05
1.9599999999999999645 3.060790537913361249e-56 2.9970567993586879561e-05
1.9699999999999999734 4.8300526489635396236e-55 2.7972531825071200728e-05
1.9799999999999999822 9.7654174484944536378e-54 3.1968607800081372261e-05
1.9899999999999999911 2.2068410116803634226e-52 3.5964683775091537017e-05
2 5.0635181335475380252e-51 2.1978417862555940041e-05
2.0100000000000002309 1.1323139795725707967e-49 2.5974493837566111574e-05
2.0200000000000000178 2.4323377937242247966e-48 3.5964683775091537017e-05
2.0300000000000002487 4.9946397849002840061e-47 3.5964683775091537017e-05
2.0400000000000000355 9.7880280277934962028e-46 2.7972531825071200728e-05
2.0499999999999998224 1.8295964616350455315e-44 3.3966643968597047705e-05
2.0600000000000000533 3.2613908401864671067e-43 3.1968607800081372261e-05
2.0699999999999998401 5.5438551663118599829e-42 1.7982341887545768509e-05
2.0800000000000000711 8.9862078043759779691e-41 2.5974493837566111574e-05
2.0899999999999998579 1.3889868441676595465e-39 3.1968607800081372261e-05
2.1000000000000000888 2.0472997671112183086e-38 3.796271994360723279e-05
2.1099999999999998757 2.8776121919776923229e-37 1.5984303900040689519e-05
2.1200000000000001066 3.8570676998463025222e-36 2.5974493837566111574e-05
2.1299999999999998934 4.930189447559464348e-35 3.5964683775091537017e-05
2.1400000000000001243 6.0097851663696311691e-34 2.7972531825071200728e-05
2.1499999999999999112 6.9863667263184946146e-33 1.9980379875050861051e-05
2.1600000000000001421 7.7455001876600217485e-32 1.9980379875050861051e-05
2.1699999999999999289 8.1895922738104567294e-31 3.5964683775091537017e-05
2.1800000000000001599 8.2584664234454351642e-30 1.5984303900040689519e-05
2.1899999999999999467 7.9427521836857876055e-29 2.3976455850061029196e-05
2.2000000000000001776 7.2859783044781350137e-28 2.5974493837566111574e-05
2.2099999999999999645 6.3747246592682045842e-27 3.3966643968597047705e-05
2.2200000000000001954 5.3199045840378609359e-26 4.3956835725111886859e-05
2.2299999999999999822 4.2347526045929465477e-25 1.9980379875050861051e-05
2.2400000000000002132 3.2154947962994845963e-24 2.9970567993586879561e-05
2.25 2.3290447761488962449e-23 2.9970567993586879561e-05
2.2600000000000002309 1.6092881518398994621e-22 1.5984303900040689519e-05
2.2700000000000000178 1.0607975645288648571e-21 3.5964683775091537017e-05
2.2800000000000002487 6.6710147178568667293e-21 1.9980379875050854275e-05
2.2900000000000000355 4.0024989343155047341e-20 2.5974493837566070916e-05
2.3000000000000002665 2.2912430921611839572e-19 2.9970567993586649168e-05
2.3100000000000000533 1.2515089616059333621e-18 2.7972531825069950508e-05
2.3199999999999998401 6.5229426000544744043e-18 2.597449383755958942e-05
2.3300000000000000711 3.2443356625247268656e-17 3.5964683775059092267e-05
2.3399999999999998579 1.5399568373332863351e-16 2.397645584990703183e-05
2.3500000000000000888 6.9762506507618538494e-16 3.1968607799383749149e-05
2.3599999999999998757 3.0164708216657110956e-15 4.1958795915600923486e-05
2.3700000000000001066 1.2450170622592669471e-14 4.1958795906167226173e-05
2.3799999999999998934 4.9055685270872268992e-14 2.397645580100534306e-05
2.3900000000000001243 1.8453702738774172054e-13 3.596468359055450645e-05
2.3999999999999999112 6.6283283216714925976e-13 3.7962719280774400278e-05
2.4100000000000001421 2.2735337713149560771e-12 2.9970565720053108104e-05
2.4199999999999999289 7.4478554747044052569e-12 5.3947016395792435535e-05
2.4300000000000001599 2.3305294397684329748e-11 3.1968584494786971408e-05
2.4399999999999999467 6.9668880170552237728e-11 3.9960690081221553346e-05
2.4500000000000001776 1.9900244240260450634e-10 3.796252094116483257e-05
2.4599999999999999645 5.4324510592899131711e-10 3.7962176698501303384e-05
2.4700000000000001954 1.4175641260652490714e-09 3.396522640447098096e-05
2.4799999999999999822 3.5367236294856868091e-09 3.3963107244967558692e-05
2.4900000000000002132 8.4388830836640409736e-09 2.1969978979472275726e-05
2.5 1.9262903506892263267e-08 2.1959154959049048661e-05
2.5100000000000002309 4.2077944311538483086e-08 1.9938301930739322734e-05
2.5200000000000000178 8.79921980700131113e-08 2.7884539627001187829e-05
2.5300000000000002487 1.7622686141615663649e-07 3.1792380938665218166e-05
2.5400000000000000355 3.3817640254538243822e-07 2.1640241460010558238e-05
2.5500000000000002665 6.2214240252957962558e-07 4.3334693322582304269e-05
2.5600000000000000533 1.0979303494720637242e-06 2.6874601475599138275e-05
2.5699999999999998401 1.8599323105612745979e-06 3.6102787633045957134e-05
2.5800000000000000711 3.0268893954031219818e-06 4.0929946329708762336e-05
2.5899999999999998579 4.7365183808191584273e-06 2.3236013444252041454e-05
2.6000000000000000888 7.1338500423122725051e-06 1.6842605807748755844e-05
2.6099999999999998757 1.0353534251943122803e-05 1.761899757312807962e-05
2.6200000000000001066 1.4498277383037572235e-05 7.4801404795183678068e-06
2.6299999999999998934 1.9617419533335021879e-05 1.2351188266746350382e-05
2.6400000000000001243 2.5690689295096152814e-05 1.0273994479995384203e-05
2.6499999999999999112 3.2621783819755626886e-05 -2.6512158261687473256e-06
2.6600000000000001421 4.0244462648494394358e-05 -1.0273894654907514797e-05
2.6699999999999999289 4.8340789152073001709e-05 -1.8370221158486122148e-05
2.6800000000000001599 5.6667980089827063605e-05 -2.6697412096240184044e-05
2.6899999999999999467 6.4988128981344005881e-05 -3.9013635143777890919e-05
2.7000000000000001776 7.3094602056949408353e-05 -4.9118146206888379157e-05
2.7099999999999999645 8.0830250271096107557e-05 -4.486556649600457054e-05
2.7200000000000001954 8.8095148769293517852e-05 -5.4128504800696470147e-05
2.7299999999999999822 9.4844400622119559791e-05 -5.6881680678512327e-05
2.7400000000000002132 0.00010107871103516203356 -7.9100293172606090135e-05
2.75 0.00010683143507979395018 -6.8868715136186710616e-05
2.7600000000000002309 0.00011215562217769052512 -8.6181128340124410155e-05
2.7700000000000000178 0.00011711361236644755 -8.5145004566366177742e-05
2.7800000000000002487 0.00012177051598752691079 -9.9792098124970967364e-05
2.7900000000000000355 0.00012619187390382839687 -0.00010421345604127245344
2.8000000000000002665 0.00013044517771766559128 -9.6478533749068536799e-05
2.8100000000000000533 0.00013460473708915021446 -0.00010463416909556333152
2.8199999999999998401 0.00013875947841874495918 -9.8798718668643243854e-05
2.8300000000000000711 0.00014302345980547927088 -0.00010506073986187204486
2.8399999999999998579 0.00014754902382104818134 -0.00011757845582746129839
2.8500000000000000888 0.00015254246443942220068 -0.00010858562871431031382
2.8599999999999998757 0.00015828179279438661501 -0.00010633280511925438509
2.8700000000000001066 0.00016513563050733697066 -0.0001091905668571945692
2.8799999999999998934 0.00017358146563023984068 -0.00014361089763665295773
2.8900000000000001243 0.0001842205512042719177 -0.00013626763950414985931
2.8999999999999999112 0.00019778574626994248017 -0.00014783479840130473956
2.9100000000000001421 0.00021513779527951041519 -0.00015919273162936801373
2.9199999999999999289 0.00023724517190267148262 -0.00018130010825252908116
2.9300000000000001599 0.00026514296035759033019 -0.00018721948430186019594
2.9399999999999999467 0.00029986756542773804462 -0.00020396174202749392784
2.9500000000000001776 0.00034236648139882134038 -0.00023846850604855682632
2.9599999999999999645 0.00039338587652469158944 -0.00023554087369280038325
2.9700000000000001954 0.00045334308013084150977 -0.00035344118439356602855
2.9799999999999999822 0.00052219563532277229329 -0.0003643506324908811142
2.9900000000000002132 0.00059932260244922050743 -0.00039752077480615391697
3 0.0006834363361154539851 -0.00040970514819816186702
3.0100000000000002309 0.00077254312442947583022 -0.00053477661664929644885
3.0200000000000000178 0.00086396824456337986166 -0.00058424294814054069692
3.0300000000000002487 0.00095445499063473535507 -0.00059880423249680878733
3.0400000000000000355 0.0010403385136326568326 -0.00063074074984097649663
3.0500000000000002665 0.0011177849576667537625 -0.00062626765275826954196
3.0600000000000000533 0.0011830759729916330222 -0.00069155866808314880173
3.0700000000000002842 0.0012329100720550232283 -0.00066147120399058989201
3.0800000000000000711 0.0012646871936718233863 -0.00071123070933169210348
3.0899999999999998579 0.0012767424807326502832 -0.00072728206872955036486
3.1000000000000000888 0.0012685000858952456566 -0.00069106710932526527365
3.1099999999999998757 0.0012405272744838511789 -0.00072902954968254922268
3.1200000000000001066 0.0011944817762630165984 -0.00069297423230429305331
3.1299999999999998934 0.0011329591913747879845 -0.00068140260983661740841
3.1400000000000001243 0.0010592599892153184947 -0.00062968183463465087976
3.1499999999999999112 0.00097710518413728986512 -0.00060746817281975363026
3.1600000000000001421 0.00089033468930031062737 -0.00054267607583644689694
3.1699999999999999289 0.00080262209085053912855 -0.0005308889391017626927
3.1800000000000001599 0.00071723455242547957175 -0.00047347392158783786114
3.1899999999999999467 0.00063685796860591206182 -0.00046502671259441105299
3.2000000000000001776 0.00056349705797023173955 -0.00045560301028293591526
3.2099999999999999645 0.00049844967239498646182 -0.00037656935697616563362
3.2200000000000001954 0.00044234581071150608656 -0.00032246353873715855477
3.2299999999999999822 0.00039523576193415310611 -0.0002833456346338683032
3.2400000000000002132 0.00035670892589333234174 -0.00027878544983760220749
3.25 0.00032602500901003308607 -0.00028206817328492119921
3.2600000000000002309 0.00030224183730014238247 -0.00023430854936294827351
3.2700000000000000178 0.00028432807117089847196 -0.00021639478323370436299
3.2800000000000002487 0.00027125370668914649142 -0.00021530864303900408997
3.2900000000000000355 0.00026205559979479935541 -0.00020011642763910990729
3.3000000000000002665 0.00025587879155614215746 -0.00018394942400595906988
3.3100000000000000533 0.00025199686108295422547 -0.00020204591321431648486
3.3200000000000002842 0.00024981585659039141131 -0.00016190218514016763759
3.3300000000000000711 0.00024886670723647629075 -0.0001949196833928283786
3.3399999999999998579 0.0002487906545956466574 -0.00019084755477698857372
3.3500000000000000888 0.00024932144645055669303 -0.00019737245877542446311
3.3599999999999998757 0.00025026706179057383195 -0.00018233377385337972299
3.3700000000000001066 0.00025149277821558536743 -0.0002115320184654836521
3.3799999999999998934 0.00025290657363520623784 -0.0001869713218665278111
3.3900000000000001243 0.00025444723006004164 -0.00019850216640989923854
3.3999999999999999112 0.00025607508509190479891 -0.00018014964520469034688
3.4100000000000001421 0.00025776513122191150673 -0.00020381810737826359459
3.4199999999999999289 0.00025950205376703026688 -0.00019956091777985650098
3.4300000000000001599 0.00026127678206095479758 -0.00019733956646079205306
3.4399999999999999467 0.00026308416736879202021 -0.00021113517969365979028
3.4500000000000001776 0.0002649214657351671681 -0.00020098425013500442358
3.4599999999999999645 0.00026678737482599239328 -0.00020085212305731396654
3.4700000000000001954 0.0002686814391838620187 -0.0002207285274837399603
3.4799999999999999822 0.0002706036927422412401 -0.00021266059292358315642
3.4900000000000002132 0.00027255444956460889421 -0.00021261331357743512831
3.5 0.00027453418454200390888 -0.0002046028604362941177
3.5100000000000002309 0.00027654346719022023784 -0.00022059840354007783638
3.5200000000000000178 0.00027858292596232475712 -0.00022063982614366667344
3.5300000000000002487 0.0002806532296515411762 -0.0002207120936643674103
3.5400000000000000355 0.00028275507813256127877 -0.00018884729817679045839
3.5500000000000002665 0.00028488919808880255229 -0.00022494806210162878639
3.5600000000000000533 0.00028705634134750586828 -0.0002151269737973227807
3.5700000000000002842 0.00028925728455760362119 -0.00023531026071395570905
3.5800000000000000711 0.00029149282955504831824 -0.00024353991785492625985
3.5899999999999998579 0.00029376380408525400037 -0.00022583051614805989141
3.6000000000000000888 0.00029607106272093702392 -0.00023812796290227894024
3.6099999999999998757 0.00029841548789894174233 -0.00023447827229877899781
3.6200000000000001066 0.00030079799104174085971 -0.00024685096719809294756
3.6299999999999998934 0.00030321951374963340958 -0.00023528622581243930061
3.6400000000000001243 0.00030568102905931422968 -0.00025173400521566631754
3.6499999999999999112 0.00030818354276903226104 -0.00026822278301893054571
3.6600000000000001421 0.00031072809483273234861 -0.00024878892267704290049
3.6699999999999999289 0.00031331576082666961472 -0.00023938835710797084491
3.6800000000000001599 0.0003159476534926532903 -0.0002560065175054795244
3.6899999999999999467 0.00031862492436250710107 -0.00025668575220681765295
3.7000000000000001776 0.0003213487654687539755 -0.00023143705785001451956
3.7099999999999999645 0.00032412041114689876028 -0.00024419889164669532963
3.7200000000000001954 0.00032694113993509749854 -0.00025101570004788304651
3.7299999999999999822 0.00032981227657741338938 -0.00025988095247170359819
3.7400000000000002132 0.00033273519413733551207 -0.00027279405815016174617
3.75 0.00033571131622871501921 -0.0002977485962851077932
3.7600000000000002309 0.00033874211937182888577 -0.00025082844792160511205
3.7700000000000000178 0.0003418291354828544102 -0.00029787229975774252334
3.7800000000000002487 0.0003449739545056737652 -0.00027504263039996397402
3.7900000000000000355 0.00034817822719562655561 -0.00026825670769542312496
3.8000000000000002665 0.00035144366806557004361 -0.00027152214856536661296
3.8100000000000000533 0.00035477205850542359354 -0.00026885643049967311623
3.8200000000000002842 0.00035816525008727816744 -0.00028823392598156837626
3.8300000000000000711 0.00036162516806910889036 -0.00029968599591341944224
3.8399999999999998579 0.00036515381511119832407 -0.00027724014366097455035
3.8500000000000000888 0.00036875327522053867211 -0.00028483568338330387702
3.8599999999999998757 0.00037242571793974407193 -0.00027052578603395285427
3.8700000000000001066 0.00037617340279840313011 -0.00029425384712968401723
3.8799999999999998934 0.00037999868404630819316 -0.00026810855674602339024
3.8900000000000001243 0.00038390401568968979783 -0.00030398249618948636717
3.8999999999999999112 0.00038789195685339162211 -0.00029198613345314750533
3.9100000000000001421 0.00039196517749396042564 -0.00031004562182524131276
3.9199999999999999289 0.00039612646449082357944 -0.00030821279304059980573
3.9300000000000001599 0.00040037872814517518495 -0.00028049645617082765315
3.9399999999999999467 0.00040472500911888559033 -0.00029882899760010550247
3.9500000000000001776 0.00040916848584871408053 -0.00029528032237991359539
3.9599999999999999645 0.00041371248247438498734 -0.00027185178354253449438
3.9700000000000001954 0.00041836047732272881343 -0.00028049586527982491328
3.9799999999999999822 0.00042311611199409533213 -0.00030123579657527455814
3.9900000000000002132 0.00042798320110172598197 -0.00028612250216987548902
4 0.00043296574271969168321 -0.00031508150691385988784
4.0099999999999997868 0.00043806792960054795208 -0.00030819546223170672661
4.0200000000000004619 0.00044329416122994942315 -0.00028145308606102693383
4.0300000000000002487 0.00044864905679230910295 -0.00028880601779190224164
4.0400000000000000355 0.00045413746912922268442 -0.00026432387304916541565
4.0499999999999998224 0.00045976449978086956008 -0.00027794304837487496598
4.0600000000000004974 0.00046553551521016640728 -0.0003076905123782752282
4.0700000000000002842 0.00047145616432012259298 -0.00027165237284557163053
4.0800000000000000711 0.0004775323973868660565 -0.00031369328604942783075
4.0899999999999998579 0.00048377048654428284752 -0.00024800201493261914837
4.0999999999999996447 0.00049017704797144566985 -0.00026040268486532896315
4.1100000000000003197 0.00049675906595113533248 -0.00028696507908209073056
4.1200000000000001066 0.00050352391898715891019 -0.0002637593750384638466
4.1299999999999998934 0.00051047940819011310143 -0.00032066581211005577845
4.1399999999999996803 0.00051763378816612110912 -0.0002578888534284388208
4.1500000000000003553 0.00052499580067138043073 -0.00031320377763382014659
4.1600000000000001421 0.00053257471132753741398 -0.00028281995743243353676
4.1699999999999999289 0.00054038034972967406711 -0.00025865698803448876342
4.1799999999999997158 0.00054842315332065882591 -0.00026270371928844210357
4.1900000000000003908 0.000556714215453756869 -0.00026100460057896178977
4.2000000000000001776 0.00056526533812062927653 -0.00027754786791989687197
4.2099999999999999645 0.00057408908988541872739 -0.00027638143884210791172
4.2199999999999997513 0.00058319886963895757517 -0.0002834931824271311857
4.2300000000000004263 0.00059260897687192937849 -0.00026892682653408429144
4.2400000000000002132 0.00060233468926410439325 -0.00025667414107258680177
4.25 0.00061239234850104823805 -0.00029470430666875025187
4.2599999999999997868 0.00062279945536284036893 -0.00027514084189897669271
4.2700000000000004619 0.00063357477528502327557 -0.00028391812565264386292
4.2800000000000002487 0.00064473845577445382856 -0.00027310340828840191148
4.2900000000000000355 0.00065631215727733637801 -0.00027468689984487559309
4.2999999999999998224 0.00066831919934983233245 -0.00026471554406369904311
4.3100000000000004974 0.00068078472428133632831 -0.00027718106899520303897
4.3200000000000002842 0.00069373588067644757771 -0.00030411847856992406391
4.3300000000000000711 0.00070720202992609337844 -0.00027162976683987866263
4.3399999999999998579 0.00072121497900618425012 -0.00033559364923669215497
4.3500000000000005329 0.00073580924365269353635 -0.00029424287206093182809
4.3600000000000003197 0.00075102234669868208564 -0.00029746772899199577312
4.3700000000000001066 0.00076689515725202571372 -0.00025539743245072375755
4.3799999999999998934 0.00078347227748037451614 -0.00030993729808853143562
4.3899999999999996803 0.0008008024851016738721 -0.00031328122342639055931
4.4000000000000003553 0.00081893924131743801084 -0.00030744151651613605466
4.4100000000000001421 0.00083794127595428723188 -0.00034442593487728732915
4.4199999999999999289 0.00085787326410466694607 -0.00033238928612375521435
4.4299999999999997158 0.00087880661172201515307 -0.00032335209121336818804
4.4400000000000003908 0.00090082037161821925438 -0.00026944036029065453804
4.4500000000000001776 0.00092400231638583261995 -0.00030061450793999154596
4.4599999999999999645 0.00094845020126949097002 -0.00036901918853099490488
4.4699999999999997513 0.00097427325841432975764 -0.00037086581165364550586
4.4800000000000004263 0.0010015939748845693966 -0.00040018456429240082707
4.4900000000000002132 0.0010305502213069700143 -0.00045311724473698963139
4.5 0.0010612978173018768925 -0.00047587269605783378071
4.5099999999999997868 0.0010940136460297407873 -0.00040868665815225265099
4.5200000000000004619 0.0011288994663507872455 -0.00036964508203055795356
4.5300000000000002487 0.0011661866225985914342 -0.00042091849145797191785
4.5400000000000000355 0.001206141928892286207 -0.00052680904952034511741
4.5499999999999998224 0.0012490751288441240534 -0.00041789132604200837466
4.5600000000000004974 0.0012953485533460597137 -0.00046016867820691267042
4.5700000000000002842 0.0013453900445724985974 -0.00048023962690561632083
4.5800000000000000711 0.0013997111939360172995 -0.0004686255245004565962
4.5899999999999998579 0.0014589351958416122042 -0.00039198295053166328297
4.6000000000000005329 0.0015238438112322033602 -0.00035099553257560145436
4.6100000000000003197 0.001595464520103694701 -0.00020682821883207772214
4.6200000000000001066 0.0016752434179859738289 -0.00023865413225465778244
4.6299999999999998934 0.0017653975127989163241 -9.3039726352106338556e-05
4.6399999999999996803 0.0018696264691856416106 8.2456613684007322787e-05
4.6500000000000003553 0.0019945022780485160627 0.00028326104953515498716
4.6600000000000001421 0.0021520448233132917666 0.00045339666873759438756
4.6699999999999999289 0.0023641898548191560454 0.0010804275265002480366
4.6799999999999997158 0.0026699447375418067577 0.0012242311309395913048
4.6900000000000003908 0.0031357845161419607358 0.0017753928098518155856
4.7000000000000001776 0.0038689625409624854059 0.0024128687607862671881
4.7099999999999999645 0.0050316309897395009032 0.0026947817424146300325
4.7199999999999997513 0.0068510064366283851198 0.0030912299198088211485
4.7300000000000004263 0.0096178934170564733125 0.0029038103104868772525
4.7400000000000002132 0.013664112974893453251 0.0022382702780848681701
4.75 0.019310788256167769894 0.00015209894156515899044
4.7599999999999997868 0.026785799754897171576 -0.0028033512515221216399
4.7700000000000004619 0.036120242269456953599 -0.0078220319167977246655
4.7800000000000002487 0.047047756282961310237 -0.013670533566152991145
4.7900000000000000355 0.058941517804058013441 -0.020910863612087181307
4.7999999999999998224 0.070824517896314373444 -0.028268306543966045807
4.8100000000000004974 0.081474798638343823298 -0.035569879133224506507
4.8200000000000002842 0.089619653543643595928 -0.041576830914430262798
4.8300000000000000711 0.094179929906343731738 -0.045569663608288082934
4.8399999999999998579 0.094500889888531544591 -0.046096423527724125768
4.8500000000000005329 0.090501911944667265408 -0.043849725282708577889
4.8600000000000003197 0.082698204690803564509 -0.038945169324268377742
4.8700000000000001066 0.07208708512677006186 -0.032747717826498073945
4.8799999999999998934 0.059933891685922599524 -0.024868326427658057898
4.8899999999999996803 0.047521340840015510731 -0.0176366876740790407
4.9000000000000003553 0.035930716444827752454 -0.010889307607986172671
4.9100000000000001421 0.02590435456685808574 -0.006189714113400256873
4.9199999999999999289 0.017806752888913680855 -0.0024398428634362714917
4.9299999999999997158 0.011670301460212761241 -7.9683751350931655844e-05
4.9400000000000003908 0.0072920380692027926203 0.0013614639108039021734
4.9500000000000001776 0.0043438251756088772093 0.0015983397446615657533
4.9599999999999999645 0.0024668437180380038687 0.0017490160899897404245
4.9699999999999997513 0.0013355124812837650822 0.0015196836482469027428
4.9800000000000004263 0.00068926121810412106696 0.0012368473945748238892
4.9900000000000002132 0.00033911189667693941805 0.0008716990691814606668
5 0.00015904504634749479079 0.00051229568835038359707
5.0099999999999997868 7.1106715553172575046e-05 0.00037645379364796663661
5.0200000000000004619 3.0304734538840271367e-05 0.00022144805552477933889
5.0300000000000002487 1.2311651359024483124e-05 0.00013154708374134172085
5.0400000000000000355 4.7678775859799561566e-06 7.3155598469750184021e-05
5.0499999999999998224 1.7600873425009184763e-06 4.4194784551126651238e-05
5.0600000000000004974 6.193574454691582664e-07 1.5364946454571532311e-05
5.0700000000000002842 2.0775164695037221692e-07 7.7844003030699703189e-06
5.0800000000000000711 6.6426555804268110207e-08 1.3919839356731332638e-05
5.0899999999999998579 2.0245640224093199599e-08 1.9777923472809928248e-06
5.1000000000000005329 5.8818285043418504412e-09 3.9901941465058303704e-06
5.1100000000000003197 1.6288569786561821123e-09 -1.6288569786561821123e-09
5.1200000000000001066 4.2997392403885213649e-10 -4.2997392403885213649e-10
5.1299999999999998934 1.0819041447218246552e-10 -1.0819041447218246552e-10
5.1399999999999996803 2.5949080927915624314e-11 -2.5949080927915624314e-11
5.1500000000000003553 5.9325420136745367271e-12 -5.9325420136745367271e-12
5.1600000000000001421 1.2928391775201558854e-12 -1.2928391775201558854e-12
5.1699999999999999289 2.6855440966361199199e-13 -2.6855440966361199199e-13
5.1799999999999997158 5.3174510021345873542e-14 1.9980379343305761405e-06
5.1900000000000003908 1.0035927353645121382e-14 -1.0035927353645121382e-14
5.2000000000000001776 1.8054844465020754657e-15 1.9980379856996015814e-06
5.2099999999999999645 3.0960765896008509111e-16 -3.0960765896008509111e-16
5.2199999999999997513 5.0607030179265759166e-17 -5.0607030179265759166e-17
5.2300000000000004263 7.8848015531857924992e-18 -7.8848015531857924992e-18
5.2400000000000002132 1.1709841617907730032e-18 1.9980379875039151668e-06
5.25 1.6576438307978001363e-19 -1.6576438307978001363e-19
5.2599999999999997868 2.2367168259026439329e-20 -2.2367168259026439329e-20
5.2700000000000004619 2.8768023866328087256e-21 -2.8768023866328087256e-21
5.2800000000000002487 3.5268580523066647669e-22 -3.5268580523066647669e-22
5.2900000000000000355 4.1213980242385843651e-23 -4.1213980242385843651e-23
5.2999999999999998224 4.5907060535589139839e-24 3.9960759750101723797e-06
5.3100000000000004974 4.8740782817910380606e-25 1.9980379875050861898e-06
5.3200000000000002842 4.9326847098404987096e-26 1.9980379875050861898e-06
5.3300000000000000711 4.7583000569395110612e-27 -4.7583000569395110612e-27
5.3399999999999998579 4.3751977511344308946e-28 -4.3751977511344308946e-28
5.3500000000000005329 3.8346059178935803543e-29 -3.8346059178935803543e-29
5.3600000000000003197 3.203470910501516549e-30 -3.203470910501516549e-30
5.3700000000000001066 2.5509247287346625689e-31 -2.5509247287346625689e-31
5.3799999999999998934 1.9362041332483803452e-32 -1.9362041332483803452e-32
5.3899999999999996803 1.4008160788778932593e-33 -1.4008160788778932593e-33
5.4000000000000003553 9.6602288342670717708e-35 -9.6602288342670717708e-35
5.4100000000000001421 6.3499438405211451704e-36 1.9980379875050861898e-06
5.4199999999999999289 3.9785826902166975941e-37 1.9980379875050861898e-06
5.4299999999999997158 2.3760894981361463389e-38 -2.3760894981361463389e-38
5.4400000000000003908 1.3526111908327496928e-39 -1.3526111908327496928e-39
5.4500000000000001776 7.3393705173204791785e-41 -7.3393705173204791785e-41
5.4599999999999999645 3.7959474418403034125e-42 -3.7959474418403034125e-42
5.4699999999999997513 1.8713585257658730866e-43 -1.8713585257658730866e-43
5.4800000000000004263 8.7936492193313598378e-45 -8.7936492193313598378e-45
5.4900000000000002132 3.9387326531862187929e-46 -3.9387326531862187929e-46
5.5 1.6815856909285433937e-47 -1.6815856909285433937e-47
5.5099999999999997868 6.8431576610096278888e-49 -6.8431576610096278888e-49
5.5200000000000004619 2.6544163576828455625e-50 -2.6544163576828455625e-50
5.5300000000000002487 9.8142341988880947728e-52 -9.8142341988880947728e-52
5.5400000000000000355 3.4587453132856632522e-53 1.9980379875050861898e-06
5.5499999999999998224 1.1618644604947446198e-54 -1.1618644604947446198e-54
5.5600000000000004974 3.7202060616508405952e-56 -3.7202060616508405952e-56
5.5700000000000002842 1.1354110043099725617e-57 1.9980379875050861898e-06
5.5800000000000000711 3.3030390587005123887e-59 -3.3030390587005123887e-59
5.5899999999999998579 9.1590148282169142586e-61 -9.1590148282169142586e-61
5.6000000000000005329 2.4207960134326227606e-62 -2.4207960134326227606e-62
5.6100000000000003197 6.0987657072739623371e-64 -6.0987657072739623371e-64
5.6200000000000001066 1.4645357152274685476e-65 -1.4645357152274685476e-65
5.6299999999999998934 3.3522175295844487386e-67 -3.3522175295844487386e-67
5.6399999999999996803 7.3137241018447902616e-69 -7.3137241018447902616e-69
5.6500000000000003553 1.5209644292791785295e-70 -1.5209644292791785295e-70
5.6600000000000001421 3.0149047471780502273e-72 -3.0149047471780502273e-72
5.6699999999999999289 5.6964218077882087262e-74 -5.6964218077882087262e-74
5.6799999999999997158 1.0258990927536645173e-75 -1.0258990927536645173e-75
5.6900000000000003908 1.7610880385626731584e-77 -1.7610880385626731584e-77
5.7000000000000001776 2.8815845191516058444e-79 -2.8815845191516058444e-79
5.7099999999999999645 4.4942320169148154137e-81 1.9980379875050861898e-06
5.7199999999999997513 6.6811836313085840578e-83 -6.6811836313085840578e-83
5.7300000000000004263 9.4672769308159521596e-85 -9.4672769308159521596e-85
5.7400000000000002132 1.278705313133459032e-86 -1.278705313133459032e-86
5.75 1.6462263104201215959e-88 -1.6462263104201215959e-88
5.7599999999999997868 2.0201436475067796478e-90 -2.0201436475067796478e-90
5.7700000000000004619 2.3629176001310582353e-92 -2.3629176001310582353e-92
5.7800000000000002487 2.6344410233884736305e-94 -2.6344410233884736305e-94
5.7900000000000000355 2.7996383292837296818e-96 1.9980379875050861898e-06
5.7999999999999998224 2.8358868372693767086e-98 -2.8358868372693767086e-98
5.8100000000000004974 2.7381002767318593404e-100 -2.7381002767318593404e-100
5.8200000000000002842 2.5198997225463120316e-102 -2.5198997225463120316e-102
5.8300000000000000711 2.2105003984838625009e-104 1.9980379875050861898e-06
5.8399999999999998579 1.8482952116968280945e-106 -1.8482952116968280945e-106
5.8500000000000005329 1.473077021268612271e-108 -1.473077021268612271e-108
5.8600000000000003197 1.1190588380694967341e-110 -1.1190588380694967341e-110
5.8700000000000001066 8.1031469206915787217e-113 -8.1031469206915787217e-113
5.8799999999999998934 5.5927809017216202749e-115 -5.5927809017216202749e-115
5.8899999999999996803 3.6793845163358111338e-117 -3.6793845163358111338e-117
5.9000000000000003553 2.3072560925667978042e-119 -2.3072560925667978042e-119
5.9100000000000001421 1.3790806314953020792e-121 -1.3790806314953020792e-121
5.9199999999999999289 7.8569995386610353953e-124 -7.8569995386610353953e-124
5.9299999999999997158 4.266747927784691082e-126 1.9980379875050861898e-06
5.9400000000000003908 2.2085661644908664567e-128 -2.2085661644908664567e-128
5.9500000000000001776 1.0896750131122654117e-130 3.9960759750101723797e-06
5.9599999999999999645 5.124561397069481029e-133 -5.124561397069481029e-133
5.9699999999999997513 2.2971508776156996887e-135 1.9980379875050861898e-06
5.9800000000000004263 9.8151159394371240909e-138 1.9980379875050861898e-06
5.9900000000000002132 3.9973706802836579097e-140 -3.9973706802836579097e-140
6 1.5517668483723634506e-142 -1.5517668483723634506e-142
6.0099999999999997868 5.7418462254761228927e-145 -5.7418462254761228927e-145
6.0200000000000004619 2.025114903382817777e-147 -2.025114903382817777e-147
6.0300000000000002487 6.8080194953132030468e-150 -6.8080194953132030468e-150
6.0400000000000000355 2.1815486598925296464e-152 -2.1815486598925296464e-152
6.0499999999999998224 6.6631869067987566345e-155 -6.6631869067987566345e-155
6.0600000000000004974 1.9398674214328352116e-157 -1.9398674214328352116e-157
6.0700000000000002842 5.3831322716425345386e-160 -5.3831322716425345386e-160
6.0800000000000000711 1.4238721209157920209e-162 -1.4238721209157920209e-162
6.0899999999999998579 3.5898792607790393641e-165 -3.5898792607790393641e-165
6.1000000000000005329 8.6270358704375828981e-168 -8.6270358704375828981e-168
6.1100000000000003197 1.9761334002334015832e-170 -1.9761334002334015832e-170
6.1200000000000001066 4.3146323317280999139e-173 -4.3146323317280999139e-173
6.1299999999999998934 8.9793354457312590638e-176 -8.9793354457312590638e-176
6.1400000000000005684 1.7812195524051663972e-178 -1.7812195524051663972e-178
6.1500000000000003553 3.367933863148965972e-181 -3.367933863148965972e-181
6.1600000000000001421 6.0699132853860649334e-184 -6.0699132853860649334e-184
6.1699999999999999289 1.0427356908970768238e-186 -1.0427356908970768238e-186
6.1799999999999997158 1.7074138484789600301e-189 -1.7074138484789600301e-189
6.1900000000000003908 2.664870798334741978e-192 -2.664870798334741978e-192
6.2000000000000001776 3.9644806545169167938e-195 -3.9644806545169167938e-195
6.2099999999999999645 5.6217201733510480534e-198 -5.6217201733510480534e-198
6.2199999999999997513 7.5984482810033201662e-201 -7.5984482810033201662e-201
6.2300000000000004263 9.7893387053678348162e-204 -9.7893387053678348162e-204
6.2400000000000002132 1.2021386059331448555e-206 -1.2021386059331448555e-206
6.25 1.4071113632636973633e-209 -1.4071113632636973633e-209
6.2599999999999997868 1.5699113270689768486e-212 -1.5699113270689768486e-212
6.2700000000000004619 1.6695310225368846162e-215 -1.6695310225368846162e-215
6.2800000000000002487 1.6923359195429220332e-218 -1.6923359195429220332e-218
6.2900000000000000355 1.6351264776734942319e-221 -1.6351264776734942319e-221
6.2999999999999998224 1.5058746450279080856e-224 -1.5058746450279080856e-224
6.3100000000000004974 1.3219011285291989103e-227 -1.3219011285291989103e-227
6.3200000000000002842 1.1060679290026454742e-230 -1.1060679290026454742e-230
6.3300000000000000711 8.8213954748987623382e-234 -8.8213954748987623382e-234
6.3399999999999998579 6.7060292459234685426e-237 -6.7060292459234685426e-237
6.3500000000000005329 4.859216439579305784e-240 -4.859216439579305784e-240
6.3600000000000003197 3.3561370489956996872e-243 -3.3561370489956996872e-243
6.3700000000000001066 2.2094580753244184218e-246 -2.2094580753244184218e-246
6.3799999999999998934 1.3864508259604611365e-249 -1.3864508259604611365e-249
6.3900000000000005684 8.2926969873408376061e-253 -8.2926969873408376061e-253
6.4000000000000003553 4.7278069601610615888e-256 -4.7278069601610615888e-256
6.4100000000000001421 2.569190342236024555e-259 -2.569190342236024555e-259
6.4199999999999999289 1.3307774257155656282e-262 -1.3307774257155656282e-262
6.4299999999999997158 6.5703296871062964608e-266 -6.5703296871062964608e-266
6.4400000000000003908 3.0920142386311884268e-269 -3.0920142386311884268e-269
6.4500000000000001776 1.3869742161543968323e-272 -1.3869742161543968323e-272
6.4599999999999999645 5.9301798281219611139e-276 1.9980379875050861898e-06
6.4699999999999997513 2.4167955115894562455e-279 -2.4167955115894562455e-279
6.4800000000000004263 9.3882470397379690441e-283 -9.3882470397379690441e-283
6.4900000000000002132 3.4761752813205336606e-286 -3.4761752813205336606e-286
6.5 1.2268497363976875884e-289 -1.2268497363976875884e-289
6.5099999999999997868 4.1271820298210969757e-293 -4.1271820298210969757e-293
6.5200000000000004619 1.3233917143979466562e-296 -1.3233917143979466562e-296
6.5300000000000002487 4.0447876885240887895e-300 -4.0447876885240887895e-300
6.5400000000000000355 1.1783534448014786561e-303 -1.1783534448014786561e-303
6.5499999999999998224 3.2721103536025472202e-307 -3.2721103536025472202e-307
6.5600000000000004974 8.6606965834672600091e-311 -8.6606965834672600091e-311
6.5700000000000002842 2.1849938351651065535e-314 -2.1849938351651065535e-314
6.5800000000000000711 5.254363440239364935e-318 -5.254363440239364935e-318
6.5899999999999998579 1.2055201758526415678e-321 -1.2055201758526415678e-321
6.6000000000000005329 0 0
6.6100000000000003197 0 0
6.6200000000000001066 0 0
6.6299999999999998934 0 0
6.6400000000000005684 0 0
6.6500000000000003553 0 0
6.6600000000000001421 0 0
6.6699999999999999289 0 0
6.6799999999999997158 0 0
6.6900000000000003908 0 0
6.7000000000000001776 0 0
6.7099999999999999645 0 0
6.7199999999999997513 0 0
6.7300000000000004263 0 0
6.7400000000000002132 0 0
6.75 0 0
6.7599999999999997868 0 0
6.7700000000000004619 0 0
6.7800000000000002487 0 0
6.7900000000000000355 0 0
6.7999999999999998224 0 0
6.8100000000000004974 0 0
6.8200000000000002842 0 0
6.8300000000000000711 0 0
6.8399999999999998579 0 0
6.8500000000000005329 0 0
6.8600000000000003197 0 1.9980379875050861898e-06
6.8700000000000001066 0 0
6.8799999999999998934 0 0
6.8900000000000005684 0 0
6.9000000000000003553 0 0
6.9100000000000001421 0 1.9980379875050861898e-06
6.9199999999999999289 0 0
6.9299999999999997158 0 0
6.9400000000000003908 0 0
6.9500000000000001776 0 0
6.9599999999999999645 0 0
6.9699999999999997513 0 0
6.9800000000000004263 0 0
6.9900000000000002132 0 0
7 0 0
7.0099999999999997868 0 0
7.0200000000000004619 0 0
7.0300000000000002487 0 0
7.0400000000000000355 0 0
7.0499999999999998224 0 0
7.0600000000000004974 0 0
7.0700000000000002842 0 0
7.0800000000000000711 0 0
7.0899999999999998579 0 0
7.1000000000000005329 0 0
7.1100000000000003197 0 0
7.1200000000000001066 0 0
7.1299999999999998934 0 0
7.1400000000000005684 0 0
7.1500000000000003553 0 0
7.1600000000000001421 0 0
7.1699999999999999289 0 0
7.1799999999999997158 0 1.9980379875050861898e-06
7.1900000000000003908 0 0
7.2000000000000001776 0 0
7.2099999999999999645 0 0
7.2199999999999997513 0 0
7.2300000000000004263 0 0
7.2400000000000002132 0 0
7.25 0 0
7.2599999999999997868 0 0
7.2700000000000004619 0 0
7.2800000000000002487 0 0
7.2900000000000000355 0 0
7.2999999999999998224 0 1.9980379875050861898e-06
7.3100000000000004974 0 0
7.3200000000000002842 0 0
7.3300000000000000711 0 0
7.3399999999999998579 0 0
7.3500000000000005329 0 0
7.3600000000000003197 0 1.9980379875050861898e-06
7.3700000000000001066 0 0
7.3799999999999998934 0 0
7.3900000000000005684 0 0
7.4000000000000003553 0 0
7.4100000000000001421 0 0
7.4199999999999999289 0 1.9980379875050861898e-06
7.4299999999999997158 0 0
7.4400000000000003908 0 0
7.4500000000000001776 0 0
7.4599999999999999645 0 0
7.4699999999999997513 0 1.9980379875050861898e-06
7.4800000000000004263 0 1.9980379875050861898e-06
7.4900000000000002132 0 0
7.5 0 0
7.5099999999999997868 0 0
7.5200000000000004619 0 0
7.5300000000000002487 0 0
7.5400000000000000355 0 1.9980379875050861898e-06
7.5499999999999998224 0 0
7.5600000000000004974 0 0
7.5700000000000002842 0 0
7.5800000000000000711 0 0
7.5899999999999998579 0 0
7.6000000000000005329 0 0
7.6100000000000003197 0 0
7.6200000000000001066 0 0
7.6299999999999998934 0 0
7.6400000000000005684 0 0
7.6500000000000003553 0 0
7.6600000000000001421 0 0
7.6699999999999999289 0 0
7.6799999999999997158 0 0
7.6900000000000003908 0 0
7.7000000000000001776 0 1.9980379875050861898e-06
7.7099999999999999645 0 1.9980379875050861898e-06
7.7199999999999997513 0 0
7.7300000000000004263 0 0
7.7400000000000002132 0 0
7.75 0 0
7.7599999999999997868 0 1.9980379875050861898e-06
7.7700000000000004619 0 0
7.7800000000000002487 0 0
7.7900000000000000355 0 0
7.7999999999999998224 0 0
7.8100000000000004974 0 0
7.8200000000000002842 0 0
7.8300000000000000711 0 0
7.8399999999999998579 0 0
7.8500000000000005329 0 0
7.8600000000000003197 0 0
7.8700000000000001066 0 1.9980379875050861898e-06
7.8799999999999998934 0 0
7.8900000000000005684 0 1.9980379875050861898e-06
7.9000000000000003553 0 0
7.9100000000000001421 0 1.9980379875050861898e-06
7.9199999999999999289 0 1.9980379875050861898e-06
7.930000000000000604 0 5.9941139625152572989e-06
7.9400000000000003908 0 0
7.9500000000000001776 0 1.9980379875050861898e-06
7.9599999999999999645 0 0
7.9699999999999997513 0 0
7.9800000000000004263 0 0
7.9900000000000002132 0 0
8 0 1.9980379875050861898e-06
8.0099999999999997868 0 0
8.0199999999999995737 0 0
8.0299999999999993605 0 1.9980379875050861898e-06
8.0400000000000009237 0 0
8.0500000000000007105 0 0
8.0600000000000004974 0 0
8.0700000000000002842 0 0
8.0800000000000000711 0 0
8.0899999999999998579 0 0
8.0999999999999996447 0 0
8.1099999999999994316 0 1.9980379875050861898e-06
8.1200000000000009948 0 1.9980379875050861898e-06
8.1300000000000007816 0 0
8.1400000000000005684 0 0
8.1500000000000003553 0 0
8.1600000000000001421 0 0
8.1699999999999999289 0 1.9980379875050861898e-06
8.1799999999999997158 0 0
8.1899999999999995026 0 0
8.1999999999999992895 0 1.9980379875050861898e-06
8.2100000000000008527 0 0
8.2200000000000006395 0 0
8.2300000000000004263 0 0
8.2400000000000002132 0 0
8.25 0 0
8.2599999999999997868 0 0
8.2699999999999995737 0 0
8.2799999999999993605 0 0
8.2900000000000009237 0 0
8.3000000000000007105 0 0
8.3100000000000004974 0 0
8.3200000000000002842 0 0
8.3300000000000000711 0 0
8.3399999999999998579 0 1.9980379875050861898e-06
8.3499999999999996447 0 0
8.3599999999999994316 0 0
8.3700000000000009948 0 0
8.3800000000000007816 0 3.9960759750101723797e-06
8.3900000000000005684 0 0
8.4000000000000003553 0 0
8.4100000000000001421 0 0
8.4199999999999999289 0 0
8.4299999999999997158 0 0
8.4399999999999995026 0 0
8.4499999999999992895 0 0
8.4600000000000008527 0 0
8.4700000000000006395 0 0
8.4800000000000004263 0 0
8.4900000000000002132 0 0
8.5 0 0
8.5099999999999997868 0 0
8.5199999999999995737 0 0
8.5299999999999993605 0 0
8.5400000000000009237 0 0
8.5500000000000007105 0 0
8.5600000000000004974 0 0
8.5700000000000002842 0 0
8.5800000000000000711 0 0
8.5899999999999998579 0 0
8.5999999999999996447 0 0
8.6099999999999994316 0 3.9960759750101723797e-06
8.6200000000000009948 0 0
8.6300000000000007816 0 0
8.6400000000000005684 0 0
8.6500000000000003553 0 1.9980379875050861898e-06
8.6600000000000001421 0 0
8.6699999999999999289 0 0
8.6799999999999997158 0 0
8.6899999999999995026 0 0
8.7000000000000010658 0 0
8.7100000000000008527 0 0
8.7200000000000006395 0 0
8.7300000000000004263 0 0
8.7400000000000002132 0 0
8.75 0 0
8.7599999999999997868 0 0
8.7699999999999995737 0 0
8.7799999999999993605 0 0
8.7900000000000009237 0 0
8.8000000000000007105 0 0
8.8100000000000004974 0 0
8.8200000000000002842 0 1.9980379875050861898e-06
8.8300000000000000711 0 0
8.8399999999999998579 0 0
8.8499999999999996447 0 0
8.8599999999999994316 0 0
8.8700000000000009948 0 0
8.8800000000000007816 0 0
8.8900000000000005684 0 0
8.9000000000000003553 0 0
8.9100000000000001421 0 0
8.9199999999999999289 0 0
8.9299999999999997158 0 0
8.9399999999999995026 0 0
8.9500000000000010658 0 0
8.9600000000000008527 0 0
8.9700000000000006395 0 0
8.9800000000000004263 0 0
8.9900000000000002132 0 0
9 0 0
9.0099999999999997868 0 0
9.0199999999999995737 0 0
9.0299999999999993605 0 0
9.0400000000000009237 0 0
9.0500000000000007105 0 1.9980379875050861898e-06
9.0600000000000004974 0 0
9.0700000000000002842 0 1.9980379875050861898e-06
9.0800000000000000711 0 0
9.0899999999999998579 0 0
9.0999999999999996447 0 0
9.1099999999999994316 0 0
9.1200000000000009948 0 0
9.1300000000000007816 0 1.9980379875050861898e-06
9.1400000000000005684 0 0
9.1500000000000003553 0 0
9.1600000000000001421 0 0
9.1699999999999999289 0 0
9.1799999999999997158 0 0
9.1899999999999995026 0 0
9.2000000000000010658 0 0
9.2100000000000008527 0 0
9.2200000000000006395 0 0
9.2300000000000004263 0 0
9.2400000000000002132 0 1.9980379875050861898e-06
9.25 0 0
9.2599999999999997868 0 0
9.2699999999999995737 0 0
9.2799999999999993605 0 0
9.2900000000000009237 0 0
9.3000000000000007105 0 0
9.3100000000000004974 0 0
9.3200000000000002842 0 1.9980379875050861898e-06
9.3300000000000000711 0 1.9980379875050861898e-06
9.3399999999999998579 0 0
9.3499999999999996447 0 0
9.3599999999999994316 0 0
9.3700000000000009948 0 0
9.3800000000000007816 0 0
9.3900000000000005684 0 1.9980379875050861898e-06
9.4000000000000003553 0 3.9960759750101723797e-06
9.4100000000000001421 0 0
9.4199999999999999289 0 0
9.4299999999999997158 0 0
9.4399999999999995026 0 0
9.4500000000000010658 0 0
9.4600000000000008527 0 0
9.4700000000000006395 0 1.9980379875050861898e-06
9.4800000000000004263 0 1.9980379875050861898e-06
9.4900000000000002132 0 1.9980379875050861898e-06
9.5 0 1.9980379875050861898e-06
9.5099999999999997868 0 5.9941139625152572989e-06
9.5199999999999995737 0 5.9941139625152572989e-06
9.5299999999999993605 0 3.9960759750101723797e-06
9.5400000000000009237 0 7.9921519500203430653e-06
9.5500000000000007105 0 7.9921519500203430653e-06
9.5600000000000004974 0 3.9960759750101723797e-06
9.5700000000000002842 0 1.1988227925030509516e-05
9.5800000000000000711 0 7.9921519500203430653e-06
9.5899999999999998579 0 3.9960759750101723797e-06
9.5999999999999996447 0 7.9921519500203430653e-06
9.6099999999999994316 0 1.1988227925030509516e-05
9.6200000000000009948 0 9.9901899375254288316e-06
9.6300000000000007816 0 5.9941139625152572989e-06
9.6400000000000005684 0 5.9941139625152572989e-06
9.6500000000000003553 0 7.9921519500203430653e-06
9.6600000000000001421 0 9.9901899375254288316e-06
9.6699999999999999289 0 9.9901899375254288316e-06
9.6799999999999997158 0 1.5984303900040689519e-05
9.6899999999999995026 0 1.5984303900040689519e-05
9.7000000000000010658 0 5.9941139625152572989e-06
9.7100000000000008527 0 1.3986265912535600364e-05
9.7200000000000006395 0 7.9921519500203430653e-06
9.7300000000000004263 0 1.3986265912535600364e-05
9.7400000000000002132 0 7.9921519500203430653e-06
9.75 0 1.5984303900040689519e-05
9.7599999999999997868 0 5.9941139625152572989e-06
9.7699999999999995737 0 3.9960759750101723797e-06
9.7799999999999993605 0 1.9980379875050861898e-06
9.7900000000000009237 0 5.9941139625152572989e-06
9.8000000000000007105 0 0
9.8100000000000004974 0 3.9960759750101723797e-06
9.8200000000000002842 0 1.3986265912535600364e-05
9.8300000000000000711 0 1.9980379875050861898e-06
9.8399999999999998579 0 0
9.8499999999999996447 0 3.9960759750101723797e-06
9.8599999999999994316 0 0
9.8700000000000009948 0 1.9980379875050861898e-06
9.8800000000000007816 0 0
9.8900000000000005684 0 0
9.9000000000000003553 0 0
9.9100000000000001421 0 0
9.9199999999999999289 0 0
9.9299999999999997158 0 0
9.9399999999999995026 0 0
9.9500000000000010658 0 0
9.9600000000000008527 0 0
9.9700000000000006395 0 0
9.9800000000000004263 0 0
9.9900000000000002132 0 0
10 0 0
10.009999999999999787 0 0
10.019999999999999574 0 0
10.029999999999999361 0 0
10.040000000000000924 0 0
10.050000000000000711 0 0
10.060000000000000497 0 0
10.070000000000000284 0 0
10.080000000000000071 0 0
10.089999999999999858 0 0
10.099999999999999645 0 0
10.109999999999999432 0 0
10.120000000000000995 0 0
10.130000000000000782 0 0
10.140000000000000568 0 0
10.150000000000000355 0 0
10.160000000000000142 0 0
10.169999999999999929 0 0
10.179999999999999716 0 0
10.189999999999999503 0 0
10.200000000000001066 0 0
10.210000000000000853 0 0
10.220000000000000639 0 0
10.230000000000000426 0 0
