0 1.8936055815354979727e-07 -1.8936055815354979727e-07
0.010000000000000000208 2.782870754679264274e-07 -2.782870754679264274e-07
0.020000000000000000416 4.049066787136617439e-07 -4.049066787136617439e-07
0.02999999999999999889 5.8329174950730203024e-07 -5.8329174950730203024e-07
0.040000000000000000833 8.3207612714932550603e-07 -8.3207612714932550603e-07
0.050000000000000002776 1.1766717522263940299e-06 -1.1766717522263940299e-06
0.05999999999999999778 1.6584362919302563813e-06 -1.6584362919302563813e-06
0.070000000000000006661 2.3801353588016561475e-06 -2.3801353588016561475e-06
0.080000000000000001665 3.7019938028046199419e-06 -3.7019938028046199419e-06
0.089999999999999996669 6.9120153592506687891e-06 -6.9120153592506687891e-06
0.10000000000000000555 1.5946318027655574244e-05 -1.5946318027655574244e-05
0.11000000000000000056 4.038033523244239449e-05 -4.038033523244239449e-05
0.11999999999999999556 9.7708342801912311079e-05 -9.7708342801912311079e-05
0.13000000000000000444 0.00020917476100439601466 -0.00020917476100439601466
0.14000000000000001332 0.00038357312974294859812 -0.00038357312974294859812
0.14999999999999999445 0.00059494923927878146618 -0.00042688639089056407659
0.16000000000000000333 0.00077702355014186040225 -0.00066098015344028980197
0.17000000000000001221 0.00085396783664689354752 -0.00076393416215066753481
0.17999999999999999334 0.00079194755152262508082 -0.00068390714794791995692
0.19000000000000000222 0.00062506730549466676516 -0.00055504111745358325047
0.2000000000000000111 0.00042941067070064738815 -0.00036938822224915631538
0.20999999999999999223 0.00027148347566663362041 -0.00021146102721514254763
0.22000000000000000111 0.00017742359669327891912 -0.00013340713449551879909
0.23000000000000000999 0.00013856618528381602811 -0.00010255271621292138444
0.23999999999999999112 0.00013372987852476462059 -9.9717159554575749564e-05
0.25 0.00014540937595347176703 -0.00011539815172772623065
0.26000000000000000888 0.00016393842980406774477 -0.00013192645729660583929
0.27000000000000001776 0.0001852078535213838638 -0.00015919812585907106559
0.28000000000000002665 0.00020767552640900302334 -0.00019767178500042117788
0.28999999999999998002 0.00023065123004607792864 -0.0002146452437923469759
0.2999999999999999889 0.00025363557602592486876 -0.00023562884149047754693
0.30999999999999999778 0.00027613715501554638148 -0.00023612218938121899963
0.32000000000000000666 0.0002976438426173822773 -0.00026563187010992037182
0.33000000000000001554 0.00031763331118393609486 -0.00027361684898617597483
0.34000000000000002442 0.00033559249374472756603 -0.0002775707953939422659
0.35000000000000003331 0.00035103909802826533965 -0.00030702263583050521962
0.35999999999999998668 0.00036354300847709800993 -0.00031352430325317818616
0.36999999999999999556 0.00037274614355250129194 -0.00031072294863828325362
0.38000000000000000444 0.00037837948010527013227 -0.00030635254196348084494
0.39000000000000001332 0.00038027611514206708038 -0.00033025740991814725661
0.4000000000000000222 0.00037837948010527013227 -0.00032636002478064453586
0.41000000000000003109 0.0003727461435525010751 -0.00032472818479130821688
0.41999999999999998446 0.00036354300847709009525 -0.00030151981356287205693
0.42999999999999999334 0.00035103909802804860764 -0.00032302862208401944034
0.44000000000000000222 0.00033559249373977720734 -0.00029957902466888256367
0.4500000000000000111 0.00031763331108937160191 -0.00027561759899231725451
0.46000000000000001998 0.0002976438411066831052 -0.00024962588234549024698
0.47000000000000002887 0.00027613713483253600782 -0.00024012366576164136415
0.47999999999999998224 0.0002536353505231059768 -0.00022562487457907680951
0.48999999999999999112 0.00023064912299007540647 -0.00020664014360947897736
0.5 0.00020765906154098043995 -0.00017764783731523490357
0.51000000000000000888 0.00018510025693309513362 -0.00015308828442563322814
0.52000000000000001776 0.00016335040341106921136 -0.00014134217231218915134
0.53000000000000002665 0.00014272184664091054108 -0.00010870912767072167006
0.54000000000000003553 0.00012345757905832000509 -0.00010545084452287268326
0.55000000000000004441 0.00010573094448092834109 -8.9724958227197388347e-05
0.56000000000000005329 8.9648602152648103228e-05 -7.7644112462349888673e-05
0.57000000000000006217 7.5256148479185895313e-05 -6.1250910507171311666e-05
0.57999999999999996003 6.2545707387263150775e-05 -5.0541217696964942996e-05
0.58999999999999996891 5.1464775750870456075e-05 -3.7459537778855879204e-05
0.5999999999999999778 4.1925641455161857677e-05 -2.7920403483147277418e-05
0.60999999999999998668 3.381476723960447539e-05 -2.581177411273899902e-05
0.61999999999999999556 2.700164007439741966e-05 -1.0995653820666470308e-05
0.63000000000000000444 2.1346709534985675477e-05 -3.3399749995383570334e-06
0.64000000000000001332 1.6708166429564245547e-05 -6.7044250209823950021e-06
0.6500000000000000222 1.2947433816948816416e-05 -9.4294412665060694319e-07
0.66000000000000003109 9.9333482612817408246e-06 7.0393147300109719941e-08
0.67000000000000003997 7.5450944295548175845e-06 8.4608918241761317671e-06
0.68000000000000004885 5.6740185612109926279e-06 3.2822628393811464952e-07
0.69000000000000005773 4.2244860466894555451e-06 1.7777587984596517323e-06
0.70000000000000006661 3.1139674098060772121e-06 8.875291536266609728e-07
0.70999999999999996447 2.2725387705129149558e-06 7.7312026380689351652e-06
0.71999999999999997335 1.6419714239077045461e-06 4.3602734212414031548e-06
0.72999999999999998224 1.174564696223725322e-06 4.8276801489253817436e-06
0.73999999999999999112 8.3185062433036536321e-07 1.3173387347684215319e-05
0.75 5.8327156649692275491e-07 1.7423462968950396854e-05
0.76000000000000000888 4.0490516801451627757e-07 7.5980879588509596688e-06
0.77000000000000001776 2.7828698090343410773e-07 2.5731440681409367959e-05
0.78000000000000002665 1.8936055320319554484e-07 7.8136325736622810103e-06
0.79000000000000003553 1.275684249141159953e-07 1.1876921265384093133e-05
0.80000000000000004441 8.5085181215455898283e-08 1.5920901072515494909e-05
0.81000000000000005329 5.6185172447648434108e-08 1.3949052799566932255e-05
0.82000000000000006217 3.6732168118582569394e-08 1.5969254085612368324e-05
0.83000000000000007105 2.3775434568328692691e-08 1.5982210819162620606e-05
0.83999999999999996891 1.5235875644603075788e-08 5.987008969504504099e-06
0.8499999999999999778 9.6663703426303221123e-09 1.3995571601671950488e-05
0.85999999999999998668 6.0717865519701212061e-09 7.9969213403135067466e-06
0.86999999999999999556 3.7759533227154841049e-09 7.9992171735427608585e-06
0.88000000000000000444 2.3248438759087129127e-09 1.800440969157140805e-05
0.89000000000000001332 1.41715719075994095e-09 1.200307253310745005e-05
0.9000000000000000222 8.5526226588014722048e-10 1.6005130991465070804e-05
0.91000000000000003109 5.1101971241792783309e-10 1.0003230388869432639e-05
0.92000000000000003997 3.0229645217801229174e-10 8.0026908304132983262e-06
0.93000000000000004885 1.7704574856038632708e-10 1.4005060926266019901e-05
0.94000000000000005773 1.0265852257799228239e-10 6.0021421866265291215e-06
0.95000000000000006661 5.8933410187433479724e-11 1.000368247517166276e-05
0.95999999999999996447 3.3495401663052361347e-11 1.2004456194896546389e-05
0.96999999999999997335 1.8848025598444592576e-11 1.4005219123988982315e-05
0.97999999999999998224 1.0500345544481038069e-11 1.4005227471669036161e-05
0.98999999999999999112 5.7915975310181047505e-12 2.2008225307282528734e-05
1 3.1626433010959030669e-12 1.4005234809371279665e-05
1.0100000000000000089 1.709854305903425956e-12 1.0003739698727544808e-05
1.0200000000000000178 9.1521905850954630404e-13 6.0022439299300484267e-06
1.0300000000000000266 4.8500705922110026939e-13 1.4005237487007521127e-05
1.0400000000000000355 2.5446503824923442833e-13 1.000374115411681223e-05
1.0500000000000000444 1.32179849170229008e-13 1.2004489558118360606e-05
1.0600000000000000533 6.7976611606227957938e-14 1.8006734467470705201e-05
1.0700000000000000622 3.461076968955425158e-14 4.0014965288219682261e-06
1.0800000000000000711 1.7447069210945304515e-14 1.2004489672851140022e-05
1.0900000000000000799 8.7077193254771199808e-15 1.0003741399874131618e-05
1.1000000000000000888 4.3034804216817419871e-15 1.2004489685994729835e-05
1.1100000000000000977 2.1077407519008377306e-15 4.0014965613249974926e-06
1.1200000000000001066 1.0275714755743386444e-15 2.6009727661285228652e-05
1.1300000000000001155 5.1053375905948191538e-16 6.002244844638573415e-06
1.1400000000000001243 2.8868143359700927975e-16 1.0003741408293169858e-05
1.1500000000000001332 2.5426574151798173487e-16 1.6005986253476683613e-05
1.1599999999999999201 4.1722998710309181391e-16 1.2004489689880979677e-05
1.1699999999999999289 9.3399953895407188245e-16 1.800673453451331893e-05
1.1799999999999999378 2.2382645005672483669e-15 1.2004489688059945238e-05
1.1899999999999999467 5.3695949839942516893e-15 8.0029931214958821014e-06
1.1999999999999999556 1.2721957674943621858e-14 1.4005237959292623118e-05
1.2099999999999999645 2.9691827877285381235e-14 1.2004489660606380914e-05
1.2199999999999999734 6.8231068171761991946e-14 6.0022447769180394073e-06
1.2299999999999999822 1.5436559159673681803e-13 8.0029929724998847445e-06
1.2399999999999999911 3.4382268875347860169e-13 2.4008979036773741504e-05
1.25 7.5393318088875362451e-13 2.0007482063230509983e-05
1.2600000000000000089 1.6275907318912198214e-12 1.4005236344423848392e-05
1.2700000000000000178 3.4591670349877422138e-12 1.4005234512847545414e-05
1.2800000000000000266 7.2378874168031984135e-12 1.0003734170694433719e-05
1.2900000000000000355 1.4909602877035786248e-11 1.4005223062411703946e-05
1.3000000000000000444 3.0236693017893080874e-11 8.0029628901724577392e-06
1.3100000000000000533 6.0369345514426218168e-11 1.6005925884385433677e-05
1.3200000000000000622 1.1866225753343986988e-10 2.2008112436622526061e-05
1.3300000000000000711 2.2962687076528687711e-10 1.2004260063427443387e-05
1.3400000000000000799 4.3746848351477256316e-10 2.0007045348680177417e-05
1.3500000000000000888 8.2051173345603819504e-10 1.8005914023713861149e-05
1.3600000000000000977 1.5150842491285137474e-09 3.9999814791836097171e-06
1.3700000000000001066 2.7542460340172551424e-09 8.0002388808314599055e-06
1.3800000000000001155 4.9292704209988277116e-09 9.9988121381608512106e-06
1.3900000000000001243 8.6851338913926656108e-09 9.9950562746904587127e-06
1.4000000000000001332 1.5065527889620455717e-08 2.1993165570990438185e-05
1.4099999999999999201 2.5728007380595060363e-08 1.3979509964633985404e-05
1.4199999999999999289 4.3255557285367770381e-08 2.5966472105027433112e-05
1.4299999999999999378 7.1596473859275163979e-08 1.1932893216438933832e-05
1.4399999999999999467 1.1666895769283889769e-07 1.3888569014321741163e-05
1.4499999999999999556 1.8716858809103014217e-07 2.5822559074221770469e-05
1.4599999999999999645 2.9561371049698821354e-07 7.7073794163684889504e-06
1.4699999999999999734 4.5965304681656665584e-07 5.542591798332540251e-06
1.4799999999999999822 7.0363863236490632689e-07 2.530608902994789484e-05
1.4899999999999999911 1.0604328444751445812e-06 1.2944805127539435254e-05
1.5 1.5733691389096332441e-06 1.4432617114821315896e-05
1.5100000000000000089 2.2982223633123444488e-06 9.7062673269858650238e-06
1.5200000000000000178 3.3049692825655739274e-06 8.6995204077326363922e-06
1.5300000000000000266 4.6790401361154771852e-06 7.3254495541827322874e-06
1.5400000000000000355 6.5216888653273599304e-06 9.4842973884035885741e-06
1.5500000000000000444 8.949058419008092176e-06 3.0554312712901172966e-06
1.5600000000000000533 1.2089506486607519198e-05 -4.0865133597420428278e-06
1.5700000000000000622 1.607880485074059026e-05 7.9301745298558388498e-06
1.5800000000000000711 2.1052948004621676995e-05 -9.0484583143234675228e-06
1.5900000000000000799 2.713851212305164816e-05 -9.1317775876043297159e-06
1.6000000000000000888 3.444079054221578463e-05 -1.0431811161619355521e-05
1.6100000000000000977 4.3030277966358331594e-05 -3.3026536557776479356e-05
1.6200000000000001066 5.2928447282248001766e-05 -3.4921712746800679934e-05
1.6300000000000001155 6.4094109479860872955e-05 -5.2089619789562665176e-05
1.6400000000000001243 7.6411908007390140106e-05 -6.6408166598808294643e-05
1.6500000000000001332 8.968461178898251519e-05 -6.9677128971818824265e-05
1.6600000000000001421 0.00010363078384794889217 -7.9621804467352463061e-05
1.6699999999999999289 0.00011788908467824798392 -0.00010188309842451703118
1.6799999999999999378 0.00013202992314266564144 -0.00010602019548035284324
1.6899999999999999467 0.00014557443302284220539 -0.00011756395707881303809
1.6999999999999999556 0.00015801990859877579972 -0.00013801242578161210879
1.7099999999999999645 0.00016886998597439670396 -0.00015486474800238212031
1.7199999999999999734 0.00017766713146172717001 -0.00015765964864456347909
1.7299999999999999822 0.00018402451242155773957 -0.00015801478475924494137
1.7399999999999999911 0.00018765417149795352286 -0.00015964369555392435556
1.75 0.00018838864939655408149 -0.00015237518032565943783
1.7600000000000000089 0.00018619379514623108263 -0.00017218855717421649898
1.7700000000000000178 0.00018117139895197336276 -0.00016516541269824241002
1.7800000000000000266 0.00017355136493260090824 -0.00015554463039715358641
1.7900000000000000355 0.00016367426205140896589 -0.00014566752751596164406
1.8000000000000000444 0.00015196609771770490101 -0.00013996160802740668645
1.8100000000000000533 0.00013890791532028811403 -0.00011890043250312442311
1.8200000000000000622 0.00012500323080814410427 -0.00011299874111784588972
1.8300000000000000711 0.00011074635576048178333 -0.00010274336263361630696
1.8400000000000000799 9.6594325131628275749e-05 -8.8591332004762799379e-05
1.8500000000000000888 8.2944528571793888936e-05 -6.6938542318062936197e-05
1.8600000000000000977 7.0119342601085072101e-05 -5.6114104629070488454e-05
1.8700000000000001066 5.8358200326807110013e-05 -4.4352962354792533142e-05
1.8800000000000001155 4.7816733770131682538e-05 -4.181448892498257526e-05
1.8900000000000001243 3.8571975859105159939e-05 -2.6567486168806952161e-05
1.9000000000000001332 3.0632174498313931592e-05 -1.462618824458298224e-05
1.9100000000000001421 2.3949570560859176154e-05 -1.1945080870560966681e-05
1.9199999999999999289 1.8434509892553011879e-05 -1.2432265047403904602e-05
1.9299999999999999378 1.396945371732000605e-05 -1.1968705435603636957e-05
1.9399999999999999467 1.0421763477736656372e-05 -2.418770350871180002e-06
1.9499999999999999556 7.6545024113106574889e-06 4.3499872789875519837e-06
1.9599999999999999645 5.5348604801750706384e-06 4.6738436497403663896e-07
1.9699999999999999734 3.9401282089113460639e-06 4.0628649179541303059e-06
1.9799999999999999822 2.7613915501871540378e-06 1.5245342985260165253e-05
1.9899999999999999911 1.9052834348936485993e-06 1.0099206255404560026e-05
2 1.294211199545849738e-06 1.0710278490752359523e-05
2.0100000000000002309 8.6549522845275516613e-07 1.1138994461845454624e-05
2.0200000000000000178 5.6982062434505601367e-07 1.5436165629385894079e-05
2.0300000000000002487 3.6933937732236381274e-07 1.3635898594692217293e-05
2.0400000000000000355 2.3568233008817002689e-07 1.7771052205359148894e-05
2.0499999999999998224 1.4806158555997993609e-07 5.8541832595891276589e-06
2.0600000000000000533 9.1573904222966658985e-08 1.5914412349507983712e-05
2.0699999999999998401 5.5759006554361377089e-08 1.5950227247176586499e-05
2.0800000000000000711 3.3425066993551632186e-08 1.7973309468453767804e-05
2.0899999999999998579 1.9726203425359060735e-08 1.3985511768589221202e-05
2.1000000000000000888 1.1461163040364064571e-08 9.9922802455414863989e-06
2.1099999999999998757 6.5558323032927458735e-09 1.5999430421427656557e-05
2.1200000000000001066 3.6918236132021525627e-09 1.8003042711834117256e-05
2.1299999999999998934 2.0467651455588929959e-09 1.2002442925152649971e-05
2.1400000000000001243 1.1171437093220830069e-09 1.800561739173799536e-05
2.1499999999999999112 6.0029404902498675485e-10 1.8006134241398294665e-05
2.1600000000000001421 3.1756526515349739434e-10 1.600566868846579511e-05
2.1699999999999999289 1.6539253803719413912e-10 1.8006569142909281163e-05
2.1800000000000001599 8.4803307655126240528e-11 1.800664973213966227e-05
2.1899999999999999467 4.2807871455447736654e-11 1.200444688242675322e-05
2.2000000000000001776 2.1273964886157438561e-11 1.400521669804969413e-05
2.2099999999999999645 1.0408477420261749731e-11 2.2008220690402638728e-05
2.2200000000000001954 5.0134874581476733147e-12 2.000747780367623249e-05
2.2299999999999999822 2.3774238948847082369e-12 2.4008977003172535236e-05
2.2400000000000002132 1.1099087521374546439e-12 8.0029920169567246851e-06
2.25 5.1013120546645928168e-13 1.2004489180167004548e-05
2.2600000000000002309 2.3082905182281020942e-13 1.800673430461826696e-05
2.2700000000000000178 1.0282838302469141866e-13 8.0029930240370928123e-06
2.2800000000000002487 4.5097192674742367263e-14 1.4005237926917387406e-05
2.2900000000000000355 1.9471525190158973979e-14 2.0007482797692165296e-05
2.3000000000000002665 8.2768368779357769981e-15 1.4005237963737743605e-05
2.3100000000000000533 3.4637200493218519726e-15 1.6005986250267228342e-05
2.3199999999999998401 1.4270366693776211087e-15 1.0003741407154813481e-05
2.3300000000000000711 5.7881722201914728462e-16 8.0029931262866597935e-06
2.3399999999999998579 2.3113287332494596315e-16 1.6005986253499817777e-05
2.3500000000000000888 9.0864858383409002551e-17 1.200448969020734486e-05
2.3599999999999998757 3.5167715060115242424e-17 1.6005986253695780544e-05
2.3700000000000001066 1.340004670219488687e-17 8.0029931268520763086e-06
2.3799999999999998934 5.0266938350228628736e-18 6.0022448451440809839e-06
2.3900000000000001243 1.8564040974774755067e-18 1.8006734535445461748e-05
2.3999999999999999112 6.7495771316155522996e-19 1.2004489690297535234e-05
2.4100000000000001421 2.4159868887551817943e-19 8.0029931268652341184e-06
2.4199999999999999289 8.5138607680695725517e-20 8.0029931268653916666e-06
2.4300000000000001599 2.9537414416175126209e-20 8.0029931268654475707e-06
2.4399999999999999467 1.0088634098725778763e-20 1.4005237972014570095e-05
2.4500000000000001776 3.3923935428910286087e-21 8.0029931268654729817e-06
2.4599999999999999645 1.1230369532882955264e-21 2.0007482817163690925e-05
2.4700000000000001954 3.6601242442797504305e-22 1.2004489690298209473e-05
2.4799999999999999822 1.1743879085257738099e-22 1.2004489690298209473e-05
2.4900000000000002132 3.7097212381766418746e-23 1.4005237972014580259e-05
2.5 1.1536788841195075067e-23 1.8006734535447318444e-05
2.5100000000000002309 3.5321779352983059945e-24 6.0022448451491072774e-06
2.5200000000000000178 1.0646679114858266913e-24 4.0014965634327381849e-06
2.5300000000000002487 3.1593643883387861801e-25 1.0003741408581850545e-05
2.5400000000000000355 9.2299475767658656794e-26 6.0022448451491072774e-06
2.5500000000000002665 2.6546832664099014843e-26 6.0022448451491072774e-06
2.5600000000000000533 7.5169238785390304354e-27 1.6005986253730949352e-05
2.5699999999999998401 2.0954705154933364237e-27 1.8006734535447318444e-05
2.5800000000000000711 5.7509146027715119059e-28 2.0007482817163690925e-05
2.5899999999999998579 1.5538398133835848796e-28 1.2004489690298209473e-05
2.6000000000000000888 4.1332296240352153999e-29 1.2004489690298209473e-05
2.6099999999999998757 1.0823975086767611907e-29 1.6005986253730949352e-05
2.6200000000000001066 2.7906026135779244342e-30 1.0003741408581850545e-05
2.6299999999999998934 7.0830967077432400505e-31 1.0003741408581850545e-05
2.6400000000000001243 1.7699553399955261856e-31 1.2004489690298209473e-05
2.6499999999999999112 4.3542705205062866297e-32 1.2004489690298209473e-05
2.6600000000000001421 1.0545871332338235623e-32 1.2004489690298209473e-05
2.6699999999999999289 2.5145686195039943741e-33 2.2008231098880060017e-05
2.6800000000000001599 5.9028055476259890215e-34 1.6005986253730949352e-05
2.6899999999999999467 1.3641666377562917527e-34 2.2008231098880060017e-05
2.7000000000000001776 3.1037757358609578624e-35 2.0007482817163690925e-05
2.7099999999999999645 6.9522792067576473747e-36 1.6005986253730949352e-05
2.7200000000000001954 1.5331266712292939769e-36 8.0029931268654763699e-06
2.7299999999999999822 3.3284561114416094794e-37 8.0029931268654763699e-06
2.7400000000000002132 7.114126653354597426e-38 2.2008231098880060017e-05
2.75 1.4969741906154409605e-38 1.6005986253730949352e-05
2.7600000000000002309 3.101137301421415401e-39 1.2004489690298209473e-05
2.7700000000000000178 6.3247248837402333915e-40 6.0022448451491072774e-06
2.7800000000000002487 1.269919656313986585e-40 1.4005237972014580259e-05
2.7900000000000000355 2.5102953052589807506e-41 1.2004489690298209473e-05
2.8000000000000002665 4.885256198228475805e-42 1.0003741408581850545e-05
2.8100000000000000533 9.3597411259654099189e-43 1.2004489690298209473e-05
2.8199999999999998401 1.7654454047927365196e-43 1.0003741408581850545e-05
2.8300000000000000711 3.278375600471025876e-44 1.2004489690298209473e-05
2.8399999999999998579 5.9934529494161256967e-45 6.0022448451491072774e-06
2.8500000000000000888 1.0787258578445853217e-45 1.4005237972014580259e-05
2.8599999999999998757 1.9123481215791418733e-46 1.2004489690298209473e-05
2.8700000000000001066 3.5342798339291546323e-47 1.0003741408581850545e-05
2.8799999999999998934 4.6699902736748004687e-47 1.4005237972014580259e-05
2.8900000000000001243 8.0178625786143588629e-46 8.0029931268654763699e-06
2.8999999999999999112 1.4924603292982922794e-44 8.0029931268654763699e-06
2.9100000000000001421 2.6521611532678182409e-43 1.8006734535447318444e-05
2.9199999999999999289 4.4941187871397408082e-42 1.0003741408581850545e-05
2.9300000000000001599 7.2616922674036095876e-41 1.0003741408581850545e-05
2.9399999999999999467 1.1188857042717369572e-39 1.2004489690298209473e-05
2.9500000000000001776 1.6439722480971753738e-38 1.0003741408581850545e-05
2.9599999999999999645 2.3034071900074720334e-37 1.4005237972014580259e-05
2.9700000000000001954 3.0776652973646348604e-36 2.0007482817163690925e-05
2.9799999999999999822 3.9215144174551628884e-35 2.2008231098880060017e-05
2.9900000000000002132 4.7651406852682119449e-34 1.6005986253730949352e-05
3 5.5219856279367361676e-33 1.4005237972014580259e-05
3.0100000000000002309 6.1026864884392326083e-32 2.0007482817163690925e-05
3.0200000000000000178 6.4322392886948461549e-31 1.8006734535447318444e-05
3.0300000000000002487 6.4658898661261378023e-30 1.6005986253730949352e-05
3.0400000000000000355 6.1991136085313007423e-29 6.0022448451491072774e-06
3.0500000000000002665 5.6686140806221296295e-28 3.0011224225745539775e-05
3.0600000000000000533 4.9440366030903769517e-27 1.0003741408581850545e-05
3.0700000000000002842 4.1129758776194876741e-26 1.4005237972014580259e-05
3.0800000000000000711 3.263723328026710663e-25 1.2004489690298209473e-05
3.0899999999999998579 2.4703986085488879001e-24 1.8006734535447318444e-05
3.1000000000000000888 1.7837419044849469845e-23 2.400897938059642911e-05
3.1099999999999998757 1.2286382691884804875e-22 6.0022448451491072774e-06
3.1200000000000001066 8.0734647971586774934e-22 8.0029931268654763699e-06
3.1299999999999998934 5.0612502570122399029e-21 2.0007482817163687537e-05
3.1400000000000001243 3.0271710001186779338e-20 1.6005986253730918858e-05
3.1499999999999999112 1.7275004131539615258e-19 2.6009727662312628795e-05
3.1600000000000001421 9.4064071532718774242e-19 6.0022448451481662238e-06
3.1699999999999999289 4.8873997439496360139e-18 4.0014965634278508048e-06
3.1800000000000001599 2.4232955915165534947e-17 2.0007482816921363269e-06
3.1899999999999999467 1.1466672966141579128e-16 6.0022448450344401922e-06
3.2000000000000001776 5.1784685553126093822e-16 1.00037414080640034e-05
3.2099999999999999645 2.2321896512855669313e-15 1.4005237969782390945e-05
3.2200000000000001954 9.1846469244458556084e-15 6.0022448359644605209e-06
3.2299999999999999822 3.6077334436276099703e-14 6.0022448090717726152e-06
3.2400000000000002132 1.3529742528429344616e-13 1.4005237836717155479e-05
3.25 4.844781602563187549e-13 1.2004489205820049571e-05
3.2600000000000002309 1.6566827961275444361e-12 1.8006732878764521719e-05
3.2700000000000000178 5.4105434467232379611e-12 8.0029877163220302641e-06
3.2800000000000002487 1.6878749662445505393e-11 1.2004472811548546748e-05
3.2900000000000000355 5.0304324975735237456e-11 1.2004439385973233906e-05
3.3000000000000002665 1.432554054415245398e-10 1.8006591280041875852e-05
3.3100000000000000533 3.8988850333864516336e-10 1.4004848083511241323e-05
3.3200000000000002842 1.0143453834351160748e-09 2.2007216753496625653e-05
3.3300000000000000711 2.5231908285635429906e-09 1.4002714781186015989e-05
3.3399999999999998579 6.0027178424098066902e-09 9.9977386907394406667e-06
3.3500000000000000888 1.3661797308680309354e-08 9.9900796112731699423e-06
3.3599999999999998757 2.9755962668864248338e-08 7.9732371641966114697e-06
3.3700000000000001066 6.2045263292189042931e-08 5.940199581856918208e-06
3.3799999999999998934 1.2390664906482318957e-07 1.9883576168098866994e-05
3.3900000000000001243 2.3710386250675273953e-07 1.7769630672940566949e-05
3.3999999999999999112 4.3498543187541697047e-07 7.5680076949900590817e-06
3.4100000000000001421 7.6554073988649991008e-07 1.7241193795560819487e-05
3.4199999999999999289 1.2933643579745319047e-06 8.7103770506073192751e-06
3.4300000000000001599 2.0993030051026330297e-06 7.9044384034792170913e-06
3.4399999999999999467 3.2765786308348520665e-06 2.0732400749761575772e-05
3.4500000000000001776 4.9226607141739313385e-06 -9.2116415074119315361e-07
3.4599999999999999645 7.1271372869157610566e-06 1.2880345530247929868e-05
3.4700000000000001954 9.9571295664306161172e-06 4.6611842151234427335e-08
3.4799999999999999822 1.3443012865024463428e-05 -3.4392714564426128839e-06
3.4900000000000002132 1.7567845846004538651e-05 4.4403852528755213662e-06
3.5 2.2263576488576436425e-05 -2.2560936714127455e-06
3.5100000000000002309 2.7415712337638661265e-05 -7.4082295204749703404e-06
3.5200000000000000178 3.2876060607043799369e-05 -1.6870074353312850018e-05
3.5300000000000002487 3.8481031788929046292e-05 -2.4475793816914466033e-05
3.5400000000000000355 4.4071590005800162439e-05 -2.8065603752069213087e-05
3.5500000000000002665 4.9510702852443704567e-05 -3.7506213162145496788e-05
3.5600000000000000533 5.4695116323971197853e-05 -4.2690626633672990075e-05
3.5700000000000002842 5.9560035616466352028e-05 -5.1557042489600875658e-05
3.5800000000000000711 6.4077173340726500798e-05 -5.6074180213861024428e-05
3.5899999999999998579 6.8248029700530921994e-05 -4.6239798601650861976e-05
3.6000000000000000888 7.209486831643159262e-05 -5.8089630344417008973e-05
3.6099999999999998757 7.5651663902836810915e-05 -6.1646425930822227267e-05
3.6200000000000001066 7.8956595661722401343e-05 -7.2954350816573294066e-05
3.6299999999999998934 8.2046801253064934826e-05 -7.4043808126199458456e-05
3.6400000000000001243 8.4955382106311370049e-05 -7.8953137261162262771e-05
3.6499999999999999112 8.7710208275026239097e-05 -7.9707215148160762727e-05
3.6600000000000001421 9.0333915378233814691e-05 -7.6328677406219231044e-05
3.6699999999999999289 9.2844535729774894223e-05 -8.8843039166342156038e-05
3.6800000000000001599 9.5256355167448224035e-05 -8.5252613758866378573e-05
3.6899999999999999467 9.7580751460007200378e-05 -8.7577010051425354916e-05
3.7000000000000001776 9.9826901809613736083e-05 -8.182016727416641425e-05
3.7099999999999999645 0.00010200233144817380158 -8.7997093476159217928e-05
3.7200000000000001954 0.00010411331848743955719 -8.6106583951992235362e-05
3.7299999999999999822 0.0001061651854411549558 -9.0159199187424003056e-05
3.7400000000000002132 0.00010816250806851332564 -9.8158766659931480174e-05
3.75 0.00011010926641210755643 -0.00010610776984867481825
3.7600000000000002309 0.00011200895610812034461 -0.00010600671126297123734
3.7700000000000000178 0.0001138646723295723927 -9.7858686075841439965e-05
3.7800000000000002487 0.00011567917457256465753 -9.76724400371173357e-05
3.7900000000000000355 0.00011745493771091953714 -0.00010745119630233769168
3.8000000000000002665 0.00011919419294966584523 -0.00011319194810451673795
3.8100000000000000533 0.00012089896116418710704 -0.0001068937231921725234
3.8200000000000002842 0.00012257108037648612267 -0.0001125673389679042772
3.8300000000000000711 0.0001242122286362575055 -0.00011220773894595929094
3.8399999999999998579 0.00012582394324680298923 -0.00011582020183822114377
3.8500000000000000888 0.00012740763704721853357 -0.00011340239907520394992
3.8599999999999998757 0.00012896461229845927027 -0.00011896087088987742481
3.8700000000000001066 0.00013049607260075886568 -0.00011248933806531154385
3.8799999999999998934 0.0001320031331799912896 -0.00012600088833484218232
3.8900000000000001243 0.00013348682981188789349 -0.00012548383668502241712
3.8999999999999999112 0.00013494812659886650441 -0.00012694513347200102804
3.9100000000000001421 0.00013638792276861018762 -0.00011237894338801375851
3.9199999999999999289 0.00013780705861910031384 -0.00012380182064708573019
3.9300000000000001599 0.00013920632068001664795 -0.0001272018309897184334
3.9399999999999999467 0.00014058644607509377246 -0.00013458420122994466518
3.9500000000000001776 0.00014194812592003736734 -0.00013194438451145552187
3.9599999999999999645 0.00014329200732346195567 -0.00012928676935144737203
3.9700000000000001954 0.00014461869310569225528 -0.00013061345513367767163
3.9799999999999999822 0.00014592873764733031911 -0.00013192349967531573547
3.9900000000000002132 0.00014722263631345171211 -0.00013321739834143712846
4 0.00014850080479381736766 -0.00013449556682180278402
4.0099999999999997868 0.00014976354382092497389 -0.00011575082485073610286
4.0200000000000004619 0.0001510109847614416682 -0.00012700200538084523909
4.0300000000000002487 0.0001522430134800799664 -0.00010622580481959288082
4.0400000000000000355 0.0001534591746015092717 -0.00012344795037576373532
4.0499999999999998224 0.00015465856624402793949 -0.00014065332827201335584
4.0600000000000004974 0.00015583974560523996687 -0.00012382777309777806139
4.0700000000000002842 0.00015700067579262514208 -0.00013699319297546145116
4.0800000000000000711 0.00015813874970590184729 -0.0001281275254801563109
4.0899999999999998579 0.0001592509228143567713 -0.00012923969858861123492
4.0999999999999996447 0.00016033397021896061692 -0.00013032274599321508053
4.1100000000000003197 0.00016138485534547482607 -0.00013337437940144565877
4.1200000000000001066 0.00016240116415607033459 -0.00012638769508517569092
4.1299999999999998934 0.0001633815303530216582 -0.00012736806128212701454
4.1399999999999996803 0.00016432596493452778473 -0.00014031698555393135562
4.1500000000000003553 0.00016523601489212228627 -0.00012722179935850067706
4.1600000000000001421 0.00016611471017028914135 -0.00014010498250797634315
4.1699999999999999289 0.00016696630597665769371 -0.00013295358700646882268
4.1799999999999997158 0.00016779587441958097502 -0.00013778465019383543864
4.1900000000000003908 0.00016860883091269059054 -0.00013259536184179594688
4.2000000000000001776 0.00016941048857483734518 -0.00012739477647778299778
4.2099999999999999645 0.00017020571874859299227 -0.00014619673936799656316
4.2199999999999997513 0.00017099876652379027392 -0.0001489905354249102139
4.2300000000000004263 0.00017179323940148049179 -0.00014978500830260043177
4.2400000000000002132 0.00017259226650766752785 -0.00014858328712707109874
4.25 0.00017339882207528936131 -0.0001513905909764093013
4.2599999999999997868 0.00017421622188903669939 -0.00015620948735358937756
4.2700000000000004619 0.00017504883268010395397 -0.00014103611370991508294
4.2800000000000002487 0.00017590307805791493547 -0.00015789634352246761364
4.2900000000000000355 0.00017678887666059948957 -0.00014677765243485395318
4.2999999999999998224 0.00017772170574378837573 -0.00014971122979975920843
4.3100000000000004974 0.00017872554332478926033 -0.00012870683810086943656
4.3200000000000002842 0.00017983699945528603347 -0.0001438235303843913898
4.3300000000000000711 0.00018111099376268220327 -0.00016510500750895125053
4.3399999999999998579 0.00018262835841310418191 -0.00014861563944291531088
4.3500000000000005329 0.00018450572350666352554 -0.00015049300453647465451
4.3600000000000003197 0.0001869079506509261886 -0.00016489971955204612859
4.3700000000000001066 0.00019006319202959318115 -0.00017005570921242949022
4.3799999999999998934 0.0001942803399633187707 -0.00016626986401928960341
4.3899999999999996803 0.00019996817700289505485 -0.00016195396146927344564
4.4000000000000003553 0.0002076549369209089804 -0.00017564296441344707492
4.4100000000000001421 0.00021800626692924097148 -0.00017999205139561936227
4.4199999999999999289 0.00023183880093120959104 -0.00019782608196102072001
4.4299999999999997158 0.00025012581390873958077 -0.00021611309493855070975
4.4400000000000003908 0.00027399087093121955597 -0.00022197141560659395957
4.4500000000000001776 0.00030468518436929778372 -0.00026066872217153766369
4.4599999999999999645 0.00034354473372388914364 -0.00030953201475370027262
4.4699999999999997513 0.00039192424621321375437 -0.00034590703755272666879
4.4800000000000004263 0.00045110698243173909684 -0.00038908378751752105851
4.4900000000000002132 0.00052219191359952977019 -0.00047817545140176965016
4.5 0.00060596316604920763983 -0.00054193922103428382887
4.5099999999999997868 0.0007027502333277521173 -0.00063672553821212253371
4.5200000000000004619 0.00081229095108137025234 -0.00071825578365969030854
4.5300000000000002487 0.000933612017393534643 -0.00085158133602417410667
4.5400000000000000355 0.0010649433098890526226 -0.00096290514934050720243
4.5499999999999998224 0.0012036818602553342634 -0.0011016436997067888433
4.5600000000000004974 0.0013464187446927272391 -0.0011823573819540061664
4.5700000000000002842 0.0014890372775285167905 -0.0013309781578159554215
4.5800000000000000711 0.0016268840616702957055 -0.0014308107264241127273
4.5899999999999998579 0.0017550063365486718876 -0.0015489292580749176604
4.6000000000000005329 0.0018684406702223711663 -0.0016563613487224572354
4.6100000000000003197 0.0019625305504937661134 -0.0016824257983294320547
4.6200000000000001066 0.0020332450229517003669 -0.0017931552291457360758
4.6299999999999998934 0.0020774681768049364262 -0.0018253738823947374993
4.6399999999999996803 0.0020932305698073967563 -0.00184913927580002092
4.6500000000000003553 0.002079858660387855912 -0.0017877494221712024458
4.6600000000000001421 0.002038026456627515387 -0.0017799299337430719847
4.6699999999999999289 0.0019697038675884292157 -0.0017156088303534821303
4.6799999999999997158 0.0018780072714902399083 -0.0016339159774828640719
4.6900000000000003908 0.0017669680910922054475 -0.0014988678249801907962
4.7000000000000001776 0.0016412433081683061066 -0.001413158000414661223
4.7099999999999999645 0.001505796825774668047 -0.0013597422066663413139
4.7199999999999997513 0.0013655818774464265411 -0.001209523515110528559
4.7300000000000004263 0.0012252523354075936513 -0.0010872007021501747803
4.7400000000000002132 0.0010889253629463373999 -0.00098288570219638043447
4.75 0.00096001036428308077035 -0.00089398566916745118675
4.7599999999999997868 0.00084111079128189965206 -0.00079109208605797982829
4.7700000000000004619 0.00073399725332999555746 -0.00067397480487850448469
4.7800000000000002487 0.00063964354315111725084 -0.00058962483792719742708
4.7900000000000000355 0.00055831232004156859487 -0.00051229511138108150929
4.7999999999999998224 0.00048967458987812383271 -0.00044165663111693097449
4.8100000000000004974 0.00043294673058552471997 -0.00040493625464149555267
4.8200000000000002842 0.00038703028039398533261 -0.00034501456829693098521
4.8300000000000000711 0.00035064249371903605376 -0.00031262827818541444455
4.8399999999999998579 0.00032242916428704989197 -0.00028641569521615524831
4.8500000000000005329 0.00030105483985983768963 -0.0002830481053243903678
4.8600000000000003197 0.00028526884204044028383 -0.00025325686953297837836
4.8700000000000001066 0.00027394814684691281724 -0.00024993916746631638813
4.8799999999999998934 0.00026612002791206090715 -0.00024411179681318084713
4.8899999999999996803 0.000260968407899917008 -0.00023495868023760420979
4.9000000000000003553 0.00025782820455758174169 -0.00023581997345870168168
4.9100000000000001421 0.00025617175791989722344 -0.00022816128197586805614
4.9199999999999999289 0.00025559086857666841802 -0.00022758039263263925072
4.9299999999999997158 0.00025577723721880736953 -0.00022776676127477820223
4.9400000000000003908 0.00025650331519667929738 -0.00023449508409779923736
4.9500000000000001776 0.00025760485586361910699 -0.00023159512820130630879
4.9599999999999999645 0.00025896585696465716656 -0.00023495687758406073745
4.9699999999999997513 0.00026050612968069671201 -0.00023049490545495117562
4.9800000000000004263 0.00026217141815469767029 -0.00023015944564723576481
4.9900000000000002132 0.00026392580574696587097 -0.00024191757464808581095
5 0.00026574605419326361886 -0.00024773931965781629703
5.0099999999999997868 0.00026761750110700809795 -0.00024360852172641166884
5.0200000000000004619 0.0002695311645093782793 -0.00024952368169221458838
5.0300000000000002487 0.00027148174991693612389 -0.00024947351881805606387
5.0400000000000000355 0.00027346631119588789326 -0.00026146182150558967871
5.0499999999999998224 0.0002754833713102530844 -0.00025747663677480576256
5.0600000000000004974 0.00027753235785715968864 -0.00025352337847656325953
5.0700000000000002842 0.00027961324857292841608 -0.00024560052960273954506
5.0800000000000000711 0.0002817263534907833494 -0.00025971812239190328938
5.0899999999999998579 0.00028387218395976973519 -0.00026786619770603878245
5.1000000000000005329 0.0002860513756360397457 -0.00026404314453715968568
5.1100000000000003197 0.00028826464428338433726 -0.00026425566490278790815
5.1200000000000001066 0.00029051276110105364071 -0.0002665037817204572116
5.1299999999999998934 0.00029279653944089007594 -0.00026678681177857727774
5.1399999999999996803 0.00029511682804206075233 -0.00026310485553459884685
5.1500000000000003553 0.00029747450793225017939 -0.000267463283706504643
5.1600000000000001421 0.00029987049136337738187 -0.00027386076370106458367
5.1699999999999999289 0.00030230572186816311812 -0.00027229449764241758173
5.1799999999999997158 0.00030478117493738777176 -0.00027877144727507497356
5.1900000000000003908 0.0003072978590504659574 -0.0002792873831064367901
5.2000000000000001776 0.0003098568169202665229 -0.00029185008238481920106
5.2099999999999999645 0.00031245912688235641256 -0.00028845014750175998345
5.2199999999999997513 0.00031510590439554037696 -0.00029309767329666031694
5.2300000000000004263 0.00031779830363969069741 -0.00029378932425909426831
5.2400000000000002132 0.00032053751920672576056 -0.00029452779154441296235
5.25 0.0003233247878856746675 -0.00028931206891548579647
5.2599999999999997868 0.00032616139054545930428 -0.00027814343178426644606
5.2700000000000004619 0.00032904865412052860087 -0.00029703668161306669539
5.2800000000000002487 0.0003319879537054490912 -0.00030197672947970355482
5.2900000000000000355 0.00033498071476526902063 -0.0003149732319481053297
5.2999999999999998224 0.00033802841546910403605 -0.00031001793952507486875
5.3100000000000004974 0.00034113258915501081447 -0.00031512286149269801627
5.3200000000000002842 0.00034429482693484431089 -0.00029227537161021871449
5.3300000000000000711 0.00034751678044848185317 -0.00031750555622273631678
5.3399999999999998579 0.00035080016477751814344 -0.00030478295611703105786
5.3500000000000005329 0.00035414676152933558364 -0.00032213478902187367816
5.3600000000000003197 0.0003575584221033143318 -0.00029353447708839052084
5.3700000000000001066 0.0003610370711518911071 -0.00030501611926383277252
5.3799999999999998934 0.00036458471025019165883 -0.00031456600502627183507
5.3899999999999996803 0.0003682034217890942096 -0.00032218621312860712402
5.4000000000000003553 0.00037189537310779749533 -0.00032187666788387767156
5.4100000000000001421 0.0003756628208833038998 -0.00033764860534968229059
5.4199999999999999289 0.00037950811579570697951 -0.00032348716390764864492
5.4299999999999997158 0.00038343370748976097605 -0.00032141051257554293773
5.4400000000000003908 0.00038744214985498990267 -0.00034542643775793555527
5.4500000000000001776 0.00039153610664851689477 -0.00035352189111489528556
5.4599999999999999645 0.00039571835748693332023 -0.0003376966591361480201
5.4699999999999997513 0.0003999918042358570412 -0.00032196262306790805014
5.4800000000000004263 0.00040435947782841645103 -0.00034233628291419841271
5.4900000000000002132 0.00040882454554673963373 -0.00034680135063252159541
5.5 0.00041339031880366599973 -0.00034736562368803641614
5.5099999999999997868 0.00041806026146536595179 -0.00033602958009600541545
5.5200000000000004619 0.00042283799875939611377 -0.00030679460205782551349
5.5300000000000002487 0.00042772732681697217278 -0.00032168766606701515312
5.5400000000000000355 0.00043273222290295798977 -0.00031468807610068156265
5.5499999999999998224 0.00043785685639229272349 -0.00031981270959001635058
5.5600000000000004974 0.00044310560055743625349 -0.0003310636967813195301
5.5700000000000002842 0.00044848304523786104627 -0.00033043889843558467336
5.5800000000000000711 0.00045399401046987441534 -0.00035195584992132899517
5.5899999999999998579 0.00045964356116310955492 -0.00032559342810710228348
5.6000000000000005329 0.00046543702291906396788 -0.00030537716038175444049
5.6100000000000003197 0.00047137999909714747631 -0.00034733360926871134546
5.6200000000000001066 0.00047747838924505246142 -0.00032742226993531418303
5.6299999999999998934 0.00048373840902295726397 -0.00034568677576553839305
5.6399999999999996803 0.0004901666117654043895 -0.00031610150579911206782
5.6500000000000003553 0.00049676991184079805856 -0.00031270107719884977044
5.6600000000000001421 0.00050355560998666733675 -0.00032348826099421531133
5.6699999999999999289 0.00051053142081940530456 -0.00034046781505452452816
5.6799999999999997158 0.00051770550274047135494 -0.00030162469559106116134
5.6900000000000003908 0.00052508649048747292349 -0.00030500418313665113041
5.7000000000000001776 0.00053268353060856722496 -0.00031060046588108204506
5.7099999999999999645 0.00054050632017281778803 -0.00031042026959442480015
5.7199999999999997513 0.00054856514906816318533 -0.00029447011183321609995
5.7300000000000004263 0.00055687094628327547894 -0.0003247841528801342784
5.7400000000000002132 0.00056543533062071774358 -0.00031534180813909743184
5.75 0.00057427066634752933511 -0.00026215394167573331666
5.7599999999999997868 0.00058339012435696269848 -0.0003192913438944444183
5.7700000000000004619 0.00059280774949307956951 -0.00027468876724320867317
5.7800000000000002487 0.00060253853478012492449 -0.00030842852463489284307
5.7900000000000000355 0.00061259850340321863812 -0.00034049675164170761571
5.7999999999999998224 0.00062300479940847748421 -0.00028287758787871587719
5.8100000000000004974 0.00063377578823253083711 -0.00030765380557983685022
5.8200000000000002842 0.00064493116833713216591 -0.00029680095640454757676
5.8300000000000000711 0.00065649209541902148191 -0.00033037011276632749501
5.8399999999999998579 0.00066848132089384140492 -0.00028633839362904669763
5.8500000000000005329 0.00068092334662284354548 -0.00034679839267115692477
5.8600000000000003197 0.00069384459817066165051 -0.00032570692888676496587
5.8700000000000001066 0.00070727361926222007821 -0.00033313369240024846146
5.8799999999999998934 0.00072124129055972988327 -0.00031508939119029636105
5.8899999999999996803 0.0007357810764230648384 -0.00032562769140413505347
5.9000000000000003553 0.00075092930396874091759 -0.00034277666177455923691
5.9100000000000001421 0.00076672547952982199413 -0.00034056609370524597389
5.9199999999999999289 0.00078321264857369825556 -0.00035705326274912223532
5.9299999999999997158 0.00080043780629783772146 -0.00033026196191348044249
5.9400000000000003908 0.00081845236754819142982 -0.00040229672495118660438
5.9500000000000001776 0.00083731270645875065239 -0.00037914134812671272667
5.9599999999999999645 0.00085708077838237762321 -0.00038890567682276844848
5.9699999999999997513 0.00087782483938792052903 -0.00038363999379509392419
5.9800000000000004263 0.00089962028198975366004 -0.00038342723622086685546
5.9900000000000002132 0.00092255061005643956406 -0.00035633884814969651444
6 0.00094670858128894719644 -0.00041250876278583559556
6.0099999999999997868 0.00097219755263729763436 -0.00041398876202954721856
6.0200000000000004619 0.00099913307304931131374 -0.00042891982549307194721
6.0300000000000002487 0.0010276447797289668066 -0.00046343378975080237216
6.0400000000000000355 0.0010578786696373110397 -0.00048366393643157535621
6.0499999999999998224 0.0010899998387701784457 -0.00052178730493485678092
6.0600000000000004974 0.0011241958100388384483 -0.00051796907522181040266
6.0700000000000002842 0.0011606806100514165895 -0.00052844413120117111372
6.0800000000000000711 0.0011996998126001679613 -0.00050744093259215590497
6.0899999999999998579 0.0012415368570233900874 -0.00058128992041900947978
6.1000000000000005329 0.0012865211093423395416 -0.00052623674046224644396
6.1100000000000003197 0.0013350384597418548088 -0.00053073763230198039813
6.1200000000000001066 0.0013875460001046206575 -0.00059524968782089611105
6.1299999999999998934 0.0014445941727259043255 -0.00051824771283425722507
6.1400000000000005684 0.0015068643862231236984 -0.00059852464085804048081
6.1500000000000003553 0.0015752412770850686592 -0.00059887610105556531373
6.1600000000000001421 0.0016509646334261155864 -0.00050253516701464465317
6.1699999999999999289 0.0017359619204418896485 -0.00047549050659855571048
6.1799999999999997158 0.0018335742556769057867 -0.0003330130043718618725
6.1900000000000003908 0.0019500927314153807934 -0.0002674633882931366953
6.2000000000000001776 0.002097853796780812987 -7.7098014057386168169e-05
6.2099999999999999645 0.0023011048857971981747 0.00010779611087292874025
6.2199999999999997513 0.002606351966708646533 0.00032074273124362440851
6.2300000000000004263 0.0030991638689413544654 0.00041815162122995838678
6.2400000000000002132 0.0039289070772296451339 0.00046273521014389765171
6.25 0.005340882560036562185 -7.8914670071980781707e-05
6.2599999999999997868 0.0077111641601351216951 -0.0013127713189152196566
6.2700000000000004619 0.011573078397059176001 -0.0035000595332619881955
6.2800000000000002487 0.017617118644026603935 -0.0077054119729078676682
6.2900000000000000355 0.026641485204807982545 -0.014841072184852822577
6.2999999999999998224 0.03943322559102498126 -0.025411981690964331043
6.3100000000000004974 0.056574535180332868878 -0.040108377669456213299
6.3200000000000002842 0.078195937519392771931 -0.059498943929991526813
6.3300000000000000711 0.10373181627847367914 -0.082439852522389237
6.3399999999999998579 0.13176080721743899105 -0.10798791560657816646
6.3500000000000005329 0.1600171893814986146 -0.13422354198791436319
6.3600000000000003197 0.18562779814321575533 -0.1582255499096590079
6.3700000000000001066 0.2055640472058634094 -0.17678128275614779508
6.3799999999999998934 0.21722000353020251562 -0.18805509507638037969
6.3900000000000005684 0.21896693041018036596 -0.1897079881786444544
6.4000000000000003553 0.21052217669026551672 -0.18217557481662927099
6.4100000000000001421 0.19301760474820642277 -0.16699787321169881626
6.4199999999999999289 0.16874524621985059758 -0.14406201473198038121
6.4299999999999997158 0.14065949177168612927 -0.11847919715367560833
6.4400000000000003908 0.11178533327622934557 -0.092111974627213918931
6.4500000000000001776 0.084695454076770509966 -0.068145265192631448992
6.4599999999999999645 0.061175889200503485998 -0.046946567348177092871
6.4699999999999997513 0.042124419722399476795 -0.030678138386151555805
6.4800000000000004263 0.027651066853247977667 -0.018311574085198737555
6.4900000000000002132 0.017302418604071192337 -0.0099636740158749147189
6.5 0.010320784372907650453 -0.0047947176151690602125
6.5099999999999997868 0.005868466483256997053 -0.0016869026290394677561
6.5200000000000004619 0.003180815573921866226 -0.00016968950270719032267
6.5300000000000002487 0.0016434286494777959262 0.00062942148586349116676
6.5400000000000000355 0.00080939184268234026527 0.00062114314782204377557
6.5499999999999998224 0.00037997929360109207594 0.00063840156905961391309
6.5600000000000004974 0.00017004037906203164649 0.00048220358624335632729
6.5700000000000002842 7.2532626074240250992e-05 0.00036963273145215145296
6.5800000000000000711 2.9491873490760400788e-05 0.00029062785158385872177
6.5899999999999998579 1.1430298404461035157e-05 0.00016663629321132756786
6.6000000000000005329 4.2227737361096256044e-06 9.1813143786276095069e-05
6.6100000000000003197 1.4870378667673644641e-06 5.8535410584723705557e-05
6.6200000000000001066 4.991479299900796839e-07 2.9512076295755461044e-05
6.6299999999999998934 1.5970507396694696467e-07 3.1852267433494965265e-05
6.6400000000000005684 4.8706800278170288249e-08 1.7958027735169148427e-05
6.6500000000000003553 1.4159283024590563038e-08 1.1990330407273618827e-05
6.6600000000000001421 3.9234949726816244984e-09 1.9968247867436873108e-06
6.6699999999999999289 1.0362977865403372585e-09 6.0012085473625665359e-06
6.6799999999999997158 2.6090066255676087814e-10 -2.6090066255676087814e-10
6.6900000000000003908 6.2610113239773226748e-11 -6.2610113239773226748e-11
6.7000000000000001776 1.4321618041456026213e-11 2.0007339600983275164e-06
6.7099999999999999645 3.1226089835113617243e-12 -3.1226089835113617243e-12
6.7199999999999997513 6.4896414753274759229e-13 2.0007476327522217488e-06
6.7300000000000004263 1.2855858266568748172e-13 -1.2855858266568748172e-13
6.7400000000000002132 2.4274954978482138181e-14 -2.4274954978482138181e-14
6.75 4.3691053206643784238e-15 -4.3691053206643784238e-15
6.7599999999999997868 7.4955425761810179035e-16 -7.4955425761810179035e-16
6.7700000000000004619 1.2257161077815023882e-16 -1.2257161077815023882e-16
6.7800000000000002487 1.9105251545520556911e-17 -1.9105251545520556911e-17
6.7900000000000000355 2.8385168883887895656e-18 -2.8385168883887895656e-18
6.7999999999999998224 4.0198132852467986324e-19 -4.0198132852467986324e-19
6.8100000000000004974 5.4261999000894674723e-20 -5.4261999000894674723e-20
6.8200000000000002842 6.9816978576638709236e-21 -6.9816978576638709236e-21
6.8300000000000000711 8.5625184254368009123e-22 -8.5625184254368009123e-22
6.8399999999999998579 1.0009607757635044808e-22 -1.0009607757635044808e-22
6.8500000000000005329 1.1153406818012318519e-23 2.0007482817163690925e-06
6.8600000000000003197 1.1846030629692771102e-24 -1.1846030629692771102e-24
6.8700000000000001066 1.1992586804499369533e-25 -1.1992586804499369533e-25
6.8799999999999998934 1.1572508160180754842e-26 -1.1572508160180754842e-26
6.8900000000000005684 1.0644288246758804761e-27 -1.0644288246758804761e-27
6.9000000000000003553 9.3321168862299833188e-29 -9.3321168862299833188e-29
6.9100000000000001421 7.7986249742285879561e-30 -7.7986249742285879561e-30
6.9199999999999999289 6.2119813359192511449e-31 -6.2119813359192511449e-31
6.9299999999999997158 4.7164627480514089312e-32 -4.7164627480514089312e-32
6.9400000000000003908 3.4133180738860719378e-33 -3.4133180738860719378e-33
6.9500000000000001776 2.3545673985637044666e-34 -2.3545673985637044666e-34
6.9599999999999999645 1.5481728228692024431e-35 -1.5481728228692024431e-35
6.9699999999999997513 9.702901783724983899e-37 -9.702901783724983899e-37
6.9800000000000004263 5.7963907308977660368e-38 -5.7963907308977660368e-38
6.9900000000000002132 3.3005585063410678265e-39 -3.3005585063410678265e-39
7 1.7913932235681568064e-40 2.0007482817163690925e-06
7.0099999999999997868 9.267616954079363953e-42 -9.267616954079363953e-42
7.0200000000000004619 4.5700276805764369543e-43 -4.5700276805764369543e-43
7.0300000000000002487 2.1480438611331827604e-44 -2.1480438611331827604e-44
7.0400000000000000355 9.623675556419096215e-46 -9.623675556419096215e-46
7.0499999999999998224 4.109720356904074979e-47 -4.109720356904074979e-47
7.0600000000000004974 1.6728499926660737742e-48 -1.6728499926660737742e-48
7.0700000000000002842 6.4904545778256523453e-50 -6.4904545778256523453e-50
7.0800000000000000711 2.4003058416412275472e-51 -2.4003058416412275472e-51
7.0899999999999998579 8.4611883695990865782e-53 -8.4611883695990865782e-53
7.1000000000000005329 2.8429513316987430224e-54 -2.8429513316987430224e-54
7.1100000000000003197 9.105016404683239245e-56 2.0007482817163690925e-06
7.1200000000000001066 2.7794908852100901761e-57 -2.7794908852100901761e-57
7.1299999999999998934 8.0876613691765743581e-59 -8.0876613691765743581e-59
7.1400000000000005684 2.2431267655715747053e-60 -2.2431267655715747053e-60
7.1500000000000003553 5.930042435458009489e-62 -5.930042435458009489e-62
7.1600000000000001421 1.4942899745969339353e-63 2.0007482817163690925e-06
7.1699999999999999289 3.5890956770417557156e-65 -3.5890956770417557156e-65
7.1799999999999997158 8.2169044165266388793e-67 -8.2169044165266388793e-67
7.1900000000000003908 1.7930997754229721066e-68 -1.7930997754229721066e-68
7.2000000000000001776 3.7296980681880302741e-70 -3.7296980681880302741e-70
7.2099999999999999645 7.3946201649998019247e-72 -7.3946201649998019247e-72
7.2199999999999997513 1.3974330804809764038e-73 -1.3974330804809764038e-73
7.2300000000000004263 2.5172079903714488698e-75 -2.5172079903714488698e-75
7.2400000000000002132 4.3219535601211065301e-77 -4.3219535601211065301e-77
7.25 7.0731681603180378699e-79 -7.0731681603180378699e-79
7.2599999999999997868 1.1033689150358231653e-80 -1.1033689150358231653e-80
7.2700000000000004619 1.6405911383497401259e-82 -1.6405911383497401259e-82
7.2800000000000002487 2.3251598558530215884e-84 -2.3251598558530215884e-84
7.2900000000000000355 3.1410734495943594964e-86 -3.1410734495943594964e-86
7.2999999999999998224 4.0446055351786236522e-88 2.0007482817163690925e-06
7.3100000000000004974 4.964174509081772539e-90 -4.964174509081772539e-90
7.3200000000000002842 5.8075195604481586498e-92 2.0007482817163690925e-06
7.3300000000000000711 6.4760035791534993537e-94 -6.4760035791534993537e-94
7.3399999999999998579 6.883292457161117799e-96 -6.883292457161117799e-96
7.3500000000000005329 6.9736170298653850262e-98 -6.9736170298653850262e-98
7.3600000000000003197 6.7343034255267943943e-100 -6.7343034255267943943e-100
7.3700000000000001066 6.1986907408126620231e-102 2.0007482817163690925e-06
7.3799999999999998934 5.4385102081520652696e-104 -5.4385102081520652696e-104
7.3900000000000005684 4.5481272131919764499e-106 -4.5481272131919764499e-106
7.4000000000000003553 3.6254166426027486943e-108 -3.6254166426027486943e-108
7.4100000000000001421 2.7545832207315071946e-110 -2.7545832207315071946e-110
7.4199999999999999289 1.9949247255620080397e-112 -1.9949247255620080397e-112
7.4299999999999997158 1.3771135744820604357e-114 -1.3771135744820604357e-114
7.4400000000000003908 9.0611981015731695392e-117 -9.0611981015731695392e-117
7.4500000000000001776 5.6829534793541635693e-119 -5.6829534793541635693e-119
7.4599999999999999645 3.3973099875547811461e-121 -3.3973099875547811461e-121
7.4699999999999997513 1.9358372405145194127e-123 -1.9358372405145194127e-123
7.4800000000000004263 1.0514172176698555904e-125 -1.0514172176698555904e-125
7.4900000000000002132 5.4431950806047485921e-128 -5.4431950806047485921e-128
7.5 2.6859954687536581216e-130 -2.6859954687536581216e-130
7.5099999999999997868 1.2633660571091477648e-132 -1.2633660571091477648e-132
7.5200000000000004619 5.6640317259478199564e-135 -5.6640317259478199564e-135
7.5300000000000002487 2.4204420299189721756e-137 -2.4204420299189721756e-137
7.5400000000000000355 9.8590761581516826343e-140 -9.8590761581516826343e-140
7.5499999999999998224 3.8278091530923237638e-142 -3.8278091530923237638e-142
7.5600000000000004974 1.4165660967455722758e-144 -1.4165660967455722758e-144
7.5700000000000002842 4.9968454184934581663e-147 -4.9968454184934581663e-147
7.5800000000000000711 1.6800704066939697979e-149 -1.6800704066939697979e-149
7.5899999999999998579 5.3843283860516787108e-152 -5.3843283860516787108e-152
7.6000000000000005329 1.644780994542847533e-154 -1.644780994542847533e-154
7.6100000000000003197 4.7891351660284092562e-157 -4.7891351660284092562e-157
7.6200000000000001066 1.3291640273657292321e-159 -1.3291640273657292321e-159
7.6299999999999998934 3.5161915501766132107e-162 -3.5161915501766132107e-162
7.6400000000000005684 8.8662286901569949612e-165 -8.8662286901569949612e-165
7.6500000000000003553 2.1309721901668785667e-167 -2.1309721901668785667e-167
7.6600000000000001421 4.8819022463031658717e-170 -4.8819022463031658717e-170
7.6699999999999999289 1.0660383142633529273e-172 -1.0660383142633529273e-172
7.6799999999999997158 2.2188552986892432363e-175 -2.2188552986892432363e-175
7.6900000000000003908 4.4020763879692988274e-178 -4.4020763879692988274e-178
7.7000000000000001776 8.3245082690367803236e-181 -8.3245082690367803236e-181
7.7099999999999999645 1.5004862471992686794e-183 -1.5004862471992686794e-183
7.7199999999999997513 2.5779700036242110277e-186 -2.5779700036242110277e-186
7.7300000000000004263 4.221784931292868592e-189 -4.221784931292868592e-189
7.7400000000000002132 6.590020283000783577e-192 -6.590020283000783577e-192
7.75 9.8050495410984147868e-195 -9.8050495410984147868e-195
7.7599999999999997868 1.390545563373015496e-197 -1.390545563373015496e-197
7.7700000000000004619 1.8797194744351135119e-200 -1.8797194744351135119e-200
7.7800000000000002487 2.4219949819703784822e-203 -2.4219949819703784822e-203
7.7900000000000000355 2.9745810966901908267e-206 -2.9745810966901908267e-206
7.7999999999999998224 3.4821763412055751483e-209 -3.4821763412055751483e-209
7.8100000000000004974 3.8855103939211255185e-212 -3.8855103939211255185e-212
7.8200000000000002842 4.1325465395420574143e-215 -4.1325465395420574143e-215
7.8300000000000000711 4.1894768086608734324e-218 -4.1894768086608734324e-218
7.8399999999999998579 4.0483139358725447755e-221 -4.0483139358725447755e-221
7.8500000000000005329 3.7287299206681011938e-224 -3.7287299206681011938e-224
7.8600000000000003197 3.2735578437762261565e-227 -3.2735578437762261565e-227
7.8700000000000001066 2.7393747890751984603e-230 -2.7393747890751984603e-230
7.8799999999999998934 2.1850190599820653624e-233 -2.1850190599820653624e-233
7.8900000000000005684 1.6612360269884655956e-236 -1.6612360269884655956e-236
7.9000000000000003553 1.2038705345630947021e-239 -1.2038705345630947021e-239
7.9100000000000001421 8.3157334091779109164e-243 -8.3157334091779109164e-243
7.9199999999999999289 5.4751201825469993005e-246 -5.4751201825469993005e-246
7.930000000000000604 3.4360468565793494595e-249 -3.4360468565793494595e-249
7.9400000000000003908 2.0554022016621035094e-252 -2.0554022016621035094e-252
7.9500000000000001776 1.1719440349361385378e-255 -1.1719440349361385378e-255
7.9599999999999999645 6.3692638596395208869e-259 2.0007482817163690925e-06
7.9699999999999997513 3.299467979705612032e-262 -3.299467979705612032e-262
7.9800000000000004263 1.6291868706036093561e-265 -1.6291868706036093561e-265
7.9900000000000002132 7.6677896113132332955e-269 -7.6677896113132332955e-269
8 3.4398679817018958827e-272 -3.4398679817018958827e-272
8.0099999999999997868 1.4709085060796694835e-275 -1.4709085060796694835e-275
8.0199999999999995737 5.9951746339374560459e-279 -5.9951746339374560459e-279
8.0299999999999993605 2.3291116552713058334e-282 -2.3291116552713058334e-282
8.0400000000000009237 8.6248404143274922685e-286 -8.6248404143274922685e-286
8.0500000000000007105 3.0442766294225119209e-289 -3.0442766294225119209e-289
8.0600000000000004974 1.0242110165048863938e-292 -1.0242110165048863938e-292
8.0700000000000002842 3.2844832616710175498e-296 -3.2844832616710175498e-296
8.0800000000000000711 1.0039612288988827206e-299 -1.0039612288988827206e-299
8.0899999999999998579 2.9250891431622468297e-303 -2.9250891431622468297e-303
8.0999999999999996447 8.1233196650092515061e-307 -8.1233196650092515061e-307
8.1099999999999994316 2.1503059296123949526e-310 -2.1503059296123949526e-310
8.1200000000000009948 5.425493280120198589e-314 -5.425493280120198589e-314
8.1300000000000007816 1.3048194656163986632e-317 -1.3048194656163986632e-317
8.1400000000000005684 2.9940378137979540577e-321 -2.9940378137979540577e-321
8.1500000000000003553 0 0
8.1600000000000001421 0 0
8.1699999999999999289 0 0
8.1799999999999997158 0 0
8.1899999999999995026 0 0
8.1999999999999992895 0 0
8.2100000000000008527 0 0
8.2200000000000006395 0 0
8.2300000000000004263 0 0
8.2400000000000002132 0 0
8.25 0 0
8.2599999999999997868 0 0
8.2699999999999995737 0 0
8.2799999999999993605 0 0
8.2900000000000009237 0 0
8.3000000000000007105 0 0
8.3100000000000004974 0 0
8.3200000000000002842 0 0
8.3300000000000000711 0 0
8.3399999999999998579 0 0
8.3499999999999996447 0 0
8.3599999999999994316 0 0
8.3700000000000009948 0 0
8.3800000000000007816 0 0
8.3900000000000005684 0 0
8.4000000000000003553 0 0
8.4100000000000001421 0 2.0007482817163690925e-06
8.4199999999999999289 0 0
8.4299999999999997158 0 0
8.4399999999999995026 0 0
8.4499999999999992895 0 0
8.4600000000000008527 0 0
8.4700000000000006395 0 0
8.4800000000000004263 0 0
8.4900000000000002132 0 0
8.5 0 0
8.5099999999999997868 0 0
8.5199999999999995737 0 0
8.5299999999999993605 0 0
8.5400000000000009237 0 0
8.5500000000000007105 0 0
8.5600000000000004974 0 0
8.5700000000000002842 0 0
8.5800000000000000711 0 0
8.5899999999999998579 0 0
8.5999999999999996447 0 0
8.6099999999999994316 0 0
8.6200000000000009948 0 0
8.6300000000000007816 0 0
8.6400000000000005684 0 0
8.6500000000000003553 0 0
8.6600000000000001421 0 0
8.6699999999999999289 0 0
8.6799999999999997158 0 0
8.6899999999999995026 0 0
8.7000000000000010658 0 0
8.7100000000000008527 0 0
8.7200000000000006395 0 0
8.7300000000000004263 0 0
8.7400000000000002132 0 0
8.75 0 0
8.7599999999999997868 0 0
8.7699999999999995737 0 0
8.7799999999999993605 0 0
8.7900000000000009237 0 0
8.8000000000000007105 0 0
8.8100000000000004974 0 0
8.8200000000000002842 0 0
8.8300000000000000711 0 0
8.8399999999999998579 0 0
8.8499999999999996447 0 0
8.8599999999999994316 0 0
8.8700000000000009948 0 0
8.8800000000000007816 0 0
8.8900000000000005684 0 0
8.9000000000000003553 0 0
8.9100000000000001421 0 0
8.9199999999999999289 0 0
8.9299999999999997158 0 0
8.9399999999999995026 0 0
8.9500000000000010658 0 0
8.9600000000000008527 0 0
8.9700000000000006395 0 2.0007482817163690925e-06
8.9800000000000004263 0 0
8.9900000000000002132 0 0
9 0 0
9.0099999999999997868 0 0
9.0199999999999995737 0 0
9.0299999999999993605 0 0
9.0400000000000009237 0 0
9.0500000000000007105 0 0
9.0600000000000004974 0 0
9.0700000000000002842 0 0
9.0800000000000000711 0 0
9.0899999999999998579 0 0
9.0999999999999996447 0 0
9.1099999999999994316 0 0
9.1200000000000009948 0 0
9.1300000000000007816 0 0
9.1400000000000005684 0 0
9.1500000000000003553 0 0
9.1600000000000001421 0 0
9.1699999999999999289 0 0
9.1799999999999997158 0 0
9.1899999999999995026 0 0
9.2000000000000010658 0 0
9.2100000000000008527 0 0
9.2200000000000006395 0 0
9.2300000000000004263 0 0
9.2400000000000002132 0 0
9.25 0 0
9.2599999999999997868 0 0
9.2699999999999995737 0 0
9.2799999999999993605 0 0
9.2900000000000009237 0 0
9.3000000000000007105 0 0
9.3100000000000004974 0 0
9.3200000000000002842 0 0
9.3300000000000000711 0 0
9.3399999999999998579 0 0
9.3499999999999996447 0 0
9.3599999999999994316 0 0
9.3700000000000009948 0 0
9.3800000000000007816 0 0
9.3900000000000005684 0 0
9.4000000000000003553 0 0
9.4100000000000001421 0 0
9.4199999999999999289 0 0
9.4299999999999997158 0 0
9.4399999999999995026 0 0
9.4500000000000010658 0 0
9.4600000000000008527 0 0
9.4700000000000006395 0 0
9.4800000000000004263 0 0
9.4900000000000002132 0 0
9.5 0 0
9.5099999999999997868 0 0
9.5199999999999995737 0 0
9.5299999999999993605 0 0
9.5400000000000009237 0 0
9.5500000000000007105 0 0
9.5600000000000004974 0 0
9.5700000000000002842 0 0
9.5800000000000000711 0 0
9.5899999999999998579 0 0
9.5999999999999996447 0 0
9.6099999999999994316 0 0
9.6200000000000009948 0 0
9.6300000000000007816 0 0
9.6400000000000005684 0 0
9.6500000000000003553 0 0
9.6600000000000001421 0 0
9.6699999999999999289 0 0
9.6799999999999997158 0 0
9.6899999999999995026 0 0
9.7000000000000010658 0 0
9.7100000000000008527 0 0
9.7200000000000006395 0 0
9.7300000000000004263 0 2.0007482817163690925e-06
9.7400000000000002132 0 0
9.75 0 0
9.7599999999999997868 0 0
9.7699999999999995737 0 0
9.7799999999999993605 0 0
9.7900000000000009237 0 0
9.8000000000000007105 0 0
9.8100000000000004974 0 0
9.8200000000000002842 0 0
9.8300000000000000711 0 0
9.8399999999999998579 0 0
9.8499999999999996447 0 0
9.8599999999999994316 0 0
9.8700000000000009948 0 0
9.8800000000000007816 0 0
9.8900000000000005684 0 0
9.9000000000000003553 0 0
9.9100000000000001421 0 0
9.9199999999999999289 0 0
9.9299999999999997158 0 0
9.9399999999999995026 0 0
9.9500000000000010658 0 0
9.9600000000000008527 0 0
9.9700000000000006395 0 0
9.9800000000000004263 0 0
9.9900000000000002132 0 0
10 0 0
10.009999999999999787 0 0
10.019999999999999574 0 0
10.029999999999999361 0 0
10.040000000000000924 0 0
10.050000000000000711 0 0
10.060000000000000497 0 0
10.070000000000000284 0 0
10.080000000000000071 0 0
10.089999999999999858 0 0
10.099999999999999645 0 0
10.109999999999999432 0 0
10.120000000000000995 0 0
10.130000000000000782 0 0
10.140000000000000568 0 0
10.150000000000000355 0 0
10.160000000000000142 0 0
10.169999999999999929 0 0
10.179999999999999716 0 0
10.189999999999999503 0 0
10.200000000000001066 0 0
10.210000000000000853 0 0
10.220000000000000639 0 0
10.230000000000000426 0 0
