0 5.7757832386619461518e-38 -5.7757832386619461518e-38
0.010000000000000000208 1.0658096548377421045e-36 -1.0658096548377421045e-36
0.020000000000000000416 1.8569392254761454131e-35 -1.8569392254761454131e-35
0.02999999999999999889 3.054743054955505061e-34 -3.054743054955505061e-34
0.040000000000000000833 4.7448326171030905528e-33 -4.7448326171030905528e-33
0.050000000000000002776 6.9590059192668877137e-32 -6.9590059192668877137e-32
0.05999999999999999778 9.637517408591855587e-31 -9.637517408591855587e-31
0.070000000000000006661 1.2603381992777264864e-29 -1.2603381992777264864e-29
0.080000000000000001665 1.556417360010721913e-28 -1.556417360010721913e-28
0.089999999999999996669 1.8150810729709153452e-27 -1.8150810729709153452e-27
0.10000000000000000555 1.9989957766295692636e-26 -1.9989957766295692636e-26
0.11000000000000000056 2.079167731810427443e-25 -2.079167731810427443e-25
0.11999999999999999556 2.0424244921021619337e-24 -2.0424244921021619337e-24
0.13000000000000000444 1.8949579634922537384e-23 -1.8949579634922537384e-23
0.14000000000000001332 1.6606183394720693168e-22 -1.6606183394720693168e-22
0.14999999999999999445 1.3746046814230712291e-21 0.00023570630582980808885
0.16000000000000000333 1.0748459426744285194e-20 0.00024968889192678028885
0.17000000000000001221 7.9396158818510859528e-20 0.0002596764534246175397
0.17999999999999999334 5.5406924849066930175e-19 0.00023970133042894246878
0.19000000000000000222 3.6531581728748996111e-18 0.0002137336850864776411
0.2000000000000000111 2.275850754536336901e-17 0.00025767894112502741887
0.20999999999999999223 1.3397495736476508741e-16 0.00024769137962707892886
0.22000000000000000111 7.453232666985842289e-16 0.00024769137962646754726
0.23000000000000000999 3.9187442042629462374e-15 0.00020973866048342766502
0.23999999999999999112 1.9474846678822091354e-14 0.00030362169489179640638
0.25 9.1490070284353240567e-14 0.00023570630573831801379
0.26000000000000000888 4.0634904972550936006e-13 0.00024769137922086382824
0.27000000000000001776 1.7065059395167005063e-12 0.00021772870797911024628
0.28000000000000002665 6.7774063285005558487e-12 0.00025168639744894147695
0.28999999999999998002 2.5458751912903945084e-11 0.00025168637876759588972
0.2999999999999999889 9.0470502704190104209e-11 0.00024769128915671015639
0.30999999999999999778 3.0420089203013332846e-10 0.00026167366152329309386
0.32000000000000000666 9.680436240859373161e-10 0.00028164809157240521453
0.33000000000000001554 2.9162134899429818608e-09 0.00026966106960513456852
0.34000000000000002442 8.3187094108548594909e-09 0.00026566067161390910034
0.35000000000000003331 2.247721755955814715e-08 0.00024567139011008587695
0.35999999999999998668 5.7548578981797595635e-08 0.00021767116110663439115
0.36999999999999999556 1.3967164922248244705e-07 0.00025753926947582770832
0.38000000000000000444 3.2148716684176508266e-07 0.00025735745395820842224
0.39000000000000001332 7.0214817759826845181e-07 0.00024898674374918201065
0.4000000000000000222 1.4560094716596227382e-06 0.00027220300094609980231
0.41000000000000003109 2.8685892693504775456e-06 0.00023283771656045762401
0.41999999999999998446 5.373829555275368577e-06 0.00024831008697063995834
0.42999999999999999334 9.5808650831417548879e-06 0.00022612544074666633058
0.44000000000000000222 1.6273628532016423209e-05 0.00023141775109519646561
0.4500000000000000111 2.6366051702462621649e-05 0.00024929047101486425785
0.46000000000000001998 4.0802576490536412936e-05 0.00020289377853754156063
0.47000000000000002887 6.0408980257925587118e-05 0.00020925500556069891612
0.47999999999999998224 8.5718676935391593117e-05 0.00022988806266945399572
0.48999999999999999112 0.00011681695440465560858 0.00019479478970488555561
0.5 0.00015325095295032901055 0.00023226868803554731125
0.51000000000000000888 0.00019404094194832568684 0.00020146626053538794002
0.52000000000000001776 0.00023780054068972303577 0.00019166434178280697159
0.53000000000000002665 0.00028293987743484402993 0.00018048268502650235794
0.54000000000000003553 0.00032789996487904535423 0.00013752010988186844044
0.55000000000000004441 0.00037135938286410481984 9.406069189680897483e-05
0.56000000000000005329 0.00041236780880865586425 9.3002511943607204907e-05
0.57000000000000006217 0.00045038794547494969767 0.0001109126614575413664
0.57999999999999996003 0.00048525592393067716601 4.8079569015530357334e-05
0.58999999999999996891 0.00051708960637329140411 -5.7267487223259519111e-06
0.5999999999999999778 0.00054617962391736562394 -8.8491645796840920357e-06
0.60999999999999998668 0.00057289138712776676091 -6.9518578675071152767e-05
0.61999999999999999556 0.00059759367646509563201 -9.8215892611534945898e-05
0.63000000000000000444 0.00062061701888990652293 -0.00012123923503634583682
0.64000000000000001332 0.00064223677874201154456 -8.8926221007790324548e-05
0.6500000000000000222 0.00066267261402999763815 -9.1384445599669269014e-05
0.66000000000000003109 0.00068209644787697236261 -0.00017872363942427675447
0.67000000000000003997 0.00070064345158325205473 -0.00014333786924989591269
0.68000000000000004885 0.00071842313979438346926 -0.00021505033134168786112
0.69000000000000005773 0.00073552967083662936735 -0.00018022160080284068632
0.70000000000000006661 0.00075205157281111028461 -0.00024867876435841467647
0.70999999999999996447 0.00076808145450193608065 -0.00035659415362168276568
0.71999999999999997335 0.00078372598804900695923 -0.00026836810579890658501
0.72999999999999998224 0.00079911576585171980539 -0.00031571808039469880739
0.73999999999999999112 0.0008144137807288069587 -0.0002631007352941531997
0.75 0.00082982058527339159354 -0.00035840797361377541583
0.76000000000000000888 0.00084557403573990753964 -0.00032821864119023970441
0.77000000000000001776 0.00086194221283331345484 -0.00034258930598407815859
0.78000000000000002665 0.00087920965103626769286 -0.00035186669498876255256
0.79000000000000003553 0.00089765901025308752863 -0.00039029117720125699846
0.80000000000000004441 0.00091755206541464416018 -0.00040419169546411124697
0.81000000000000005329 0.00093911460375067966691 -0.00045571691829365866891
0.82000000000000006217 0.00096252907935191029613 -0.00043718363560397261684
0.83000000000000007105 0.0009879368571404940208 -0.00048656156098736587368
0.83999999999999996891 0.0010154493248690824557 -0.00045215120563702393061
0.8499999999999999778 0.0010451650272954885953 -0.00043592412517337846695
0.85999999999999998668 0.0010771890141571477742 -0.00050590084572681940506
0.86999999999999999556 0.0011116509819495516698 -0.00052638022742225107353
0.88000000000000000444 0.0011487201644790182888 -0.00054347428695604308238
0.89000000000000001332 0.0011886166308565499199 -0.00064928865921930092701
0.9000000000000000222 0.0012316200790354597111 -0.00061438912771507973865
0.91000000000000003109 0.001278078065442954641 -0.00066084711412257466853
0.92000000000000003997 0.0013284159433361122406 -0.00065924973043463919523
0.93000000000000004885 0.0013831509409774199893 -0.00071198721577637948295
0.94000000000000005773 0.0014429133927940916184 -0.00070782933221455327302
0.95000000000000006661 0.0015084801900498879135 -0.00068350813419747473605
0.95999999999999996447 0.0015808312399484714551 -0.00068394874131162968108
0.96999999999999997335 0.0016612539739703573952 -0.0006085656323825754891
0.97999999999999998224 0.0017515537705360822995 -0.00051309684329618721575
0.98999999999999999112 0.0018544976954329177223 -0.0005101726745236087688
1 0.0019747518577992347055 -0.00045664344145053873368
1.0100000000000000089 0.00212079481486570319 -0.00028308454700153528293
1.0200000000000000178 0.0023085955343794080027 -0.00011732576411478201975
1.0300000000000000266 0.0025681369828475606593 -0.00012518101208340050301
1.0400000000000000355 0.0029538753783073189683 -0.00011541208864412292462
1.0500000000000000444 0.0035594662704147485982 -0.00019765510751084368335
1.0600000000000000533 0.0045349781047810486939 -0.00039014235327734271552
1.0700000000000000622 0.0061010660080234885988 -0.00096945999544070966814
1.0800000000000000711 0.0085498765870082489571 -0.0014667022801089397988
1.0900000000000000799 0.012219062279123442394 -0.0024172749548736979786
1.1000000000000000888 0.017426899138385128912 -0.0032345824572385089429
1.1100000000000000977 0.024366652804184998904 -0.0038821773852597100951
1.1200000000000001066 0.032977393325675515012 -0.0034381993676314663577
1.1300000000000001155 0.042830795589479983554 -0.0027747047875257141447
1.1400000000000001243 0.053087454965002160712 -0.0010482973657914215759
1.1500000000000001332 0.062569093546063450639 -0.00058432727137282258756
1.1599999999999999201 0.069959237674977206578 0.00064678539821920455477
1.1699999999999999289 0.074093416096996531084 -0.00076678371651099641593
1.1799999999999999378 0.074253337863468410474 -0.0030041136179201621825
1.1899999999999999467 0.070363626913099913684 -0.00554838879492822179
1.1999999999999999556 0.063017740430398747065 -0.0089930552561719862004
1.2099999999999999645 0.053322162317472547588 -0.012630864816146940288
1.2199999999999999734 0.042615986705428772485 -0.013536219761377983606
1.2299999999999999822 0.032164402216116494415 -0.012387044637838903055
1.2399999999999999911 0.022922132212418202396 -0.010985005695122363259
1.25 0.015422828294533962729 -0.0087291684785966820737
1.2600000000000000089 0.0097963863482593300375 -0.0062208415439246895345
1.2700000000000000178 0.0058739710767551278278 -0.0039743379858120297596
1.2800000000000000266 0.0033245945465130324718 -0.00245168219547100023
1.2900000000000000355 0.0017761021874519678995 -0.0013825924972678217337
1.3000000000000000444 0.00089558000109275521378 -0.000753756715134956852
1.3100000000000000533 0.00042622160439145751962 -0.00036429875948465429911
1.3200000000000000622 0.00019144795026143542884 -0.00016747781721854112505
1.3300000000000000711 8.1159879840764237186e-05 -6.9174813319317085287e-05
1.3400000000000000799 3.2471328048348720467e-05 -3.0473816885649636669e-05
1.3500000000000000888 1.2260843486270499102e-05 -8.2658211608723315071e-06
1.3600000000000000977 4.3691488578459308588e-06 -2.3716376951468470612e-06
1.3700000000000001066 1.469348528609552774e-06 -1.469348528609552774e-06
1.3800000000000001155 4.6633734720833409643e-07 -4.6633734720833409643e-07
1.3900000000000001243 1.3967522791759408849e-07 1.8578359347814896827e-06
1.4000000000000001332 3.9480191398354616946e-08 -3.9480191398354616946e-08
1.4099999999999999201 1.0531179191207162087e-08 -1.0531179191207162087e-08
1.4199999999999999289 2.6510027854245983689e-09 -2.6510027854245983689e-09
1.4299999999999999378 6.2976221451496139717e-10 -6.2976221451496139717e-10
1.4399999999999999467 1.4118036053357719525e-10 -1.4118036053357719525e-10
1.4499999999999999556 2.9867679592344172808e-11 -2.9867679592344172808e-11
1.4599999999999999645 5.9628873463953633136e-12 -5.9628873463953633136e-12
1.4699999999999999734 1.1234098188731817059e-12 -1.1234098188731817059e-12
1.4799999999999999822 1.9973078869342656536e-13 -1.9973078869342656536e-13
1.4899999999999999911 3.3510108031621009843e-14 1.9975111291889755555e-06
1.5 5.3055397365781689697e-15 -5.3055397365781689697e-15
1.5100000000000000089 7.9269343926085127541e-16 -7.9269343926085127541e-16
1.5200000000000000178 1.1176401701288221911e-16 -1.1176401701288221911e-16
1.5300000000000000266 1.4870273643127921253e-17 -1.4870273643127921253e-17
1.5400000000000000355 1.8670475329753708384e-18 -1.8670475329753708384e-18
1.5500000000000000444 2.2121294751682622378e-19 -2.2121294751682622378e-19
1.5600000000000000533 2.4733399585791364614e-20 -2.4733399585791364614e-20
1.5700000000000000622 2.6096038669074356223e-21 -2.6096038669074356223e-21
1.5800000000000000711 2.5982581860845472622e-22 -2.5982581860845472622e-22
1.5900000000000000799 2.4412173400529011071e-23 -2.4412173400529011071e-23
1.6000000000000000888 2.1644448764747479192e-24 -2.1644448764747479192e-24
1.6100000000000000977 1.8109318413525986701e-25 -1.8109318413525986701e-25
1.6200000000000001066 1.429791631884469813e-26 -1.429791631884469813e-26
1.6300000000000001155 1.065266021031621546e-27 -1.065266021031621546e-27
1.6400000000000001243 7.4895841916214988946e-29 -7.4895841916214988946e-29
1.6500000000000001332 4.9690263910966805893e-30 -4.9690263910966805893e-30
1.6600000000000001421 3.1109894527131625454e-31 1.9975111626990837976e-06
1.6699999999999999289 1.8379729190510676092e-32 -1.8379729190510676092e-32
1.6799999999999999378 1.0246905344744139427e-33 -1.0246905344744139427e-33
1.6899999999999999467 5.3908732020576441549e-35 1.9975111626990837976e-06
1.6999999999999999556 2.676319943023864688e-36 -2.676319943023864688e-36
1.7099999999999999645 1.2538027650342233787e-37 -1.2538027650342233787e-37
1.7199999999999999734 5.5428415995371446336e-39 1.9975111626990837976e-06
1.7299999999999999822 2.3123179356710621569e-40 -2.3123179356710621569e-40
1.7399999999999999911 9.1027844524638204474e-42 -9.1027844524638204474e-42
1.75 3.3815234810079145415e-43 -3.3815234810079145415e-43
1.7600000000000000089 1.1853915006432526335e-44 1.9975111626990837976e-06
1.7700000000000000178 3.9212297481741793756e-46 1.9975111626990837976e-06
1.7800000000000000266 1.2240345610364742996e-47 1.9975111626990837976e-06
1.7900000000000000355 3.6055857272399605265e-49 -3.6055857272399605265e-49
1.8000000000000000444 1.002232713941390909e-50 -1.002232713941390909e-50
1.8100000000000000533 2.6288861751766853051e-52 -2.6288861751766853051e-52
1.8200000000000000622 6.5070675200423907402e-54 -6.5070675200423907402e-54
1.8300000000000000711 1.5198790742527463632e-55 -1.5198790742527463632e-55
1.8400000000000000799 3.349984712407875046e-57 -3.349984712407875046e-57
1.8500000000000000888 6.9676537752890109083e-59 1.9975111626990837976e-06
1.8600000000000000977 1.3675402989057981256e-60 -1.3675402989057981256e-60
1.8700000000000001066 2.5328147586346890915e-62 -2.5328147586346890915e-62
1.8800000000000001155 4.4266618015785007856e-64 -4.4266618015785007856e-64
1.8900000000000001243 7.3006037542063297905e-66 -7.3006037542063297905e-66
1.9000000000000001332 1.1361891437961164409e-67 3.9950223253981675953e-06
1.9100000000000001421 1.6685984065207931646e-69 -1.6685984065207931646e-69
1.9199999999999999289 2.3123962506709831372e-71 3.9950223253981675953e-06
1.9299999999999999378 3.024000415066821901e-73 -3.024000415066821901e-73
1.9399999999999999467 3.731732566213705584e-75 -3.731732566213705584e-75
1.9499999999999999556 4.34558427223752998e-77 -4.34558427223752998e-77
1.9599999999999999645 4.7752351486353964156e-79 -4.7752351486353964156e-79
1.9699999999999999734 4.9516529489436591429e-81 -4.9516529489436591429e-81
1.9799999999999999822 4.8452301794065718609e-83 -4.8452301794065718609e-83
1.9899999999999999911 4.4739110091309269496e-85 -4.4739110091309269496e-85
2 3.8982430764157003063e-87 -3.8982430764157003063e-87
2.0100000000000002309 3.2052290918691501316e-89 -3.2052290918691501316e-89
2.0200000000000000178 2.4868967795576701694e-91 3.9950223253981675953e-06
2.0300000000000002487 1.8208111745683103443e-93 -1.8208111745683103443e-93
2.0400000000000000355 1.2579995043197677059e-95 -1.2579995043197677059e-95
2.0499999999999998224 8.201709550629335353e-98 1.9975111626990837976e-06
2.0600000000000000533 5.0458763506133414109e-100 -5.0458763506133414109e-100
2.0699999999999998401 2.9293891906048889808e-102 -2.9293891906048889808e-102
2.0800000000000000711 1.6048178591251743853e-104 -1.6048178591251743853e-104
2.0899999999999998579 8.296264287715607115e-107 1.9975111626990837976e-06
2.1000000000000000888 4.0471333879392225083e-109 1.9975111626990837976e-06
2.1099999999999998757 1.8630328971265324986e-111 -1.8630328971265324986e-111
2.1200000000000001066 8.0928511286292406553e-114 -8.0928511286292406553e-114
2.1299999999999998934 3.3173443892760109829e-116 -3.3173443892760109829e-116
2.1400000000000001243 1.2831797846679836693e-118 -1.2831797846679836693e-118
2.1499999999999999112 4.6837354767399901832e-121 5.9925332607235759497e-06
2.1600000000000001421 1.613262627730526335e-123 1.9975111626990837976e-06
2.1699999999999999289 5.243552414546086399e-126 1.9975111626990837976e-06
2.1800000000000001599 1.6082514248257103999e-128 1.9975111626990837976e-06
2.1899999999999999467 4.6546821747243054596e-131 -4.6546821747243054596e-131
2.2000000000000001776 1.2712584203533319242e-133 3.9950223253981675953e-06
2.2099999999999999645 3.27631268068950594e-136 1.9975111626990837976e-06
2.2200000000000001954 7.9679114905089516173e-139 3.9950223253981675953e-06
2.2299999999999999822 1.8285687233964919456e-141 9.9875551313743926585e-06
2.2400000000000002132 3.9599132382208702025e-144 5.9925332607235759497e-06
2.25 8.0922189062767049235e-147 5.9925332607235759497e-06
2.2600000000000002309 1.5604760753908299124e-149 3.9950223253981675953e-06
2.2700000000000000178 2.839580069653121578e-152 1.5980089301592670381e-05
2.2800000000000002487 4.8759428851890416738e-155 1.3982577911519909446e-05
2.2900000000000000355 7.9007907563574170993e-158 1.1985066521447150205e-05
2.3000000000000002665 1.2080640062207757657e-160 9.9875551313743926585e-06
2.3100000000000000533 1.7430776702624791517e-163 1.5980089301592670381e-05
2.3199999999999998401 2.3732906026129271509e-166 1.9975110262748788705e-05
2.3300000000000000711 3.0492459950396491227e-169 3.5955199564341462474e-05
2.3399999999999998579 3.6969309925777942904e-172 2.7965155823039818892e-05
2.3500000000000000888 4.2295829166068361899e-175 3.1960178603185340762e-05
2.3599999999999998757 4.5662642243332045614e-178 3.9950220525497570634e-05
2.3700000000000001066 4.6519153930384765701e-181 1.7977599782170731237e-05
2.3799999999999998934 4.4720827452123956939e-184 1.9975110262748788705e-05
2.3900000000000001243 4.0569073304887849327e-187 3.9950223253981675953e-06
2.3999999999999999112 3.4728622591558910955e-190 9.9875551313743926585e-06
2.4100000000000001421 2.8053511150952519259e-193 1.9975110262748788705e-05
2.4199999999999999289 2.138425219130540723e-196 5.9925332607235759497e-06
2.4300000000000001599 1.5381832168453778771e-199 3.9950223253981675953e-06
2.4399999999999999467 1.044069020922719466e-202 3.9950223253981675953e-06
2.4500000000000001776 6.6874026696359281221e-206 -6.6874026696359281221e-206
2.4599999999999999645 4.0419677570806201487e-209 -4.0419677570806201487e-209
2.4700000000000001954 2.3053416943112381495e-212 -2.3053416943112381495e-212
2.4799999999999999822 1.2407515847002376267e-215 -1.2407515847002376267e-215
2.4900000000000002132 6.3014635682139962587e-219 -6.3014635682139962587e-219
2.5 3.0199869276797893832e-222 -3.0199869276797893832e-222
2.5100000000000002309 1.3657641963813254888e-225 1.9975111626990837976e-06
2.5200000000000000178 5.8284543076298219834e-229 -5.8284543076298219834e-229
2.5300000000000002487 2.3471349843017240357e-232 -2.3471349843017240357e-232
2.5400000000000000355 8.9192784223400612471e-236 -8.9192784223400612471e-236
2.5500000000000002665 3.1983673634344266364e-239 -3.1983673634344266364e-239
2.5600000000000000533 1.0822657776670623325e-242 -1.0822657776670623325e-242
2.5699999999999998401 3.4557828869615012354e-246 -3.4557828869615012354e-246
2.5800000000000000711 1.0412761083155117587e-249 -1.0412761083155117587e-249
2.5899999999999998579 2.9606854915682557263e-253 -2.9606854915682557263e-253
2.6000000000000000888 7.9437497169596737936e-257 -7.9437497169596737936e-257
2.6099999999999998757 2.0112484500772252028e-260 -2.0112484500772252028e-260
2.6200000000000001066 4.8052144415391153844e-264 -4.8052144415391153844e-264
2.6299999999999998934 1.0833447783265130525e-267 -1.0833447783265130525e-267
2.6400000000000001243 2.3047693683884436397e-271 -2.3047693683884436397e-271
2.6499999999999999112 4.6269531193945720932e-275 -4.6269531193945720932e-275
2.6600000000000001421 8.7653560358644670361e-279 -8.7653560358644670361e-279
2.6699999999999999289 1.5669345207481734686e-282 -1.5669345207481734686e-282
2.6800000000000001599 2.6432543197804286039e-286 -2.6432543197804286039e-286
2.6899999999999999467 4.2075942922257680295e-290 -4.2075942922257680295e-290
2.7000000000000001776 6.3202689347213883593e-294 -6.3202689347213883593e-294
2.7099999999999999645 8.9586804123075475892e-298 -8.9586804123075475892e-298
2.7200000000000001954 1.1982827420109647359e-301 -1.1982827420109647359e-301
2.7299999999999999822 1.5124510590281857476e-305 -1.5124510590281857476e-305
2.7400000000000002132 1.8013998080494771523e-309 -1.8013998080494771523e-309
2.75 2.0246298742426041147e-313 -2.0246298742426041147e-313
2.7600000000000002309 2.1472759956882460493e-317 -2.1472759956882460493e-317
2.7700000000000000178 2.1491855594094224672e-321 -2.1491855594094224672e-321
2.7800000000000002487 0 0
2.7900000000000000355 0 0
2.8000000000000002665 0 0
2.8100000000000000533 0 0
2.8199999999999998401 0 0
2.8300000000000000711 0 0
2.8399999999999998579 0 0
2.8500000000000000888 0 0
2.8599999999999998757 0 0
2.8700000000000001066 0 0
2.8799999999999998934 0 0
2.8900000000000001243 0 0
2.8999999999999999112 0 0
2.9100000000000001421 0 0
2.9199999999999999289 0 0
2.9300000000000001599 0 0
2.9399999999999999467 0 0
2.9500000000000001776 0 0
2.9599999999999999645 0 0
2.9700000000000001954 0 0
2.9799999999999999822 0 0
2.9900000000000002132 0 0
3 0 0
3.0100000000000002309 0 0
3.0200000000000000178 0 0
3.0300000000000002487 0 0
3.0400000000000000355 0 0
3.0500000000000002665 0 0
3.0600000000000000533 0 0
3.0700000000000002842 0 0
3.0800000000000000711 0 0
3.0899999999999998579 0 0
3.1000000000000000888 0 0
3.1099999999999998757 0 0
3.1200000000000001066 0 0
3.1299999999999998934 0 0
3.1400000000000001243 0 0
3.1499999999999999112 0 0
3.1600000000000001421 0 0
3.1699999999999999289 0 0
3.1800000000000001599 0 0
3.1899999999999999467 0 0
3.2000000000000001776 0 0
3.2099999999999999645 0 0
3.2200000000000001954 0 0
3.2299999999999999822 0 0
3.2400000000000002132 0 0
3.25 0 0
3.2600000000000002309 0 0
3.2700000000000000178 0 0
3.2800000000000002487 0 0
3.2900000000000000355 0 0
3.3000000000000002665 0 0
3.3100000000000000533 0 0
3.3200000000000002842 0 0
3.3300000000000000711 0 0
3.3399999999999998579 0 0
3.3500000000000000888 0 0
3.3599999999999998757 0 0
3.3700000000000001066 0 0
3.3799999999999998934 0 0
3.3900000000000001243 0 0
3.3999999999999999112 0 0
3.4100000000000001421 0 0
3.4199999999999999289 0 0
3.4300000000000001599 0 0
3.4399999999999999467 0 0
3.4500000000000001776 0 0
3.4599999999999999645 0 0
3.4700000000000001954 0 0
3.4799999999999999822 0 0
3.4900000000000002132 0 0
3.5 0 0
3.5100000000000002309 0 0
3.5200000000000000178 0 0
3.5300000000000002487 0 0
3.5400000000000000355 0 0
3.5500000000000002665 0 0
3.5600000000000000533 0 0
3.5700000000000002842 0 0
3.5800000000000000711 0 0
3.5899999999999998579 0 0
3.6000000000000000888 0 0
3.6099999999999998757 0 0
3.6200000000000001066 0 0
3.6299999999999998934 0 0
3.6400000000000001243 0 0
3.6499999999999999112 0 0
3.6600000000000001421 0 0
3.6699999999999999289 0 0
3.6800000000000001599 0 0
3.6899999999999999467 0 0
3.7000000000000001776 0 0
3.7099999999999999645 0 0
3.7200000000000001954 0 0
3.7299999999999999822 0 0
3.7400000000000002132 0 0
3.75 0 0
3.7600000000000002309 0 0
3.7700000000000000178 0 0
3.7800000000000002487 0 0
3.7900000000000000355 0 0
3.8000000000000002665 0 0
3.8100000000000000533 0 0
3.8200000000000002842 0 0
3.8300000000000000711 0 0
3.8399999999999998579 0 0
3.8500000000000000888 0 0
3.8599999999999998757 0 0
3.8700000000000001066 0 0
3.8799999999999998934 0 0
3.8900000000000001243 0 0
3.8999999999999999112 0 0
3.9100000000000001421 0 0
3.9199999999999999289 0 0
3.9300000000000001599 0 0
3.9399999999999999467 0 0
3.9500000000000001776 0 0
3.9599999999999999645 0 0
3.9700000000000001954 0 0
3.9799999999999999822 0 0
3.9900000000000002132 0 0
4 0 0
4.0099999999999997868 0 0
4.0200000000000004619 0 0
4.0300000000000002487 0 0
4.0400000000000000355 0 0
4.0499999999999998224 0 0
4.0600000000000004974 0 0
4.0700000000000002842 0 0
4.0800000000000000711 0 0
4.0899999999999998579 0 0
4.0999999999999996447 0 0
4.1100000000000003197 0 0
4.1200000000000001066 0 0
4.1299999999999998934 0 0
4.1399999999999996803 0 0
4.1500000000000003553 0 0
4.1600000000000001421 0 0
4.1699999999999999289 0 0
4.1799999999999997158 0 0
4.1900000000000003908 0 0
4.2000000000000001776 0 0
4.2099999999999999645 0 0
4.2199999999999997513 0 0
4.2300000000000004263 0 0
4.2400000000000002132 0 0
4.25 0 0
4.2599999999999997868 0 0
4.2700000000000004619 0 0
4.2800000000000002487 0 0
4.2900000000000000355 0 0
4.2999999999999998224 0 0
4.3100000000000004974 0 0
4.3200000000000002842 0 0
4.3300000000000000711 0 0
4.3399999999999998579 0 0
4.3500000000000005329 0 0
4.3600000000000003197 0 0
4.3700000000000001066 0 0
4.3799999999999998934 0 0
4.3899999999999996803 0 0
4.4000000000000003553 0 0
4.4100000000000001421 0 0
4.4199999999999999289 0 0
4.4299999999999997158 0 0
4.4400000000000003908 0 0
4.4500000000000001776 0 0
4.4599999999999999645 0 0
4.4699999999999997513 0 0
4.4800000000000004263 0 0
4.4900000000000002132 0 0
4.5 0 0
4.5099999999999997868 0 0
4.5200000000000004619 0 0
4.5300000000000002487 0 0
4.5400000000000000355 0 0
4.5499999999999998224 0 0
4.5600000000000004974 0 0
4.5700000000000002842 0 0
4.5800000000000000711 0 0
4.5899999999999998579 0 0
4.6000000000000005329 0 0
4.6100000000000003197 0 0
4.6200000000000001066 0 0
4.6299999999999998934 0 0
4.6399999999999996803 0 0
4.6500000000000003553 0 0
4.6600000000000001421 0 0
4.6699999999999999289 0 0
4.6799999999999997158 0 0
4.6900000000000003908 0 0
4.7000000000000001776 0 0
4.7099999999999999645 0 0
4.7199999999999997513 0 0
4.7300000000000004263 0 0
4.7400000000000002132 0 0
4.75 0 0
4.7599999999999997868 0 0
4.7700000000000004619 0 0
4.7800000000000002487 0 0
4.7900000000000000355 0 0
4.7999999999999998224 0 0
4.8100000000000004974 0 0
4.8200000000000002842 0 0
4.8300000000000000711 0 0
4.8399999999999998579 0 0
4.8500000000000005329 0 0
4.8600000000000003197 0 0
4.8700000000000001066 0 0
4.8799999999999998934 0 0
4.8899999999999996803 0 0
4.9000000000000003553 0 0
4.9100000000000001421 0 0
4.9199999999999999289 0 0
4.9299999999999997158 0 0
4.9400000000000003908 0 0
4.9500000000000001776 0 0
4.9599999999999999645 0 0
4.9699999999999997513 0 0
4.9800000000000004263 0 0
4.9900000000000002132 0 0
5 0 0
5.0099999999999997868 0 0
5.0200000000000004619 0 0
5.0300000000000002487 0 0
5.0400000000000000355 0 0
5.0499999999999998224 0 0
5.0600000000000004974 0 0
5.0700000000000002842 0 0
5.0800000000000000711 0 0
5.0899999999999998579 0 0
5.1000000000000005329 0 0
5.1100000000000003197 0 0
5.1200000000000001066 0 0
5.1299999999999998934 0 0
5.1399999999999996803 0 0
5.1500000000000003553 0 0
5.1600000000000001421 0 0
5.1699999999999999289 0 0
5.1799999999999997158 0 0
5.1900000000000003908 0 0
5.2000000000000001776 0 0
5.2099999999999999645 0 0
5.2199999999999997513 0 0
5.2300000000000004263 0 0
5.2400000000000002132 0 0
5.25 0 0
5.2599999999999997868 0 0
5.2700000000000004619 0 0
5.2800000000000002487 0 0
5.2900000000000000355 0 0
5.2999999999999998224 0 0
5.3100000000000004974 0 0
5.3200000000000002842 0 0
5.3300000000000000711 0 0
5.3399999999999998579 0 0
5.3500000000000005329 0 0
5.3600000000000003197 0 0
5.3700000000000001066 0 0
5.3799999999999998934 0 0
5.3899999999999996803 0 0
5.4000000000000003553 0 0
5.4100000000000001421 0 0
5.4199999999999999289 0 0
5.4299999999999997158 0 0
5.4400000000000003908 0 0
5.4500000000000001776 0 0
5.4599999999999999645 0 0
5.4699999999999997513 0 0
5.4800000000000004263 0 0
5.4900000000000002132 0 0
5.5 0 0
5.5099999999999997868 0 0
5.5200000000000004619 0 0
5.5300000000000002487 0 0
5.5400000000000000355 0 0
5.5499999999999998224 0 0
5.5600000000000004974 0 0
5.5700000000000002842 0 0
5.5800000000000000711 0 0
5.5899999999999998579 0 0
5.6000000000000005329 0 0
5.6100000000000003197 0 0
5.6200000000000001066 0 0
5.6299999999999998934 0 0
5.6399999999999996803 0 0
5.6500000000000003553 0 0
5.6600000000000001421 0 0
5.6699999999999999289 0 0
5.6799999999999997158 0 0
5.6900000000000003908 0 0
5.7000000000000001776 0 0
5.7099999999999999645 0 0
5.7199999999999997513 0 0
5.7300000000000004263 0 0
5.7400000000000002132 0 0
5.75 0 0
5.7599999999999997868 0 0
5.7700000000000004619 0 0
5.7800000000000002487 0 0
5.7900000000000000355 0 0
5.7999999999999998224 0 0
5.8100000000000004974 0 0
5.8200000000000002842 0 0
5.8300000000000000711 0 0
5.8399999999999998579 0 0
5.8500000000000005329 0 0
5.8600000000000003197 0 0
5.8700000000000001066 0 0
5.8799999999999998934 0 0
5.8899999999999996803 0 0
5.9000000000000003553 0 0
5.9100000000000001421 0 0
5.9199999999999999289 0 0
5.9299999999999997158 0 0
5.9400000000000003908 0 0
5.9500000000000001776 0 0
5.9599999999999999645 0 0
5.9699999999999997513 0 0
5.9800000000000004263 0 0
5.9900000000000002132 0 0
6 0 0
6.0099999999999997868 0 0
6.0200000000000004619 0 0
6.0300000000000002487 0 0
6.0400000000000000355 0 0
6.0499999999999998224 0 0
6.0600000000000004974 0 0
6.0700000000000002842 0 0
6.0800000000000000711 0 0
6.0899999999999998579 0 0
6.1000000000000005329 0 0
6.1100000000000003197 0 0
6.1200000000000001066 0 0
6.1299999999999998934 0 0
6.1400000000000005684 0 0
6.1500000000000003553 0 0
6.1600000000000001421 0 0
6.1699999999999999289 0 0
6.1799999999999997158 0 0
6.1900000000000003908 0 0
6.2000000000000001776 0 0
6.2099999999999999645 0 0
6.2199999999999997513 0 0
6.2300000000000004263 0 0
6.2400000000000002132 0 0
6.25 0 0
6.2599999999999997868 0 0
6.2700000000000004619 0 0
6.2800000000000002487 0 0
6.2900000000000000355 0 0
6.2999999999999998224 0 0
6.3100000000000004974 0 0
6.3200000000000002842 0 0
6.3300000000000000711 0 0
6.3399999999999998579 0 0
6.3500000000000005329 0 0
6.3600000000000003197 0 0
6.3700000000000001066 0 0
6.3799999999999998934 0 0
6.3900000000000005684 0 0
6.4000000000000003553 0 0
6.4100000000000001421 0 0
6.4199999999999999289 0 0
6.4299999999999997158 0 0
6.4400000000000003908 0 0
6.4500000000000001776 0 0
6.4599999999999999645 0 0
6.4699999999999997513 0 0
6.4800000000000004263 0 0
6.4900000000000002132 0 0
6.5 0 0
6.5099999999999997868 0 0
6.5200000000000004619 0 0
6.5300000000000002487 0 0
6.5400000000000000355 0 0
6.5499999999999998224 0 0
6.5600000000000004974 0 0
6.5700000000000002842 0 0
6.5800000000000000711 0 0
6.5899999999999998579 0 0
6.6000000000000005329 0 0
6.6100000000000003197 0 0
6.6200000000000001066 0 0
6.6299999999999998934 0 0
6.6400000000000005684 0 0
6.6500000000000003553 0 0
6.6600000000000001421 0 0
6.6699999999999999289 0 0
6.6799999999999997158 0 0
6.6900000000000003908 0 0
6.7000000000000001776 0 0
6.7099999999999999645 0 0
6.7199999999999997513 0 0
6.7300000000000004263 0 0
6.7400000000000002132 0 0
6.75 0 0
6.7599999999999997868 0 0
6.7700000000000004619 0 0
6.7800000000000002487 0 0
6.7900000000000000355 0 0
6.7999999999999998224 0 0
6.8100000000000004974 0 0
6.8200000000000002842 0 0
6.8300000000000000711 0 0
6.8399999999999998579 0 0
6.8500000000000005329 0 0
6.8600000000000003197 0 0
6.8700000000000001066 0 0
6.8799999999999998934 0 0
6.8900000000000005684 0 0
6.9000000000000003553 0 0
6.9100000000000001421 0 0
6.9199999999999999289 0 0
6.9299999999999997158 0 0
6.9400000000000003908 0 0
6.9500000000000001776 0 0
6.9599999999999999645 0 0
6.9699999999999997513 0 0
6.9800000000000004263 0 0
6.9900000000000002132 0 0
7 0 0
7.0099999999999997868 0 0
7.0200000000000004619 0 0
7.0300000000000002487 0 0
7.0400000000000000355 0 0
7.0499999999999998224 0 0
7.0600000000000004974 0 0
7.0700000000000002842 0 0
7.0800000000000000711 0 0
7.0899999999999998579 0 0
7.1000000000000005329 0 0
7.1100000000000003197 0 0
7.1200000000000001066 0 0
7.1299999999999998934 0 0
7.1400000000000005684 0 0
7.1500000000000003553 0 0
7.1600000000000001421 0 0
7.1699999999999999289 0 0
7.1799999999999997158 0 0
7.1900000000000003908 0 0
7.2000000000000001776 0 0
7.2099999999999999645 0 0
7.2199999999999997513 0 0
7.2300000000000004263 0 0
7.2400000000000002132 0 0
7.25 0 0
7.2599999999999997868 0 0
7.2700000000000004619 0 0
7.2800000000000002487 0 0
7.2900000000000000355 0 0
7.2999999999999998224 0 0
7.3100000000000004974 0 0
7.3200000000000002842 0 0
7.3300000000000000711 0 0
7.3399999999999998579 0 0
7.3500000000000005329 0 0
7.3600000000000003197 0 0
7.3700000000000001066 0 0
7.3799999999999998934 0 0
7.3900000000000005684 0 0
7.4000000000000003553 0 0
7.4100000000000001421 0 0
7.4199999999999999289 0 0
7.4299999999999997158 0 0
7.4400000000000003908 0 0
7.4500000000000001776 0 0
7.4599999999999999645 0 0
7.4699999999999997513 0 0
7.4800000000000004263 0 0
7.4900000000000002132 0 0
7.5 0 0
7.5099999999999997868 0 0
7.5200000000000004619 0 0
7.5300000000000002487 0 0
7.5400000000000000355 0 0
7.5499999999999998224 0 0
7.5600000000000004974 0 0
7.5700000000000002842 0 0
7.5800000000000000711 0 0
7.5899999999999998579 0 0
7.6000000000000005329 0 0
7.6100000000000003197 0 0
7.6200000000000001066 0 0
7.6299999999999998934 0 0
7.6400000000000005684 0 0
7.6500000000000003553 0 0
7.6600000000000001421 0 0
7.6699999999999999289 0 0
7.6799999999999997158 0 0
7.6900000000000003908 0 0
7.7000000000000001776 0 0
7.7099999999999999645 0 0
7.7199999999999997513 0 0
7.7300000000000004263 0 0
7.7400000000000002132 0 0
7.75 0 0
7.7599999999999997868 0 0
7.7700000000000004619 0 0
7.7800000000000002487 0 0
7.7900000000000000355 0 0
7.7999999999999998224 0 0
7.8100000000000004974 0 0
7.8200000000000002842 0 0
7.8300000000000000711 0 0
7.8399999999999998579 0 0
7.8500000000000005329 0 0
7.8600000000000003197 0 0
7.8700000000000001066 0 0
7.8799999999999998934 0 0
7.8900000000000005684 0 0
7.9000000000000003553 0 0
7.9100000000000001421 0 0
7.9199999999999999289 0 0
7.930000000000000604 0 0
7.9400000000000003908 0 0
7.9500000000000001776 0 0
7.9599999999999999645 0 0
7.9699999999999997513 0 0
7.9800000000000004263 0 0
7.9900000000000002132 0 0
8 0 0
8.0099999999999997868 0 0
8.0199999999999995737 0 0
8.0299999999999993605 0 0
8.0400000000000009237 0 0
8.0500000000000007105 0 0
8.0600000000000004974 0 0
8.0700000000000002842 0 0
8.0800000000000000711 0 0
8.0899999999999998579 0 0
8.0999999999999996447 0 0
8.1099999999999994316 0 0
8.1200000000000009948 0 0
8.1300000000000007816 0 0
8.1400000000000005684 0 0
8.1500000000000003553 0 0
8.1600000000000001421 0 0
8.1699999999999999289 0 0
8.1799999999999997158 0 0
8.1899999999999995026 0 0
8.1999999999999992895 0 0
8.2100000000000008527 0 0
8.2200000000000006395 0 0
8.2300000000000004263 0 0
8.2400000000000002132 0 0
8.25 0 0
8.2599999999999997868 0 0
8.2699999999999995737 0 0
8.2799999999999993605 0 0
8.2900000000000009237 0 0
8.3000000000000007105 0 0
8.3100000000000004974 0 0
8.3200000000000002842 0 0
8.3300000000000000711 0 0
8.3399999999999998579 0 0
8.3499999999999996447 0 0
8.3599999999999994316 0 0
8.3700000000000009948 0 0
8.3800000000000007816 0 0
8.3900000000000005684 0 0
8.4000000000000003553 0 0
8.4100000000000001421 0 0
8.4199999999999999289 0 0
8.4299999999999997158 0 0
8.4399999999999995026 0 0
8.4499999999999992895 0 0
8.4600000000000008527 0 0
8.4700000000000006395 0 0
8.4800000000000004263 0 0
8.4900000000000002132 0 0
8.5 0 0
8.5099999999999997868 0 0
8.5199999999999995737 0 0
8.5299999999999993605 0 0
8.5400000000000009237 0 0
8.5500000000000007105 0 0
8.5600000000000004974 0 0
8.5700000000000002842 0 0
8.5800000000000000711 0 0
8.5899999999999998579 0 0
8.5999999999999996447 0 0
8.6099999999999994316 0 0
8.6200000000000009948 0 0
8.6300000000000007816 0 0
8.6400000000000005684 0 0
8.6500000000000003553 0 0
8.6600000000000001421 0 0
8.6699999999999999289 0 0
8.6799999999999997158 0 0
8.6899999999999995026 0 0
8.7000000000000010658 0 0
8.7100000000000008527 0 0
8.7200000000000006395 0 0
8.7300000000000004263 0 0
8.7400000000000002132 0 0
8.75 0 0
8.7599999999999997868 0 0
8.7699999999999995737 0 0
8.7799999999999993605 0 0
8.7900000000000009237 0 0
8.8000000000000007105 0 0
8.8100000000000004974 0 0
8.8200000000000002842 0 0
8.8300000000000000711 0 0
8.8399999999999998579 0 0
8.8499999999999996447 0 0
8.8599999999999994316 0 0
8.8700000000000009948 0 0
8.8800000000000007816 0 0
8.8900000000000005684 0 0
8.9000000000000003553 0 0
8.9100000000000001421 0 0
8.9199999999999999289 0 0
8.9299999999999997158 0 0
8.9399999999999995026 0 0
8.9500000000000010658 0 0
8.9600000000000008527 0 0
8.9700000000000006395 0 0
8.9800000000000004263 0 0
8.9900000000000002132 0 0
9 0 0
9.0099999999999997868 0 0
9.0199999999999995737 0 0
9.0299999999999993605 0 0
9.0400000000000009237 0 0
9.0500000000000007105 0 0
9.0600000000000004974 0 0
9.0700000000000002842 0 0
9.0800000000000000711 0 0
9.0899999999999998579 0 0
9.0999999999999996447 0 0
9.1099999999999994316 0 0
9.1200000000000009948 0 0
9.1300000000000007816 0 0
9.1400000000000005684 0 0
9.1500000000000003553 0 0
9.1600000000000001421 0 0
9.1699999999999999289 0 0
9.1799999999999997158 0 0
9.1899999999999995026 0 0
9.2000000000000010658 0 0
9.2100000000000008527 0 0
9.2200000000000006395 0 0
9.2300000000000004263 0 0
9.2400000000000002132 0 0
9.25 0 0
9.2599999999999997868 0 0
9.2699999999999995737 0 0
9.2799999999999993605 0 0
9.2900000000000009237 0 0
9.3000000000000007105 0 0
9.3100000000000004974 0 0
9.3200000000000002842 0 0
9.3300000000000000711 0 0
9.3399999999999998579 0 0
9.3499999999999996447 0 0
9.3599999999999994316 0 0
9.3700000000000009948 0 0
9.3800000000000007816 0 0
9.3900000000000005684 0 0
9.4000000000000003553 0 0
9.4100000000000001421 0 0
9.4199999999999999289 0 0
9.4299999999999997158 0 0
9.4399999999999995026 0 0
9.4500000000000010658 0 0
9.4600000000000008527 0 0
9.4700000000000006395 0 0
9.4800000000000004263 0 0
9.4900000000000002132 0 0
9.5 0 0
9.5099999999999997868 0 0
9.5199999999999995737 0 0
9.5299999999999993605 0 0
9.5400000000000009237 0 0
9.5500000000000007105 0 0
9.5600000000000004974 0 0
9.5700000000000002842 0 0
9.5800000000000000711 0 0
9.5899999999999998579 0 0
9.5999999999999996447 0 0
9.6099999999999994316 0 0
9.6200000000000009948 0 0
9.6300000000000007816 0 0
9.6400000000000005684 0 0
9.6500000000000003553 0 0
9.6600000000000001421 0 0
9.6699999999999999289 0 0
9.6799999999999997158 0 0
9.6899999999999995026 0 0
9.7000000000000010658 0 0
9.7100000000000008527 0 0
9.7200000000000006395 0 0
9.7300000000000004263 0 0
9.7400000000000002132 0 0
9.75 0 0
9.7599999999999997868 0 0
9.7699999999999995737 0 0
9.7799999999999993605 0 0
9.7900000000000009237 0 0
9.8000000000000007105 0 0
9.8100000000000004974 0 0
9.8200000000000002842 0 0
9.8300000000000000711 0 0
9.8399999999999998579 0 0
9.8499999999999996447 0 0
9.8599999999999994316 0 0
9.8700000000000009948 0 0
9.8800000000000007816 0 0
9.8900000000000005684 0 0
9.9000000000000003553 0 0
9.9100000000000001421 0 0
9.9199999999999999289 0 0
9.9299999999999997158 0 0
9.9399999999999995026 0 0
9.9500000000000010658 0 0
9.9600000000000008527 0 0
9.9700000000000006395 0 0
9.9800000000000004263 0 0
9.9900000000000002132 0 0
10 0 0
10.009999999999999787 0 0
10.019999999999999574 0 0
10.029999999999999361 0 0
10.040000000000000924 0 0
10.050000000000000711 0 0
10.060000000000000497 0 0
10.070000000000000284 0 0
10.080000000000000071 0 0
10.089999999999999858 0 0
10.099999999999999645 0 0
10.109999999999999432 0 0
10.120000000000000995 0 0
10.130000000000000782 0 0
10.140000000000000568 0 0
10.150000000000000355 0 0
10.160000000000000142 0 0
10.169999999999999929 0 0
10.179999999999999716 0 0
10.189999999999999503 0 0
10.200000000000001066 0 0
10.210000000000000853 0 0
10.220000000000000639 0 0
10.230000000000000426 0 0
