0 1.2298584844375914218e-238 -1.2298584844375914218e-238
0.010000000000000000208 2.4584308110653603311e-236 -2.4584308110653603311e-236
0.020000000000000000416 4.7876989555032049791e-234 -4.7876989555032049791e-234
0.02999999999999999889 9.0836768316654875629e-232 -9.0836768316654875629e-232
0.040000000000000000833 1.6790456778574650389e-229 -1.6790456778574650389e-229
0.050000000000000002776 3.0236348552678883433e-227 -3.0236348552678883433e-227
0.05999999999999999778 5.3047164020596316851e-225 -5.3047164020596316851e-225
0.070000000000000006661 9.0669452736316788836e-223 -9.0669452736316788836e-223
0.080000000000000001665 1.5098222243142954446e-220 -1.5098222243142954446e-220
0.089999999999999996669 2.4493826038230197822e-218 -2.4493826038230197822e-218
0.10000000000000000555 3.8712698041694985797e-216 -3.8712698041694985797e-216
0.11000000000000000056 5.9609605402444349379e-214 -5.9609605402444349379e-214
0.11999999999999999556 8.9422138079768476906e-212 -8.9422138079768476906e-212
0.13000000000000000444 1.306892447274709387e-209 -1.306892447274709387e-209
0.14000000000000001332 1.8608040492212461931e-207 -1.8608040492212461931e-207
0.14999999999999999445 2.5812343303172812022e-205 6.5886677475646138191e-05
0.16000000000000000333 3.4883513300909011132e-203 6.1893544625490903854e-05
0.17000000000000001221 4.5928155081555385488e-201 5.1910712500102818012e-05
0.17999999999999999334 5.8912001502644466349e-199 4.1927884012693539262e-05
0.19000000000000000222 7.3619786105535008342e-197 6.1893544625490903854e-05
0.2000000000000000111 8.9629571580921235495e-195 7.586950232507660985e-05
0.20999999999999999223 1.0630999203296141075e-192 5.3907278925180441957e-05
0.22000000000000000111 1.2284651666038910646e-190 7.3872935899998992682e-05
0.23000000000000000999 1.3829854249231715453e-188 3.1945055525284260511e-05
0.23999999999999999112 1.5168350506525679934e-186 6.788324390072375536e-05
0.25 1.6207838627649498485e-184 5.9896978200413286686e-05
0.26000000000000000888 1.6872438280412610979e-182 6.5886677475646138191e-05
0.27000000000000001776 1.7111835165894084411e-180 8.3855768025387078524e-05
0.28000000000000002665 1.6907575052172632507e-178 3.7934751162538298149e-05
0.28999999999999998002 1.6275414409926542825e-176 5.5903845350258052349e-05
0.2999999999999999889 1.526331204064230174e-174 5.7900411775335669518e-05
0.30999999999999999778 1.3945417032289840168e-172 5.1910712500102818012e-05
0.32000000000000000666 1.2413099176496154009e-170 5.9896978200413286686e-05
0.33000000000000001554 1.0764526721093381118e-168 6.788324390072375536e-05
0.34000000000000002442 9.0944334831061505948e-167 5.3907278925180441957e-05
0.35000000000000003331 7.4855265898489902433e-165 6.3890111050568521023e-05
0.35999999999999998668 6.0025399574494502642e-163 6.3890111050568521023e-05
0.36999999999999999556 4.6893619790988123409e-161 5.3907278925180441957e-05
0.38000000000000000444 3.5690978268957705308e-159 4.9914146075025200844e-05
0.39000000000000001332 2.6464832016217344749e-157 6.1893544625490903854e-05
0.4000000000000000222 1.9118148352116099871e-155 5.3907278925180441957e-05
0.41000000000000003109 1.3455148916799418765e-153 4.7917583287926390767e-05
0.41999999999999998446 9.2256544940368759039e-152 5.7900411775335669518e-05
0.42999999999999999334 6.1627118101383214996e-150 5.7900411775335669518e-05
0.44000000000000000222 4.0106293528035994787e-148 5.7900411775335669518e-05
0.4500000000000000111 2.5428409265379646896e-146 7.1876369474921375513e-05
0.46000000000000001998 1.5706949710340253417e-144 5.7900411775335669518e-05
0.47000000000000002887 9.4521479233819464322e-143 4.9914146075025200844e-05
0.47999999999999998224 5.5415998359640166328e-141 6.3890111050568521023e-05
0.48999999999999999112 3.1652339098232691947e-139 3.5938184737460687757e-05
0.5 1.761336980808040696e-137 6.1893544625490903854e-05
0.51000000000000000888 9.5487185629616042614e-136 7.7866068750154227018e-05
0.52000000000000001776 5.0432875257266922577e-134 6.3890111050568521023e-05
0.53000000000000002665 2.595065714758425379e-132 6.3890111050568521023e-05
0.54000000000000003553 1.3009151969740581057e-130 6.5886677475646138191e-05
0.55000000000000004441 6.3535376811774309789e-129 4.7917583287926390767e-05
0.56000000000000005329 3.0230701753098274714e-127 6.9879810325801372528e-05
0.57000000000000006217 1.4013507272308567953e-125 5.3907278925180441957e-05
0.57999999999999996003 6.3286554720786017719e-124 5.1910712500102818012e-05
0.58999999999999996891 2.7844669010328489461e-122 5.5903845350258052349e-05
0.5999999999999999778 1.1935446263281011694e-120 5.9896978200413286686e-05
0.60999999999999998668 4.9842665504662545516e-119 6.1893544625490903854e-05
0.61999999999999999556 2.027822106661501327e-117 6.3890111050568521023e-05
0.63000000000000000444 8.0375639756762842833e-116 4.1927884012693539262e-05
0.64000000000000001332 3.1037378183774689288e-114 6.788324390072375536e-05
0.6500000000000000222 1.1676471110421266927e-112 7.3872935899998992682e-05
0.66000000000000003109 4.2796099253171670523e-111 5.9896978200413286686e-05
0.67000000000000003997 1.5281386453731858718e-109 9.9828292150050401688e-05
0.68000000000000004885 5.3160288278681279023e-108 6.3890111050568521023e-05
0.69000000000000005773 1.8016809715161550383e-106 5.7900411775335669518e-05
0.70000000000000006661 5.9488696373583339675e-105 6.5886677475646138191e-05
0.70999999999999996447 1.9136257575605531868e-103 4.7917583287926390767e-05
0.71999999999999997335 5.9971589528131241455e-102 5.9896978200413286686e-05
0.72999999999999998224 1.8310495946666570337e-100 6.3890111050568521023e-05
0.73999999999999999112 5.4465394166285328661e-99 7.9862635175231844187e-05
0.75 1.5783640853620984172e-97 7.586950232507660985e-05
0.76000000000000000888 4.4561492206250518586e-96 4.1927884012693539262e-05
0.77000000000000001776 1.2256832646554308624e-94 5.7900411775335669518e-05
0.78000000000000002665 3.284450969587801029e-93 6.3890111050568521023e-05
0.79000000000000003553 8.5745888656628587458e-92 5.3907278925180441957e-05
0.80000000000000004441 2.1808702293619599659e-90 5.3907278925180441957e-05
0.81000000000000005329 5.4039626448361166922e-89 6.1893544625490903854e-05
0.82000000000000006217 1.3045503580070308536e-87 6.788324390072375536e-05
0.83000000000000007105 3.0681412820444069878e-86 5.3907278925180441957e-05
0.83999999999999996891 7.0300085925315320383e-85 6.1893544625490903854e-05
0.8499999999999999778 1.5692869142811669877e-83 5.5903845350258052349e-05
0.85999999999999998668 3.4128315003407419146e-82 5.3907278925180441957e-05
0.86999999999999999556 7.2309163217607040645e-81 4.9914146075025200844e-05
0.88000000000000000444 1.49258069694974883e-79 4.7917583287926390767e-05
0.89000000000000001332 3.0015687936781241048e-78 6.5886677475646138191e-05
0.9000000000000000222 5.8806424975098740138e-77 7.1876369474921375513e-05
0.91000000000000003109 1.1224506363850943984e-75 5.3907278925180441957e-05
0.92000000000000003997 2.0872560028402684964e-74 3.9931317587615922093e-05
0.93000000000000004885 3.781378780408299029e-73 4.7917583287926390767e-05
0.94000000000000005773 6.6740682369767275214e-72 4.1927884012693539262e-05
0.95000000000000006661 1.1476173313220181559e-70 4.9914146075025200844e-05
0.95999999999999996447 1.9225141716386724651e-69 6.3890111050568521023e-05
0.96999999999999997335 3.1376752872841593186e-68 6.3890111050568521023e-05
0.97999999999999998224 4.9889877815830745197e-67 5.5903845350258052349e-05
0.98999999999999999112 7.7282805490675891936e-66 6.5886677475646138191e-05
1 1.16632427303769763e-64 4.7917583287926390767e-05
1.0100000000000000089 1.7148326535288733769e-63 6.1893544625490903854e-05
1.0200000000000000178 2.4563495618704268074e-62 6.5886677475646138191e-05
1.0300000000000000266 3.4278719743799919236e-61 6.5886677475646138191e-05
1.0400000000000000355 4.6604195069507155496e-60 5.1910712500102818012e-05
1.0500000000000000444 6.1729310392300737985e-59 5.7900411775335669518e-05
1.0600000000000000533 7.9656979598916296096e-58 3.394162195036187768e-05
1.0700000000000000622 1.0014337886008607205e-56 4.5921016862848766822e-05
1.0800000000000000711 1.2265539116720598607e-55 6.5886677475646138191e-05
1.0900000000000000799 1.4635819304620461527e-54 5.1910712500102818012e-05
1.1000000000000000888 1.701427437305001803e-53 6.3890111050568521023e-05
1.1100000000000000977 1.9269738485622747191e-52 4.7917583287926390767e-05
1.1200000000000001066 2.1262004483562138644e-51 4.7917583287926390767e-05
1.1300000000000001155 2.2855913609208019205e-50 3.9931317587615922093e-05
1.1400000000000001243 2.3936407075105114048e-49 6.788324390072375536e-05
1.1500000000000001332 2.4422230967446358674e-48 7.1876369474921375513e-05
1.1599999999999999201 2.4276032042649128822e-47 4.5921016862848766822e-05
1.1699999999999999289 2.3509103380204399366e-46 6.9879810325801372528e-05
1.1799999999999999378 2.2179942978466511716e-45 6.9879810325801372528e-05
1.1899999999999999467 2.0386880659451328642e-44 5.1910712500102818012e-05
1.1999999999999999556 1.8256063253973532503e-43 6.1893544625490903854e-05
1.2099999999999999645 1.5926834925639168298e-42 5.3907278925180441957e-05
1.2199999999999999734 1.3536856391353712866e-41 4.9914146075025200844e-05
1.2299999999999999822 1.1209136562329379056e-40 5.9896978200413286686e-05
1.2399999999999999911 9.042582811773454357e-40 5.3907278925180441957e-05
1.25 7.106877423594527408e-39 6.9879810325801372528e-05
1.2600000000000000089 5.4416568412417870855e-38 5.3907278925180441957e-05
1.2700000000000000178 4.0592843366512493211e-37 6.1893544625490903854e-05
1.2800000000000000266 2.9500799823891906217e-36 7.1876369474921375513e-05
1.2900000000000000355 2.0887386560380540363e-35 6.9879810325801372528e-05
1.3000000000000000444 1.4407890978747075947e-34 6.788324390072375536e-05
1.3100000000000000533 9.6823932786621198351e-34 4.9914146075025200844e-05
1.3200000000000000622 6.3391498748842693273e-33 5.9896978200413286686e-05
1.3300000000000000711 4.0433870575723225298e-32 4.7917583287926390767e-05
1.3400000000000000799 2.5126130395466758775e-31 6.3890111050568521023e-05
1.3500000000000000888 1.5211494955033910351e-30 6.1893544625490903854e-05
1.3600000000000000977 8.9718949941812763338e-30 6.1893544625490903854e-05
1.3700000000000001066 5.1554011267072849705e-29 7.7866068750154227018e-05
1.3800000000000001155 2.8860691865184340689e-28 6.788324390072375536e-05
1.3900000000000001243 1.5740445130228233172e-27 5.1910712500102818012e-05
1.4000000000000001332 8.3636004505236756373e-27 5.5903845350258052349e-05
1.4099999999999999201 4.3294780356661517676e-26 6.3890111050568521023e-05
1.4199999999999999289 2.1834527585872380585e-25 7.3872935899998992682e-05
1.4299999999999999378 1.0727982463781463815e-24 6.788324390072375536e-05
1.4399999999999999467 5.135211151411287891e-24 5.9896978200413286686e-05
1.4499999999999999556 2.3947740995557507685e-23 5.5903845350258052349e-05
1.4599999999999999645 1.0880197902157631236e-22 6.5886677475646138191e-05
1.4699999999999999734 4.8158730846676051417e-22 5.5903845350258052349e-05
1.4799999999999999822 2.0767263210513355513e-21 6.788324390072375536e-05
1.4899999999999999911 8.7246798029182543185e-21 6.389011105056850747e-05
1.5 3.5709660642165900626e-20 5.9896978200413252805e-05
1.5100000000000000089 1.4239277198019263587e-19 6.1893544625490754777e-05
1.5200000000000000178 5.5316687038886001123e-19 3.993131758761536644e-05
1.5300000000000000266 2.0935839256963488265e-18 6.9879810325799285439e-05
1.5400000000000000355 7.7195251099260566762e-18 5.9896978200405568522e-05
1.5500000000000000444 2.7730441817285380174e-17 5.1910712500075089542e-05
1.5600000000000000533 9.7048536311034389142e-17 7.1876369474824325866e-05
1.5700000000000000622 3.3089270011931491185e-16 6.7883243900392856857e-05
1.5800000000000000711 1.0991358632891400673e-15 8.3855768024287941466e-05
1.5900000000000000799 3.5569811744191390872e-15 7.9862635171674861462e-05
1.6000000000000000888 1.1214444103337796814e-14 5.9896978189198841515e-05
1.6100000000000000977 3.4446089873316484467e-14 6.5886677441200045837e-05
1.6200000000000001066 1.0307850377198886095e-13 5.3907278822101939734e-05
1.6300000000000001155 3.0051231725801399036e-13 5.7900411474823355374e-05
1.6400000000000001243 8.5353718176316116748e-13 6.3890110197031336516e-05
1.6500000000000001332 2.3618298526972580191e-12 6.1893542263661055947e-05
1.6600000000000001421 6.3670867417128359279e-12 7.9862628808145108951e-05
1.6699999999999999289 1.6722412076176853865e-11 5.9896961478001209931e-05
1.6799999999999999378 4.2788106853218358748e-11 5.7900368987228817376e-05
1.6899999999999999467 1.0666285841998042374e-10 8.9845360637761506996e-05
1.6999999999999999556 2.5904150830365643513e-10 0.00010781429880885258813
1.7099999999999999645 6.129026486196895435e-10 9.9827679247401778537e-05
1.7199999999999999734 1.4127965703396291348e-09 0.00010581657862871295529
1.7299999999999999822 3.1727347232842569272e-09 0.00011180451796579281753
1.7399999999999999911 6.9415089400043412333e-09 8.9838525791679919017e-05
1.75 1.4795853043753549824e-08 7.7851272897110478251e-05
1.7600000000000000089 3.0725016692398100191e-08 7.9831910158539452684e-05
1.7700000000000000178 6.2159890863449246573e-08 6.9817650434937924089e-05
1.7800000000000000266 1.2251643701659467944e-07 5.9774461763396692139e-05
1.7900000000000000355 2.3525804099288067932e-07 6.9644552284808488619e-05
1.8000000000000000444 4.4010935978628744252e-07 6.3450001690782236439e-05
1.8100000000000000533 8.0212630427980932351e-07 6.9077684021521569557e-05
1.8200000000000000622 1.4242655366192899158e-06 7.0452103938302079668e-05
1.8300000000000000711 2.4637990273336445743e-06 5.7433179173079642959e-05
1.8400000000000000799 4.152272023485229478e-06 7.5710363151746621485e-05
1.8500000000000000888 6.8176184805935387205e-06 6.9051883844483075365e-05
1.8600000000000000977 1.0905517455178218619e-05 7.6943383420364087465e-05
1.8700000000000001066 1.6995231090045854393e-05 5.6877704809953134901e-05
1.8800000000000001155 2.580334276389809563e-05 6.2045558111644213842e-05
1.8900000000000001243 3.8167562522966279586e-05 4.7684771927498416106e-05
1.9000000000000001332 5.5002797601986234055e-05 3.6839236123711313143e-05
1.9100000000000001421 7.7223720297574761852e-05 5.0556501803562225983e-05
1.9199999999999999289 0.00010563259024492712031 1.2164799730821876551e-05
1.9299999999999999378 0.00014077806193636569019 5.6881955938657523123e-05
1.9399999999999999467 0.00018279931312570156521 3.4826369000097846893e-05
1.9499999999999999556 0.00023127838728566652601 1.6295791216297089406e-05
1.9599999999999999645 0.00028512980702625275072 5.2289816948457952181e-05
1.9699999999999999734 0.00034255778458963859938 3.4793167886624392672e-05
1.9799999999999999822 0.00040110584249702783315 7.4076850256123280211e-05
1.9899999999999999911 0.00045781090624095533478 0.00010721726108877326859
2 0.00050945548857633219005 0.00012944559282552256345
2.0100000000000002309 0.00055289102500454771066 0.00011795511919854891753
2.0200000000000000178 0.00058538765372276161704 0.00014136235038250829187
2.0300000000000002487 0.0006049556959111251778 0.00017570158711932516628
2.0400000000000000355 0.00061058517814209034916 0.00022797248755986520771
2.0499999999999998224 0.00060236254524954327329 0.00013836340927935472742
2.0600000000000000533 0.00058144561942422674176 0.00011934900660311891559
2.0699999999999998401 0.00054990369320971838399 5.9048906367887340346e-05
2.0800000000000000711 0.0005104532198017415999 9.6502798798871278901e-05
2.0899999999999998579 0.00046613557216272448859 6.894411334275508561e-05
2.1000000000000000888 0.00041998883068785302199 -4.6631011061745210062e-05
2.1099999999999998757 0.00037476052521048976033 -6.3296250209872852253e-05
2.1200000000000001066 0.00033269523493523693982 -5.7169126482186629831e-05
2.1299999999999998934 0.00029541389769425569411 -3.5860320641826375684e-05
2.1400000000000001243 0.00026388468793868782337 -9.6173151887913612117e-05
2.1499999999999999112 0.00023847160137197047835 -0.00011268794569591108058
2.1600000000000001421 0.00021903825787354509421 -0.00012519965772276992985
2.1699999999999999289 0.00020508131823565923005 -0.00011323928450996168286
2.1800000000000001599 0.00019586959760427036801 -0.00010203099745349520364
2.1899999999999999467 0.00019057004031145568439 -0.00011270397156130145737
2.2000000000000001776 0.00018834851162706644384 -0.00012645496700157553998
2.2099999999999999645 0.00018844026876702586553 -0.00010258793431656116984
2.2200000000000001954 0.00019019077030517396996 -0.00011032813512994212577
2.2299999999999999822 0.00019307146419185008718 -0.00011520539544169586016
2.2400000000000002132 0.00019667719172972240437 -0.00011082485727925770868
2.25 0.00020071212376251035703 -0.00010288039076157995833
2.2600000000000002309 0.00020497022680555126626 -8.3179703979647062165e-05
2.2700000000000000178 0.00020931472567924921729 -7.554480430287932374e-05
2.2800000000000002487 0.00021365938480706893571 -9.7858561256397637329e-05
2.2900000000000000355 0.00021795300729320405048 -0.00010015561731745505362
2.3000000000000002665 0.00022216750799337637049 -0.00010237355159254977002
2.3100000000000000533 0.00022628927292938085208 -8.453310040461574533e-05
2.3199999999999998401 0.00023031320667732494171 -7.0587936326861253338e-05
2.3300000000000000711 0.00023423879300834345597 -8.8489487633423060666e-05
2.3399999999999998579 0.00023806755692868977986 -4.6397223776984189685e-05
2.3500000000000000888 0.00024180144520553889585 -0.0001000452726807737891
2.3599999999999998757 0.00024544178995209434873 -9.7695918152096336258e-05
2.3700000000000001066 0.00024898865864872790632 -0.00011721530369743560283
2.3799999999999998934 0.00025244050867209586126 -0.00010469463687209784879
2.3900000000000001243 0.00025579414433416001844 -0.00011403797180939491168
2.3999999999999999112 0.00025904501090274649 -0.00015123045305238559254
2.4100000000000001421 0.00026218784835287475441 -0.000144390458377125744
2.4199999999999999289 0.00026521767184538319216 -0.00012346149932061808541
2.4300000000000001599 0.00026813096327164685122 -0.00012637479074688174447
2.4399999999999999467 0.00027092687787691731999 -0.00010720847467629842438
2.4500000000000001776 0.00027360822559436567087 -0.00012586235379436765841
2.4599999999999999645 0.00027618200360565226849 -0.00014840178150451528065
2.4700000000000001954 0.00027865933981051875653 -0.00016086194983476974612
2.4799999999999999822 0.00028105483629277757838 -0.00015127804776656286496
2.4900000000000002132 0.00028338543851959968611 -0.00011767046889390317334
2.5 0.0002856690570318297308 -0.00012794035310644363249
2.5100000000000002309 0.00028792320414800697198 -0.0001102288359718447833
2.5200000000000000178 0.00029016387334551989232 -0.00014042143512044428979
2.5300000000000002487 0.00029240480240903707039 -0.00015663831460758955967
2.5400000000000000355 0.00029465715629496469019 -0.00017286663346906049965
2.5500000000000002665 0.00029692957498476480003 -0.00014918370318476678756
2.5600000000000000533 0.00029922847663589792087 -0.00015747230411113281412
2.5699999999999998401 0.00030155849199365155006 -0.00018176453559282494958
2.5800000000000000711 0.00030392292364893552879 -0.00019011866652334183402
2.5899999999999998579 0.00030632415809767559291 -0.00017455080314638328942
2.6000000000000000888 0.0003087639950185458405 -0.00019296317146787455568
2.6099999999999998757 0.00031124388707216415215 -0.00016549458169724375685
2.6200000000000001066 0.00031376510118782100943 -0.00018997801193683920172
2.6299999999999998934 0.00031632881968121986938 -0.00016259324860598905961
2.6400000000000001243 0.00031893619983372343196 -0.00019914224343289683148
2.6499999999999999112 0.00032158840722023733288 -0.00018781848584386743933
2.6600000000000001421 0.0003242866337103723906 -0.00018452701305876969976
2.6699999999999999289 0.00032703210716251204099 -0.00022520724858738402213
2.6800000000000001599 0.0003298260969357460202 -0.00019006647628414332935
2.6899999999999999467 0.000332669917459905149 -0.00020888282820892334129
2.7000000000000001776 0.00033556493099683068178 -0.00020978127532077128401
2.7099999999999999645 0.00033851255013060140659 -0.00017279758050490489382
2.7200000000000001954 0.0003415142402286854245 -0.00020974088527739312101
2.7299999999999999822 0.00034457152197958054902 -0.00022677413200383153861
2.7400000000000002132 0.00034768597405399395955 -0.00022589545122808976901
2.75 0.00035085923591337365773 -0.00020510993053845326243
2.7600000000000002309 0.00035409301078130264858 -0.00021233683825653754183
2.7700000000000000178 0.00035738906879083506482 -0.0002216225809893875541
2.7800000000000002487 0.00036074925032070567646 -0.00022498276251925816574
2.7900000000000000355 0.0003641754695339843406 -0.00024438151313315771302
2.8000000000000002665 0.0003676697181337716799 -0.00024587919530786748936
2.8100000000000000533 0.00037123406935168749583 -0.0002414572808254727824
2.8199999999999998401 0.00037487068218624626124 -0.00022912137681132586594
2.8300000000000000711 0.00037858180590963759439 -0.00024880501738342288096
2.8399999999999998579 0.00038236978486305071541 -0.00025059642991175838482
2.8500000000000000888 0.00038623706356240511753 -0.00023849119176240710506
2.8599999999999998757 0.00039018619213828709992 -0.00027837850143777099522
2.8700000000000001066 0.00039421983213601527376 -0.00025845334433456776304
2.8799999999999998934 0.000398340762704062028 -0.00027255710702800265734
2.8900000000000001243 0.00040255188720166094852 -0.00025680258182674052612
2.8999999999999999112 0.00040685624025924742916 -0.00028706228385842085579
2.9100000000000001421 0.00041125699532852048445 -0.00027549050752707297373
2.9199999999999999289 0.00041575747276238793695 -0.00027799441853586280907
2.9300000000000001599 0.00042036114846889999826 -0.00030056719206807342489
2.9399999999999999467 0.0004250716631875388579 -0.00025935669356184237223
2.9500000000000001776 0.00042989283244097224301 -0.00029612291106460234946
2.9599999999999999645 0.00043482865722064054483 -0.00027909651972033203658
2.9700000000000001954 0.00043988333547041584028 -0.00027816149869487453473
2.9799999999999999822 0.00044506127443910535211 -0.00029931196906418492971
2.9900000000000002132 0.00045036710397988087779 -0.00030262123217988283821
3 0.00045580569088286008094 -0.00026613192415623218925
3.0100000000000002309 0.00046138215433623192691 -0.00029167405186038015269
3.0200000000000000178 0.00046710188262154034734 -0.00028741094802030048728
3.0300000000000002487 0.00047297055116027938299 -0.00030925214795966046027
3.0400000000000000355 0.00047899414204187923698 -0.00030928603956602740855
3.0500000000000002665 0.00048517896517777576483 -0.00033343996052762254513
3.0600000000000000533 0.00049153168124271525482 -0.00033979267659256203512
3.0700000000000002842 0.00049805932658307408394 -0.00032435809125706707538
3.0800000000000000711 0.00050476934029306398232 -0.00033106810496705697377
3.0899999999999998579 0.00051166959368363206396 -0.00032998209265731458673
3.1000000000000000888 0.0005187684223960808581 -0.00031312213882074714901
3.1099999999999998757 0.00052607466144342104972 -0.00037034252394311254148
3.1200000000000001066 0.00053359768349787149461 -0.00033793421749601069721
3.1299999999999998934 0.00054134744078338664381 -0.00033370459078297537176
3.1400000000000001243 0.00054933451097848289696 -0.00030974659817682980443
3.1499999999999999112 0.00055757014758794855216 -0.00035791356328784774878
3.1600000000000001421 0.00056606633530340217438 -0.00034644408675252519932
3.1699999999999999289 0.0005748358509435016377 -0.00033924107099200372529
3.1800000000000001599 0.00058389233064662338871 -0.00039022543106984020848
3.1899999999999999467 0.00059325034408391644301 -0.00036364526340765138211
3.2000000000000001776 0.00060292547657131824804 -0.00035734787904634742394
3.2099999999999999645 0.00061293442008817017926 -0.00037733964013667226686
3.2200000000000001954 0.00062329507436109502817 -0.00035176209875820000673
3.2299999999999999822 0.00063402665934897428114 -0.00037047994944638967417
3.2400000000000002132 0.00064514984067346522068 -0.00038559626362103590225
3.25 0.00065668686978579977453 -0.00035320886048549338934
3.2600000000000002309 0.00066866174095255471056 -0.00039912534632665253465
3.2700000000000000178 0.00068110036749020885782 -0.0004215467904377795394
3.2800000000000002487 0.00069403078009279959605 -0.00040452872121612130267
3.2900000000000000355 0.00070748335059362169562 -0.00037006372661891099272
3.3000000000000002665 0.00072149104509973654813 -0.0003960507905716610373
3.3100000000000000533 0.00073608971116046915603 -0.00043460825373332505122
3.3200000000000002842 0.00075131840450842898253 -0.00045582666090843295759
3.3300000000000000711 0.00076721976198192262837 -0.0004577520388544681091
3.3399999999999998579 0.00078384042855043326199 -0.00046638643972266827405
3.3500000000000000888 0.00080123154798352857597 -0.00040191837938332696922
3.3599999999999998757 0.00081944932871119854044 -0.00046805372520902923479
3.3700000000000001066 0.00083855569892894124984 -0.00049115322827692723274
3.3799999999999998934 0.00085861906814795941646 -0.00053317881361988395984
3.3900000000000001243 0.00087971521637226753141 -0.00050036768291901163961
3.3999999999999999112 0.00090192833715980525768 -0.00054454304893431838309
3.4100000000000001421 0.00092535226734871613586 -0.00050407685352074551189
3.4199999999999999289 0.0009500919446918799742 -0.00049687149716649793227
3.4300000000000001599 0.00097626514572862136809 -0.00050507558582562554327
3.4399999999999999467 0.0010040045709084127398 -0.00052682532628209929187
3.4500000000000001776 0.00103346036368745617 -0.00059221928560870937437
3.4599999999999999645 0.0010648031771724555429 -0.00059561019824645256363
3.4700000000000001954 0.0010982279392169277694 -0.00059908647846667576094
3.4799999999999999822 0.0011339585202517043615 -0.00060287199670021047841
3.4900000000000002132 0.0011722535877270365799 -0.00059524605095067273028
3.5 0.0012134140573656323255 -0.00066635500241351750504
3.5100000000000002309 0.0012577927693144190079 -0.00059093972885764715734
3.5200000000000000178 0.0013058074291910600536 -0.00059902311844039677312
3.5300000000000002487 0.0013579586946885194212 -0.0006691434381078090101
3.5400000000000000355 0.001414857078860128764 -0.00063020669208335364231
3.5500000000000002665 0.0014772661719181727057 -0.00055884584921311246213
3.5600000000000000533 0.0015461776547898127901 -0.00048400460768682480699
3.5700000000000002842 0.0016229493082273935278 -0.00039506126239487854811
3.5800000000000000711 0.0017095660243922796828 -0.00028601455621364959073
3.5899999999999998579 0.0018091316021201463409 -0.00016595785628680925078
3.6000000000000000888 0.0019267683257008772196 0.00010773238124001170528
3.6099999999999998757 0.0020711823715877509915 0.00030273442388952008855
3.6200000000000001066 0.0022572107836985777669 0.00065777532379982916327
3.6299999999999998934 0.0025096257449827501056 0.0011600625002988270047
3.6400000000000001243 0.0028682194088229069281 0.0016699748675695529412
3.6499999999999999112 0.0033936037128813830756 0.0025322039233498009302
3.6600000000000001421 0.0041721823874031086984 0.0037242353645051936087
3.6699999999999999289 0.0053175317046494008019 0.0050206862467079586484
3.6800000000000001599 0.0069644191549821914816 0.0067959128631547884025
3.6899999999999999467 0.0092516624165972644045 0.0086934725956717556761
3.7000000000000001776 0.012291829201441407601 0.010522928920525911542
3.7099999999999999645 0.016129830248288491712 0.012209425352879187121
3.7200000000000001954 0.020698185203578654823 0.014479310126993473473
3.7299999999999999822 0.025782243300880601511 0.016319341074024031057
3.7400000000000002132 0.031011063049155671023 0.017633267303389106584
3.75 0.035886391763982790348 0.018146671588125211361
3.7600000000000002309 0.039852514365305825861 0.018948346874127462713
3.7700000000000000178 0.042395977444641012866 0.019273949645765404981
3.7800000000000002487 0.043151416040899524817 0.019201338134763462628
3.7900000000000000355 0.041983752393233701727 0.018484243309986665704
3.8000000000000002665 0.039021564202954953093 0.017632989657470996003
3.8100000000000000533 0.034630685318668058548 0.016247802208702394333
3.8200000000000002842 0.029335837951189745049 0.015103727439158682461
3.8300000000000000711 0.023713852980670153264 0.013587989142599874587
3.8399999999999998579 0.018288750265589868993 0.011555917496928060084
3.8500000000000000888 0.013454759494110938092 0.0096175558858662916345
3.8599999999999998757 0.0094411337226094384223 0.0078411398977576117486
3.8700000000000001066 0.0063180914619932826773 0.0061524593731393179344
3.8799999999999998934 0.0040320582608711005856 0.0047268759538400886844
3.8900000000000001243 0.002453685035277156784 0.0036178717899136266303
3.8999999999999999112 0.001423767064824728746 0.0023936668921857792713
3.9100000000000001421 0.00078771315728563199958 0.0017219702133045779614
3.9199999999999999289 0.00041551846124707528512 0.0011338167353671896147
3.9300000000000001599 0.00020897395327736122995 0.00060562491532366292089
3.9399999999999999467 0.00010019872000670094006 0.00041092216839784724168
3.9500000000000001776 4.5802648784991658703e-05 0.00026965475906578042272
3.9599999999999999645 1.996038924506840658e-05 0.0001178026649814566942
3.9700000000000001954 8.2925886647772793417e-06 6.158722166102409488e-05
3.9799999999999999822 3.2843361619789958471e-06 4.0640114275792168206e-05
3.9900000000000002132 1.2400405503867206363e-06 2.4715315699664689429e-05
4 4.463238482576154075e-07 5.5433740627331835443e-06
4.0099999999999997868 1.5313903330953664275e-07 -1.5313903330953664275e-07
4.0200000000000004619 5.0088667620354750285e-08 1.9464773027099109692e-06
4.0300000000000002487 1.5617352454422700645e-08 -1.5617352454422700645e-08
4.0400000000000000355 4.6418023285223523427e-09 3.9884901383320111074e-06
4.0499999999999998224 1.3151473889789248481e-09 1.9952508229412868494e-06
4.0600000000000004974 3.5519618693586411299e-10 1.996210774143329788e-06
4.0700000000000002842 9.144627336649049233e-11 -9.144627336649049233e-11
4.0800000000000000711 2.2442206405161154148e-11 -2.2442206405161154148e-11
4.0899999999999998579 5.250069778850026066e-12 -5.250069778850026066e-12
4.0999999999999996447 1.170746595078463259e-12 -1.170746595078463259e-12
4.1100000000000003197 2.4886137799647130893e-13 -2.4886137799647130893e-13
4.1200000000000001066 5.0425180896269356196e-14 -5.0425180896269356196e-14
4.1299999999999998934 9.7393843010120423956e-15 -9.7393843010120423956e-15
4.1399999999999996803 1.7931161719494801401e-15 -1.7931161719494801401e-15
4.1500000000000003553 3.14685798084174682e-16 -3.14685798084174682e-16
4.1600000000000001421 5.2642516076529684422e-17 -5.2642516076529684422e-17
4.1699999999999999289 8.3943287772693417613e-18 -8.3943287772693417613e-18
4.1799999999999997158 1.2759224641598310584e-18 1.9965659703289898033e-06
4.1900000000000003908 1.8486332354396622156e-19 -1.8486332354396622156e-19
4.2000000000000001776 2.5530812828075282723e-20 1.9965659703302404475e-06
4.2099999999999999645 3.3609746573425081549e-21 -3.3609746573425081549e-21
4.2199999999999997513 4.2174689146953631385e-22 -4.2174689146953631385e-22
4.2300000000000004263 5.0445680742299717902e-23 -5.0445680742299717902e-23
4.2400000000000002132 5.7514977587006881264e-24 -5.7514977587006881264e-24
4.25 6.2506078983124720351e-25 -6.2506078983124720351e-25
4.2599999999999997868 6.4751135223999235849e-26 -6.4751135223999235849e-26
4.2700000000000004619 6.3937532541896065908e-27 -6.3937532541896065908e-27
4.2800000000000002487 6.0179318524486809436e-28 -6.0179318524486809436e-28
4.2900000000000000355 5.3990972012676344773e-29 1.9965659703302658584e-06
4.2999999999999998224 4.6171833154543491921e-30 1.9965659703302658584e-06
4.3100000000000004974 3.7636983165563948827e-31 -3.7636983165563948827e-31
4.3200000000000002842 2.9243803254367795254e-32 -2.9243803254367795254e-32
4.3300000000000000711 2.1658776920035172367e-33 -2.1658776920035172367e-33
4.3399999999999998579 1.5290254409704792343e-34 -1.5290254409704792343e-34
4.3500000000000005329 1.0289064799985241402e-35 -1.0289064799985241402e-35
4.3600000000000003197 6.5995939380744780369e-37 1.9965659703302658584e-06
4.3700000000000001066 4.0349520477780699954e-38 -4.0349520477780699954e-38
4.3799999999999998934 2.3514683251277255114e-39 -2.3514683251277255114e-39
4.3899999999999996803 1.3062287405444264944e-40 -1.3062287405444264944e-40
4.4000000000000003553 6.9163736965350699921e-42 -6.9163736965350699921e-42
4.4100000000000001421 3.4907323939303113639e-43 -3.4907323939303113639e-43
4.4199999999999999289 1.6793195356660965149e-44 -1.6793195356660965149e-44
4.4299999999999997158 7.7006715396952049236e-46 -7.7006715396952049236e-46
4.4400000000000003908 3.3659072230197108246e-47 -3.3659072230197108246e-47
4.4500000000000001776 1.4023414774598381403e-48 -1.4023414774598381403e-48
4.4599999999999999645 5.5690784811744296601e-50 3.993131940660533411e-06
4.4699999999999997513 2.108097279586117538e-51 -2.108097279586117538e-51
4.4800000000000004263 7.6063367109941066561e-53 -7.6063367109941066561e-53
4.4900000000000002132 2.6160008390375644311e-54 -2.6160008390375644311e-54
4.5 8.5758563232347493236e-56 -8.5758563232347493236e-56
4.5099999999999997868 2.6797498552577263164e-57 -2.6797498552577263164e-57
4.5200000000000004619 7.9815643826418359201e-59 -7.9815643826418359201e-59
4.5300000000000002487 2.2659935015895157686e-60 1.9965659703302658584e-06
4.5400000000000000355 6.1320550688600075341e-62 1.9965659703302658584e-06
4.5499999999999998224 1.5817216484283669839e-63 -1.5817216484283669839e-63
4.5600000000000004974 3.8889340670650835491e-65 -3.8889340670650835491e-65
4.5700000000000002842 9.1139679806438433644e-67 -9.1139679806438433644e-67
4.5800000000000000711 2.0359199842924751345e-68 -2.0359199842924751345e-68
4.5899999999999998579 4.3350099300176025499e-70 -4.3350099300176025499e-70
4.6000000000000005329 8.7982352860019709702e-72 -8.7982352860019709702e-72
4.6100000000000003197 1.7020684998105595799e-73 -1.7020684998105595799e-73
4.6200000000000001066 3.1385885824936327922e-75 -3.1385885824936327922e-75
4.6299999999999998934 5.5165498949238121806e-77 -5.5165498949238121806e-77
4.6399999999999996803 9.2422226644213098253e-79 -9.2422226644213098253e-79
4.6500000000000003553 1.4759136082659547966e-80 -1.4759136082659547966e-80
4.6600000000000001421 2.2465753972794460645e-82 -2.2465753972794460645e-82
4.6699999999999999289 3.2595416396511500381e-84 -3.2595416396511500381e-84
4.6799999999999997158 4.5078293398271061386e-86 -4.5078293398271061386e-86
4.6900000000000003908 5.942288358453690081e-88 -5.942288358453690081e-88
4.7000000000000001776 7.4664684296796055904e-90 1.9965659703302658584e-06
4.7099999999999999645 8.9423554432592620637e-92 1.9965659703302658584e-06
4.7199999999999997513 1.0208542519470007034e-93 -1.0208542519470007034e-93
4.7300000000000004263 1.1108376979653919419e-95 -1.1108376979653919419e-95
4.7400000000000002132 1.1521591398176688204e-97 -1.1521591398176688204e-97
4.75 1.1390669744013948623e-99 -1.1390669744013948623e-99
4.7599999999999997868 1.0733983518257689331e-101 -1.0733983518257689331e-101
4.7700000000000004619 9.6415621252125189697e-104 -9.6415621252125189697e-104
4.7800000000000002487 8.2548397123483603173e-106 -8.2548397123483603173e-106
4.7900000000000000355 6.736659444093082165e-108 -6.736659444093082165e-108
4.7999999999999998224 5.2402884977879570549e-110 -5.2402884977879570549e-110
4.8100000000000004974 3.8854417862813371293e-112 1.9965659703302658584e-06
4.8200000000000002842 2.7459977193655219687e-114 -2.7459977193655219687e-114
4.8300000000000000711 1.8498411950741938437e-116 -1.8498411950741938437e-116
4.8399999999999998579 1.1877996253705969664e-118 -1.1877996253705969664e-118
4.8500000000000005329 7.2698648796443189345e-121 -7.2698648796443189345e-121
4.8600000000000003197 4.2411522987658157967e-123 -4.2411522987658157967e-123
4.8700000000000001066 2.3583905666611818969e-125 -2.3583905666611818969e-125
4.8799999999999998934 1.2500341575197816997e-127 -1.2500341575197816997e-127
4.8899999999999996803 6.3154206380439469221e-130 -6.3154206380439469221e-130
4.9000000000000003553 3.0412834233320073194e-132 -3.0412834233320073194e-132
4.9100000000000001421 1.3960008436771731695e-134 1.9965659703302658584e-06
4.9199999999999999289 6.1078533742056386766e-137 1.9965659703302658584e-06
4.9299999999999997158 2.5472151249038214359e-139 -2.5472151249038214359e-139
4.9400000000000003908 1.012550544916412884e-141 -1.012550544916412884e-141
4.9500000000000001776 3.8365585396408968131e-144 1.9965659703302658584e-06
4.9599999999999999645 1.3856097923941020002e-146 -1.3856097923941020002e-146
4.9699999999999997513 4.7699521601470479555e-149 -4.7699521601470479555e-149
4.9800000000000004263 1.5651682723816209202e-151 -1.5651682723816209202e-151
4.9900000000000002132 4.8953297370338097431e-154 -4.8953297370338097431e-154
5 1.4594080462413874802e-156 -1.4594080462413874802e-156
5.0099999999999997868 4.1471081860240729725e-159 -4.1471081860240729725e-159
5.0200000000000004619 1.1232794335308329545e-161 -1.1232794335308329545e-161
5.0300000000000002487 2.900040314986873307e-164 -2.900040314986873307e-164
5.0400000000000000355 7.136643808134011514e-167 -7.136643808134011514e-167
5.0499999999999998224 1.674008810213818031e-169 -1.674008810213818031e-169
5.0600000000000004974 3.7427874327944851943e-172 -3.7427874327944851943e-172
5.0700000000000002842 7.9763878956783351092e-175 -7.9763878956783351092e-175
5.0800000000000000711 1.6202835544864862226e-177 -1.6202835544864862226e-177
5.0899999999999998579 3.137252059122864878e-180 -3.137252059122864878e-180
5.1000000000000005329 5.790037932646127386e-183 1.9965659703302658584e-06
5.1100000000000003197 1.0185608716740749464e-185 -1.0185608716740749464e-185
5.1200000000000001066 1.7079145140999588585e-188 -1.7079145140999588585e-188
5.1299999999999998934 2.7297244432991391051e-191 -2.7297244432991391051e-191
5.1399999999999996803 4.1585794690085592888e-194 1.9965659703302658584e-06
5.1500000000000003553 6.0387172806104349215e-197 -6.0387172806104349215e-197
5.1600000000000001421 8.3582982614626425622e-200 -8.3582982614626425622e-200
5.1699999999999999289 1.1027180580306720768e-202 -1.1027180580306720768e-202
5.1799999999999997158 1.3867064747205496856e-205 -1.3867064747205496856e-205
5.1900000000000003908 1.6621798582406473773e-208 -1.6621798582406473773e-208
5.2000000000000001776 1.899087099519637303e-211 -1.899087099519637303e-211
5.2099999999999999645 2.0681647393324912722e-214 -2.0681647393324912722e-214
5.2199999999999997513 2.1468353340335791287e-217 -2.1468353340335791287e-217
5.2300000000000004263 2.1241524418722981036e-220 -2.1241524418722981036e-220
5.2400000000000002132 2.0032998175693388081e-223 -2.0032998175693388081e-223
5.25 1.800858244929881351e-226 -1.800858244929881351e-226
5.2599999999999997868 1.5430727273344301483e-229 -1.5430727273344301483e-229
5.2700000000000004619 1.2602785245229921119e-232 1.9965659703302658584e-06
5.2800000000000002487 9.8111504025788178626e-236 -9.8111504025788178626e-236
5.2900000000000000355 7.2802546827621845702e-239 -7.2802546827621845702e-239
5.2999999999999998224 5.1492791618413079799e-242 -5.1492791618413079799e-242
5.3100000000000004974 3.4715187296565194435e-245 -3.4715187296565194435e-245
5.3200000000000002842 2.2308264442290196307e-248 -2.2308264442290196307e-248
5.3300000000000000711 1.3664232290165458844e-251 -1.3664232290165458844e-251
5.3399999999999998579 7.9777028434267701674e-255 -7.9777028434267701674e-255
5.3500000000000005329 4.4395977983469077387e-258 -4.4395977983469077387e-258
5.3600000000000003197 2.354954595067160969e-261 -2.354954595067160969e-261
5.3700000000000001066 1.1906786713538711409e-264 -1.1906786713538711409e-264
5.3799999999999998934 5.7382533951279363111e-268 -5.7382533951279363111e-268
5.3899999999999996803 2.6359548639728869254e-271 -2.6359548639728869254e-271
5.4000000000000003553 1.1541687275606826334e-274 -1.1541687275606826334e-274
5.4100000000000001421 4.8169674301456961319e-278 -4.8169674301456961319e-278
5.4199999999999999289 1.9162456331868705572e-281 1.9965659703302658584e-06
5.4299999999999997158 7.266105439936276691e-285 -7.266105439936276691e-285
5.4400000000000003908 2.6261846015635651136e-288 -2.6261846015635651136e-288
5.4500000000000001776 9.0473591568135912323e-292 -9.0473591568135912323e-292
5.4599999999999999645 2.970923203259436636e-295 -2.970923203259436636e-295
5.4699999999999997513 9.2989523698949902491e-299 -9.2989523698949902491e-299
5.4800000000000004263 2.7742756662243508057e-302 -2.7742756662243508057e-302
5.4900000000000002132 7.8892947685077411975e-306 -7.8892947685077411975e-306
5.5 2.1384530690830831069e-309 -2.1384530690830831069e-309
5.5099999999999997868 5.5250247013411517836e-313 -5.5250247013411517836e-313
5.5200000000000004619 1.3606350497583759678e-316 -1.3606350497583759678e-316
5.5300000000000002487 3.1941344003636589081e-320 -3.1941344003636589081e-320
5.5400000000000000355 4.9406564584124654418e-324 -4.9406564584124654418e-324
5.5499999999999998224 0 0
5.5600000000000004974 0 0
5.5700000000000002842 0 0
5.5800000000000000711 0 0
5.5899999999999998579 0 0
5.6000000000000005329 0 0
5.6100000000000003197 0 0
5.6200000000000001066 0 0
5.6299999999999998934 0 0
5.6399999999999996803 0 0
5.6500000000000003553 0 1.9965659703302658584e-06
5.6600000000000001421 0 0
5.6699999999999999289 0 1.9965659703302658584e-06
5.6799999999999997158 0 3.993131940660533411e-06
5.6900000000000003908 0 0
5.7000000000000001776 0 0
5.7099999999999999645 0 1.9965659703302658584e-06
5.7199999999999997513 0 0
5.7300000000000004263 0 0
5.7400000000000002132 0 0
5.75 0 0
5.7599999999999997868 0 0
5.7700000000000004619 0 0
5.7800000000000002487 0 0
5.7900000000000000355 0 0
5.7999999999999998224 0 1.9965659703302658584e-06
5.8100000000000004974 0 1.9965659703302658584e-06
5.8200000000000002842 0 0
5.8300000000000000711 0 1.9965659703302658584e-06
5.8399999999999998579 0 0
5.8500000000000005329 0 0
5.8600000000000003197 0 0
5.8700000000000001066 0 1.9965659703302658584e-06
5.8799999999999998934 0 0
5.8899999999999996803 0 0
5.9000000000000003553 0 0
5.9100000000000001421 0 0
5.9199999999999999289 0 0
5.9299999999999997158 0 0
5.9400000000000003908 0 0
5.9500000000000001776 0 0
5.9599999999999999645 0 0
5.9699999999999997513 0 0
5.9800000000000004263 0 0
5.9900000000000002132 0 0
6 0 0
6.0099999999999997868 0 0
6.0200000000000004619 0 0
6.0300000000000002487 0 0
6.0400000000000000355 0 0
6.0499999999999998224 0 0
6.0600000000000004974 0 0
6.0700000000000002842 0 0
6.0800000000000000711 0 0
6.0899999999999998579 0 0
6.1000000000000005329 0 0
6.1100000000000003197 0 0
6.1200000000000001066 0 0
6.1299999999999998934 0 0
6.1400000000000005684 0 0
6.1500000000000003553 0 0
6.1600000000000001421 0 0
6.1699999999999999289 0 0
6.1799999999999997158 0 0
6.1900000000000003908 0 0
6.2000000000000001776 0 0
6.2099999999999999645 0 0
6.2199999999999997513 0 0
6.2300000000000004263 0 0
6.2400000000000002132 0 0
6.25 0 0
6.2599999999999997868 0 0
6.2700000000000004619 0 1.9965659703302658584e-06
6.2800000000000002487 0 0
6.2900000000000000355 0 0
6.2999999999999998224 0 0
6.3100000000000004974 0 0
6.3200000000000002842 0 1.9965659703302658584e-06
6.3300000000000000711 0 0
6.3399999999999998579 0 0
6.3500000000000005329 0 0
6.3600000000000003197 0 0
6.3700000000000001066 0 0
6.3799999999999998934 0 0
6.3900000000000005684 0 0
6.4000000000000003553 0 0
6.4100000000000001421 0 0
6.4199999999999999289 0 1.9965659703302658584e-06
6.4299999999999997158 0 1.9965659703302658584e-06
6.4400000000000003908 0 1.9965659703302658584e-06
6.4500000000000001776 0 0
6.4599999999999999645 0 1.9965659703302658584e-06
6.4699999999999997513 0 0
6.4800000000000004263 0 0
6.4900000000000002132 0 0
6.5 0 0
6.5099999999999997868 0 0
6.5200000000000004619 0 0
6.5300000000000002487 0 0
6.5400000000000000355 0 0
6.5499999999999998224 0 0
6.5600000000000004974 0 0
6.5700000000000002842 0 0
6.5800000000000000711 0 0
6.5899999999999998579 0 0
6.6000000000000005329 0 0
6.6100000000000003197 0 0
6.6200000000000001066 0 1.9965659703302658584e-06
6.6299999999999998934 0 0
6.6400000000000005684 0 0
6.6500000000000003553 0 0
6.6600000000000001421 0 0
6.6699999999999999289 0 0
6.6799999999999997158 0 0
6.6900000000000003908 0 0
6.7000000000000001776 0 0
6.7099999999999999645 0 0
6.7199999999999997513 0 1.9965659703302658584e-06
6.7300000000000004263 0 0
6.7400000000000002132 0 0
6.75 0 0
6.7599999999999997868 0 0
6.7700000000000004619 0 0
6.7800000000000002487 0 0
6.7900000000000000355 0 0
6.7999999999999998224 0 0
6.8100000000000004974 0 0
6.8200000000000002842 0 0
6.8300000000000000711 0 0
6.8399999999999998579 0 0
6.8500000000000005329 0 1.9965659703302658584e-06
6.8600000000000003197 0 3.993131940660533411e-06
6.8700000000000001066 0 0
6.8799999999999998934 0 1.9965659703302658584e-06
6.8900000000000005684 0 1.9965659703302658584e-06
6.9000000000000003553 0 0
6.9100000000000001421 0 0
6.9199999999999999289 0 0
6.9299999999999997158 0 0
6.9400000000000003908 0 0
6.9500000000000001776 0 0
6.9599999999999999645 0 0
6.9699999999999997513 0 0
6.9800000000000004263 0 1.9965659703302658584e-06
6.9900000000000002132 0 0
7 0 1.9965659703302658584e-06
7.0099999999999997868 0 0
7.0200000000000004619 0 0
7.0300000000000002487 0 0
7.0400000000000000355 0 0
7.0499999999999998224 0 0
7.0600000000000004974 0 0
7.0700000000000002842 0 0
7.0800000000000000711 0 0
7.0899999999999998579 0 0
7.1000000000000005329 0 0
7.1100000000000003197 0 0
7.1200000000000001066 0 0
7.1299999999999998934 0 0
7.1400000000000005684 0 0
7.1500000000000003553 0 0
7.1600000000000001421 0 0
7.1699999999999999289 0 0
7.1799999999999997158 0 0
7.1900000000000003908 0 1.9965659703302658584e-06
7.2000000000000001776 0 0
7.2099999999999999645 0 0
7.2199999999999997513 0 0
7.2300000000000004263 0 0
7.2400000000000002132 0 0
7.25 0 0
7.2599999999999997868 0 0
7.2700000000000004619 0 1.9965659703302658584e-06
7.2800000000000002487 0 0
7.2900000000000000355 0 0
7.2999999999999998224 0 1.9965659703302658584e-06
7.3100000000000004974 0 0
7.3200000000000002842 0 0
7.3300000000000000711 0 0
7.3399999999999998579 0 0
7.3500000000000005329 0 0
7.3600000000000003197 0 1.1979395821981599386e-05
7.3700000000000001066 0 0
7.3799999999999998934 0 3.993131940660533411e-06
7.3900000000000005684 0 1.9965659703302658584e-06
7.4000000000000003553 0 0
7.4100000000000001421 0 0
7.4199999999999999289 0 1.9965659703302658584e-06
7.4299999999999997158 0 7.9862638813210651278e-06
7.4400000000000003908 0 1.3975961337564509699e-05
7.4500000000000001776 0 3.993131940660533411e-06
7.4599999999999999645 0 9.9828293969039805233e-06
7.4699999999999997513 0 1.1979395821981599386e-05
7.4800000000000004263 0 2.3958791643963198772e-05
7.4900000000000002132 0 2.1962225218885581603e-05
7.5 0 1.796909236873034049e-05
7.5099999999999997868 0 1.9965658793807961047e-05
7.5200000000000004619 0 1.796909236873034049e-05
7.5300000000000002487 0 2.9948489100206639955e-05
7.5400000000000000355 0 2.7951922675129029563e-05
7.5499999999999998224 0 2.1962225218885581603e-05
7.5600000000000004974 0 1.1979395821981599386e-05
7.5700000000000002842 0 2.9948489100206639955e-05
7.5800000000000000711 0 1.9965658793807961047e-05
7.5899999999999998579 0 7.9862638813210651278e-06
7.6000000000000005329 0 2.5955356250051409006e-05
7.6100000000000003197 0 1.796909236873034049e-05
7.6200000000000001066 0 1.1979395821981599386e-05
7.6299999999999998934 0 9.9828293969039805233e-06
7.6400000000000005684 0 1.1979395821981599386e-05
7.6500000000000003553 0 1.3975961337564509699e-05
7.6600000000000001421 0 3.993131940660533411e-06
7.6699999999999999289 0 3.993131940660533411e-06
7.6799999999999997158 0 3.993131940660533411e-06
7.6900000000000003908 0 3.993131940660533411e-06
7.7000000000000001776 0 3.993131940660533411e-06
7.7099999999999999645 0 1.9965659703302658584e-06
7.7199999999999997513 0 0
7.7300000000000004263 0 1.9965659703302658584e-06
7.7400000000000002132 0 1.9965659703302658584e-06
7.75 0 0
7.7599999999999997868 0 0
7.7700000000000004619 0 0
7.7800000000000002487 0 0
7.7900000000000000355 0 0
7.7999999999999998224 0 0
7.8100000000000004974 0 0
7.8200000000000002842 0 0
7.8300000000000000711 0 0
7.8399999999999998579 0 0
7.8500000000000005329 0 0
7.8600000000000003197 0 0
7.8700000000000001066 0 0
7.8799999999999998934 0 0
7.8900000000000005684 0 0
7.9000000000000003553 0 0
7.9100000000000001421 0 0
7.9199999999999999289 0 0
7.930000000000000604 0 0
7.9400000000000003908 0 0
7.9500000000000001776 0 0
7.9599999999999999645 0 0
7.9699999999999997513 0 0
7.9800000000000004263 0 0
7.9900000000000002132 0 0
8 0 0
8.0099999999999997868 0 0
8.0199999999999995737 0 0
8.0299999999999993605 0 0
8.0400000000000009237 0 0
8.0500000000000007105 0 0
8.0600000000000004974 0 0
8.0700000000000002842 0 0
8.0800000000000000711 0 0
8.0899999999999998579 0 0
8.0999999999999996447 0 0
8.1099999999999994316 0 0
8.1200000000000009948 0 0
8.1300000000000007816 0 0
8.1400000000000005684 0 0
8.1500000000000003553 0 0
8.1600000000000001421 0 0
8.1699999999999999289 0 0
8.1799999999999997158 0 0
8.1899999999999995026 0 0
8.1999999999999992895 0 0
8.2100000000000008527 0 0
8.2200000000000006395 0 0
8.2300000000000004263 0 0
8.2400000000000002132 0 0
8.25 0 0
8.2599999999999997868 0 0
8.2699999999999995737 0 0
8.2799999999999993605 0 0
8.2900000000000009237 0 0
8.3000000000000007105 0 0
8.3100000000000004974 0 0
8.3200000000000002842 0 0
8.3300000000000000711 0 0
8.3399999999999998579 0 0
8.3499999999999996447 0 0
8.3599999999999994316 0 0
8.3700000000000009948 0 0
8.3800000000000007816 0 0
8.3900000000000005684 0 0
8.4000000000000003553 0 0
8.4100000000000001421 0 0
8.4199999999999999289 0 0
8.4299999999999997158 0 0
8.4399999999999995026 0 0
8.4499999999999992895 0 0
8.4600000000000008527 0 0
8.4700000000000006395 0 0
8.4800000000000004263 0 0
8.4900000000000002132 0 0
8.5 0 0
8.5099999999999997868 0 0
8.5199999999999995737 0 0
8.5299999999999993605 0 0
8.5400000000000009237 0 0
8.5500000000000007105 0 0
8.5600000000000004974 0 0
8.5700000000000002842 0 0
8.5800000000000000711 0 0
8.5899999999999998579 0 0
8.5999999999999996447 0 0
8.6099999999999994316 0 0
8.6200000000000009948 0 0
8.6300000000000007816 0 0
8.6400000000000005684 0 0
8.6500000000000003553 0 0
8.6600000000000001421 0 0
8.6699999999999999289 0 0
8.6799999999999997158 0 0
8.6899999999999995026 0 0
8.7000000000000010658 0 0
8.7100000000000008527 0 0
8.7200000000000006395 0 0
8.7300000000000004263 0 0
8.7400000000000002132 0 0
8.75 0 0
8.7599999999999997868 0 0
8.7699999999999995737 0 0
8.7799999999999993605 0 0
8.7900000000000009237 0 0
8.8000000000000007105 0 0
8.8100000000000004974 0 0
8.8200000000000002842 0 0
8.8300000000000000711 0 0
8.8399999999999998579 0 0
8.8499999999999996447 0 0
8.8599999999999994316 0 0
8.8700000000000009948 0 0
8.8800000000000007816 0 0
8.8900000000000005684 0 0
8.9000000000000003553 0 0
8.9100000000000001421 0 0
8.9199999999999999289 0 0
8.9299999999999997158 0 0
8.9399999999999995026 0 0
8.9500000000000010658 0 0
8.9600000000000008527 0 0
8.9700000000000006395 0 0
8.9800000000000004263 0 0
8.9900000000000002132 0 0
9 0 0
9.0099999999999997868 0 0
9.0199999999999995737 0 0
9.0299999999999993605 0 0
9.0400000000000009237 0 0
9.0500000000000007105 0 0
9.0600000000000004974 0 0
9.0700000000000002842 0 0
9.0800000000000000711 0 0
9.0899999999999998579 0 0
9.0999999999999996447 0 0
9.1099999999999994316 0 0
9.1200000000000009948 0 0
9.1300000000000007816 0 0
9.1400000000000005684 0 0
9.1500000000000003553 0 0
9.1600000000000001421 0 0
9.1699999999999999289 0 0
9.1799999999999997158 0 0
9.1899999999999995026 0 0
9.2000000000000010658 0 0
9.2100000000000008527 0 0
9.2200000000000006395 0 0
9.2300000000000004263 0 0
9.2400000000000002132 0 0
9.25 0 0
9.2599999999999997868 0 0
9.2699999999999995737 0 0
9.2799999999999993605 0 0
9.2900000000000009237 0 0
9.3000000000000007105 0 0
9.3100000000000004974 0 0
9.3200000000000002842 0 0
9.3300000000000000711 0 0
9.3399999999999998579 0 0
9.3499999999999996447 0 0
9.3599999999999994316 0 0
9.3700000000000009948 0 0
9.3800000000000007816 0 0
9.3900000000000005684 0 0
9.4000000000000003553 0 0
9.4100000000000001421 0 0
9.4199999999999999289 0 0
9.4299999999999997158 0 0
9.4399999999999995026 0 0
9.4500000000000010658 0 0
9.4600000000000008527 0 0
9.4700000000000006395 0 0
9.4800000000000004263 0 0
9.4900000000000002132 0 0
9.5 0 0
9.5099999999999997868 0 0
9.5199999999999995737 0 0
9.5299999999999993605 0 0
9.5400000000000009237 0 0
9.5500000000000007105 0 0
9.5600000000000004974 0 0
9.5700000000000002842 0 0
9.5800000000000000711 0 0
9.5899999999999998579 0 0
9.5999999999999996447 0 0
9.6099999999999994316 0 0
9.6200000000000009948 0 0
9.6300000000000007816 0 0
9.6400000000000005684 0 0
9.6500000000000003553 0 0
9.6600000000000001421 0 0
9.6699999999999999289 0 0
9.6799999999999997158 0 0
9.6899999999999995026 0 0
9.7000000000000010658 0 0
9.7100000000000008527 0 0
9.7200000000000006395 0 0
9.7300000000000004263 0 0
9.7400000000000002132 0 0
9.75 0 0
9.7599999999999997868 0 0
9.7699999999999995737 0 0
9.7799999999999993605 0 0
9.7900000000000009237 0 0
9.8000000000000007105 0 0
9.8100000000000004974 0 0
9.8200000000000002842 0 0
9.8300000000000000711 0 0
9.8399999999999998579 0 0
9.8499999999999996447 0 0
9.8599999999999994316 0 0
9.8700000000000009948 0 0
9.8800000000000007816 0 0
9.8900000000000005684 0 0
9.9000000000000003553 0 0
9.9100000000000001421 0 0
9.9199999999999999289 0 0
9.9299999999999997158 0 0
9.9399999999999995026 0 0
9.9500000000000010658 0 0
9.9600000000000008527 0 0
9.9700000000000006395 0 0
9.9800000000000004263 0 0
9.9900000000000002132 0 0
10 0 0
10.009999999999999787 0 0
10.019999999999999574 0 0
10.029999999999999361 0 0
10.040000000000000924 0 0
10.050000000000000711 0 0
10.060000000000000497 0 0
10.070000000000000284 0 0
10.080000000000000071 0 0
10.089999999999999858 0 0
10.099999999999999645 0 0
10.109999999999999432 0 0
10.120000000000000995 0 0
10.130000000000000782 0 0
10.140000000000000568 0 0
10.150000000000000355 0 0
10.160000000000000142 0 0
10.169999999999999929 0 0
10.179999999999999716 0 0
10.189999999999999503 0 0
10.200000000000001066 0 0
10.210000000000000853 0 0
10.220000000000000639 0 0
10.230000000000000426 0 0
