0 3.5038765687166864985e-46 -3.5038765687166864985e-46
0.010000000000000000208 4.7497656877243481801e-45 -4.7497656877243481801e-45
0.020000000000000000416 6.2127951369741879579e-44 -6.2127951369741879579e-44
0.02999999999999999889 7.841395175569672892e-43 -7.841395175569672892e-43
0.040000000000000000833 9.5497303640828218898e-42 -9.5497303640828218898e-42
0.050000000000000002776 1.1222260308870096179e-40 -1.1222260308870096179e-40
0.05999999999999999778 1.2725094831356869504e-39 -1.2725094831356869504e-39
0.070000000000000006661 1.3923011351242872522e-38 -1.3923011351242872522e-38
0.080000000000000001665 1.4699304528461382134e-37 -1.4699304528461382134e-37
0.089999999999999996669 1.4974483718234405843e-36 -1.4974483718234405843e-36
0.10000000000000000555 1.4719680687964531565e-35 -1.4719680687964531565e-35
0.11000000000000000056 1.3961638230505316339e-34 -1.3961638230505316339e-34
0.11999999999999999556 1.2778086757552772281e-33 -1.2778086757552772281e-33
0.13000000000000000444 1.1284614951879968357e-32 -1.1284614951879968357e-32
0.14000000000000001332 9.6161032489890348123e-32 -9.6161032489890348123e-32
0.14999999999999999445 7.9068400072717936257e-31 8.0056837759912014008e-05
0.16000000000000000333 6.2733316064708819759e-30 7.4052579293493181467e-05
0.17000000000000001221 4.8026949097255298786e-29 7.6053998782299458981e-05
0.17999999999999999334 3.5478333654968729137e-28 9.0063942479901015759e-05
0.19000000000000000222 2.5289071763268430008e-27 7.8055418271105736494e-05
0.2000000000000000111 1.7393782069810309516e-26 8.2058264524675905704e-05
0.20999999999999999223 1.1543742229284839598e-25 0.00011408099817344920202
0.22000000000000000111 7.3924888288851831342e-25 0.00010207247396465389565
0.23000000000000000999 4.5680010372161068543e-24 8.2058264524675905704e-05
0.23999999999999999112 2.7236617464142921125e-23 9.0063942479901015759e-05
0.25 1.5670094266896854313e-22 0.00010207247396465389565
0.26000000000000000888 8.6992439013179679379e-22 7.4052579293493181467e-05
0.27000000000000001776 4.6599672671503000693e-21 8.2058264524675905704e-05
0.28000000000000002665 2.4086610250198365172e-20 8.6061103502288433626e-05
0.28999999999999998002 1.2013234784785547142e-19 7.2051159804686781981e-05
0.2999999999999999889 5.7814357688415555955e-19 0.0001000710471998894212
0.30999999999999999778 2.6847441552931927241e-18 7.4052579293490498067e-05
0.32000000000000000666 1.2029887517413064634e-17 8.6061103502276426087e-05
0.33000000000000001554 5.2012974174198661807e-17 8.0056837759859999408e-05
0.34000000000000002442 2.1699677026867913721e-16 6.2044047808523284954e-05
0.35000000000000003331 8.7354707190266140733e-16 8.0056837759038472317e-05
0.35999999999999998668 3.3932106008518041765e-15 8.6061103498895246745e-05
0.36999999999999999556 1.271823303890714467e-14 9.2065369231946673871e-05
0.38000000000000000444 4.5997497249314587736e-14 7.8055418225108242486e-05
0.39000000000000001332 1.6052145450530293167e-13 0.00011007815175935754793
0.4000000000000000222 5.4053451564432848216e-13 0.00011808383661052719387
0.41000000000000003109 1.7563264264939253504e-12 6.6046892305984036126e-05
0.41999999999999998446 5.5065362364506898182e-12 9.6068202715741222585e-05
0.42999999999999999334 1.6658781329022809323e-11 0.00011608240100347417796
0.44000000000000000222 4.862945629179702814e-11 8.606105487283216397e-05
0.4500000000000000111 1.3697681407336945755e-10 0.00011608228068544143292
0.46000000000000001998 3.722941123571795967e-10 0.00011808346485694934847
0.47000000000000002887 9.7637519131910427165e-10 0.00010007007082469868121
0.47999999999999998224 2.4708066648661505994e-09 7.8052947464440865016e-05
0.48999999999999999112 6.0332629374163457915e-09 8.6055070239351039857e-05
0.5 1.4215338378453907687e-08 0.00010405967811508174748
0.51000000000000000888 3.2318679785735846308e-08 9.2033050564879165614e-05
0.52000000000000001776 7.0899223972013221171e-08 0.00010200157474068188737
0.53000000000000002665 1.5007930578277784648e-07 0.0001139309188676664188
0.54000000000000003553 3.0654314099688705072e-07 0.00010977160877888211257
0.55000000000000004441 6.0416262397547936979e-07 0.00010547115031829102478
0.56000000000000005329 1.1489670292490180186e-06 0.00013094482109537186891
0.57000000000000006217 2.1083986946644072777e-06 0.00011597543845639730149
0.57999999999999996003 3.7332697510256108559e-06 0.00013636619632882037681
0.58999999999999996891 6.3784839144998543536e-06 9.1691143796583879713e-05
0.5999999999999999778 1.0515671684740378108e-05 0.00011357242393274021995
0.60999999999999998668 1.6728154557466254788e-05 0.00014338552096235774951
0.61999999999999999556 2.567736809995181389e-05 0.00012242779048703456598
0.63000000000000000444 3.803158645653351833e-05 0.00014009488629041988374
0.64000000000000001332 5.4353790674645378379e-05 0.000161799674187500139
0.6500000000000000222 7.4956050208159372096e-05 0.00019123293825393112015
0.66000000000000003109 9.974129665268844985e-05 0.00030854859920592713277
0.67000000000000003997 0.00012806627766874894539 0.00035427619020740228582
0.68000000000000004885 0.00015866678574507560068 0.00044776379230047143494
0.69000000000000005773 0.00018968313622978285921 0.00054483834730702685074
0.70000000000000006661 0.00021880784046627535944 0.00061978754379995212431
0.70999999999999996447 0.00024355020446616230121 0.00078918303756129971546
0.71999999999999997335 0.00026158062770611774199 0.00077515543874704133029
0.72999999999999998224 0.0002710903867480555997 0.00097979771780248446807
0.73999999999999999112 0.00027109038674805500339 0.00075764003085370898189
0.75 0.0002615806277061161699 0.00083519803796314575142
0.76000000000000000888 0.00024355020446615986175 0.00075515891352755256348
0.77000000000000001776 0.00021880784046627197131 0.00067182449416466438578
0.78000000000000002665 0.00018968313622977914581 0.00054483834730703053703
0.79000000000000003553 0.00015866678574507180597 0.00047378226748282967987
0.80000000000000004441 0.00012806627766874531331 0.00036828610480117696373
0.81000000000000005329 9.9741296652685170138e-05 0.00021248037643173772163
0.82000000000000006217 7.4956050208156620933e-05 0.00019923861620915896782
0.83000000000000007105 5.4353790674643115107e-05 0.00016980536669464267293
0.83999999999999996891 3.8031586456531932684e-05 0.00012608494259281987195
0.8499999999999999778 2.5677368099950644985e-05 0.00010441499325990635067
0.85999999999999998668 1.6728154557465431472e-05 0.00011336420680239155741
0.86999999999999999556 1.0515671684739817372e-05 8.7553956026343926012e-05
0.88000000000000000444 6.3784839144994884353e-06 7.7681200098982688853e-05
0.89000000000000001332 3.733269751025382157e-06 8.232783375126308408e-05
0.9000000000000000222 2.1083986946642556588e-06 7.7948439065247761737e-05
0.91000000000000003109 1.1489670292489299271e-06 8.090929749542698213e-05
0.92000000000000003997 6.0416262397543055951e-07 8.3455521389506757317e-05
0.93000000000000004885 3.0654314099686116327e-07 5.973608881691595834e-05
0.94000000000000005773 1.5007930578276447924e-07 7.39024999877104118e-05
0.95000000000000006661 7.0899223972006564021e-08 8.9993043255929007474e-05
0.95999999999999996447 3.2318679785733040511e-08 5.0003204920159273689e-05
0.96999999999999997335 1.4215338378453049074e-08 7.8041202932727283701e-05
0.97999999999999998224 6.0332629374187404794e-09 8.6055070239351039857e-05
0.98999999999999999112 2.470806664884631055e-09 0.00010006857639322511893
1 9.7637519143114319729e-10 8.8061546615903307073e-05
1.0100000000000000089 3.7229411299779474027e-10 7.8055045976992745152e-05
1.0200000000000000178 1.3697681756547733258e-10 0.00010807659545425513082
1.0300000000000000266 4.8629474455352029543e-11 9.6068159592803005335e-05
1.0400000000000000355 1.6658871483175804023e-11 9.6068191563405982395e-05
1.0500000000000000444 5.5069632797429781697e-12 8.6061097995325180703e-05
1.0600000000000000533 1.7582570151632880336e-12 8.806252123283771899e-05
1.0700000000000000622 5.4886503599403825418e-13 7.205115925582187338e-05
1.0800000000000000711 1.94834140266442757e-13 8.6061103307454321675e-05
1.0900000000000000799 1.8091749960797083624e-13 6.804831337019923859e-05
1.1000000000000000888 5.1921814147959219861e-13 9.4066788214253039386e-05
1.1100000000000000977 1.8189511140224649694e-12 8.4059682194531065561e-05
1.1200000000000001066 6.215560392318882471e-12 7.8055412055545348609e-05
1.1300000000000001155 2.0317352219926820251e-11 0.00010007102688253777896
1.1400000000000001243 6.3445578995707564496e-11 8.4059620567903192505e-05
1.1500000000000001332 1.8927899553275217413e-10 9.2065179965669381289e-05
1.1599999999999999201 5.3956190294227154552e-10 8.4059144451579240935e-05
1.1699999999999999289 1.469942554283678237e-09 8.8061053048540450551e-05
1.1799999999999999378 3.8279964994998065061e-09 8.4055856016982687692e-05
1.1899999999999999467 9.5314087609805081841e-09 8.405015260472120111e-05
1.1999999999999999556 2.2697147074669039908e-08 8.8039825844020070029e-05
1.2099999999999999645 5.170611411253813726e-08 9.0012236365788478309e-05
1.2199999999999999734 1.1272296849623185598e-07 9.1952646276168679041e-05
1.2299999999999999822 2.3525786695077276978e-07 7.5818740915348684464e-05
1.2399999999999999911 4.7023938553049403485e-07 7.7585178885575240395e-05
1.25 9.0062182627509023545e-07 8.1157642698400815151e-05
1.2600000000000000089 1.6536638094660824723e-06 0.00010242022964399411335
1.2700000000000000178 2.912709176855424836e-06 9.7158338023034578274e-05
1.2800000000000000266 4.9248363778172614126e-06 9.3144791333266480277e-05
1.2900000000000000355 7.9996650757065104791e-06 7.6060018937775677821e-05
1.3000000000000000444 1.2494653712185965029e-05 0.00010558918343887573781
1.3100000000000000533 1.8784033180915695702e-05 0.00010730548920132879575
1.3200000000000000622 2.7212253938835586037e-05 0.00011689006567053822187
1.3300000000000000711 3.8037809147151735467e-05 0.00017010997775976865153
1.3400000000000000799 5.1378019277212586197e-05 0.00015877117984255641669
1.3500000000000000888 6.7167892591371328409e-05 0.00015298841124838669656
1.3600000000000000977 8.5144970147460775629e-05 0.00015702696989703914454
1.3700000000000001066 0.00010486680627911558429 0.00014731223848537329697
1.3800000000000001155 0.00012575972828878973528 0.00017645485462755949153
1.3900000000000001243 0.00014718933662309478545 0.00016503233646132810632
1.4000000000000001332 0.00016853768098472313619 0.0001536911113716040399
1.4099999999999999201 0.00018927105690158454315 0.0001369605598804399596
1.4199999999999999289 0.00020898604111049427562 8.3221422533950612649e-05
1.4299999999999999378 0.00022742812647630569777 0.00013282764344329841947
1.4399999999999999467 0.00024448459865411515746 7.7744193702212018634e-05
1.4499999999999999556 0.00026015877134367689037 5.4064313953594718941e-05
1.4599999999999999645 0.00027453507685353613528 4.569227418611197496e-05
1.4699999999999999734 0.00028774383462833619685 2.4622168032600822915e-06
1.4799999999999999822 0.00029993182955386068827 -6.7766994229349783408e-05
1.4899999999999999911 0.00031124151193180849212 -9.0269290154592653208e-06
1.5 0.00032179882402369675487 -6.1614101303982763552e-05
1.5100000000000000089 0.00033170794896435185604 -4.5504751062283360294e-05
1.5200000000000000178 0.0003410506996117464878 -3.8836116695397260995e-05
1.5300000000000000266 0.00034988850126460162597 -6.7688127788230402666e-05
1.5400000000000000355 0.00035826555008155536522 -3.2033933299530862465e-05
1.5500000000000000444 0.00036621239220909298541 -8.2010606519873207199e-05
1.5600000000000000533 0.00037374965148138082106 -4.7518034699356318309e-05
1.5700000000000000622 0.00038089185997309946878 -0.00010469575223910474642
1.5800000000000000711 0.00038765134336044899293 -7.342825806317738362e-05
1.5900000000000000799 0.00039404197194695854889 -8.182029886253565712e-05
1.6000000000000000888 0.0004000824228443914006 -0.00012788916863992451584
1.6100000000000000977 0.000405798513615592243 -0.00010958819644161951713
1.6200000000000001066 0.00041122422628354346258 -0.00012902385280717223928
1.6300000000000001155 0.00041640124564379995143 -0.00016422220087931107017
1.6400000000000001243 0.00042137712893504131488 -8.3136980668263918675e-05
1.6500000000000001332 0.00042620250918226220034 -0.00010197230461308641513
1.6600000000000001421 0.00043092791745351604737 -0.00014472471955144755162
1.6699999999999999289 0.00043560083466004660734 -0.00012738198600132098802
1.6799999999999999378 0.0004402634548669706778 -0.00012403892825302000264
1.6899999999999999467 0.00044495141479458747433 -0.00016875530706059275196
1.6999999999999999556 0.00044969349826873256755 -0.00015348318109475984168
1.7099999999999999645 0.00045451213123998802186 -0.00017231175776361679856
1.7199999999999999734 0.00045942438195719210959 -0.0001371955896008649335
1.7299999999999999822 0.00046444317327718501144 -0.00017623853405843739562
1.7399999999999999911 0.00046957847318268851637 -0.00013934400287113623022
1.75 0.00047483831793646122561 -0.0001666194692777356063
1.7600000000000000089 0.00048022960742960519014 -0.00017801502451325596334
1.7700000000000000178 0.00048575867501253749015 -0.00021156400859522188785
1.7800000000000000266 0.00049143166918672054073 -0.00018921708627037131393
1.7900000000000000355 0.00049725479635132411021 -0.00021905727640448072451
1.8000000000000000444 0.0005032344707193237357 -0.00024304974799960974438
1.8100000000000000533 0.00050937740762165397215 -0.00023117988767481058646
1.8200000000000000622 0.00051569068536225985515 -0.00018145339062501024234
1.8300000000000000711 0.00052218179150687721833 -0.00025999562747048399853
1.8400000000000000799 0.00052885866288085849139 -0.00023464978702356488558
1.8500000000000000888 0.00053572972438322547482 -0.00025753220443638208913
1.8600000000000000977 0.000542803929349787136 -0.0002806177653133939162
1.8700000000000001066 0.00055009080297020393219 -0.00027589613655288832989
1.8800000000000001155 0.00055760048969490463595 -0.00028540723549043775118
1.8900000000000001243 0.00056534380534696787677 -0.00026112781021777009506
1.9000000000000001332 0.00057333229460648901712 -0.00029913762818917341482
1.9100000000000001421 0.00058157829457204711452 -0.00031138645258042883888
1.9199999999999999289 0.00059009500518540560637 -0.00032190460451046639659
1.9299999999999999378 0.00059889656741584718427 -0.00032670331321138029951
1.9399999999999999467 0.00060799815023540235408 -0.00029777788936382807144
1.9499999999999999556 0.00061741604757696913735 -0.00033321426188774935914
1.9599999999999999645 0.00062716778665789570547 -0.00032695464505822559873
1.9699999999999999734 0.00063727224927786238311 -0.0003330562541486646014
1.9799999999999999822 0.00064774980796932543192 -0.00033152528135537475676
1.9899999999999999911 0.00065862247920084023359 -0.00036041074981401884439
2 0.00066991409622004264527 -0.00036970095462037253853
2.0100000000000002309 0.00068165050458889021 -0.00037543309724684371075
2.0200000000000000178 0.00069385978402764913065 -0.00035361822354802301691
2.0300000000000002487 0.000706572500870099123 -0.0003883465620432997303
2.0400000000000000355 0.00071982199627100985472 -0.00037357617004900734847
2.0499999999999998224 0.00073364471633770593408 -0.00041341736529805782384
2.0600000000000000533 0.00074808059163155920732 -0.0004038361776224054186
2.0699999999999998401 0.00076317347506959978126 -0.00044895038977232817196
2.0800000000000000711 0.00077897164923946605498 -0.00043672864744316087539
2.0899999999999998579 0.00079552841664009600348 -0.00046529394632854371733
2.1000000000000000888 0.00081290278953404545952 -0.00048266831922249317337
2.1099999999999998757 0.00083116030015962843926 -0.00048091162040809814961
2.1200000000000001066 0.00085037395729730823508 -0.00045008976849774811084
2.1299999999999998934 0.00087062538202582024586 -0.0004803482833943339492
2.1400000000000001243 0.00089200616452074640243 -0.00051373759737401299922
2.1499999999999999112 0.00091461949577867677173 -0.00048631539048008318562
2.1600000000000001421 0.00093858214442711401966 -0.00054230078005325127628
2.1699999999999999289 0.00096402687117412328051 -0.00057374977254263698385
2.1800000000000001599 0.00099110540491203786423 -0.00063485245941813112786
2.1899999999999999467 0.0010199921499051780617 -0.0005976923103489608681
2.2000000000000001776 0.0010508888614590293671 -0.00056054071562765305295
2.2099999999999999645 0.0010840306340090654497 -0.00057166683742103201193
2.2200000000000001954 0.001119693721895052797 -0.00057330580127327025568
2.2299999999999999822 0.0011582060211505001372 -0.00056578538680255468542
2.2400000000000002132 0.0011999616018808949899 -0.00059753390646870622148
2.25 0.0012454417229795593756 -0.00058497278235645480335
2.2600000000000002309 0.0012952466789512592608 -0.00052069677653449357099
2.2700000000000000178 0.0013501462274131657577 -0.00050554654830073137046
2.2800000000000002487 0.0014111619736799888188 -0.00055855664571615977823
2.2900000000000000355 0.0014797034795214114751 -0.00041895035009874639909
2.3000000000000002665 0.0015577904309469188613 -0.00032291362409916793755
2.3100000000000000533 0.0016484025993010163486 -0.00020137516656873227956
2.3199999999999998401 0.0017559993144259083281 2.3263942623115776986e-05
2.3300000000000000711 0.0018872261250043140691 0.00010018504991886789841
2.3399999999999998579 0.0020517589566978904937 0.00065216081722348044625
2.3500000000000000888 0.0022631095025704792839 0.00087711999639704862561
2.3599999999999998757 0.0025390335835267763796 0.0019881808653722543058
2.3700000000000001066 0.0029009913022103265418 0.0031352944744346186029
2.3799999999999998934 0.003372002930445365098 0.0050199557309320644305
2.3900000000000001243 0.0039723681680157328297 0.0078660372250482883671
2.3999999999999999112 0.0047131950411111039889 0.011938627212950594925
2.4100000000000001421 0.0055885359565252768974 0.01741979942522101088
2.4199999999999999289 0.0065679680121643541427 0.023507384626795527899
2.4300000000000001599 0.0075922743213240112201 0.03058883316993080137
2.4399999999999999467 0.0085749634923166818956 0.03829831542356543217
2.4500000000000001776 0.0094113234582533841083 0.045861918836534974753
2.4599999999999999645 0.0099945824714240197317 0.051010730477995001875
2.4700000000000001954 0.010236148426263719236 0.054948131850034803714
2.4799999999999999822 0.010084842894079407843 0.055689858641622347335
2.4900000000000002132 0.0095395490117230700294 0.053273047547801467838
2.5 0.0086512161205571994071 0.04911979979173718841
2.5100000000000002309 0.0075132998145410797436 0.043116647519986887882
2.5200000000000000178 0.0062432919500302148583 0.035246163898902060918
2.5300000000000002487 0.0049606037681046502574 0.027640544121986292125
2.5400000000000000355 0.0037667326409763237337 0.020340382702236758927
2.5500000000000002665 0.0027322682803836558993 0.014469945126179151879
2.5600000000000000533 0.0018926284595504275915 0.0096635768801793617971
2.5699999999999998401 0.0012516242530110760749 0.0062957342635926319754
2.5800000000000000711 0.0007900487773050643989 0.0041054269157419819372
2.5899999999999998579 0.00047591225158245353908 0.0022159990490618255293
2.6000000000000000888 0.0002735445201322716938 0.0012395297484546624611
2.6099999999999998757 0.00015000408642996279174 0.00061854157934825688102
2.6200000000000001066 7.8470506812054210098e-05 0.00032781794772988230666
2.6299999999999998934 3.915609957781415691e-05 0.00017299452630671873768
2.6400000000000001243 1.8635839511188451504e-05 9.3443739173454452678e-05
2.6499999999999999112 8.4591495032305993575e-06 3.156926937672540934e-05
2.6600000000000001421 3.6619139008159591844e-06 4.3437704208720632801e-06
2.6699999999999999289 1.5117220566157631281e-06 4.492540957276578277e-06
2.6800000000000001599 5.9511317019433778455e-07 7.4105711514936845741e-06
2.6899999999999999467 2.2339561184798471035e-07 -2.2339561184798471035e-07
2.7000000000000001776 7.9961840602776134358e-08 1.92145923981922972e-06
2.7099999999999999645 2.7290484389317558369e-08 -2.7290484389317558369e-08
2.7200000000000001954 8.8807303730523518747e-09 -8.8807303730523518747e-09
2.7299999999999999822 2.7554020755520661904e-09 -2.7554020755520661904e-09
2.7400000000000002132 8.1510032020449671436e-10 -8.1510032020449671436e-10
2.75 2.2988931030761453336e-10 -2.2988931030761453336e-10
2.7600000000000002309 6.1815981011936202789e-11 -6.1815981011936202789e-11
2.7700000000000000178 1.5847120964942593849e-11 -1.5847120964942593849e-11
2.7800000000000002487 3.8731254007305295733e-12 -3.8731254007305295733e-12
2.7900000000000000355 9.0246179437821116071e-13 -9.0246179437821116071e-13
2.8000000000000002665 2.0046896940987484019e-13 -2.0046896940987484019e-13
2.8100000000000000533 4.2453350221299308569e-14 -4.2453350221299308569e-14
2.8199999999999998401 8.5707544124987388876e-15 -8.5707544124987388876e-15
2.8300000000000000711 1.6495464132340952305e-15 -1.6495464132340952305e-15
2.8399999999999998579 3.0265292466262111511e-16 2.0014210801193531208e-06
2.8500000000000000888 5.2936688664418620639e-17 -5.2936688664418620639e-17
2.8599999999999998757 8.8266761259749254768e-18 -8.8266761259749254768e-18
2.8700000000000001066 1.4030182520459888689e-18 -1.4030182520459888689e-18
2.8799999999999998934 2.1259475615237819107e-19 -2.1259475615237819107e-19
2.8900000000000001243 3.0708771658071367725e-20 -3.0708771658071367725e-20
2.8999999999999999112 4.2285430008272181172e-21 -4.2285430008272181172e-21
2.9100000000000001421 5.5505415529050214459e-22 -5.5505415529050214459e-22
2.9199999999999999289 6.9453525610954429657e-23 -6.9453525610954429657e-23
2.9300000000000001599 8.2844889592669973009e-24 -8.2844889592669973009e-24
2.9399999999999999467 9.419935173898261525e-25 -9.419935173898261525e-25
2.9500000000000001776 1.021031755795841762e-25 -1.021031755795841762e-25
2.9599999999999999645 1.0549653849006692083e-26 -1.0549653849006692083e-26
2.9700000000000001954 1.0390665543919452678e-27 -1.0390665543919452678e-27
2.9799999999999999822 9.7555862252165964678e-29 -9.7555862252165964678e-29
2.9900000000000002132 8.7310597315200297486e-30 -8.7310597315200297486e-30
3 7.4487419978743330384e-31 -7.4487419978743330384e-31
3.0100000000000002309 6.0575939565712180468e-32 -6.0575939565712180468e-32
3.0200000000000000178 4.6958862893757398667e-33 -4.6958862893757398667e-33
3.0300000000000002487 3.4700374278022319888e-34 -3.4700374278022319888e-34
3.0400000000000000355 2.4442687881345524881e-35 -2.4442687881345524881e-35
3.0500000000000002665 1.6411983519025027171e-36 -1.6411983519025027171e-36
3.0600000000000000533 1.050436071270954922e-37 -1.050436071270954922e-37
3.0700000000000002842 6.4087570230500486141e-39 -6.4087570230500486141e-39
3.0800000000000000711 3.7271153347667947261e-40 -3.7271153347667947261e-40
3.0899999999999998579 2.0661695775977092029e-41 -2.0661695775977092029e-41
3.1000000000000000888 1.0918236371198039539e-42 -1.0918236371198039539e-42
3.1099999999999998757 5.4996081639871187008e-44 -5.4996081639871187008e-44
3.1200000000000001066 2.6406028548288480492e-45 4.0028421608440112323e-06
3.1299999999999998934 1.2085535582585979158e-46 -1.2085535582585979158e-46
3.1400000000000001243 5.2725365847127747526e-48 -5.2725365847127747526e-48
3.1499999999999999112 2.1926213122191204065e-49 2.0014210804220060396e-06
3.1600000000000001421 8.6915544377904777709e-51 -8.6915544377904777709e-51
3.1699999999999999289 3.2841316703104240262e-52 -3.2841316703104240262e-52
3.1800000000000001599 1.1828575880286408348e-53 -1.1828575880286408348e-53
3.1899999999999999467 4.0609971367119796093e-55 2.0014210804220060396e-06
3.2000000000000001776 1.3289871453095997175e-56 -1.3289871453095997175e-56
3.2099999999999999645 4.1456851846006335311e-58 2.0014210804220060396e-06
3.2200000000000001954 1.2327042319983690905e-59 -1.2327042319983690905e-59
3.2299999999999999822 3.4938808051946358792e-61 2.0014210804220060396e-06
3.2400000000000002132 9.4393813285482358035e-63 6.0042630138923414052e-06
3.25 2.4308874857346837702e-64 2.0014210804220060396e-06
3.2600000000000002309 5.9672153644188490953e-66 2.0014210804220060396e-06
3.2700000000000000178 1.3962518269439870005e-67 2.0014210804220060396e-06
3.2800000000000002487 3.1141580961494610613e-69 -3.1141580961494610613e-69
3.2900000000000000355 6.6206724722709028194e-71 -6.6206724722709028194e-71
3.3000000000000002665 1.3416764345974248205e-72 -1.3416764345974248205e-72
3.3100000000000000533 2.5916564335651740019e-74 2.0014210804220060396e-06
3.3200000000000002842 4.7718933657694366189e-76 -4.7718933657694366189e-76
3.3300000000000000711 8.3750503258282561487e-78 -8.3750503258282561487e-78
3.3399999999999998579 1.4010939268702943959e-79 -1.4010939268702943959e-79
3.3500000000000000888 2.234240663398364797e-81 -2.234240663398364797e-81
3.3599999999999998757 3.3960594436533443158e-83 -3.3960594436533443158e-83
3.3700000000000001066 4.9204294404611590724e-85 -4.9204294404611590724e-85
3.3799999999999998934 6.7953666941260412565e-87 -6.7953666941260412565e-87
3.3900000000000001243 8.9455022303635385822e-89 -8.9455022303635385822e-89
3.3999999999999999112 1.1224791608848572862e-90 -1.1224791608848572862e-90
3.4100000000000001421 1.3425589542289283775e-92 -1.3425589542289283775e-92
3.4199999999999999289 1.5306283843513312532e-94 -1.5306283843513312532e-94
3.4300000000000001599 1.6633639469941306997e-96 -1.6633639469941306997e-96
3.4399999999999999467 1.7230018376415684271e-98 -1.7230018376415684271e-98
3.4500000000000001776 1.7012375098013008588e-100 -1.7012375098013008588e-100
3.4599999999999999645 1.6011231392265342859e-102 -1.6011231392265342859e-102
3.4700000000000001954 1.4363653548717200918e-104 -1.4363653548717200918e-104
3.4799999999999999822 1.2282459628201403194e-106 4.0028421608440112323e-06
3.4900000000000002132 1.0011193227012198048e-108 2.0014210804220060396e-06
3.5 7.7779699303725975024e-111 -7.7779699303725975024e-111
3.5100000000000002309 5.7600524868807142044e-113 -5.7600524868807142044e-113
3.5200000000000000178 4.0659893678622680057e-115 -4.0659893678622680057e-115
3.5300000000000002487 2.7358073339314009869e-117 -2.7358073339314009869e-117
3.5400000000000000355 1.7546241934637775272e-119 -1.7546241934637775272e-119
3.5500000000000002665 1.0726595762073146994e-121 -1.0726595762073146994e-121
3.5600000000000000533 6.2505578684467343887e-124 -6.2505578684467343887e-124
3.5700000000000002842 3.4717990719709189955e-126 -3.4717990719709189955e-126
3.5800000000000000711 1.8381002605200804521e-128 -1.8381002605200804521e-128
3.5899999999999998579 9.2760375976068986021e-131 -9.2760375976068986021e-131
3.6000000000000000888 4.4620494118485512157e-133 -4.4620494118485512157e-133
3.6099999999999998757 2.0459014323153952475e-135 -2.0459014323153952475e-135
3.6200000000000001066 8.9415617762747524368e-138 2.0014210804220060396e-06
3.6299999999999998934 3.7249486565855468372e-140 -3.7249486565855468372e-140
3.6400000000000001243 1.4791265363424115409e-142 -1.4791265363424115409e-142
3.6499999999999999112 5.5984575637601144269e-145 -5.5984575637601144269e-145
3.6600000000000001421 2.0198046877539396345e-147 -2.0198046877539396345e-147
3.6699999999999999289 6.9458945490514202787e-150 -6.9458945490514202787e-150
3.6800000000000001599 2.2767991680744904345e-152 -2.2767991680744904345e-152
3.6899999999999999467 7.1137548915340929311e-155 -7.1137548915340929311e-155
3.7000000000000001776 2.1186080290074246699e-157 -2.1186080290074246699e-157
3.7099999999999999645 6.0142265647513152593e-160 -6.0142265647513152593e-160
3.7200000000000001954 1.6273700630734612946e-162 -1.6273700630734612946e-162
3.7299999999999999822 4.1973012689899066158e-165 -4.1973012689899066158e-165
3.7400000000000002132 1.0318846735923124267e-167 -1.0318846735923124267e-167
3.75 2.4180723981609348208e-170 -2.4180723981609348208e-170
3.7600000000000002309 5.4011280866593242864e-173 -5.4011280866593242864e-173
3.7700000000000000178 1.1499437986061074352e-175 -1.1499437986061074352e-175
3.7800000000000002487 2.3337033035463850318e-178 -2.3337033035463850318e-178
3.7900000000000000355 4.5143110423646994437e-181 -4.5143110423646994437e-181
3.8000000000000002665 8.3236547530146132059e-184 2.0014210804220060396e-06
3.8100000000000000533 1.4628955126382342221e-186 -1.4628955126382342221e-186
3.8200000000000002842 2.450694401445080353e-189 -2.450694401445080353e-189
3.8300000000000000711 3.913285590438072028e-192 -3.913285590438072028e-192
3.8399999999999998579 5.9562154280627384224e-195 -5.9562154280627384224e-195
3.8500000000000000888 8.6412317885429131695e-198 -8.6412317885429131695e-198
3.8599999999999998757 1.1949706896723846942e-200 2.0014210804220060396e-06
3.8700000000000001066 1.5751253850887335601e-203 -1.5751253850887335601e-203
3.8799999999999998934 1.9790156450948565565e-206 -1.9790156450948565565e-206
3.8900000000000001243 2.3700607839837577374e-209 -2.3700607839837577374e-209
3.8999999999999999112 2.7054894413262592543e-212 -2.7054894413262592543e-212
3.9100000000000001421 2.943799641401485674e-215 -2.943799641401485674e-215
3.9199999999999999289 3.0531394654489545684e-218 4.0028421608440112323e-06
3.9300000000000001599 3.0182900641438048263e-221 -3.0182900641438048263e-221
3.9399999999999999467 2.8441414258450567808e-224 -2.8441414258450567808e-224
3.9500000000000001776 2.5545666189378083393e-227 -2.5545666189378083393e-227
3.9599999999999999645 2.1870517407091030849e-230 2.0014210804220060396e-06
3.9700000000000001954 1.7847468012284303691e-233 2.0014210804220060396e-06
3.9799999999999999822 1.3882569229910024492e-236 -1.3882569229910024492e-236
3.9900000000000002132 1.029292282590500064e-239 -1.029292282590500064e-239
4 7.2741653886882497959e-243 -7.2741653886882497959e-243
4.0099999999999997868 4.9000799447201396346e-246 -4.9000799447201396346e-246
4.0200000000000004619 3.1462893097836843661e-249 2.0014210804220060396e-06
4.0300000000000002487 1.9256155929431219007e-252 -1.9256155929431219007e-252
4.0400000000000000355 1.1233522001074664675e-255 -1.1233522001074664675e-255
4.0499999999999998224 6.2465130344428414319e-259 2.0014210804220060396e-06
4.0600000000000004974 3.3108132392040161497e-262 -3.3108132392040161497e-262
4.0700000000000002842 1.6726574031868040229e-265 -1.6726574031868040229e-265
4.0800000000000000711 8.054796114933008443e-269 -8.054796114933008443e-269
4.0899999999999998579 3.6972371501646198253e-272 4.0028421608440112323e-06
4.0999999999999996447 1.6176152298478200387e-275 -1.6176152298478200387e-275
4.1100000000000003197 6.7460300379668912184e-279 -6.7460300379668912184e-279
4.1200000000000001066 2.6816148458964174271e-282 -2.6816148458964174271e-282
4.1299999999999998934 1.0160605331817967623e-285 -1.0160605331817967623e-285
4.1399999999999996803 3.669591979718745284e-289 -3.669591979718745284e-289
4.1500000000000003553 1.2632547865365692063e-292 -1.2632547865365692063e-292
4.1600000000000001421 4.1451387408392558346e-296 -4.1451387408392558346e-296
4.1699999999999999289 1.2964688908478880912e-299 -1.2964688908478880912e-299
4.1799999999999997158 3.8650935120597104968e-303 -3.8650935120597104968e-303
4.1900000000000003908 1.098329768968178351e-306 -1.098329768968178351e-306
4.2000000000000001776 2.974954413059201074e-310 -2.974954413059201074e-310
4.2099999999999999645 7.6807327640746630665e-314 -7.6807327640746630665e-314
4.2199999999999997513 1.8901652217237530302e-317 2.0014210804220060396e-06
4.2300000000000004263 4.4367094996543939667e-321 -4.4367094996543939667e-321
4.2400000000000002132 0 0
4.25 0 0
4.2599999999999997868 0 0
4.2700000000000004619 0 2.0014210804220060396e-06
4.2800000000000002487 0 0
4.2900000000000000355 0 0
4.2999999999999998224 0 0
4.3100000000000004974 0 0
4.3200000000000002842 0 0
4.3300000000000000711 0 0
4.3399999999999998579 0 0
4.3500000000000005329 0 0
4.3600000000000003197 0 0
4.3700000000000001066 0 0
4.3799999999999998934 0 0
4.3899999999999996803 0 0
4.4000000000000003553 0 0
4.4100000000000001421 0 0
4.4199999999999999289 0 0
4.4299999999999997158 0 0
4.4400000000000003908 0 0
4.4500000000000001776 0 0
4.4599999999999999645 0 2.0014210804220060396e-06
4.4699999999999997513 0 0
4.4800000000000004263 0 0
4.4900000000000002132 0 0
4.5 0 4.0028421608440112323e-06
4.5099999999999997868 0 0
4.5200000000000004619 0 2.0014210804220060396e-06
4.5300000000000002487 0 0
4.5400000000000000355 0 0
4.5499999999999998224 0 0
4.5600000000000004974 0 0
4.5700000000000002842 0 0
4.5800000000000000711 0 0
4.5899999999999998579 0 0
4.6000000000000005329 0 2.0014210804220060396e-06
4.6100000000000003197 0 0
4.6200000000000001066 0 0
4.6299999999999998934 0 0
4.6399999999999996803 0 0
4.6500000000000003553 0 0
4.6600000000000001421 0 0
4.6699999999999999289 0 4.0028421608440112323e-06
4.6799999999999997158 0 0
4.6900000000000003908 0 4.0028421608440112323e-06
4.7000000000000001776 0 0
4.7099999999999999645 0 0
4.7199999999999997513 0 0
4.7300000000000004263 0 2.0014210804220060396e-06
4.7400000000000002132 0 0
4.75 0 0
4.7599999999999997868 0 0
4.7700000000000004619 0 4.0028421608440112323e-06
4.7800000000000002487 0 0
4.7900000000000000355 0 4.0028421608440112323e-06
4.7999999999999998224 0 4.0028421608440112323e-06
4.8100000000000004974 0 2.0014210804220060396e-06
4.8200000000000002842 0 6.0042630138923414052e-06
4.8300000000000000711 0 6.0042630138923414052e-06
4.8399999999999998579 0 4.0028421608440112323e-06
4.8500000000000005329 0 2.0014210804220060396e-06
4.8600000000000003197 0 1.0007104719989000057e-05
4.8700000000000001066 0 1.0007104719989000057e-05
4.8799999999999998934 0 1.6011368643376041541e-05
4.8899999999999996803 0 2.2015630747773681173e-05
4.9000000000000003553 0 2.0014209439978000114e-05
4.9100000000000001421 0 2.6018473363365050068e-05
4.9199999999999999289 0 1.8012789951171729377e-05
4.9299999999999997158 0 2.6018473363365050068e-05
4.9400000000000003908 0 3.0021315978956408799e-05
4.9500000000000001776 0 1.6011368643376041541e-05
4.9599999999999999645 0 3.0021315978956408799e-05
4.9699999999999997513 0 1.2008526027784679422e-05
4.9800000000000004263 0 2.0014209439978000114e-05
4.9900000000000002132 0 8.0056843216880224645e-06
5 0 2.0014209439978000114e-05
5.0099999999999997868 0 1.2008526027784679422e-05
5.0200000000000004619 0 1.0007104719989000057e-05
5.0300000000000002487 0 2.2015630747773681173e-05
5.0400000000000000355 0 8.0056843216880224645e-06
5.0499999999999998224 0 1.2008526027784679422e-05
5.0600000000000004974 0 4.0028421608440112323e-06
5.0700000000000002842 0 4.0028421608440112323e-06
5.0800000000000000711 0 0
5.0899999999999998579 0 2.0014210804220060396e-06
5.1000000000000005329 0 4.0028421608440112323e-06
5.1100000000000003197 0 0
5.1200000000000001066 0 0
5.1299999999999998934 0 0
5.1399999999999996803 0 4.0028421608440112323e-06
5.1500000000000003553 0 0
5.1600000000000001421 0 2.0014210804220060396e-06
5.1699999999999999289 0 0
5.1799999999999997158 0 0
5.1900000000000003908 0 0
5.2000000000000001776 0 0
5.2099999999999999645 0 0
5.2199999999999997513 0 0
5.2300000000000004263 0 0
5.2400000000000002132 0 0
5.25 0 0
5.2599999999999997868 0 0
5.2700000000000004619 0 0
5.2800000000000002487 0 0
5.2900000000000000355 0 0
5.2999999999999998224 0 0
5.3100000000000004974 0 0
5.3200000000000002842 0 0
5.3300000000000000711 0 0
5.3399999999999998579 0 0
5.3500000000000005329 0 0
5.3600000000000003197 0 0
5.3700000000000001066 0 0
5.3799999999999998934 0 0
5.3899999999999996803 0 0
5.4000000000000003553 0 0
5.4100000000000001421 0 0
5.4199999999999999289 0 0
5.4299999999999997158 0 0
5.4400000000000003908 0 0
5.4500000000000001776 0 0
5.4599999999999999645 0 0
5.4699999999999997513 0 0
5.4800000000000004263 0 0
5.4900000000000002132 0 0
5.5 0 0
5.5099999999999997868 0 0
5.5200000000000004619 0 0
5.5300000000000002487 0 0
5.5400000000000000355 0 0
5.5499999999999998224 0 0
5.5600000000000004974 0 0
5.5700000000000002842 0 0
5.5800000000000000711 0 0
5.5899999999999998579 0 0
5.6000000000000005329 0 0
5.6100000000000003197 0 0
5.6200000000000001066 0 0
5.6299999999999998934 0 0
5.6399999999999996803 0 0
5.6500000000000003553 0 0
5.6600000000000001421 0 0
5.6699999999999999289 0 0
5.6799999999999997158 0 0
5.6900000000000003908 0 0
5.7000000000000001776 0 0
5.7099999999999999645 0 0
5.7199999999999997513 0 0
5.7300000000000004263 0 0
5.7400000000000002132 0 0
5.75 0 0
5.7599999999999997868 0 0
5.7700000000000004619 0 0
5.7800000000000002487 0 0
5.7900000000000000355 0 0
5.7999999999999998224 0 0
5.8100000000000004974 0 0
5.8200000000000002842 0 0
5.8300000000000000711 0 0
5.8399999999999998579 0 0
5.8500000000000005329 0 0
5.8600000000000003197 0 0
5.8700000000000001066 0 0
5.8799999999999998934 0 0
5.8899999999999996803 0 0
5.9000000000000003553 0 0
5.9100000000000001421 0 0
5.9199999999999999289 0 0
5.9299999999999997158 0 0
5.9400000000000003908 0 0
5.9500000000000001776 0 0
5.9599999999999999645 0 0
5.9699999999999997513 0 0
5.9800000000000004263 0 0
5.9900000000000002132 0 0
6 0 0
6.0099999999999997868 0 0
6.0200000000000004619 0 0
6.0300000000000002487 0 0
6.0400000000000000355 0 0
6.0499999999999998224 0 0
6.0600000000000004974 0 0
6.0700000000000002842 0 0
6.0800000000000000711 0 0
6.0899999999999998579 0 0
6.1000000000000005329 0 0
6.1100000000000003197 0 0
6.1200000000000001066 0 0
6.1299999999999998934 0 0
6.1400000000000005684 0 0
6.1500000000000003553 0 0
6.1600000000000001421 0 0
6.1699999999999999289 0 0
6.1799999999999997158 0 0
6.1900000000000003908 0 0
6.2000000000000001776 0 0
6.2099999999999999645 0 0
6.2199999999999997513 0 0
6.2300000000000004263 0 0
6.2400000000000002132 0 0
6.25 0 0
6.2599999999999997868 0 0
6.2700000000000004619 0 0
6.2800000000000002487 0 0
6.2900000000000000355 0 0
6.2999999999999998224 0 0
6.3100000000000004974 0 0
6.3200000000000002842 0 0
6.3300000000000000711 0 0
6.3399999999999998579 0 0
6.3500000000000005329 0 0
6.3600000000000003197 0 0
6.3700000000000001066 0 0
6.3799999999999998934 0 0
6.3900000000000005684 0 0
6.4000000000000003553 0 0
6.4100000000000001421 0 0
6.4199999999999999289 0 0
6.4299999999999997158 0 0
6.4400000000000003908 0 0
6.4500000000000001776 0 0
6.4599999999999999645 0 0
6.4699999999999997513 0 0
6.4800000000000004263 0 0
6.4900000000000002132 0 0
6.5 0 0
6.5099999999999997868 0 0
6.5200000000000004619 0 0
6.5300000000000002487 0 0
6.5400000000000000355 0 0
6.5499999999999998224 0 0
6.5600000000000004974 0 0
6.5700000000000002842 0 0
6.5800000000000000711 0 0
6.5899999999999998579 0 0
6.6000000000000005329 0 0
6.6100000000000003197 0 0
6.6200000000000001066 0 0
6.6299999999999998934 0 0
6.6400000000000005684 0 0
6.6500000000000003553 0 0
6.6600000000000001421 0 0
6.6699999999999999289 0 0
6.6799999999999997158 0 0
6.6900000000000003908 0 0
6.7000000000000001776 0 0
6.7099999999999999645 0 0
6.7199999999999997513 0 0
6.7300000000000004263 0 0
6.7400000000000002132 0 0
6.75 0 0
6.7599999999999997868 0 0
6.7700000000000004619 0 0
6.7800000000000002487 0 0
6.7900000000000000355 0 0
6.7999999999999998224 0 0
6.8100000000000004974 0 0
6.8200000000000002842 0 0
6.8300000000000000711 0 0
6.8399999999999998579 0 0
6.8500000000000005329 0 0
6.8600000000000003197 0 0
6.8700000000000001066 0 0
6.8799999999999998934 0 0
6.8900000000000005684 0 0
6.9000000000000003553 0 0
6.9100000000000001421 0 0
6.9199999999999999289 0 0
6.9299999999999997158 0 0
6.9400000000000003908 0 0
6.9500000000000001776 0 0
6.9599999999999999645 0 0
6.9699999999999997513 0 0
6.9800000000000004263 0 0
6.9900000000000002132 0 0
7 0 0
7.0099999999999997868 0 0
7.0200000000000004619 0 0
7.0300000000000002487 0 0
7.0400000000000000355 0 0
7.0499999999999998224 0 0
7.0600000000000004974 0 0
7.0700000000000002842 0 0
7.0800000000000000711 0 0
7.0899999999999998579 0 0
7.1000000000000005329 0 0
7.1100000000000003197 0 0
7.1200000000000001066 0 0
7.1299999999999998934 0 0
7.1400000000000005684 0 0
7.1500000000000003553 0 0
7.1600000000000001421 0 0
7.1699999999999999289 0 0
7.1799999999999997158 0 0
7.1900000000000003908 0 0
7.2000000000000001776 0 0
7.2099999999999999645 0 0
7.2199999999999997513 0 0
7.2300000000000004263 0 0
7.2400000000000002132 0 0
7.25 0 0
7.2599999999999997868 0 0
7.2700000000000004619 0 0
7.2800000000000002487 0 0
7.2900000000000000355 0 0
7.2999999999999998224 0 0
7.3100000000000004974 0 0
7.3200000000000002842 0 0
7.3300000000000000711 0 0
7.3399999999999998579 0 0
7.3500000000000005329 0 0
7.3600000000000003197 0 0
7.3700000000000001066 0 0
7.3799999999999998934 0 0
7.3900000000000005684 0 0
7.4000000000000003553 0 0
7.4100000000000001421 0 0
7.4199999999999999289 0 0
7.4299999999999997158 0 0
7.4400000000000003908 0 0
7.4500000000000001776 0 0
7.4599999999999999645 0 0
7.4699999999999997513 0 0
7.4800000000000004263 0 0
7.4900000000000002132 0 0
7.5 0 0
7.5099999999999997868 0 0
7.5200000000000004619 0 0
7.5300000000000002487 0 0
7.5400000000000000355 0 0
7.5499999999999998224 0 0
7.5600000000000004974 0 0
7.5700000000000002842 0 0
7.5800000000000000711 0 0
7.5899999999999998579 0 0
7.6000000000000005329 0 0
7.6100000000000003197 0 0
7.6200000000000001066 0 0
7.6299999999999998934 0 0
7.6400000000000005684 0 0
7.6500000000000003553 0 0
7.6600000000000001421 0 0
7.6699999999999999289 0 0
7.6799999999999997158 0 0
7.6900000000000003908 0 0
7.7000000000000001776 0 0
7.7099999999999999645 0 0
7.7199999999999997513 0 0
7.7300000000000004263 0 0
7.7400000000000002132 0 0
7.75 0 0
7.7599999999999997868 0 0
7.7700000000000004619 0 0
7.7800000000000002487 0 0
7.7900000000000000355 0 0
7.7999999999999998224 0 0
7.8100000000000004974 0 0
7.8200000000000002842 0 0
7.8300000000000000711 0 0
7.8399999999999998579 0 0
7.8500000000000005329 0 0
7.8600000000000003197 0 0
7.8700000000000001066 0 0
7.8799999999999998934 0 0
7.8900000000000005684 0 0
7.9000000000000003553 0 0
7.9100000000000001421 0 0
7.9199999999999999289 0 0
7.930000000000000604 0 0
7.9400000000000003908 0 0
7.9500000000000001776 0 0
7.9599999999999999645 0 0
7.9699999999999997513 0 0
7.9800000000000004263 0 0
7.9900000000000002132 0 0
8 0 0
8.0099999999999997868 0 0
8.0199999999999995737 0 0
8.0299999999999993605 0 0
8.0400000000000009237 0 0
8.0500000000000007105 0 0
8.0600000000000004974 0 0
8.0700000000000002842 0 0
8.0800000000000000711 0 0
8.0899999999999998579 0 0
8.0999999999999996447 0 0
8.1099999999999994316 0 0
8.1200000000000009948 0 0
8.1300000000000007816 0 0
8.1400000000000005684 0 0
8.1500000000000003553 0 0
8.1600000000000001421 0 0
8.1699999999999999289 0 0
8.1799999999999997158 0 0
8.1899999999999995026 0 0
8.1999999999999992895 0 0
8.2100000000000008527 0 0
8.2200000000000006395 0 0
8.2300000000000004263 0 0
8.2400000000000002132 0 0
8.25 0 0
8.2599999999999997868 0 0
8.2699999999999995737 0 0
8.2799999999999993605 0 0
8.2900000000000009237 0 0
8.3000000000000007105 0 0
8.3100000000000004974 0 0
8.3200000000000002842 0 0
8.3300000000000000711 0 0
8.3399999999999998579 0 0
8.3499999999999996447 0 0
8.3599999999999994316 0 0
8.3700000000000009948 0 0
8.3800000000000007816 0 0
8.3900000000000005684 0 0
8.4000000000000003553 0 0
8.4100000000000001421 0 0
8.4199999999999999289 0 0
8.4299999999999997158 0 0
8.4399999999999995026 0 0
8.4499999999999992895 0 0
8.4600000000000008527 0 0
8.4700000000000006395 0 0
8.4800000000000004263 0 0
8.4900000000000002132 0 0
8.5 0 0
8.5099999999999997868 0 0
8.5199999999999995737 0 0
8.5299999999999993605 0 0
8.5400000000000009237 0 0
8.5500000000000007105 0 0
8.5600000000000004974 0 0
8.5700000000000002842 0 0
8.5800000000000000711 0 0
8.5899999999999998579 0 0
8.5999999999999996447 0 0
8.6099999999999994316 0 0
8.6200000000000009948 0 0
8.6300000000000007816 0 0
8.6400000000000005684 0 0
8.6500000000000003553 0 0
8.6600000000000001421 0 0
8.6699999999999999289 0 0
8.6799999999999997158 0 0
8.6899999999999995026 0 0
8.7000000000000010658 0 0
8.7100000000000008527 0 0
8.7200000000000006395 0 0
8.7300000000000004263 0 0
8.7400000000000002132 0 0
8.75 0 0
8.7599999999999997868 0 0
8.7699999999999995737 0 0
8.7799999999999993605 0 0
8.7900000000000009237 0 0
8.8000000000000007105 0 0
8.8100000000000004974 0 0
8.8200000000000002842 0 0
8.8300000000000000711 0 0
8.8399999999999998579 0 0
8.8499999999999996447 0 0
8.8599999999999994316 0 0
8.8700000000000009948 0 0
8.8800000000000007816 0 0
8.8900000000000005684 0 0
8.9000000000000003553 0 0
8.9100000000000001421 0 0
8.9199999999999999289 0 0
8.9299999999999997158 0 0
8.9399999999999995026 0 0
8.9500000000000010658 0 0
8.9600000000000008527 0 0
8.9700000000000006395 0 0
8.9800000000000004263 0 0
8.9900000000000002132 0 0
9 0 0
9.0099999999999997868 0 0
9.0199999999999995737 0 0
9.0299999999999993605 0 0
9.0400000000000009237 0 0
9.0500000000000007105 0 0
9.0600000000000004974 0 0
9.0700000000000002842 0 0
9.0800000000000000711 0 0
9.0899999999999998579 0 0
9.0999999999999996447 0 0
9.1099999999999994316 0 0
9.1200000000000009948 0 0
9.1300000000000007816 0 0
9.1400000000000005684 0 0
9.1500000000000003553 0 0
9.1600000000000001421 0 0
9.1699999999999999289 0 0
9.1799999999999997158 0 0
9.1899999999999995026 0 0
9.2000000000000010658 0 0
9.2100000000000008527 0 0
9.2200000000000006395 0 0
9.2300000000000004263 0 0
9.2400000000000002132 0 0
9.25 0 0
9.2599999999999997868 0 0
9.2699999999999995737 0 0
9.2799999999999993605 0 0
9.2900000000000009237 0 0
9.3000000000000007105 0 0
9.3100000000000004974 0 0
9.3200000000000002842 0 0
9.3300000000000000711 0 0
9.3399999999999998579 0 0
9.3499999999999996447 0 0
9.3599999999999994316 0 0
9.3700000000000009948 0 0
9.3800000000000007816 0 0
9.3900000000000005684 0 0
9.4000000000000003553 0 0
9.4100000000000001421 0 0
9.4199999999999999289 0 0
9.4299999999999997158 0 0
9.4399999999999995026 0 0
9.4500000000000010658 0 0
9.4600000000000008527 0 0
9.4700000000000006395 0 0
9.4800000000000004263 0 0
9.4900000000000002132 0 0
9.5 0 0
9.5099999999999997868 0 0
9.5199999999999995737 0 0
9.5299999999999993605 0 0
9.5400000000000009237 0 0
9.5500000000000007105 0 0
9.5600000000000004974 0 0
9.5700000000000002842 0 0
9.5800000000000000711 0 0
9.5899999999999998579 0 0
9.5999999999999996447 0 0
9.6099999999999994316 0 0
9.6200000000000009948 0 0
9.6300000000000007816 0 0
9.6400000000000005684 0 0
9.6500000000000003553 0 0
9.6600000000000001421 0 0
9.6699999999999999289 0 0
9.6799999999999997158 0 0
9.6899999999999995026 0 0
9.7000000000000010658 0 0
9.7100000000000008527 0 0
9.7200000000000006395 0 0
9.7300000000000004263 0 0
9.7400000000000002132 0 0
9.75 0 0
9.7599999999999997868 0 0
9.7699999999999995737 0 0
9.7799999999999993605 0 0
9.7900000000000009237 0 0
9.8000000000000007105 0 0
9.8100000000000004974 0 0
9.8200000000000002842 0 0
9.8300000000000000711 0 0
9.8399999999999998579 0 0
9.8499999999999996447 0 0
9.8599999999999994316 0 0
9.8700000000000009948 0 0
9.8800000000000007816 0 0
9.8900000000000005684 0 0
9.9000000000000003553 0 0
9.9100000000000001421 0 0
9.9199999999999999289 0 0
9.9299999999999997158 0 0
9.9399999999999995026 0 0
9.9500000000000010658 0 0
9.9600000000000008527 0 0
9.9700000000000006395 0 0
9.9800000000000004263 0 0
9.9900000000000002132 0 0
10 0 0
10.009999999999999787 0 0
10.019999999999999574 0 0
10.029999999999999361 0 0
10.040000000000000924 0 0
10.050000000000000711 0 0
10.060000000000000497 0 0
10.070000000000000284 0 0
10.080000000000000071 0 0
10.089999999999999858 0 0
10.099999999999999645 0 0
10.109999999999999432 0 0
10.120000000000000995 0 0
10.130000000000000782 0 0
10.140000000000000568 0 0
10.150000000000000355 0 0
10.160000000000000142 0 0
10.169999999999999929 0 0
10.179999999999999716 0 0
10.189999999999999503 0 0
10.200000000000001066 0 0
10.210000000000000853 0 0
10.220000000000000639 0 0
10.230000000000000426 0 0
