0 2.4125716470157176788e-143 -2.4125716470157176788e-143
0.010000000000000000208 2.0106307008235899115e-141 -2.0106307008235899115e-141
0.020000000000000000416 1.6249692573295971244e-139 -1.6249692573295971244e-139
0.02999999999999999889 1.2735580278886355083e-137 -1.2735580278886355083e-137
0.040000000000000000833 9.6795033820746882648e-136 -9.6795033820746882648e-136
0.050000000000000002776 7.1342473635259013336e-134 -7.1342473635259013336e-134
0.05999999999999999778 5.0992229447177714586e-132 -5.0992229447177714586e-132
0.070000000000000006661 3.5344397803630042487e-130 -3.5344397803630042487e-130
0.080000000000000001665 2.3757345969713272145e-128 -2.3757345969713272145e-128
0.089999999999999996669 1.5485884194148131328e-126 -1.5485884194148131328e-126
0.10000000000000000555 9.7889214055063952819e-125 -9.7889214055063952819e-125
0.11000000000000000056 6.0005965140803665801e-123 -6.0005965140803665801e-123
0.11999999999999999556 3.5670956796117612679e-121 -3.5670956796117612679e-121
0.13000000000000000444 2.0563443442851878686e-119 -2.0563443442851878686e-119
0.14000000000000001332 1.1495759591303626598e-117 -1.1495759591303626598e-117
0.14999999999999999445 6.2321838152911467797e-116 6.0010203014826402068e-05
0.16000000000000000333 3.2764503015569174815e-114 7.6012918725609779358e-05
0.17000000000000001221 1.6704276296317094886e-112 6.8011562689207494259e-05
0.17999999999999999334 8.2587152832022175119e-111 7.8013261372689157724e-05
0.19000000000000000222 3.9596616096138140616e-109 7.0011905336286872625e-05
0.2000000000000000111 1.8410449879399723953e-107 7.2012240707408636808e-05
0.20999999999999999223 8.3010203512598065184e-106 6.4010884671006351709e-05
0.22000000000000000111 3.6296045066063182098e-104 8.401428203796967864e-05
0.23000000000000000999 1.5390328216098535744e-102 8.2013939390890300274e-05
0.23999999999999999112 6.3284478757301639725e-101 8.801496005617082119e-05
0.25 2.5235230874078522162e-99 6.8011562689207494259e-05
0.26000000000000000888 9.7583885577806283986e-98 9.8016666015610098839e-05
0.27000000000000001776 3.659398287820516792e-96 7.2012240707408636808e-05
0.28000000000000002665 1.3307669413609860182e-94 7.6012918725609779358e-05
0.28999999999999998002 4.6930488648503937785e-93 8.2013939390890300274e-05
0.2999999999999999889 1.6049773137928487194e-91 9.0015302703250199556e-05
0.30999999999999999778 5.322840704513770573e-90 7.4012583354488015175e-05
0.32000000000000000666 1.711901568971236508e-88 7.2012240707408636808e-05
0.33000000000000001554 5.339183657235680951e-87 9.2015645350329577923e-05
0.34000000000000002442 1.6148481092893244023e-85 7.4012583354488015175e-05
0.35000000000000003331 4.7364095501141582173e-84 7.6012918725609779358e-05
0.35999999999999998668 1.3471860163723186244e-82 6.2010542023926973343e-05
0.36999999999999999556 3.7159223808812657957e-81 5.0008500693365931511e-05
0.38000000000000000444 9.939543772892564362e-80 8.6014624685049057007e-05
0.39000000000000001332 2.5782618168266823445e-78 8.2013939390890300274e-05
0.4000000000000000222 6.4855727093084581302e-77 7.4012583354488015175e-05
0.41000000000000003109 1.5820871296679371302e-75 7.6012918725609779358e-05
0.41999999999999998446 3.7425982650938666357e-74 7.8013261372689157724e-05
0.42999999999999999334 8.5857210805451221928e-73 6.6011220042128115892e-05
0.44000000000000000222 1.9100339593281344236e-71 5.8009860367747016925e-05
0.4500000000000000111 4.1206540170393392736e-70 8.0013604019768536091e-05
0.46000000000000001998 8.6208872122288223366e-69 7.6012918725609779358e-05
0.47000000000000002887 1.749035097585527906e-67 0.00010601802205201239749
0.47999999999999998224 3.4411676786352409214e-66 5.6009521358646452427e-05
0.48999999999999999112 6.565592058675090294e-65 7.2012240707408636808e-05
0.5 1.2147941853959521153e-63 6.4010884671006351709e-05
0.51000000000000000888 2.17967761093168422e-62 8.0013604019768536091e-05
0.52000000000000001776 3.7926482985733515457e-61 7.0011905336286872625e-05
0.53000000000000002665 6.3996117763151756685e-60 7.2012240707408636808e-05
0.54000000000000003553 1.0471898781359466089e-58 8.401428203796967864e-05
0.55000000000000004441 1.6617205551825414017e-57 6.8011562689207494259e-05
0.56000000000000005329 2.557121111004578152e-56 7.8013261372689157724e-05
0.57000000000000006217 3.815973522813993825e-55 6.8011562689207494259e-05
0.57999999999999996003 5.5223020471058181045e-54 8.2013939390890300274e-05
0.58999999999999996891 7.7498930789636475544e-53 7.4012583354488015175e-05
0.5999999999999999778 1.0547074506454112892e-51 5.2008839702466502786e-05
0.60999999999999998668 1.3919674073255417659e-50 7.4012583354488015175e-05
0.61999999999999999556 1.7815042729484564645e-49 7.2012240707408636808e-05
0.63000000000000000444 2.2110849046231496817e-48 4.8008161684265360236e-05
0.64000000000000001332 2.6612441528354342312e-47 6.4010884671006351709e-05
0.6500000000000000222 3.1061667769104158508e-46 6.4010884671006351709e-05
0.66000000000000003109 3.5158113969292925879e-45 7.6012918725609779358e-05
0.67000000000000003997 3.8591096491062089315e-44 5.4009182349545881152e-05
0.68000000000000004885 4.1078011912355196674e-43 8.0013604019768536091e-05
0.69000000000000005773 4.240259775220237228e-42 8.0013604019768536091e-05
0.70000000000000006661 4.2445950269108680541e-41 6.4010884671006351709e-05
0.70999999999999996447 4.120413554517744183e-40 8.6014624685049057007e-05
0.71999999999999997335 3.8788778443699241641e-39 4.4007480028085410595e-05
0.72999999999999998224 3.5410507232996603904e-38 7.4012583354488015175e-05
0.73999999999999999112 3.1348657152485887853e-37 6.8011562689207494259e-05
0.75 2.6913271089106454549e-36 5.2008839702466502786e-05
0.76000000000000000888 2.2406539007226005342e-35 6.4010884671006351709e-05
0.77000000000000001776 1.8090218879748133431e-34 5.8009860367747016925e-05
0.78000000000000002665 1.416359870455650838e-33 8.0013604019768536091e-05
0.79000000000000003553 1.07538544639295838e-32 8.6014624685049057007e-05
0.80000000000000004441 7.9179990504881153328e-32 8.401428203796967864e-05
0.81000000000000005329 5.6536313346198202123e-31 7.2012240707408636808e-05
0.82000000000000006217 3.914716124820403262e-30 5.8009860367747016925e-05
0.83000000000000007105 2.6286563495706686882e-29 0.00010401767940493300557
0.83999999999999996891 1.7117017773092970445e-28 6.0010203014826402068e-05
0.8499999999999999778 1.0808940821719409067e-27 6.6011220042128115892e-05
0.85999999999999998668 6.6190997504149068524e-27 8.801496005617082119e-05
0.86999999999999999556 3.9307503543810069991e-26 6.8011562689207494259e-05
0.88000000000000000444 2.2636680850938816116e-25 7.6012918725609779358e-05
0.89000000000000001332 1.2641854363954190156e-24 8.401428203796967864e-05
0.9000000000000000222 6.8465150516381296945e-24 8.0013604019768536091e-05
0.91000000000000003109 3.5957467866614412787e-23 5.8009860367747016925e-05
0.92000000000000003997 1.8313416985687911611e-22 9.0015302703250199556e-05
0.93000000000000004885 9.0450384351811562329e-22 7.2012240707408636808e-05
0.94000000000000005773 4.3322369137130485137e-21 0.00010601802205201239749
0.95000000000000006661 2.0122166108763732759e-20 6.601122004212810234e-05
0.95999999999999996447 9.0635432276858546421e-20 0.00010001700138673180881
0.96999999999999997335 3.9589684468421425519e-19 6.8011562689207101236e-05
0.97999999999999998224 1.6769758939759098727e-18 7.6012918725608098845e-05
0.98999999999999999112 6.8886219084499568651e-18 0.000100017001386725019
1 2.7440917409223150241e-17 9.4015980721423898238e-05
1.0100000000000000089 1.0600483007138985583e-16 6.0010203014720394201e-05
1.0200000000000000178 3.9711238423811081359e-16 9.2015645349932461772e-05
1.0300000000000000266 1.4426532461999462731e-15 9.0015302701807546593e-05
1.0400000000000000355 5.0824279766738788312e-15 6.8011562684125066182e-05
1.0500000000000000444 1.7363659387259036844e-14 7.2012240690044976386e-05
1.0600000000000000533 5.7527040522388322123e-14 6.2010541966399937907e-05
1.0700000000000000622 1.8482620915347817838e-13 9.0015302518423991941e-05
1.0800000000000000711 5.7585856305594939237e-13 0.00011401938478851373563
1.0900000000000000799 1.7399182831010914108e-12 5.2008837962548221177e-05
1.1000000000000000888 5.098032779587624279e-12 8.2013934292857518758e-05
1.1100000000000000977 1.4485621889146782208e-11 9.2015630864707688105e-05
1.1200000000000001066 3.9914658276240101358e-11 7.4012543439829739551e-05
1.1300000000000001155 1.0665677199622560805e-10 8.0013497362996539451e-05
1.1400000000000001243 2.7637910419427870147e-10 7.4012306975383815094e-05
1.1500000000000001332 6.9451674890038072618e-10 7.0011210819537978757e-05
1.1599999999999999201 1.692470048421637921e-09 0.00010001530891668347677
1.1699999999999999289 3.9996317682619438101e-09 8.6010625053280792703e-05
1.1799999999999999378 9.1659983791658435751e-09 5.8000694369367851563e-05
1.1899999999999999467 2.0370434490297529712e-08 8.199356895640000462e-05
1.1999999999999999556 4.390172226886824449e-08 8.3970380315700804321e-05
1.2099999999999999645 9.1753697177336870847e-08 0.00010592626835483505952
1.2199999999999999734 1.8596291164594002363e-07 7.9827641108122596994e-05
1.2299999999999999822 3.6550207860090105915e-07 8.564912260644815293e-05
1.2399999999999999911 6.9664915432482319514e-07 7.5316269571284953622e-05
1.25 1.2876538383057895003e-06 8.6727306217865027878e-05
1.2600000000000000089 2.3080482769742826713e-06 7.5705213095714869124e-05
1.2700000000000000178 4.0119120141911738902e-06 7.200100671141860208e-05
1.2800000000000000266 6.7626772401712532116e-06 8.7253303481280090588e-05
1.2900000000000000355 1.1054692598373112774e-05 8.296128812307823272e-05
1.3000000000000000444 1.7524088181289642778e-05 8.4493255852521561341e-05
1.3100000000000000533 2.6939215140424031261e-05 7.5078128893387162694e-05
1.3200000000000000622 4.0160138025871441501e-05 8.9861966687263059982e-05
1.3300000000000000711 5.8058552545822957936e-05 0.00012797307352595792143
1.3400000000000000799 8.1395043787276826126e-05 9.0634205582821260783e-05
1.3500000000000000888 0.00011065994942407714316 0.00012538017734106974904
1.3600000000000000977 0.00014589611351964660484 0.00011614843127774409455
1.3700000000000001066 0.00018653388178045096808 0.00014352224025806245393
1.3800000000000001155 0.00023127701977004638725 0.0002127984803568817038
1.3900000000000001243 0.00027807886754515763646 0.00030602045780625942821
1.4000000000000001332 0.00032423824442258093823 0.00031787089400285865794
1.4099999999999999201 0.00036662429576310591982 0.00044751409203243179037
1.4199999999999999289 0.00040201197846614298561 0.00050414206923163947666
1.4299999999999999378 0.00042748166759421082428 0.00049267475680525455242
1.4399999999999999467 0.00044081538702717278869 0.00045733731918612267105
1.4499999999999999556 0.00044081538702837934308 0.00052534883821837787161
1.4599999999999999645 0.00042748166760080412874 0.00048067274457193060865
1.4699999999999999734 0.00040201197849347143978 0.00043012945674599260479
1.4799999999999999822 0.00036662429587015603078 0.00050952463394930865275
1.4899999999999999911 0.00032423824482271794726 0.00030186821063374753545
1.5 0.00027807886897321637109 0.00027001430328268711135
1.5100000000000000089 0.00023127702463707309078 0.00025480560559490341831
1.5200000000000000178 0.00018653389762283929592 0.00018352901914960077995
1.5300000000000000266 0.00014589616277795112564 0.00014615349989775735249
1.5400000000000000355 0.00011066009574572792959 7.3371194954931280466e-05
1.5500000000000000444 8.1395459107979690376e-05 0.00011063718762908169636
1.5600000000000000533 5.8059679193395787337e-05 7.7963446185019201181e-05
1.5700000000000000622 4.0163059587504481077e-05 5.1852585762825096846e-05
1.5800000000000000711 2.6946458966439929288e-05 5.1066802406249228437e-05
1.5900000000000000799 1.7541265784767506354e-05 8.0475400230842599261e-05
1.6000000000000000888 1.1093662398333753376e-05 7.2920619639635920182e-05
1.6100000000000000977 6.8472849800215085023e-06 5.1162575387725511811e-05
1.6200000000000001066 4.1877739189656815067e-06 5.7822768104961290989e-05
1.6300000000000001155 2.6581526519767815574e-06 7.1354430702511234888e-05
1.6400000000000001243 1.9555296448474760719e-06 7.4057389080762304557e-05
1.6500000000000001332 1.9181737115438719592e-06 6.0092368312383101384e-05
1.6600000000000001421 2.5088101724235644025e-06 8.3505814512625499381e-05
1.6699999999999999289 3.7962924282543847811e-06 7.0216290926233631241e-05
1.6799999999999999378 5.9347333505966679752e-06 6.0076486691531448764e-05
1.6899999999999999467 9.1375869483113253313e-06 9.087941443842057496e-05
1.6999999999999999556 1.3644526507640959245e-05 7.8371118842688618678e-05
1.7099999999999999645 1.9681207188412920886e-05 5.6331711537196858472e-05
1.7199999999999999734 2.74154187682383894e-05 7.6602260636694622948e-05
1.7299999999999999822 3.6916452632065959946e-05 5.309885007118423961e-05
1.7399999999999999911 4.8126250573988275342e-05 5.7891771478024122149e-05
1.75 6.0849977820091430175e-05 6.9172126893043064532e-05
1.7600000000000000089 7.4769913502331425068e-05 5.2436905174371110233e-06
1.7700000000000000178 8.9480980458370935394e-05 -1.5468397103882920219e-05
1.7800000000000000266 0.00010454069557420619615 2.5481409138928298556e-05
1.7900000000000000355 0.00011952276919056311645 -2.7507123840233538531e-05
1.8000000000000000444 0.00013406323858995716509 -1.0042154542103272612e-05
1.8100000000000000533 0.00014789086092936918585 -2.9870797546795787181e-05
1.8200000000000000622 0.0001608383156953089861 -2.4815190316893997579e-05
1.8300000000000000711 0.00017283579347812273318 -2.2810291398024938646e-05
1.8400000000000000799 0.00018389219106396944908 -4.986940105667625185e-05
1.8500000000000000888 0.00019407058170872019151 -3.4043373669183092222e-05
1.8600000000000000977 0.00020346399305605931333 -3.9436114274278712783e-05
1.8700000000000001066 0.00021217556901371171217 9.8621810497522791484e-06
1.8800000000000001155 0.00022030488033424850216 2.3736602467300607373e-05
1.8900000000000001243 0.00022794024310837998756 -3.5907596371318600825e-05
1.9000000000000001332 0.00023515576953807125352 -2.1119390062924748566e-05
1.9100000000000001421 0.00024201150262573187201 -1.9973752562267880692e-05
1.9199999999999999289 0.00024855514555865179617 -4.8521142785188097228e-05
1.9299999999999999378 0.00025482430496170802503 -7.6794034926329417202e-05
1.9399999999999999467 0.00026084860392884225882 -2.6808812534817171459e-05
1.9499999999999999556 0.00026665136708490296685 -8.662076167840256774e-05
1.9599999999999999645 0.00027225080564915928732 -8.4218844206256576008e-05
1.9699999999999999734 0.00027766075727412415329 -6.3624377798977648337e-05
1.9799999999999999822 0.00028289110141667064705 -0.00010886151667545074175
1.9899999999999999911 0.00028794800717697803484 -0.00013592216972575842191
2 0.00029283419067968380258 -0.00010280187931374409871
2.0100000000000002309 0.00029754935999650762709 -0.00012351977525528772179
2.0200000000000000178 0.00030209099466100430712 -0.00012806140991978440182
2.0300000000000002487 0.00030645553324651700344 -0.00013442628387641891653
2.0400000000000000355 0.00031063992876852040319 -0.00012660863806786119314
2.0499999999999998224 0.00031464339998446029653 -0.0001286117739126794036
2.0600000000000000533 0.00031846909594378675903 -0.00011443440787616424915
2.0699999999999998401 0.00032212534416777721408 -0.00014809575942655730878
2.0800000000000000711 0.00032562619763866956562 -0.00013759423619576685431
2.0899999999999998579 0.00032899113014991276027 -0.00012295610671116856752
2.1000000000000000888 0.00033224391747487121932 -0.0001802180800236516064
2.1099999999999998757 0.00033541092511931406986 -0.00012737556630944805872
2.1200000000000001066 0.00033851914449531015586 -0.00017249091579049256277
2.1299999999999998934 0.00034159434386333024838 -0.00015156203249739054451
2.1400000000000001243 0.00034465962947166498605 -0.000160628338771005776
2.1499999999999999112 0.00034773457892143665605 -0.00016770397351493625693
2.1600000000000001421 0.00035083496130028254912 -0.00014479993786153835637
2.1699999999999999289 0.00035397294081678209706 -0.00020394743873668430252
2.1800000000000001599 0.00035715759719083322535 -0.00016312461508265002023
2.1899999999999999467 0.00036039558862691430845 -0.00018236531859153570063
2.2000000000000001776 0.00036369181637107027066 -0.00017165916963400888393
2.2099999999999999645 0.00036705000141785509545 -0.00017101666938663489777
2.2200000000000001954 0.00037047313436506444607 -0.0002164469469908078406
2.2299999999999999822 0.00037396379701961414985 -0.00019393319161311375074
2.2400000000000002132 0.00037752437575332386784 -0.00021149614704850627474
2.25 0.0003811571941991078274 -0.0001711214854662048237
2.2600000000000002309 0.00038486459154020002255 -0.00022683773342369991581
2.2700000000000000178 0.00038864896713947788814 -0.00022462108835769728759
2.2800000000000002487 0.00039251280594490139128 -0.00021848322120368148598
2.2900000000000000355 0.00039645869375507750577 -0.00022642979430801641141
2.3000000000000002665 0.00040048932759399969101 -0.00018845328348997489602
2.3100000000000000533 0.00040460752401013158879 -0.00023857929530531399569
2.3199999999999998401 0.00040881622671578156207 -0.00022678528593815937167
2.3300000000000000711 0.00041311851424496618757 -0.0002230862028790264837
2.3399999999999998579 0.00041751760794900272516 -0.00023748700254250232605
2.3500000000000000888 0.00042201688048782885288 -0.00025598865178301125978
2.3599999999999998757 0.00042661986490900269701 -0.00022258517684138018713
2.3700000000000001066 0.00043133026438300621584 -0.00023529693235178601816
2.3799999999999998934 0.00043615196265820186999 -0.00024812000121529913157
2.3900000000000001243 0.00044108903530092643912 -0.00028706284792666983364
2.3999999999999999112 0.00044614576179150515359 -0.00027411651242140709379
2.4100000000000001421 0.00045132663855389096525 -0.00023929059444986617027
2.4199999999999999289 0.00045663639300469097528 -0.00029860953488819084144
2.4300000000000001599 0.0004620799987164795849 -0.00028204939330997918579
2.4399999999999999467 0.00046766269180057622526 -0.00028963242176519759033
2.4500000000000001776 0.00047338998862604404327 -0.00027135563592954332467
2.4599999999999999645 0.00047926770500468854341 -0.00033324287366683427725
2.4700000000000001954 0.00048530197698653843074 -0.000293269330249477044
2.4799999999999999822 0.00049149928342691405047 -0.00028946493073041333188
2.4900000000000002132 0.00049786647050498915659 -0.0003238368857637692784
2.5 0.00050441077839508369034 -0.00032638050835970505541
2.5100000000000002309 0.00051113987031617467809 -0.00033711028557495479989
2.5200000000000000178 0.00051806186421269901504 -0.00034003159417732038011
2.5300000000000002487 0.00052518536735121970887 -0.00035315611798112159486
2.5400000000000000355 0.00053251951415350304558 -0.00034848822345284383552
2.5500000000000002665 0.00054007400762780938784 -0.00036004340222130898873
2.5600000000000000533 0.0005478591648075243313 -0.00033982380599765832016
2.5699999999999998401 0.00055588596666077550856 -0.00036985434058899458853
2.5800000000000000711 0.00056416611299750908746 -0.00036213176030100836886
2.5899999999999998579 0.00057271208297321387227 -0.00038067943623615248553
2.6000000000000000888 0.00058153720187276462458 -0.00037550217843402043183
2.6099999999999998757 0.00059065571495582895774 -0.00039462238292460876006
2.6200000000000001066 0.00060008286925951836131 -0.00040004886648605463527
2.6299999999999998934 0.00060983500438749707086 -0.00044180644031155765937
2.6400000000000001243 0.0006199296534713681292 -0.00040989394473846512551
2.6499999999999999112 0.00063038565567434263603 -0.00038634417287279349939
2.6600000000000001421 0.00064122328182461150927 -0.00043118757309170850558
2.6699999999999999289 0.00065246437502324006186 -0.00044642935158449586911
2.6800000000000001599 0.00066413250837735237145 -0.0004280923816122054657
2.6899999999999999467 0.00067625316237428429768 -0.0004642171182702595298
2.7000000000000001776 0.00068885392484942090975 -0.00050282229877763998972
2.7099999999999999645 0.00070196471702588583968 -0.00044992187818793441794
2.7200000000000001954 0.00071561804973894332926 -0.00046757588164323543589
2.7299999999999999822 0.00072984931472785637748 -0.00047380577604383097064
2.7400000000000002132 0.00074469711681658765524 -0.0004886535781325622484
2.75 0.0007602036539547803954 -0.00045815231442346298794
2.7600000000000002309 0.00077641515350726681994 -0.00047636414934707123087
2.7700000000000000178 0.00079338237493579630549 -0.00047132762348560039694
2.7800000000000002487 0.00081116119120516218515 -0.00051311052241608836027
2.7900000000000000355 0.00082981326399202083501 -0.0005397639657912645236
2.8000000000000002665 0.00084940683124513026957 -0.00059936432777830061201
2.8100000000000000533 0.00087001763006466521083 -0.00059397070856559170543
2.8199999999999998401 0.00089172998354168208496 -0.00059968032086597355262
2.8300000000000000711 0.00091463808754827392172 -0.00059058300072695624899
2.8399999999999998579 0.00093884754308426454899 -0.00061879312700519051305
2.8500000000000000888 0.00096447719250520344385 -0.00060241564632108088144
2.8599999999999998757 0.00099166133499262328586 -0.00061359707673569615326
2.8700000000000001066 0.0010205524197861328122 -0.00064048779705425345869
2.8799999999999998934 0.0010513243477605844003 -0.00069926450753590111559
2.8900000000000001243 0.0010841765574205826286 -0.00071811434049421653779
2.8999999999999999112 0.0011193391381716306151 -0.00068526534400414180169
2.9100000000000001421 0.0011570793166923050693 -0.00073500756385537729769
2.9199999999999999289 0.0011977098316962341614 -0.00072162890742369692997
2.9300000000000001599 0.0012416000132660785955 -0.00076151838914746737899
2.9399999999999999467 0.001289190956236286505 -0.00073109607802094374492
2.9500000000000001776 0.0013410173225069516034 -0.00066090172471870711757
2.9599999999999999645 0.0013977406300932394834 -0.00071962533857228630496
2.9700000000000001954 0.0014602035169240283 -0.00062406135273465981363
2.9799999999999999822 0.0015295232885102832358 -0.00054935668656184316085
2.9900000000000002132 0.0016072587205973880471 -0.00052507469457960297479
3 0.0016957092882345795384 -0.00036548309412108657274
3.0100000000000002309 0.0017984411990713546851 -0.00029618587200308564913
3.0200000000000000178 0.0019211734006978186534 -0.0001048645763523496123
3.0300000000000002487 0.0020731789009159522566 0.00028922278941812982686
3.0400000000000000355 0.0022693218857259183155 0.00053515488205247872464
3.0500000000000002665 0.0025326995870415245672 0.001023905142923804603
3.0600000000000000533 0.0028975292764403205378 0.0018452770352564472692
3.0700000000000002842 0.0034113983785598938833 0.0029916901910812193979
3.0800000000000000711 0.0041353712538914812885 0.0044260843907756673016
3.0899999999999998579 0.0051399750118733432067 0.0063559793452142672107
3.1000000000000000888 0.0064951765666458093421 0.0092975080629137119015
3.1099999999999998757 0.0082535396068195172187 0.01249198739241563251
3.1200000000000001066 0.010427991144198631504 0.016950662963252809134
3.1299999999999998934 0.012968661919385910536 0.021263157293050772428
3.1400000000000001243 0.015746034673096081374 0.026515148588775256516
3.1499999999999999112 0.018548626578045152025 0.031245838725375868483
3.1600000000000001421 0.021101341629078736173 0.035460273688981185092
3.1699999999999999289 0.023105211912991436424 0.038767307639716239165
3.1800000000000001599 0.024291879054189835507 0.040909202281354750674
3.1899999999999999467 0.024479619534866207953 0.041255556670768862848
3.2000000000000001776 0.023615037510659988435 0.040047782053682506875
3.2099999999999999645 0.02178751052700703475 0.037722605007060108773
3.2200000000000001954 0.01921145837058385597 0.033849561258656186979
3.2299999999999999822 0.016181552616571202169 0.028750086369301066508
3.2400000000000002132 0.013014111034166761516 0.023762141056764177205
3.25 0.0099910251965945606756 0.018651843426542909915
3.2600000000000002309 0.0073198596036659017289 0.014525853654123706618
3.2700000000000000178 0.0051169400567512663899 0.010401698248614772019
3.2800000000000002487 0.0034124556937415741718 0.0074553914359609951834
3.2900000000000000355 0.0021707993816641427305 0.0051284412968846705694
3.3000000000000002665 0.0013171188536560680775 0.0031456396911763999553
3.3100000000000000533 0.00076216170969298333189 0.0020603182219446616527
3.3200000000000002842 0.00042058761131957145144 0.0012556973295937486242
3.3300000000000000711 0.00022132380740726837181 0.00075484212379892817475
3.3399999999999998579 0.00011105575867083519314 0.0004590411317712381656
3.3500000000000000888 5.3134604802893865968e-05 0.00019090687799865524357
3.3599999999999998757 2.4239404278236162122e-05 9.7781337122538426526e-05
3.3700000000000001066 1.0542930822154428181e-05 6.9470673197614106215e-05
3.3799999999999998934 4.3720414158437716755e-06 2.5633060091569429359e-05
3.3900000000000001243 1.7285450783869634974e-06 1.2273835261274646221e-05
3.3999999999999999112 6.5154130871437123235e-07 9.3501591937566998024e-06
3.4100000000000001421 2.341317552985496329e-07 3.7665485366393474019e-06
3.4199999999999999289 8.0210091244182830887e-08 -8.0210091244182830887e-08
3.4300000000000001599 2.6196422673994784085e-08 1.974143723294953151e-06
3.4399999999999999467 8.1563128627471295296e-09 -8.1563128627471295296e-09
3.4500000000000001776 2.4209167535048190031e-09 -2.4209167535048190031e-09
3.4599999999999999645 6.850079348308876786e-10 -6.850079348308876786e-10
3.4700000000000001954 1.8477244965838022751e-10 -1.8477244965838022751e-10
3.4799999999999999822 4.7511766119883400204e-11 -4.7511766119883400204e-11
3.4900000000000002132 1.1646200952968451464e-11 -1.1646200952968451464e-11
3.5 2.7213451382531111237e-12 -2.7213451382531111237e-12
3.5100000000000002309 6.0617296248990815889e-13 -6.0617296248990815889e-13
3.5200000000000000178 1.2871248198807071544e-13 -1.2871248198807071544e-13
3.5300000000000002487 2.6052758626888376412e-14 -2.6052758626888376412e-14
3.5400000000000000355 5.0268239393929352306e-15 -5.0268239393929352306e-15
3.5500000000000002665 9.2456758718348119185e-16 -9.2456758718348119185e-16
3.5600000000000000533 1.621014698301067915e-16 2.0003401458068467136e-06
3.5700000000000002842 2.7091742546577787287e-17 -2.7091742546577787287e-17
3.5800000000000000711 4.3160567185676096065e-18 -4.3160567185676096065e-18
3.5899999999999998579 6.5544489893686775007e-19 2.0003401459682924639e-06
3.6000000000000000888 9.488177394389771153e-20 -9.488177394389771153e-20
3.6099999999999998757 1.3092596315596271605e-20 -1.3092596315596271605e-20
3.6200000000000001066 1.722122431373359518e-21 2.0003401459689463733e-06
3.6299999999999998934 2.1592180328445421193e-22 -2.1592180328445421193e-22
3.6400000000000001243 2.5806091555362321346e-23 -2.5806091555362321346e-23
3.6499999999999999112 2.9399525560937397659e-24 -2.9399525560937397659e-24
3.6600000000000001421 3.1926397218977284923e-25 -3.1926397218977284923e-25
3.6699999999999999289 3.3048382403469103818e-26 4.0006802919378969818e-06
3.6800000000000001599 3.2609223294489486301e-27 2.0003401459689480674e-06
3.6899999999999999467 3.0670435885991201259e-28 -3.0670435885991201259e-28
3.7000000000000001776 2.7497171463473262428e-29 -2.7497171463473262428e-29
3.7099999999999999645 2.3498711379349364896e-30 -2.3498711379349364896e-30
3.7200000000000001954 1.9142005237229361384e-31 -1.9142005237229361384e-31
3.7299999999999999822 1.4863381039515928944e-32 2.0003401459689480674e-06
3.7400000000000002132 1.1001047977582839082e-33 -1.1001047977582839082e-33
3.75 7.7613321424346290656e-35 -7.7613321424346290656e-35
3.7600000000000002309 5.2194382787222427881e-36 -5.2194382787222427881e-36
3.7700000000000000178 3.3457701124322298367e-37 -3.3457701124322298367e-37
3.7800000000000002487 2.0443386171620056843e-38 2.0003401459689480674e-06
3.7900000000000000355 1.1906758993158277021e-39 -1.1906758993158277021e-39
3.8000000000000002665 6.6102502372853644038e-41 2.0003401459689480674e-06
3.8100000000000000533 3.4980456621428183737e-42 -3.4980456621428183737e-42
3.8200000000000002842 1.7644767165471151226e-43 -1.7644767165471151226e-43
3.8300000000000000711 8.4837709944333882561e-45 2.0003401459689480674e-06
3.8399999999999998579 3.888160359804751923e-46 -3.888160359804751923e-46
3.8500000000000000888 1.6985616695309156344e-47 -1.6985616695309156344e-47
3.8599999999999998757 7.072942008312579101e-49 -7.072942008312579101e-49
3.8700000000000001066 2.8073736660415540653e-50 2.0003401459689480674e-06
3.8799999999999998934 1.0621391690492489049e-51 2.0003401459689480674e-06
3.8900000000000001243 3.8303940112913021859e-53 -3.8303940112913021859e-53
3.8999999999999999112 1.316697619894835895e-54 -1.316697619894835895e-54
3.9100000000000001421 4.3142865938172376656e-56 -4.3142865938172376656e-56
3.9199999999999999289 1.3474481003564726266e-57 -1.3474481003564726266e-57
3.9300000000000001599 4.0113910246360219348e-59 -4.0113910246360219348e-59
3.9399999999999999467 1.1383023672551946874e-60 -1.1383023672551946874e-60
3.9500000000000001776 3.0789296647980819827e-62 -3.0789296647980819827e-62
3.9599999999999999645 7.9381845772289446416e-64 -7.9381845772289446416e-64
3.9700000000000001954 1.9508403444892837715e-65 -1.9508403444892837715e-65
3.9799999999999999822 4.5698421260403599558e-67 -4.5698421260403599558e-67
3.9900000000000002132 1.0203740997176098821e-68 -1.0203740997176098821e-68
4 2.1716821010669037068e-70 -2.1716821010669037068e-70
4.0099999999999997868 4.4056654408669941023e-72 -4.4056654408669941023e-72
4.0200000000000004619 8.5193225325425335288e-74 -8.5193225325425335288e-74
4.0300000000000002487 1.570278708469047245e-75 -1.570278708469047245e-75
4.0400000000000000355 2.7588393799533202043e-77 2.0003401459689480674e-06
4.0499999999999998224 4.6201273424813750465e-79 -4.6201273424813750465e-79
4.0600000000000004974 7.3749519893264793884e-81 2.0003401459689480674e-06
4.0700000000000002842 1.1221270776328535793e-82 -1.1221270776328535793e-82
4.0800000000000000711 1.6274301457366008808e-84 -1.6274301457366008808e-84
4.0899999999999998579 2.2497798339904966156e-86 2.0003401459689480674e-06
4.0999999999999996447 2.9645236262985918272e-88 -2.9645236262985918272e-88
4.1100000000000003197 3.7234620580915848043e-90 -3.7234620580915848043e-90
4.1200000000000001066 4.4577525953474039757e-92 2.0003401459689480674e-06
4.1299999999999998934 5.08700186556938333e-94 -5.08700186556938333e-94
4.1399999999999996803 5.5333053489823219417e-96 2.0003401459689480674e-06
4.1500000000000003553 5.7369898663918445712e-98 -5.7369898663918445712e-98
4.1600000000000001421 5.6697007699764380014e-100 -5.6697007699764380014e-100
4.1699999999999999289 5.340878668278239353e-102 -5.340878668278239353e-102
4.1799999999999997158 4.7955863184221764756e-104 -4.7955863184221764756e-104
4.1900000000000003908 4.1043751831515550918e-106 -4.1043751831515550918e-106
4.2000000000000001776 3.3483330434617678296e-108 2.0003401459689480674e-06
4.2099999999999999645 2.6036728683781354405e-110 -2.6036728683781354405e-110
4.2199999999999997513 1.929835448189242206e-112 -1.929835448189242206e-112
4.2300000000000004263 1.3634215592673264585e-114 -1.3634215592673264585e-114
4.2400000000000002132 9.1815493936872471386e-117 -9.1815493936872471386e-117
4.25 5.8935593299079932514e-119 -5.8935593299079932514e-119
4.2599999999999997868 3.605912140954283277e-121 -3.605912140954283277e-121
4.2700000000000004619 2.102947102091707049e-123 -2.102947102091707049e-123
4.2800000000000002487 1.1690072798740134163e-125 -1.1690072798740134163e-125
4.2900000000000000355 6.1941494116903321076e-128 -6.1941494116903321076e-128
4.2999999999999998224 3.1283956158020506772e-130 -3.1283956158020506772e-130
4.3100000000000004974 1.5060421565756120487e-132 2.0003401459689480674e-06
4.3200000000000002842 6.9107947841553989768e-135 -6.9107947841553989768e-135
4.3300000000000000711 3.0226942113016921935e-137 -3.0226942113016921935e-137
4.3399999999999998579 1.2601891148103527845e-139 -1.2601891148103527845e-139
4.3500000000000005329 5.0078633537391208985e-142 -5.0078633537391208985e-142
4.3600000000000003197 1.8968998328735209173e-144 2.0003401459689480674e-06
4.3700000000000001066 6.8487522431955555614e-147 -6.8487522431955555614e-147
4.3799999999999998934 2.3569674816045009001e-149 2.0003401459689480674e-06
4.3899999999999996803 7.7316244912829201927e-152 -7.7316244912829201927e-152
4.4000000000000003553 2.4174800218816252432e-154 -2.4174800218816252432e-154
4.4100000000000001421 7.2049333027655298503e-157 -7.2049333027655298503e-157
4.4199999999999999289 2.0467835584443371996e-159 -2.0467835584443371996e-159
4.4299999999999997158 5.5422831887427074544e-162 -5.5422831887427074544e-162
4.4400000000000003908 1.4304750902464061121e-164 -1.4304750902464061121e-164
4.4500000000000001776 3.519221779923097343e-167 -3.519221779923097343e-167
4.4599999999999999645 8.2525408345823308253e-170 -8.2525408345823308253e-170
4.4699999999999997513 1.8446050520670320032e-172 -1.8446050520670320032e-172
4.4800000000000004263 3.9300106907983828294e-175 2.0003401459689480674e-06
4.4900000000000002132 7.9810247304558582429e-178 -7.9810247304558582429e-178
4.5 1.544892018482044587e-180 -1.544892018482044587e-180
4.5099999999999997868 2.85044137175031089e-183 -2.85044137175031089e-183
4.5200000000000004619 5.0130330722439234062e-186 -5.0130330722439234062e-186
4.5300000000000002487 8.4035630788599214316e-189 -8.4035630788599214316e-189
4.5400000000000000355 1.3427673147456050664e-191 2.0003401459689480674e-06
4.5499999999999998224 2.0450900043993950835e-194 2.0003401459689480674e-06
4.5600000000000004974 2.9689195200020183737e-197 -2.9689195200020183737e-197
4.5700000000000002842 4.1082676092560503182e-200 -4.1082676092560503182e-200
4.5800000000000000711 5.4186773831937059664e-203 2.0003401459689480674e-06
4.5899999999999998579 6.8124307658521965988e-206 -6.8124307658521965988e-206
4.6000000000000005329 8.1636638739388387251e-209 -8.1636638739388387251e-209
4.6100000000000003197 9.324859669181994572e-212 -9.324859669181994572e-212
4.6200000000000001066 1.0152515035065183649e-214 -1.0152515035065183649e-214
4.6299999999999998934 1.0536080875613692664e-217 -1.0536080875613692664e-217
4.6399999999999996803 1.0422181675867244996e-220 2.0003401459689480674e-06
4.6500000000000003553 9.8268028861349030566e-224 -9.8268028861349030566e-224
4.6600000000000001421 8.8316100385041327188e-227 2.0003401459689480674e-06
4.6699999999999999289 7.5655678745653107121e-230 4.0006802919378969818e-06
4.6799999999999997158 6.1775626844368889784e-233 -6.1775626844368889784e-233
4.6900000000000003908 4.8080253183364934499e-236 6.0010202105331700295e-06
4.7000000000000001776 3.5668944805267316267e-239 -3.5668944805267316267e-239
4.7099999999999999645 2.5222474051221467416e-242 -2.5222474051221467416e-242
4.7199999999999997513 1.7000394057812616651e-245 2.0003401459689480674e-06
4.7300000000000004263 1.0922049761440304271e-248 4.0006802919378969818e-06
4.7400000000000002132 6.6884140248732652044e-252 -6.6884140248732652044e-252
4.75 3.9040552882211814484e-255 -3.9040552882211814484e-255
4.7599999999999997868 2.1721137267698491977e-258 -2.1721137267698491977e-258
4.7700000000000004619 1.1519216193422583264e-261 -1.1519216193422583264e-261
4.7800000000000002487 5.8228693414089887321e-265 -5.8228693414089887321e-265
4.7900000000000000355 2.805594405285585167e-268 -2.805594405285585167e-268
4.7999999999999998224 1.2885059656308035202e-271 -1.2885059656308035202e-271
4.8100000000000004974 5.6405527518402008459e-275 -5.6405527518402008459e-275
4.8200000000000002842 2.3535886534186373217e-278 -2.3535886534186373217e-278
4.8300000000000000711 9.3608029551336169943e-282 -9.3608029551336169943e-282
4.8399999999999998579 3.5486998759332780434e-285 -3.5486998759332780434e-285
4.8500000000000005329 1.2823277672071243364e-288 -1.2823277672071243364e-288
4.8600000000000003197 4.4167458572831170344e-292 -4.4167458572831170344e-292
4.8700000000000001066 1.4500378704907635563e-295 -1.4500378704907635563e-295
4.8799999999999998934 4.5376378517504355326e-299 -4.5376378517504355326e-299
4.8899999999999996803 1.353486268975719736e-302 -1.353486268975719736e-302
4.9000000000000003553 3.8481447017636015751e-306 -3.8481447017636015751e-306
4.9100000000000001421 1.0428514170991500088e-309 -1.0428514170991500088e-309
4.9199999999999999289 2.6938100022639747122e-313 -2.6938100022639747122e-313
4.9299999999999997158 6.6326173649940855958e-317 -6.6326173649940855958e-317
4.9400000000000003908 1.5568008500457678607e-320 -1.5568008500457678607e-320
4.9500000000000001776 4.9406564584124654418e-324 2.0003401459689480674e-06
4.9599999999999999645 0 2.0003401459689480674e-06
4.9699999999999997513 0 0
4.9800000000000004263 0 0
4.9900000000000002132 0 0
5 0 0
5.0099999999999997868 0 0
5.0200000000000004619 0 0
5.0300000000000002487 0 0
5.0400000000000000355 0 2.0003401459689480674e-06
5.0499999999999998224 0 0
5.0600000000000004974 0 0
5.0700000000000002842 0 0
5.0800000000000000711 0 0
5.0899999999999998579 0 0
5.1000000000000005329 0 0
5.1100000000000003197 0 0
5.1200000000000001066 0 0
5.1299999999999998934 0 0
5.1399999999999996803 0 0
5.1500000000000003553 0 0
5.1600000000000001421 0 0
5.1699999999999999289 0 0
5.1799999999999997158 0 0
5.1900000000000003908 0 0
5.2000000000000001776 0 0
5.2099999999999999645 0 0
5.2199999999999997513 0 2.0003401459689480674e-06
5.2300000000000004263 0 0
5.2400000000000002132 0 2.0003401459689480674e-06
5.25 0 2.0003401459689480674e-06
5.2599999999999997868 0 0
5.2700000000000004619 0 0
5.2800000000000002487 0 0
5.2900000000000000355 0 0
5.2999999999999998224 0 0
5.3100000000000004974 0 2.0003401459689480674e-06
5.3200000000000002842 0 0
5.3300000000000000711 0 0
5.3399999999999998579 0 0
5.3500000000000005329 0 0
5.3600000000000003197 0 0
5.3700000000000001066 0 0
5.3799999999999998934 0 2.0003401459689480674e-06
5.3899999999999996803 0 0
5.4000000000000003553 0 0
5.4100000000000001421 0 0
5.4199999999999999289 0 0
5.4299999999999997158 0 0
5.4400000000000003908 0 0
5.4500000000000001776 0 0
5.4599999999999999645 0 0
5.4699999999999997513 0 0
5.4800000000000004263 0 0
5.4900000000000002132 0 2.0003401459689480674e-06
5.5 0 4.0006802919378969818e-06
5.5099999999999997868 0 0
5.5200000000000004619 0 0
5.5300000000000002487 0 0
5.5400000000000000355 0 0
5.5499999999999998224 0 0
5.5600000000000004974 0 2.0003401459689480674e-06
5.5700000000000002842 0 0
5.5800000000000000711 0 0
5.5899999999999998579 0 0
5.6000000000000005329 0 0
5.6100000000000003197 0 0
5.6200000000000001066 0 0
5.6299999999999998934 0 0
5.6399999999999996803 0 0
5.6500000000000003553 0 0
5.6600000000000001421 0 0
5.6699999999999999289 0 0
5.6799999999999997158 0 0
5.6900000000000003908 0 0
5.7000000000000001776 0 2.0003401459689480674e-06
5.7099999999999999645 0 0
5.7199999999999997513 0 0
5.7300000000000004263 0 0
5.7400000000000002132 0 0
5.75 0 0
5.7599999999999997868 0 2.0003401459689480674e-06
5.7700000000000004619 0 0
5.7800000000000002487 0 0
5.7900000000000000355 0 0
5.7999999999999998224 0 0
5.8100000000000004974 0 0
5.8200000000000002842 0 0
5.8300000000000000711 0 0
5.8399999999999998579 0 0
5.8500000000000005329 0 0
5.8600000000000003197 0 0
5.8700000000000001066 0 0
5.8799999999999998934 0 0
5.8899999999999996803 0 0
5.9000000000000003553 0 0
5.9100000000000001421 0 0
5.9199999999999999289 0 0
5.9299999999999997158 0 2.0003401459689480674e-06
5.9400000000000003908 0 2.0003401459689480674e-06
5.9500000000000001776 0 4.0006802919378969818e-06
5.9599999999999999645 0 0
5.9699999999999997513 0 2.0003401459689480674e-06
5.9800000000000004263 0 0
5.9900000000000002132 0 2.0003401459689480674e-06
6 0 0
6.0099999999999997868 0 0
6.0200000000000004619 0 0
6.0300000000000002487 0 0
6.0400000000000000355 0 2.0003401459689480674e-06
6.0499999999999998224 0 0
6.0600000000000004974 0 0
6.0700000000000002842 0 2.0003401459689480674e-06
6.0800000000000000711 0 2.0003401459689480674e-06
6.0899999999999998579 0 4.0006802919378969818e-06
6.1000000000000005329 0 2.0003401459689480674e-06
6.1100000000000003197 0 2.0003401459689480674e-06
6.1200000000000001066 0 4.0006802919378969818e-06
6.1299999999999998934 0 2.0003401459689480674e-06
6.1400000000000005684 0 4.0006802919378969818e-06
6.1500000000000003553 0 2.0003401459689480674e-06
6.1600000000000001421 0 0
6.1699999999999999289 0 2.0003401459689480674e-06
6.1799999999999997158 0 2.0003401459689480674e-06
6.1900000000000003908 0 2.0003401459689480674e-06
6.2000000000000001776 0 2.0003401459689480674e-06
6.2099999999999999645 0 2.0003401459689480674e-06
6.2199999999999997513 0 6.0010202105331700295e-06
6.2300000000000004263 0 1.0001700502471070399e-05
6.2400000000000002132 0 6.0010202105331700295e-06
6.25 0 1.0001700502471070399e-05
6.2599999999999997868 0 6.0010202105331700295e-06
6.2700000000000004619 0 1.0001700502471070399e-05
6.2800000000000002487 0 1.4002380339661609719e-05
6.2900000000000000355 0 1.4002380339661609719e-05
6.2999999999999998224 0 1.4002380339661609719e-05
6.3100000000000004974 0 2.0003401004942130635e-05
6.3200000000000002842 0 2.0003401004942130635e-05
6.3300000000000000711 0 1.6002721167751591315e-05
6.3399999999999998579 0 2.4004080842132680118e-05
6.3500000000000005329 0 3.0005101507413201034e-05
6.3600000000000003197 0 2.2003740014042708686e-05
6.3700000000000001066 0 3.4005781344603747129e-05
6.3799999999999998934 0 2.2003740014042708686e-05
6.3900000000000005684 0 2.4004080842132680118e-05
6.4000000000000003553 0 3.0005101507413201034e-05
6.4100000000000001421 0 2.4004080842132680118e-05
6.4199999999999999289 0 1.8003060176852159202e-05
6.4299999999999997158 0 3.0005101507413201034e-05
6.4400000000000003908 0 1.8003060176852159202e-05
6.4500000000000001776 0 1.4002380339661609719e-05
6.4599999999999999645 0 8.0013605838757939637e-06
6.4699999999999997513 0 1.2002040421066340059e-05
6.4800000000000004263 0 2.0003401459689480674e-06
6.4900000000000002132 0 6.0010202105331700295e-06
6.5 0 4.0006802919378969818e-06
6.5099999999999997868 0 4.0006802919378969818e-06
6.5200000000000004619 0 4.0006802919378969818e-06
6.5300000000000002487 0 0
6.5400000000000000355 0 2.0003401459689480674e-06
6.5499999999999998224 0 2.0003401459689480674e-06
6.5600000000000004974 0 0
6.5700000000000002842 0 0
6.5800000000000000711 0 0
6.5899999999999998579 0 0
6.6000000000000005329 0 0
6.6100000000000003197 0 0
6.6200000000000001066 0 0
6.6299999999999998934 0 0
6.6400000000000005684 0 0
6.6500000000000003553 0 0
6.6600000000000001421 0 0
6.6699999999999999289 0 0
6.6799999999999997158 0 0
6.6900000000000003908 0 0
6.7000000000000001776 0 0
6.7099999999999999645 0 0
6.7199999999999997513 0 0
6.7300000000000004263 0 0
6.7400000000000002132 0 0
6.75 0 0
6.7599999999999997868 0 0
6.7700000000000004619 0 0
6.7800000000000002487 0 0
6.7900000000000000355 0 0
6.7999999999999998224 0 0
6.8100000000000004974 0 0
6.8200000000000002842 0 0
6.8300000000000000711 0 0
6.8399999999999998579 0 0
6.8500000000000005329 0 0
6.8600000000000003197 0 0
6.8700000000000001066 0 0
6.8799999999999998934 0 0
6.8900000000000005684 0 0
6.9000000000000003553 0 0
6.9100000000000001421 0 0
6.9199999999999999289 0 0
6.9299999999999997158 0 0
6.9400000000000003908 0 0
6.9500000000000001776 0 0
6.9599999999999999645 0 0
6.9699999999999997513 0 0
6.9800000000000004263 0 0
6.9900000000000002132 0 0
7 0 0
7.0099999999999997868 0 0
7.0200000000000004619 0 0
7.0300000000000002487 0 0
7.0400000000000000355 0 0
7.0499999999999998224 0 0
7.0600000000000004974 0 0
7.0700000000000002842 0 0
7.0800000000000000711 0 0
7.0899999999999998579 0 0
7.1000000000000005329 0 0
7.1100000000000003197 0 0
7.1200000000000001066 0 0
7.1299999999999998934 0 0
7.1400000000000005684 0 0
7.1500000000000003553 0 0
7.1600000000000001421 0 0
7.1699999999999999289 0 0
7.1799999999999997158 0 0
7.1900000000000003908 0 0
7.2000000000000001776 0 0
7.2099999999999999645 0 0
7.2199999999999997513 0 0
7.2300000000000004263 0 0
7.2400000000000002132 0 0
7.25 0 0
7.2599999999999997868 0 0
7.2700000000000004619 0 0
7.2800000000000002487 0 0
7.2900000000000000355 0 0
7.2999999999999998224 0 0
7.3100000000000004974 0 0
7.3200000000000002842 0 0
7.3300000000000000711 0 0
7.3399999999999998579 0 0
7.3500000000000005329 0 0
7.3600000000000003197 0 0
7.3700000000000001066 0 0
7.3799999999999998934 0 0
7.3900000000000005684 0 0
7.4000000000000003553 0 0
7.4100000000000001421 0 0
7.4199999999999999289 0 0
7.4299999999999997158 0 0
7.4400000000000003908 0 0
7.4500000000000001776 0 0
7.4599999999999999645 0 0
7.4699999999999997513 0 0
7.4800000000000004263 0 0
7.4900000000000002132 0 0
7.5 0 0
7.5099999999999997868 0 0
7.5200000000000004619 0 0
7.5300000000000002487 0 0
7.5400000000000000355 0 0
7.5499999999999998224 0 0
7.5600000000000004974 0 0
7.5700000000000002842 0 0
7.5800000000000000711 0 0
7.5899999999999998579 0 0
7.6000000000000005329 0 0
7.6100000000000003197 0 0
7.6200000000000001066 0 0
7.6299999999999998934 0 0
7.6400000000000005684 0 0
7.6500000000000003553 0 0
7.6600000000000001421 0 0
7.6699999999999999289 0 0
7.6799999999999997158 0 0
7.6900000000000003908 0 0
7.7000000000000001776 0 0
7.7099999999999999645 0 0
7.7199999999999997513 0 0
7.7300000000000004263 0 0
7.7400000000000002132 0 0
7.75 0 0
7.7599999999999997868 0 0
7.7700000000000004619 0 0
7.7800000000000002487 0 0
7.7900000000000000355 0 0
7.7999999999999998224 0 0
7.8100000000000004974 0 0
7.8200000000000002842 0 0
7.8300000000000000711 0 0
7.8399999999999998579 0 0
7.8500000000000005329 0 0
7.8600000000000003197 0 0
7.8700000000000001066 0 0
7.8799999999999998934 0 0
7.8900000000000005684 0 0
7.9000000000000003553 0 0
7.9100000000000001421 0 0
7.9199999999999999289 0 0
7.930000000000000604 0 0
7.9400000000000003908 0 0
7.9500000000000001776 0 0
7.9599999999999999645 0 0
7.9699999999999997513 0 0
7.9800000000000004263 0 0
7.9900000000000002132 0 0
8 0 0
8.0099999999999997868 0 0
8.0199999999999995737 0 0
8.0299999999999993605 0 0
8.0400000000000009237 0 0
8.0500000000000007105 0 0
8.0600000000000004974 0 0
8.0700000000000002842 0 0
8.0800000000000000711 0 0
8.0899999999999998579 0 0
8.0999999999999996447 0 0
8.1099999999999994316 0 0
8.1200000000000009948 0 0
8.1300000000000007816 0 0
8.1400000000000005684 0 0
8.1500000000000003553 0 0
8.1600000000000001421 0 0
8.1699999999999999289 0 0
8.1799999999999997158 0 0
8.1899999999999995026 0 0
8.1999999999999992895 0 0
8.2100000000000008527 0 0
8.2200000000000006395 0 0
8.2300000000000004263 0 0
8.2400000000000002132 0 0
8.25 0 0
8.2599999999999997868 0 0
8.2699999999999995737 0 0
8.2799999999999993605 0 0
8.2900000000000009237 0 0
8.3000000000000007105 0 0
8.3100000000000004974 0 0
8.3200000000000002842 0 0
8.3300000000000000711 0 0
8.3399999999999998579 0 0
8.3499999999999996447 0 0
8.3599999999999994316 0 0
8.3700000000000009948 0 0
8.3800000000000007816 0 0
8.3900000000000005684 0 0
8.4000000000000003553 0 0
8.4100000000000001421 0 0
8.4199999999999999289 0 0
8.4299999999999997158 0 0
8.4399999999999995026 0 0
8.4499999999999992895 0 0
8.4600000000000008527 0 0
8.4700000000000006395 0 0
8.4800000000000004263 0 0
8.4900000000000002132 0 0
8.5 0 0
8.5099999999999997868 0 0
8.5199999999999995737 0 0
8.5299999999999993605 0 0
8.5400000000000009237 0 0
8.5500000000000007105 0 0
8.5600000000000004974 0 0
8.5700000000000002842 0 0
8.5800000000000000711 0 0
8.5899999999999998579 0 0
8.5999999999999996447 0 0
8.6099999999999994316 0 0
8.6200000000000009948 0 0
8.6300000000000007816 0 0
8.6400000000000005684 0 0
8.6500000000000003553 0 0
8.6600000000000001421 0 0
8.6699999999999999289 0 0
8.6799999999999997158 0 0
8.6899999999999995026 0 0
8.7000000000000010658 0 0
8.7100000000000008527 0 0
8.7200000000000006395 0 0
8.7300000000000004263 0 0
8.7400000000000002132 0 0
8.75 0 0
8.7599999999999997868 0 0
8.7699999999999995737 0 0
8.7799999999999993605 0 0
8.7900000000000009237 0 0
8.8000000000000007105 0 0
8.8100000000000004974 0 0
8.8200000000000002842 0 0
8.8300000000000000711 0 0
8.8399999999999998579 0 0
8.8499999999999996447 0 0
8.8599999999999994316 0 0
8.8700000000000009948 0 0
8.8800000000000007816 0 0
8.8900000000000005684 0 0
8.9000000000000003553 0 0
8.9100000000000001421 0 0
8.9199999999999999289 0 0
8.9299999999999997158 0 0
8.9399999999999995026 0 0
8.9500000000000010658 0 0
8.9600000000000008527 0 0
8.9700000000000006395 0 0
8.9800000000000004263 0 0
8.9900000000000002132 0 0
9 0 0
9.0099999999999997868 0 0
9.0199999999999995737 0 0
9.0299999999999993605 0 0
9.0400000000000009237 0 0
9.0500000000000007105 0 0
9.0600000000000004974 0 0
9.0700000000000002842 0 0
9.0800000000000000711 0 0
9.0899999999999998579 0 0
9.0999999999999996447 0 0
9.1099999999999994316 0 0
9.1200000000000009948 0 0
9.1300000000000007816 0 0
9.1400000000000005684 0 0
9.1500000000000003553 0 0
9.1600000000000001421 0 0
9.1699999999999999289 0 0
9.1799999999999997158 0 0
9.1899999999999995026 0 0
9.2000000000000010658 0 0
9.2100000000000008527 0 0
9.2200000000000006395 0 0
9.2300000000000004263 0 0
9.2400000000000002132 0 0
9.25 0 0
9.2599999999999997868 0 0
9.2699999999999995737 0 0
9.2799999999999993605 0 0
9.2900000000000009237 0 0
9.3000000000000007105 0 0
9.3100000000000004974 0 0
9.3200000000000002842 0 0
9.3300000000000000711 0 0
9.3399999999999998579 0 0
9.3499999999999996447 0 0
9.3599999999999994316 0 0
9.3700000000000009948 0 0
9.3800000000000007816 0 0
9.3900000000000005684 0 0
9.4000000000000003553 0 0
9.4100000000000001421 0 0
9.4199999999999999289 0 0
9.4299999999999997158 0 0
9.4399999999999995026 0 0
9.4500000000000010658 0 0
9.4600000000000008527 0 0
9.4700000000000006395 0 0
9.4800000000000004263 0 0
9.4900000000000002132 0 0
9.5 0 0
9.5099999999999997868 0 0
9.5199999999999995737 0 0
9.5299999999999993605 0 0
9.5400000000000009237 0 0
9.5500000000000007105 0 0
9.5600000000000004974 0 0
9.5700000000000002842 0 0
9.5800000000000000711 0 0
9.5899999999999998579 0 0
9.5999999999999996447 0 0
9.6099999999999994316 0 0
9.6200000000000009948 0 0
9.6300000000000007816 0 0
9.6400000000000005684 0 0
9.6500000000000003553 0 0
9.6600000000000001421 0 0
9.6699999999999999289 0 0
9.6799999999999997158 0 0
9.6899999999999995026 0 0
9.7000000000000010658 0 0
9.7100000000000008527 0 0
9.7200000000000006395 0 0
9.7300000000000004263 0 0
9.7400000000000002132 0 0
9.75 0 0
9.7599999999999997868 0 0
9.7699999999999995737 0 0
9.7799999999999993605 0 0
9.7900000000000009237 0 0
9.8000000000000007105 0 0
9.8100000000000004974 0 0
9.8200000000000002842 0 0
9.8300000000000000711 0 0
9.8399999999999998579 0 0
9.8499999999999996447 0 0
9.8599999999999994316 0 0
9.8700000000000009948 0 0
9.8800000000000007816 0 0
9.8900000000000005684 0 0
9.9000000000000003553 0 0
9.9100000000000001421 0 0
9.9199999999999999289 0 0
9.9299999999999997158 0 0
9.9399999999999995026 0 0
9.9500000000000010658 0 0
9.9600000000000008527 0 0
9.9700000000000006395 0 0
9.9800000000000004263 0 0
9.9900000000000002132 0 0
10 0 0
10.009999999999999787 0 0
10.019999999999999574 0 0
10.029999999999999361 0 0
10.040000000000000924 0 0
10.050000000000000711 0 0
10.060000000000000497 0 0
10.070000000000000284 0 0
10.080000000000000071 0 0
10.089999999999999858 0 0
10.099999999999999645 0 0
10.109999999999999432 0 0
10.120000000000000995 0 0
10.130000000000000782 0 0
10.140000000000000568 0 0
10.150000000000000355 0 0
10.160000000000000142 0 0
10.169999999999999929 0 0
10.179999999999999716 0 0
10.189999999999999503 0 0
10.200000000000001066 0 0
10.210000000000000853 0 0
10.220000000000000639 0 0
10.230000000000000426 0 0
