0 1.6790365937493580657e-221 -1.6790365937493580657e-221
0.010000000000000000208 3.1824918951825456013e-219 -3.1824918951825456013e-219
0.020000000000000000416 5.8679515429404635499e-217 -5.8679515429404635499e-217
0.02999999999999999889 1.0524895657329218573e-214 -1.0524895657329218573e-214
0.040000000000000000833 1.8363740488459776238e-212 -1.8363740488459776238e-212
0.050000000000000002776 3.1168547377517486522e-210 -3.1168547377517486522e-210
0.05999999999999999778 5.1461690130096094587e-208 -5.1461690130096094587e-208
0.070000000000000006661 8.2653946774418471625e-206 -8.2653946774418471625e-206
0.080000000000000001665 1.2913834451325069722e-203 -1.2913834451325069722e-203
0.089999999999999996669 1.9627224985584939212e-201 -1.9627224985584939212e-201
0.10000000000000000555 2.9018479625218814497e-199 -2.9018479625218814497e-199
0.11000000000000000056 4.1735197786211470635e-197 -4.1735197786211470635e-197
0.11999999999999999556 5.8390522982771730506e-195 -5.8390522982771730506e-195
0.13000000000000000444 7.9468373051303132701e-193 -7.9468373051303132701e-193
0.14000000000000001332 1.052103211444116307e-190 -1.052103211444116307e-190
0.14999999999999999445 1.3549848465499756393e-188 6.9910936872474849224e-05
0.16000000000000000333 1.6975500902736540762e-186 7.3905845056287944317e-05
0.17000000000000001221 2.0688205687365615667e-184 3.7951649574097252708e-05
0.17999999999999999334 2.4526474184072951534e-182 6.3918567320797592402e-05
0.19000000000000000222 2.8285214931263262377e-180 6.3918567320797592402e-05
0.2000000000000000111 3.1731888057459180728e-178 4.5941469579702243209e-05
0.20999999999999999223 3.4629355718689106271e-176 5.3931293223286047578e-05
0.22000000000000000111 3.6762494896686705718e-174 6.1921113228891044855e-05
0.23000000000000000999 3.7964493536149564842e-172 6.3918567320797592402e-05
0.23999999999999999112 3.8138386141849147749e-170 6.7913475504610687494e-05
0.25 3.7269973178655622584e-168 6.3918567320797592402e-05
0.26000000000000000888 3.5429736021996731316e-166 5.3931293223286047578e-05
0.27000000000000001776 3.2763389170602547031e-164 5.7926201407099142671e-05
0.28000000000000002665 2.9472826813309900292e-162 5.7926201407099142671e-05
0.28999999999999998002 2.5790919826702798173e-160 5.193383549340069294e-05
0.2999999999999999889 2.1954519593907682368e-158 6.1921113228891044855e-05
0.30999999999999999778 1.8179967938132265833e-156 5.7926201407099142671e-05
0.32000000000000000666 1.4644493487658173757e-154 7.5903299148194491863e-05
0.33000000000000001554 1.1475395571781171503e-152 7.9898207332007586956e-05
0.34000000000000002442 8.7472802870507714638e-151 7.790075324010103941e-05
0.35000000000000003331 6.4862022716863524826e-149 5.7926201407099142671e-05
0.35999999999999998668 4.6786440009418009983e-147 6.3918567320797592402e-05
0.36999999999999999556 3.2829296887455488924e-145 8.7888030975591391325e-05
0.38000000000000000444 2.2408626070673936584e-143 6.5916021412704139948e-05
0.39000000000000001332 1.4879246735751143148e-141 7.190839096438139677e-05
0.4000000000000000222 9.6107820608730902193e-140 7.190839096438139677e-05
0.41000000000000003109 6.0387712711223269281e-138 5.193383549340069294e-05
0.41999999999999998446 3.6910548512847297369e-136 5.3931293223286047578e-05
0.42999999999999999334 2.1946460394955741358e-134 5.7926201407099142671e-05
0.44000000000000000222 1.2693767509354432924e-132 6.1921113228891044855e-05
0.4500000000000000111 7.142144977397972459e-131 6.3918567320797592402e-05
0.46000000000000001998 3.9091186385675665257e-129 5.5928747315192601901e-05
0.47000000000000002887 2.0813307865869132222e-127 6.7913475504610687494e-05
0.47999999999999998224 1.0779917398502267442e-125 6.7913475504610687494e-05
0.48999999999999999112 5.4312754087931757008e-124 5.3931293223286047578e-05
0.5 2.6619524020188892208e-122 6.1921113228891044855e-05
0.51000000000000000888 1.2691437442703793862e-120 6.3918567320797592402e-05
0.52000000000000001776 5.8861782398827032684e-119 6.1921113228891044855e-05
0.53000000000000002665 2.6556330931784977803e-117 6.5916021412704139948e-05
0.54000000000000003553 1.1655067759215160006e-115 6.3918567320797592402e-05
0.55000000000000004441 4.9759224260371587669e-114 6.3918567320797592402e-05
0.56000000000000005329 2.0665430991531050816e-112 5.7926201407099142671e-05
0.57000000000000006217 8.34886427567458415e-111 6.3918567320797592402e-05
0.57999999999999996003 3.2811221778703113659e-109 6.5916021412704139948e-05
0.58999999999999996891 1.2543810121968442202e-107 5.9923655499005690217e-05
0.5999999999999999778 4.6649673459763396171e-106 6.3918567320797592402e-05
0.60999999999999998668 1.6876400081745154746e-104 4.993638140149415217e-05
0.61999999999999999556 5.9391334593318126153e-103 6.5916021412704139948e-05
0.63000000000000000444 2.0331921496489049093e-101 5.193383549340069294e-05
0.64000000000000001332 6.7708911416363786259e-100 6.9910936872474849224e-05
0.6500000000000000222 2.1934377143228252899e-98 4.5941469579702243209e-05
0.66000000000000003109 6.912208809611217522e-97 5.5928747315192601901e-05
0.67000000000000003997 2.1189487829053821201e-95 4.993638140149415217e-05
0.68000000000000004885 6.3188222319735835625e-94 7.3905845056287944317e-05
0.69000000000000005773 1.83300598556382107e-92 7.190839096438139677e-05
0.70000000000000006661 5.1725380777970580577e-91 4.993638140149415217e-05
0.70999999999999996447 1.4198928667161296381e-89 3.5954195482190698385e-05
0.71999999999999997335 3.7915739081264649508e-88 6.1921113228891044855e-05
0.72999999999999998224 9.849077215210293192e-87 4.1946561395889148116e-05
0.73999999999999999112 2.4887634849470184193e-85 6.3918567320797592402e-05
0.75 6.1176380415999900999e-84 6.7913475504610687494e-05
0.76000000000000000888 1.4628372037112939898e-82 6.7913475504610687494e-05
0.77000000000000001776 3.4026735401127070183e-81 7.9898207332007586956e-05
0.78000000000000002665 7.6993956703302855482e-80 7.190839096438139677e-05
0.79000000000000003553 1.6947477294368407292e-78 6.9910936872474849224e-05
0.80000000000000004441 3.6288210373079727108e-77 5.3931293223286047578e-05
0.81000000000000005329 7.5585433492438684437e-76 6.3918567320797592402e-05
0.82000000000000006217 1.531520214260981416e-74 6.9910936872474849224e-05
0.83000000000000007105 3.0186963262348902571e-73 4.993638140149415217e-05
0.83999999999999996891 5.787995525820128277e-72 4.3944015487795702439e-05
0.8499999999999999778 1.0795655439570124183e-70 6.3918567320797592402e-05
0.85999999999999998668 1.9587630853130599924e-69 8.1895661423914134502e-05
0.86999999999999999556 3.4572188657268553191e-68 4.7938927309587597847e-05
0.88000000000000000444 5.9358634994680409837e-67 6.1921113228891044855e-05
0.89000000000000001332 9.9140933579328153865e-66 6.3918567320797592402e-05
0.9000000000000000222 1.6107723671900662008e-64 7.3905845056287944317e-05
0.91000000000000003109 2.5458183048151104534e-63 7.190839096438139677e-05
0.92000000000000003997 3.9141071152966114198e-62 7.190839096438139677e-05
0.93000000000000004885 5.8539643869076140733e-61 5.5928747315192601901e-05
0.94000000000000005773 8.5168600934371386086e-60 5.5928747315192601901e-05
0.95000000000000006661 1.2053717752810513974e-58 5.193383549340069294e-05
0.95999999999999996447 1.6594898112879376162e-57 7.9898207332007586956e-05
0.96999999999999997335 2.2224921230071583371e-56 5.9923655499005690217e-05
0.97999999999999998224 2.8954624568191479626e-55 7.190839096438139677e-05
0.98999999999999999112 3.6695069412592736706e-54 3.7951649574097252708e-05
1 4.5238641694195186826e-53 7.790075324010103941e-05
1.0100000000000000089 5.4252963670483345051e-52 4.3944015487795702439e-05
1.0200000000000000178 6.3292091272347094972e-51 6.7913475504610687494e-05
1.0300000000000000266 7.1826960986384600007e-50 5.3931293223286047578e-05
1.0400000000000000355 7.9293503190494854808e-49 6.1921113228891044855e-05
1.0500000000000000444 8.515296739479355472e-48 6.1921113228891044855e-05
1.0600000000000000533 8.8955752078921321971e-47 5.3931293223286047578e-05
1.0700000000000000622 9.0398318545654125151e-46 6.7913475504610687494e-05
1.0800000000000000711 8.9363205098313995041e-45 6.3918567320797592402e-05
1.0900000000000000799 8.5934823391259799193e-44 4.7938927309587597847e-05
1.1000000000000000888 8.0388089694582187949e-43 6.1921113228891044855e-05
1.1100000000000000977 7.3152015384462817348e-42 5.7926201407099142671e-05
1.1200000000000001066 6.4754946764693535387e-41 8.1895661423914134502e-05
1.1300000000000001155 5.5761143755606245936e-40 8.7888030975591391325e-05
1.1400000000000001243 4.6709203709923932911e-39 7.190839096438139677e-05
1.1500000000000001332 3.806144931998518906e-38 7.190839096438139677e-05
1.1599999999999999201 3.0170342965978572292e-37 5.193383549340069294e-05
1.1699999999999999289 2.3264152731081541778e-36 6.9910936872474849224e-05
1.1799999999999999378 1.7450436762715656165e-35 4.7938927309587597847e-05
1.1899999999999999467 1.2733196167166614405e-34 7.9898207332007586956e-05
1.1999999999999999556 9.038172503964993741e-34 7.190839096438139677e-05
1.2099999999999999645 6.2407371328820070771e-33 6.3918567320797592402e-05
1.2199999999999999734 4.1918257534908768806e-32 5.9923655499005690217e-05
1.2299999999999999822 2.7389406442487946854e-31 6.5916021412704139948e-05
1.2399999999999999911 1.7409010515117198037e-30 8.5890576883684843779e-05
1.25 1.0764097480778674136e-29 8.3893122791778296232e-05
1.2600000000000000089 6.4743060353361676211e-29 6.1921113228891044855e-05
1.2700000000000000178 3.7880952808618866038e-28 6.7913475504610687494e-05
1.2800000000000000266 2.1560589534278554571e-27 5.9923655499005690217e-05
1.2900000000000000355 1.1937473948332421823e-26 6.5916021412704139948e-05
1.3000000000000000444 6.4294868088718185403e-26 5.7926201407099142671e-05
1.3100000000000000533 3.3686217631996441726e-25 0.00010187021689489479768
1.3200000000000000622 1.7168812520019209365e-24 6.1921113228891044855e-05
1.3300000000000000711 8.5121708924182010583e-24 7.3905845056287944317e-05
1.3400000000000000799 4.1053716364135676464e-23 6.5916021412704139948e-05
1.3500000000000000888 1.9260904974159042283e-22 5.9923655499005690217e-05
1.3600000000000000977 8.7904876350744924122e-22 7.190839096438139677e-05
1.3700000000000001066 3.9026653615521827849e-21 7.3905845056287944317e-05
1.3800000000000001155 1.6854727207705168052e-20 6.5916021412704126395e-05
1.3900000000000001243 7.0809937269016206868e-20 6.1921113228890977092e-05
1.4000000000000001332 2.8938682771151837313e-19 5.3931293223285756199e-05
1.4099999999999999201 1.1504702059733412777e-18 7.5903299148193339898e-05
1.4199999999999999289 4.4492218446083556404e-18 6.3918567320793147173e-05
1.4299999999999999378 1.6738048164175703491e-17 5.3931293223269310207e-05
1.4399999999999999467 6.1254448384324941968e-17 6.5916021412642882525e-05
1.4499999999999999556 2.1806327031758535757e-16 7.5903299147976431701e-05
1.4599999999999999645 7.5516086683926121861e-16 3.9949103665248626336e-05
1.4699999999999999734 2.5439495788496245812e-15 6.7913475502066742622e-05
1.4799999999999999822 8.3366120161210541998e-15 6.5916021404367533261e-05
1.4899999999999999911 2.657557980196245821e-14 8.988548504092235469e-05
1.5 8.2411529484969781065e-14 7.1908390881969861492e-05
1.5100000000000000089 2.4860237194866549934e-13 6.7913475256008319961e-05
1.5200000000000000178 7.2951567725769490236e-13 7.1908390234865719303e-05
1.5300000000000000266 2.0824570753093598158e-12 5.792619932464206534e-05
1.5400000000000000355 5.7826852563828640265e-12 7.9898201549322329668e-05
1.5500000000000000444 1.5620506761548397972e-11 8.3893107171271536415e-05
1.5600000000000000533 4.104618054820523477e-11 5.7926160360918595876e-05
1.5700000000000000622 1.049210071365382618e-10 6.3918462399790461478e-05
1.5800000000000000711 2.6089407606168985447e-10 6.7913214610534623468e-05
1.5900000000000000799 6.3107075251839842557e-10 7.5902668077441979438e-05
1.6000000000000000888 1.4849230731628331259e-09 7.1906906041308235621e-05
1.6100000000000000977 3.3989276930308007403e-09 5.7922802479406112315e-05
1.6200000000000001066 7.568188903930839366e-09 8.7880462786687463229e-05
1.6300000000000001155 1.6392835061176504921e-08 6.7897082669549514017e-05
1.6400000000000001243 3.4540469967147146727e-08 7.986366686204044601e-05
1.6500000000000001332 7.0796939404557837111e-08 8.3822325852373741188e-05
1.6600000000000001421 1.4116037122849189933e-07 8.574941651245635585e-05
1.6699999999999999289 2.7379352172998430245e-07 5.5654953793462619239e-05
1.6799999999999999378 5.1658954432102022855e-07 6.3401977776476577467e-05
1.6899999999999999467 9.4815671131651193482e-07 6.6965318793294178524e-05
1.6999999999999999556 1.6928820604110882343e-06 9.2187511190899943401e-05
1.7099999999999999645 2.9402573883587142645e-06 8.8942681771045776812e-05
1.7199999999999999734 4.9677080578920745576e-06 0.00011487960294011932282
1.7299999999999999822 8.1646740127148849104e-06 0.00012566482290459992559
1.7399999999999999911 1.305370230416065499e-05 9.8803792326224550505e-05
1.75 2.0302084578178360304e-05 9.3552864144113336833e-05
1.7600000000000000089 3.0715645219222146374e-05 6.7159663491859596866e-05
1.7700000000000000178 4.5205445126270612263e-05 0.00010460369907821179681
1.7800000000000000266 6.4719326370578608471e-05 5.912290008720348124e-05
1.7900000000000000355 9.013416219058167228e-05 4.9687711554368026168e-05
1.8000000000000000444 0.00012211167885226760911 3.9682189903654085245e-05
1.8100000000000000533 0.00016093021406593006764 7.8764407930092720329e-05
1.8200000000000000622 0.00020631514782327298315 7.5326053758532907079e-05
1.8300000000000000711 0.00025729940806985140576 5.6301058982459299424e-05
1.8400000000000000799 0.00031214938419894648364 6.3372188806297598002e-05
1.8500000000000000888 0.00036838814743620895004 0.00010900364246393002415
1.8600000000000000977 0.00042293585385611730991 0.00020825998843231719555
1.8700000000000001066 0.00047236757302957074669 0.00025470612387803895447
1.8800000000000001155 0.00051326496654943059086 0.00022179854672580530048
1.8900000000000001243 0.00054261555031418471935 0.00022640474073112339375
1.9000000000000001332 0.00055819761465007928288 0.00025676412050907942378
1.9100000000000001421 0.00055888502941537883742 0.00022611489436518165605
1.9199999999999999289 0.00054481623434755150574 0.00027014550081160720093
1.9299999999999999378 0.00051739429884867021645 0.00027759289539142301476
1.9399999999999999467 0.00047911531219805702109 0.00013809835144703165154
1.9499999999999999556 0.00043325372747265116337 0.00012203880111567362186
1.9599999999999999645 0.00038345856727444002816 7.1961227614726977226e-05
1.9699999999999999734 0.00033332814530381675317 0.00011609928730963055537
1.9799999999999999822 0.00028603063328122856112 3.1564741954895239161e-05
1.9899999999999999911 0.00024402427692812888628 -6.3271090240126729581e-06
2 0.00020890818126951258334 1.8801716175070919352e-05
2.0100000000000002309 0.00018140803537680175715 -2.5606528896599651222e-05
2.0200000000000000178 0.00016147697304572401615 -6.1604210242735725359e-05
2.0300000000000002487 0.00014847487975892863189 -2.4632653301146542179e-05
2.0400000000000000355 0.0001413825241345967093 -5.5491947250911865521e-05
2.0499999999999998224 0.00013900987667251927062 -5.7114215248605136122e-05
2.0600000000000000533 0.00014016844957742509632 -6.8260058613043699547e-05
2.0699999999999998401 0.00014379158996549181674 -6.9885744909203872423e-05
2.0800000000000000711 0.00014900037526756484225 -7.3097076119370350388e-05
2.0899999999999998579 0.00015512307507984819384 -9.519941958084250362e-05
2.1000000000000000888 0.00016168166430864482205 -0.00010375546290154567938
2.1099999999999998757 0.00016835982219219754966 -0.00010643870896330650481
2.1200000000000001066 0.0001749645562687517108 -0.00010305616530437031403
2.1299999999999998934 0.00018138975601306389987 -0.00011347628050845321238
2.1400000000000001243 0.00018758607869518562463 -0.00012766242319617993441
2.1499999999999999112 0.00019353850581764115205 -9.9658112566330118087e-05
2.1600000000000001421 0.00019925099385545010458 -7.7406221489574603069e-05
2.1699999999999999289 0.00020473676272147854497 -7.0907265804163744629e-05
2.1800000000000001599 0.00021001260343397564726 -5.0216188769960446239e-05
2.1899999999999999467 0.00021509580907639951845 -9.9243406262201219552e-05
2.2000000000000001776 0.00022000268781802414706 -7.4188451797354860182e-05
2.2099999999999999645 0.00022474795656137911901 -6.4951541897363917989e-05
2.2200000000000001954 0.00022934457778104794571 -8.7525249944191753923e-05
2.2299999999999999822 0.00023380378226413683321 -9.9974285346822032872e-05
2.2400000000000002132 0.00023813513299842265511 -8.0336172426314055852e-05
2.25 0.00024234655303121975024 -8.2550138367204549221e-05
2.2600000000000002309 0.00024644428322213109183 -0.00010462495538527490004
2.2700000000000000178 0.00025043276956165781049 -6.6666891242848810547e-05
2.2800000000000002487 0.00025431451273618169671 -0.00011848756172696029462
2.2900000000000000355 0.00025808994626110883224 -0.0001242604493437940319
2.3000000000000002665 0.00026175743779249517574 -0.00011394574767991928711
2.3100000000000000533 0.00026531351948530225394 -0.00011750182937272636531
2.3199999999999998401 0.00026875343459364041919 -0.00013692139176823211219
2.3300000000000000711 0.000272072031667260929 -0.00013424762656613303357
2.3399999999999998579 0.00027526494997820119158 -0.00013544307623325149313
2.3500000000000000888 0.00027832994103871468291 -0.00013251570501804539604
2.3599999999999998757 0.00028126809355318943768 -0.00013944876571633324589
2.3700000000000001066 0.00028408470538358979477 -0.00014426283163864009633
2.3799999999999998934 0.00028678959437615389417 -0.00014896518927502599874
2.3900000000000001243 0.00028939675368130457316 -0.00015956216494780286791
2.3999999999999999112 0.00029192340469527824172 -0.00015010407685842204993
2.4100000000000001421 0.00029438863598876330915 -0.00017853623317456502381
2.4199999999999999289 0.00029681189753553489539 -0.00014900020742295900676
2.4300000000000001599 0.00029921162463954795001 -0.00011744320041264555182
2.4399999999999999467 0.00030160420117016171343 -0.00014580269468995960751
2.4500000000000001776 0.00030400336556668695756 -0.00013821457407503696686
2.4599999999999999645 0.00030642005294799495732 -0.00018058037239830634717
2.4700000000000001954 0.00030886258379884327756 -0.00017303563278962187546
2.4799999999999999822 0.00031133706957037801362 -0.00016752028764161522008
2.4900000000000002132 0.00031384790649514247808 -0.00019000568003736038837
2.5 0.00031639825767086334016 -0.00018456621484545503316
2.5100000000000002309 0.00031899046309913071896 -0.00020713296846874552871
2.5200000000000000178 0.00032162635402948187803 -0.00018180448028453217958
2.5300000000000002487 0.00032430747406007068246 -0.00016451105939605548145
2.5400000000000000355 0.00032703522343142081433 -0.00015924897784786422187
2.5500000000000002665 0.00032981094716637933319 -0.00020596872070859724348
2.5600000000000000533 0.00033263598592944205361 -0.00019081665809258586183
2.5699999999999998401 0.00033551170412884142192 -0.00020367966130343311492
2.5800000000000000711 0.00033843950515693473199 -0.00015667108093003233381
2.5899999999999998579 0.00034142083988278858209 -0.00021358370524119337018
2.6000000000000000888 0.00034445721186942017313 -0.00018466079720540497212
2.6099999999999998757 0.00034755018114536711648 -0.00022171050059567850633
2.6200000000000001066 0.0003507013674318467506 -0.00019090495276783154958
2.6299999999999998934 0.00035391245324438457866 -0.00018812366175273458795
2.6400000000000001243 0.00035718518705576024789 -0.00022335569013844544756
2.6499999999999999112 0.00036052138660344385142 -0.00021071224239896144234
2.6600000000000001421 0.00036392294238176472196 -0.00024008071592398263225
2.6699999999999999289 0.00036739182134281543569 -0.00019960557575925884323
2.6800000000000001599 0.00037093007082487900296 -0.00025108275982686762253
2.6899999999999999467 0.0003745398227262206059 -0.00022273322442983159507
2.7000000000000001776 0.00037822329794277896944 -0.00022242179146257686352
2.7099999999999999645 0.00038198281108962987016 -0.000274120224643057775
2.7200000000000001954 0.00038582077552773734117 -0.00025398873270232906127
2.7299999999999999822 0.00038973970871938586145 -0.00022594838587155756534
2.7400000000000002132 0.00039374223793775596329 -0.00025392036419280626484
2.75 0.00039783110635839124408 -0.00023204231486674125337
2.7600000000000002309 0.00040200917956283291127 -0.00023821785671500461516
2.7700000000000000178 0.00040627945248747826318 -0.00023649575281201515027
2.7800000000000002487 0.00041064505685380222038 -0.0002648308208331329335
2.7900000000000000355 0.00041510926911948292347 -0.00022934593670876743019
2.8000000000000002665 0.00041967551899375600761 -0.00024589691113447982671
2.8100000000000000533 0.00042434739856448550066 -0.00024257897433758310248
2.8199999999999998401 0.00042912867208911664816 -0.00023138060057504664124
2.8300000000000000711 0.00043402328650681530359 -0.00028021923411851977232
2.8399999999999998579 0.00043903538273487086908 -0.0002572669585079684438
2.8500000000000000888 0.00044416930781884377422 -0.00027838051632719378351
2.8599999999999998757 0.00044942962801310332253 -0.00028763575925718160107
2.8700000000000001066 0.00045482114287641621161 -0.00026106797954615927268
2.8799999999999998934 0.00046034890047618641853 -0.00027258811397356435061
2.8900000000000001243 0.00046601821380503450449 -0.00026427523410715142958
2.8999999999999999112 0.0004718346785246597128 -0.00026609679064296348858
2.9100000000000001421 0.00047780419216465281002 -0.00030802049248918972422
2.9199999999999999289 0.00048393297491822141656 -0.00028019254112843173989
2.9300000000000001599 0.00049022759219293941466 -0.00027050751111598212925
2.9399999999999999467 0.00049669497909290061168 -0.00032491382532553092412
2.9500000000000001776 0.0005033424670293086111 -0.00026564529912519239778
2.9599999999999999645 0.00051017781268001877095 -0.00029445263978687458064
2.9700000000000001954 0.00051720922954521814791 -0.00032745097439877435827
2.9799999999999999822 0.00052444542237677180697 -0.00031870753449507558275
2.9900000000000002132 0.00053189562479349656449 -0.0003001908191650999938
3 0.00053956964043421254927 -0.00035380630802349702889
3.0100000000000002309 0.00054747788804593614746 -0.00034573490834805301834
3.0200000000000000178 0.00055563145095674038119 -0.00036187828762648344225
3.0300000000000002487 0.00056404213144296236771 -0.00034631950445791162985
3.0400000000000000355 0.00057272251056982015609 -0.00034701006721714322805
3.0500000000000002665 0.00058168601416478467499 -0.00035996847899592084204
3.0600000000000000533 0.00059094698567618061252 -0.00033727017048489679046
3.0700000000000002842 0.00060052076677785226188 -0.00038679306252852984748
3.0800000000000000711 0.00061042378670705011064 -0.00038870625153818627769
3.0899999999999998579 0.00062067366147053164033 -0.00038697140175022852211
3.1000000000000000888 0.00063128930422726777395 -0.00035364303993310538133
3.1099999999999998757 0.00064229104836027988562 -0.00040059895772043534884
3.1200000000000001066 0.00065370078499115411626 -0.00036606722113362852918
3.1299999999999998934 0.00066554211697635696447 -0.00040187803132554035046
3.1400000000000001243 0.00067784053176411849899 -0.00036623751880371428714
3.1499999999999999112 0.00069062359589597635285 -0.00044293914298041217343
3.1600000000000001421 0.00070392117442285857386 -0.00039431561555436096377
3.1699999999999999289 0.00071776567909005858318 -0.00039218048748630859272
3.1800000000000001599 0.00073219234985182947168 -0.00042458424507523835493
3.1899999999999999467 0.00074723957513391544693 -0.00047159076493165965607
3.2000000000000001776 0.00076294925730854129802 -0.00045534115253195018127
3.2099999999999999645 0.00077936723112924572755 -0.00040384565812400164591
3.2200000000000001954 0.00079654374445461690983 -0.00045298143691987753472
3.2299999999999999822 0.00081453401255123620509 -0.00049494118322320596569
3.2400000000000002132 0.00083339885971326483054 -0.00052978566312048675467
3.25 0.00085320546500942820792 -0.00050365079519896919016
3.2600000000000002309 0.00087402823285560112161 -0.00053446083350467484159
3.2700000000000000178 0.00089594981406577697044 -0.00056037732289866378551
3.2800000000000002487 0.00091906230940168624158 -0.00052356616637354606511
3.2900000000000000355 0.00094346869589841543102 -0.00054997000696218191051
3.3000000000000002665 0.00096928452705839556955 -0.00055381384311119002603
3.3100000000000000533 0.00099663997232933847388 -0.00062511330750790743312
3.3200000000000002842 0.0010256822804950295296 -0.00059023702652492805384
3.3300000000000000711 0.0010565787777771192598 -0.00060515389107176540372
3.3399999999999998579 0.0010895205477945983825 -0.00063210329881352488382
3.3500000000000000888 0.0011247269924073886264 -0.00064733520250724965218
3.3599999999999998757 0.0011624515495547108751 -0.00059717169229919243867
3.3700000000000001066 0.0012029889657079442713 -0.00063571165436051928731
3.3799999999999998934 0.0012466847278971486621 -0.0006774099624578171306
3.3900000000000001243 0.0012939476468197619666 -0.00067273907499086019884
3.3999999999999999112 0.00134526736004231132 -0.00066813001543236530747
3.4100000000000001421 0.0014012401590084147193 -0.00058228351566544291756
3.4199999999999999289 0.0014626100050484111634 -0.00062767372897018698132
3.4300000000000001599 0.0015303387450936254809 -0.00059153479802859991292
3.4399999999999999467 0.0016057335489396535287 -0.00044521202305001844265
3.4500000000000001776 0.0016906851056002287961 -0.00030644860500173877471
3.4599999999999999645 0.0017881122168222711964 -0.0002241047315368702858
3.4700000000000001954 0.0019027690528474396504 -0.00010505932239365063305
3.4799999999999999822 0.0020426416311654263351 0.00026641669606240455173
3.4900000000000002132 0.0022212085798703766655 0.00059320586544045440444
3.5 0.0024608020982008339643 0.00093087681250163300042
3.5100000000000002309 0.0027970773750248356486 0.0015214206999835566854
3.5200000000000000178 0.003284074803381043222 0.0027262680516254131531
3.5300000000000002487 0.0039984963550876492094 0.0035958282932926311989
3.5400000000000000355 0.0050407474816482680802 0.0049465285658199173446
3.5500000000000002665 0.0065294254002011865856 0.0068994666087590639236
3.5600000000000000533 0.0085859404465398244527 0.0087739421466150862433
3.5700000000000002842 0.01130757769821128314 0.011343565673847585268
3.5800000000000000711 0.014730905091723886166 0.013780771845617803897
3.5899999999999998579 0.018792484023553095163 0.016414660892504491507
3.6000000000000000888 0.023298648270189546011 0.01906138556975147183
3.6099999999999998757 0.027918170228522949661 0.020765804663378073514
3.6200000000000001066 0.032208653986952280601 0.023568284809091122334
3.6299999999999998934 0.03567888527231073692 0.024344646045400146483
3.6400000000000001243 0.037877212927883943672 0.024988692535811582451
3.6499999999999999112 0.038484834052541612437 0.024389065884134412954
3.6600000000000001421 0.037387737264423896721 0.024095932761640022346
3.6699999999999999289 0.034705209939270662001 0.0221383726014798346
3.6800000000000001599 0.030765512107456649549 0.021110399545585190051
3.6899999999999999467 0.026035870960845631378 0.018375549861297916371
3.7000000000000001776 0.021027778084041586631 0.015783324097631463295
3.7099999999999999645 0.016204362892040153482 0.013653598568907836935
3.7200000000000001954 0.011912782313758930527 0.010994035182063979436
3.7299999999999999822 0.008353690315474678052 0.0091500108349426532983
3.7400000000000002132 0.0055870255049501509406 0.0067971973154510390361
3.75 0.0035635458355395238476 0.0048916822249444082138
3.7600000000000002309 0.0021674683388912042471 0.0033594901602125811814
3.7700000000000000178 0.0012570908334851936105 0.0025920055299251607006
3.7800000000000002487 0.00069518934531160713614 0.0015100011363064400581
3.7900000000000000355 0.00036655959393937448745 0.00097772782482098458297
3.8000000000000002665 0.00018427920888149004188 0.00063467743446148170566
3.8100000000000000533 8.8325438860507063214e-05 0.00041503328333824748581
3.8200000000000002842 4.0361030953091688196e-05 0.00017935905012386561754
3.8300000000000000711 1.7583140196373567749e-05 0.00012623364173238921563
3.8399999999999998579 7.3026479394387576826e-06 5.8613373473265384806e-05
3.8500000000000000888 2.891392531515987565e-06 2.7070435217986859661e-05
3.8599999999999998757 1.0913659729766841093e-06 1.0893365854420215352e-05
3.8700000000000001066 3.9270375747402334009e-07 9.5945721590269254e-06
3.8799999999999998934 1.3470578648828882496e-07 7.8551151286114106223e-06
3.8900000000000001243 4.4048363874881668372e-08 1.9534068649000433655e-06
3.8999999999999999112 1.3730675110999122841e-08 1.9837245536639262121e-06
3.9100000000000001421 4.0800850952148401962e-09 -4.0800850952148401962e-09
3.9199999999999999289 1.1557363009765186024e-09 -1.1557363009765186024e-09
3.9300000000000001599 3.1207413392542362859e-10 -3.1207413392542362859e-10
3.9399999999999999467 8.0327420885099946707e-11 -8.0327420885099946707e-11
3.9500000000000001776 1.97094576994454071e-11 1.9974355193172256132e-06
3.9599999999999999645 4.6098660367963937898e-12 -4.6098660367963937898e-12
3.9700000000000001954 1.0277864014507436771e-12 -1.0277864014507436771e-12
3.9799999999999999822 2.184322075924623804e-13 -2.184322075924623804e-13
3.9900000000000002132 4.4251518935398847536e-14 -4.4251518935398847536e-14
4 8.5454703217230145459e-15 -8.5454703217230145459e-15
4.0099999999999997868 1.5730362534181324312e-15 -1.5730362534181324312e-15
4.0200000000000004619 2.7601663843088629888e-16 -2.7601663843088629888e-16
4.0300000000000002487 4.6166233970689945973e-17 -4.6166233970689945973e-17
4.0400000000000000355 7.3604651100415530017e-18 -7.3604651100415530017e-18
4.0499999999999998224 1.1186049488467753105e-18 1.9974552287738066791e-06
4.0600000000000004974 1.6204587989831631008e-19 -1.6204587989831631008e-19
4.0700000000000002842 2.237629618884727292e-20 -2.237629618884727292e-20
4.0800000000000000711 2.9452800193974435233e-21 -2.9452800193974435233e-21
4.0899999999999998579 3.6953233020296074826e-22 -3.6953233020296074826e-22
4.0999999999999996447 4.4194179664971513938e-23 -4.4194179664971513938e-23
4.1100000000000003197 5.0380661963452869853e-24 -5.0380661963452869853e-24
4.1200000000000001066 5.4745474847549730251e-25 -5.4745474847549730251e-25
4.1299999999999998934 5.6704509026116657184e-26 -5.6704509026116657184e-26
4.1399999999999996803 5.5984969995026841495e-27 -5.5984969995026841495e-27
4.1500000000000003553 5.2687707432402173629e-28 1.9974552287749251861e-06
4.1600000000000001421 4.7264023288794001245e-29 -4.7264023288794001245e-29
4.1699999999999999289 4.04143102039284001e-30 -4.04143102039284001e-30
4.1799999999999997158 3.2939904701562672974e-31 -3.2939904701562672974e-31
4.1900000000000003908 2.5591267775029005193e-32 -2.5591267775029005193e-32
4.2000000000000001776 1.8951482546106155419e-33 -1.8951482546106155419e-33
4.2099999999999999645 1.3377536826097855168e-34 -1.3377536826097855168e-34
4.2199999999999997513 9.0009917952386488788e-36 -9.0009917952386488788e-36
4.2300000000000004263 5.7727866521543415886e-37 -5.7727866521543415886e-37
4.2400000000000002132 3.5290781939167421731e-38 -3.5290781939167421731e-38
4.25 2.0564464424350082857e-39 1.9974552287749251861e-06
4.2599999999999997868 1.1422301088533851378e-40 -1.1422301088533851378e-40
4.2700000000000004619 6.0474129494360852097e-42 -6.0474129494360852097e-42
4.2800000000000002487 3.0518643310277048217e-43 -3.0518643310277048217e-43
4.2900000000000000355 1.4680476889837133786e-44 -1.4680476889837133786e-44
4.2999999999999998224 6.7312267957482965768e-46 -6.7312267957482965768e-46
4.3100000000000004974 2.9418951473820813632e-47 -2.9418951473820813632e-47
4.3200000000000002842 1.225572081972653019e-48 -1.225572081972653019e-48
4.3300000000000000711 4.8666379373726076466e-50 -4.8666379373726076466e-50
4.3399999999999998579 1.8420335565985272445e-51 -1.8420335565985272445e-51
4.3500000000000005329 6.6457527829812661315e-53 1.9974552287749251861e-06
4.3600000000000003197 2.2854346068138230824e-54 -2.2854346068138230824e-54
4.3700000000000001066 7.4915421327517674724e-56 -7.4915421327517674724e-56
4.3799999999999998934 2.3407299166686709977e-57 -2.3407299166686709977e-57
4.3899999999999996803 6.9712215819457995262e-59 -6.9712215819457995262e-59
4.4000000000000003553 1.9789910285738396716e-60 -1.9789910285738396716e-60
4.4100000000000001421 5.3549569246284631413e-62 1.9974552287749251861e-06
4.4199999999999999289 1.3811639122455531383e-63 -1.3811639122455531383e-63
4.4299999999999997158 3.3955600774548198881e-65 -3.3955600774548198881e-65
4.4400000000000003908 7.9570932459316818743e-67 1.9974552287749251861e-06
4.4500000000000001776 1.7773550359892512754e-68 -1.7773550359892512754e-68
4.4599999999999999645 3.7841690478016257269e-70 -3.7841690478016257269e-70
4.4699999999999997513 7.6796841207271633119e-72 -7.6796841207271633119e-72
4.4800000000000004263 1.4855681044819415692e-73 -1.4855681044819415692e-73
4.4900000000000002132 2.739164120971798543e-75 -2.739164120971798543e-75
4.5 4.8141511526857765826e-77 -4.8141511526857765826e-77
4.5099999999999997868 8.0648718958382636053e-79 -8.0648718958382636053e-79
4.5200000000000004619 1.2878082894114070136e-80 -1.2878082894114070136e-80
4.5300000000000002487 1.9601118822791020382e-82 -1.9601118822791020382e-82
4.5400000000000000355 2.8437166614533034872e-84 -2.8437166614533034872e-84
4.5499999999999998224 3.9324889985919231586e-86 -3.9324889985919231586e-86
4.5600000000000004974 5.1835150296239189485e-88 -5.1835150296239189485e-88
4.5700000000000002842 6.512635645136258773e-90 -6.512635645136258773e-90
4.5800000000000000711 7.7994629639001829258e-92 -7.7994629639001829258e-92
4.5899999999999998579 8.9032392459460759037e-94 -8.9032392459460759037e-94
4.6000000000000005329 9.6873890612692705918e-96 -9.6873890612692705918e-96
4.6100000000000003197 1.0047100033929970947e-97 -1.0047100033929970947e-97
4.6200000000000001066 9.9323023198720516542e-100 -9.9323023198720516542e-100
4.6299999999999998934 9.3591043413846687014e-102 -9.3591043413846687014e-102
4.6399999999999996803 8.4060842938135302603e-104 -8.4060842938135302603e-104
4.6500000000000003553 7.196614247102737168e-106 -7.196614247102737168e-106
4.6600000000000001421 5.8726981753216983208e-108 -5.8726981753216983208e-108
4.6699999999999999289 4.5679574930479630363e-110 -4.5679574930479630363e-110
4.6799999999999997158 3.3867355580223217527e-112 -3.3867355580223217527e-112
4.6900000000000003908 2.3934002274465559501e-114 -2.3934002274465559501e-114
4.7000000000000001776 1.6122193265062834121e-116 -1.6122193265062834121e-116
4.7099999999999999645 1.0351603331834185993e-118 -1.0351603331834185993e-118
4.7199999999999997513 6.3352794261395026788e-121 -6.3352794261395026788e-121
4.7300000000000004263 3.6957155239912728356e-123 -3.6957155239912728356e-123
4.7400000000000002132 2.0549717373591619538e-125 -2.0549717373591619538e-125
4.75 1.0891499767226589562e-127 -1.0891499767226589562e-127
4.7599999999999997868 5.5022965058554170064e-130 -5.5022965058554170064e-130
4.7700000000000004619 2.6495658651693225204e-132 1.9974552287749251861e-06
4.7800000000000002487 1.2161295336155419614e-134 1.9974552287749251861e-06
4.7900000000000000355 5.3205838898175542814e-137 -5.3205838898175542814e-137
4.7999999999999998224 2.2187739558386919748e-139 -2.2187739558386919748e-139
4.8100000000000004974 8.8194416190440950657e-142 -8.8194416190440950657e-142
4.8200000000000002842 3.3415144864955824352e-144 -3.3415144864955824352e-144
4.8300000000000000711 1.2067569211485066756e-146 -1.2067569211485066756e-146
4.8399999999999998579 4.1540374171567632053e-149 -4.1540374171567632053e-149
4.8500000000000005329 1.3629977240969672269e-151 -1.3629977240969672269e-151
4.8600000000000003197 4.2627900557824510532e-154 -4.2627900557824510532e-154
4.8700000000000001066 1.2707695824265675323e-156 -1.2707695824265675323e-156
4.8799999999999998934 3.6108853467614971662e-159 1.9974552287749251861e-06
4.8899999999999996803 9.7799036549298868713e-162 -9.7799036549298868713e-162
4.9000000000000003553 2.5248141335631461178e-164 -2.5248141335631461178e-164
4.9100000000000001421 6.212954561945269259e-167 -6.212954561945269259e-167
4.9199999999999999289 1.4572727412675427596e-169 1.9974552287749251861e-06
4.9299999999999997158 3.2580472299173794756e-172 -3.2580472299173794756e-172
4.9400000000000003908 6.9430093873139816027e-175 -6.9430093873139816027e-175
4.9500000000000001776 1.4103014230949878022e-177 -1.4103014230949878022e-177
4.9599999999999999645 2.7305486833007557236e-180 -2.7305486833007557236e-180
4.9699999999999997513 5.0392008192636895965e-183 -5.0392008192636895965e-183
4.9800000000000004263 8.8643550804390748449e-186 -8.8643550804390748449e-186
4.9900000000000002132 1.4862995083258161842e-188 -1.4862995083258161842e-188
5 2.3754134485946166759e-191 -2.3754134485946166759e-191
5.0099999999999997868 3.618643093900837068e-194 -3.618643093900837068e-194
5.0200000000000004619 5.2544338684717547036e-197 -5.2544338684717547036e-197
5.0300000000000002487 7.2724329671806610421e-200 -7.2724329671806610421e-200
5.0400000000000000355 9.5941635550646362286e-203 -9.5941635550646362286e-203
5.0499999999999998224 1.2064465371123474023e-205 -1.2064465371123474023e-205
5.0600000000000004974 1.4460476224425418558e-208 -1.4460476224425418558e-208
5.0700000000000002842 1.6520783518262454551e-211 1.9974552287749251861e-06
5.0800000000000000711 1.7990871212811824337e-214 -1.7990871212811824337e-214
5.0899999999999998579 1.8674424999777572508e-217 -1.8674424999777572508e-217
5.1000000000000005329 1.8476331765722566905e-220 -1.8476331765722566905e-220
5.1100000000000003197 1.7424395331156991607e-223 -1.7424395331156991607e-223
5.1200000000000001066 1.5662933770755282129e-226 -1.5662933770755282129e-226
5.1299999999999998934 1.3420290605871691116e-229 1.9974552287749251861e-06
5.1399999999999996803 1.0960342455079170399e-232 -1.0960342455079170399e-232
5.1500000000000003553 8.5321740202136250748e-236 -8.5321740202136250748e-236
5.1600000000000001421 6.3309465239102059428e-239 -6.3309465239102059428e-239
5.1699999999999999289 4.4776580915433175842e-242 -4.4776580915433175842e-242
5.1799999999999997158 3.0186067399065277386e-245 -3.0186067399065277386e-245
5.1900000000000003908 1.9397039758135789543e-248 1.9974552287749251861e-06
5.2000000000000001776 1.1880580680681697837e-251 -1.1880580680681697837e-251
5.2099999999999999645 6.9360650497755910449e-255 -6.9360650497755910449e-255
5.2199999999999997513 3.8597742921883853391e-258 -3.8597742921883853391e-258
5.2300000000000004263 2.0473114146050464946e-261 -2.0473114146050464946e-261
5.2400000000000002132 1.0350924442809900769e-264 1.9974552287749251861e-06
5.25 4.9882428239897138181e-268 1.9974552287749251861e-06
5.2599999999999997868 2.2913384216630802394e-271 -2.2913384216630802394e-271
5.2700000000000004619 1.0032382397632701973e-274 -1.0032382397632701973e-274
5.2800000000000002487 4.1868952213350090856e-278 -4.1868952213350090856e-278
5.2900000000000000355 1.6655331047582061907e-281 -1.6655331047582061907e-281
5.2999999999999998224 6.3152070547335884355e-285 -6.3152070547335884355e-285
5.3100000000000004974 2.2824173197096943967e-288 -2.2824173197096943967e-288
5.3200000000000002842 7.8627711689346033527e-292 -7.8627711689346033527e-292
5.3300000000000000711 2.5818400209859319509e-295 -2.5818400209859319509e-295
5.3399999999999998579 8.0808327409796662911e-299 -8.0808327409796662911e-299
5.3500000000000005329 2.4107711859255750697e-302 -2.4107711859255750697e-302
5.3600000000000003197 6.855339059045187895e-306 -6.855339059045187895e-306
5.3700000000000001066 1.8581250929971635676e-309 -1.8581250929971635676e-309
5.3799999999999998934 4.8005832658133987675e-313 -4.8005832658133987675e-313
5.3899999999999996803 1.1821867893768032649e-316 -1.1821867893768032649e-316
5.4000000000000003553 2.7746726670444405921e-320 -2.7746726670444405921e-320
5.4100000000000001421 4.9406564584124654418e-324 -4.9406564584124654418e-324
5.4199999999999999289 0 0
5.4299999999999997158 0 0
5.4400000000000003908 0 1.9974552287749251861e-06
5.4500000000000001776 0 0
5.4599999999999999645 0 1.9974552287749251861e-06
5.4699999999999997513 0 3.9949104575498503721e-06
5.4800000000000004263 0 3.9949104575498503721e-06
5.4900000000000002132 0 0
5.5 0 0
5.5099999999999997868 0 0
5.5200000000000004619 0 1.9974552287749251861e-06
5.5300000000000002487 0 1.9974552287749251861e-06
5.5400000000000000355 0 0
5.5499999999999998224 0 0
5.5600000000000004974 0 0
5.5700000000000002842 0 0
5.5800000000000000711 0 0
5.5899999999999998579 0 1.9974552287749251861e-06
5.6000000000000005329 0 0
5.6100000000000003197 0 0
5.6200000000000001066 0 0
5.6299999999999998934 0 1.9974552287749251861e-06
5.6399999999999996803 0 0
5.6500000000000003553 0 1.9974552287749251861e-06
5.6600000000000001421 0 0
5.6699999999999999289 0 0
5.6799999999999997158 0 0
5.6900000000000003908 0 1.9974552287749251861e-06
5.7000000000000001776 0 0
5.7099999999999999645 0 0
5.7199999999999997513 0 0
5.7300000000000004263 0 0
5.7400000000000002132 0 0
5.75 0 0
5.7599999999999997868 0 0
5.7700000000000004619 0 0
5.7800000000000002487 0 0
5.7900000000000000355 0 0
5.7999999999999998224 0 0
5.8100000000000004974 0 0
5.8200000000000002842 0 0
5.8300000000000000711 0 1.9974552287749251861e-06
5.8399999999999998579 0 0
5.8500000000000005329 0 0
5.8600000000000003197 0 0
5.8700000000000001066 0 1.9974552287749251861e-06
5.8799999999999998934 0 1.9974552287749251861e-06
5.8899999999999996803 0 0
5.9000000000000003553 0 1.9974552287749251861e-06
5.9100000000000001421 0 0
5.9199999999999999289 0 1.9974552287749251861e-06
5.9299999999999997158 0 1.9974552287749251861e-06
5.9400000000000003908 0 0
5.9500000000000001776 0 0
5.9599999999999999645 0 1.9974552287749251861e-06
5.9699999999999997513 0 0
5.9800000000000004263 0 0
5.9900000000000002132 0 0
6 0 0
6.0099999999999997868 0 0
6.0200000000000004619 0 0
6.0300000000000002487 0 0
6.0400000000000000355 0 0
6.0499999999999998224 0 0
6.0600000000000004974 0 0
6.0700000000000002842 0 0
6.0800000000000000711 0 0
6.0899999999999998579 0 0
6.1000000000000005329 0 0
6.1100000000000003197 0 0
6.1200000000000001066 0 0
6.1299999999999998934 0 0
6.1400000000000005684 0 0
6.1500000000000003553 0 0
6.1600000000000001421 0 1.9974552287749251861e-06
6.1699999999999999289 0 0
6.1799999999999997158 0 0
6.1900000000000003908 0 0
6.2000000000000001776 0 0
6.2099999999999999645 0 0
6.2199999999999997513 0 0
6.2300000000000004263 0 0
6.2400000000000002132 0 0
6.25 0 0
6.2599999999999997868 0 1.9974552287749251861e-06
6.2700000000000004619 0 0
6.2800000000000002487 0 0
6.2900000000000000355 0 0
6.2999999999999998224 0 0
6.3100000000000004974 0 0
6.3200000000000002842 0 1.9974552287749251861e-06
6.3300000000000000711 0 0
6.3399999999999998579 0 0
6.3500000000000005329 0 0
6.3600000000000003197 0 0
6.3700000000000001066 0 0
6.3799999999999998934 0 0
6.3900000000000005684 0 0
6.4000000000000003553 0 0
6.4100000000000001421 0 1.9974552287749251861e-06
6.4199999999999999289 0 0
6.4299999999999997158 0 1.9974552287749251861e-06
6.4400000000000003908 0 1.9974552287749251861e-06
6.4500000000000001776 0 1.9974552287749251861e-06
6.4599999999999999645 0 0
6.4699999999999997513 0 0
6.4800000000000004263 0 0
6.4900000000000002132 0 0
6.5 0 0
6.5099999999999997868 0 0
6.5200000000000004619 0 3.9949104575498503721e-06
6.5300000000000002487 0 0
6.5400000000000000355 0 0
6.5499999999999998224 0 0
6.5600000000000004974 0 1.9974552287749251861e-06
6.5700000000000002842 0 0
6.5800000000000000711 0 0
6.5899999999999998579 0 0
6.6000000000000005329 0 0
6.6100000000000003197 0 0
6.6200000000000001066 0 1.9974552287749251861e-06
6.6299999999999998934 0 0
6.6400000000000005684 0 0
6.6500000000000003553 0 0
6.6600000000000001421 0 0
6.6699999999999999289 0 0
6.6799999999999997158 0 0
6.6900000000000003908 0 0
6.7000000000000001776 0 1.9974552287749251861e-06
6.7099999999999999645 0 3.9949104575498503721e-06
6.7199999999999997513 0 0
6.7300000000000004263 0 0
6.7400000000000002132 0 1.9974552287749251861e-06
6.75 0 0
6.7599999999999997868 0 0
6.7700000000000004619 0 0
6.7800000000000002487 0 0
6.7900000000000000355 0 1.9974552287749251861e-06
6.7999999999999998224 0 0
6.8100000000000004974 0 0
6.8200000000000002842 0 0
6.8300000000000000711 0 0
6.8399999999999998579 0 0
6.8500000000000005329 0 0
6.8600000000000003197 0 0
6.8700000000000001066 0 0
6.8799999999999998934 0 1.9974552287749251861e-06
6.8900000000000005684 0 0
6.9000000000000003553 0 0
6.9100000000000001421 0 0
6.9199999999999999289 0 0
6.9299999999999997158 0 0
6.9400000000000003908 0 0
6.9500000000000001776 0 1.9974552287749251861e-06
6.9599999999999999645 0 1.9974552287749251861e-06
6.9699999999999997513 0 1.9974552287749251861e-06
6.9800000000000004263 0 0
6.9900000000000002132 0 3.9949104575498503721e-06
7 0 0
7.0099999999999997868 0 5.9923659136984497309e-06
7.0200000000000004619 0 0
7.0300000000000002487 0 1.9974552287749251861e-06
7.0400000000000000355 0 3.9949104575498503721e-06
7.0499999999999998224 0 0
7.0600000000000004974 0 0
7.0700000000000002842 0 0
7.0800000000000000711 0 1.9974552287749251861e-06
7.0899999999999998579 0 1.9974552287749251861e-06
7.1000000000000005329 0 0
7.1100000000000003197 0 3.9949104575498503721e-06
7.1200000000000001066 0 1.9974552287749251861e-06
7.1299999999999998934 0 1.9974552287749251861e-06
7.1400000000000005684 0 9.9872759165009483695e-06
7.1500000000000003553 0 0
7.1600000000000001421 0 1.9974552287749251861e-06
7.1699999999999999289 0 5.9923659136984497309e-06
7.1799999999999997158 0 1.9974552287749251861e-06
7.1900000000000003908 0 7.9898209150996990502e-06
7.2000000000000001776 0 1.1984731827396899462e-05
7.2099999999999999645 0 1.7977097741095349193e-05
7.2199999999999997513 0 1.5979641830199401489e-05
7.2300000000000004263 0 1.1984731827396899462e-05
7.2400000000000002132 0 1.7977097741095349193e-05
7.25 0 2.3969463654793798923e-05
7.2599999999999997868 0 2.1972007743897851219e-05
7.2700000000000004619 0 1.5979641830199401489e-05
7.2800000000000002487 0 2.796437365759630095e-05
7.2900000000000000355 0 1.9974551833001900127e-05
7.2999999999999998224 0 2.796437365759630095e-05
7.3100000000000004974 0 2.3969463654793798923e-05
7.3200000000000002842 0 2.5966917746700349858e-05
7.3300000000000000711 0 1.3982186828798150475e-05
7.3399999999999998579 0 2.796437365759630095e-05
7.3500000000000005329 0 3.1959283660398802977e-05
7.3600000000000003197 0 3.9949103666003786702e-05
7.3700000000000001066 0 1.1984731827396899462e-05
7.3799999999999998934 0 1.3982186828798150475e-05
7.3900000000000005684 0 9.9872759165009483695e-06
7.4000000000000003553 0 7.9898209150996990502e-06
7.4100000000000001421 0 3.9949104575498503721e-06
7.4199999999999999289 0 5.9923659136984497309e-06
7.4299999999999997158 0 0
7.4400000000000003908 0 5.9923659136984497309e-06
7.4500000000000001776 0 0
7.4599999999999999645 0 3.9949104575498503721e-06
7.4699999999999997513 0 3.9949104575498503721e-06
7.4800000000000004263 0 0
7.4900000000000002132 0 0
7.5 0 0
7.5099999999999997868 0 0
7.5200000000000004619 0 0
7.5300000000000002487 0 0
7.5400000000000000355 0 0
7.5499999999999998224 0 0
7.5600000000000004974 0 0
7.5700000000000002842 0 0
7.5800000000000000711 0 0
7.5899999999999998579 0 0
7.6000000000000005329 0 0
7.6100000000000003197 0 0
7.6200000000000001066 0 0
7.6299999999999998934 0 0
7.6400000000000005684 0 0
7.6500000000000003553 0 0
7.6600000000000001421 0 0
7.6699999999999999289 0 0
7.6799999999999997158 0 0
7.6900000000000003908 0 0
7.7000000000000001776 0 0
7.7099999999999999645 0 0
7.7199999999999997513 0 0
7.7300000000000004263 0 0
7.7400000000000002132 0 0
7.75 0 0
7.7599999999999997868 0 0
7.7700000000000004619 0 0
7.7800000000000002487 0 0
7.7900000000000000355 0 0
7.7999999999999998224 0 0
7.8100000000000004974 0 0
7.8200000000000002842 0 0
7.8300000000000000711 0 0
7.8399999999999998579 0 0
7.8500000000000005329 0 0
7.8600000000000003197 0 0
7.8700000000000001066 0 0
7.8799999999999998934 0 0
7.8900000000000005684 0 0
7.9000000000000003553 0 0
7.9100000000000001421 0 0
7.9199999999999999289 0 0
7.930000000000000604 0 0
7.9400000000000003908 0 0
7.9500000000000001776 0 0
7.9599999999999999645 0 0
7.9699999999999997513 0 0
7.9800000000000004263 0 0
7.9900000000000002132 0 0
8 0 0
8.0099999999999997868 0 0
8.0199999999999995737 0 0
8.0299999999999993605 0 0
8.0400000000000009237 0 0
8.0500000000000007105 0 0
8.0600000000000004974 0 0
8.0700000000000002842 0 0
8.0800000000000000711 0 0
8.0899999999999998579 0 0
8.0999999999999996447 0 0
8.1099999999999994316 0 0
8.1200000000000009948 0 0
8.1300000000000007816 0 0
8.1400000000000005684 0 0
8.1500000000000003553 0 0
8.1600000000000001421 0 0
8.1699999999999999289 0 0
8.1799999999999997158 0 0
8.1899999999999995026 0 0
8.1999999999999992895 0 0
8.2100000000000008527 0 0
8.2200000000000006395 0 0
8.2300000000000004263 0 0
8.2400000000000002132 0 0
8.25 0 0
8.2599999999999997868 0 0
8.2699999999999995737 0 0
8.2799999999999993605 0 0
8.2900000000000009237 0 0
8.3000000000000007105 0 0
8.3100000000000004974 0 0
8.3200000000000002842 0 0
8.3300000000000000711 0 0
8.3399999999999998579 0 0
8.3499999999999996447 0 0
8.3599999999999994316 0 0
8.3700000000000009948 0 0
8.3800000000000007816 0 0
8.3900000000000005684 0 0
8.4000000000000003553 0 0
8.4100000000000001421 0 0
8.4199999999999999289 0 0
8.4299999999999997158 0 0
8.4399999999999995026 0 0
8.4499999999999992895 0 0
8.4600000000000008527 0 0
8.4700000000000006395 0 0
8.4800000000000004263 0 0
8.4900000000000002132 0 0
8.5 0 0
8.5099999999999997868 0 0
8.5199999999999995737 0 0
8.5299999999999993605 0 0
8.5400000000000009237 0 0
8.5500000000000007105 0 0
8.5600000000000004974 0 0
8.5700000000000002842 0 0
8.5800000000000000711 0 0
8.5899999999999998579 0 0
8.5999999999999996447 0 0
8.6099999999999994316 0 0
8.6200000000000009948 0 0
8.6300000000000007816 0 0
8.6400000000000005684 0 0
8.6500000000000003553 0 0
8.6600000000000001421 0 0
8.6699999999999999289 0 0
8.6799999999999997158 0 0
8.6899999999999995026 0 0
8.7000000000000010658 0 0
8.7100000000000008527 0 0
8.7200000000000006395 0 0
8.7300000000000004263 0 0
8.7400000000000002132 0 0
8.75 0 0
8.7599999999999997868 0 0
8.7699999999999995737 0 0
8.7799999999999993605 0 0
8.7900000000000009237 0 0
8.8000000000000007105 0 0
8.8100000000000004974 0 0
8.8200000000000002842 0 0
8.8300000000000000711 0 0
8.8399999999999998579 0 0
8.8499999999999996447 0 0
8.8599999999999994316 0 0
8.8700000000000009948 0 0
8.8800000000000007816 0 0
8.8900000000000005684 0 0
8.9000000000000003553 0 0
8.9100000000000001421 0 0
8.9199999999999999289 0 0
8.9299999999999997158 0 0
8.9399999999999995026 0 0
8.9500000000000010658 0 0
8.9600000000000008527 0 0
8.9700000000000006395 0 0
8.9800000000000004263 0 0
8.9900000000000002132 0 0
9 0 0
9.0099999999999997868 0 0
9.0199999999999995737 0 0
9.0299999999999993605 0 0
9.0400000000000009237 0 0
9.0500000000000007105 0 0
9.0600000000000004974 0 0
9.0700000000000002842 0 0
9.0800000000000000711 0 0
9.0899999999999998579 0 0
9.0999999999999996447 0 0
9.1099999999999994316 0 0
9.1200000000000009948 0 0
9.1300000000000007816 0 0
9.1400000000000005684 0 0
9.1500000000000003553 0 0
9.1600000000000001421 0 0
9.1699999999999999289 0 0
9.1799999999999997158 0 0
9.1899999999999995026 0 0
9.2000000000000010658 0 0
9.2100000000000008527 0 0
9.2200000000000006395 0 0
9.2300000000000004263 0 0
9.2400000000000002132 0 0
9.25 0 0
9.2599999999999997868 0 0
9.2699999999999995737 0 0
9.2799999999999993605 0 0
9.2900000000000009237 0 0
9.3000000000000007105 0 0
9.3100000000000004974 0 0
9.3200000000000002842 0 0
9.3300000000000000711 0 0
9.3399999999999998579 0 0
9.3499999999999996447 0 0
9.3599999999999994316 0 0
9.3700000000000009948 0 0
9.3800000000000007816 0 0
9.3900000000000005684 0 0
9.4000000000000003553 0 0
9.4100000000000001421 0 0
9.4199999999999999289 0 0
9.4299999999999997158 0 0
9.4399999999999995026 0 0
9.4500000000000010658 0 0
9.4600000000000008527 0 0
9.4700000000000006395 0 0
9.4800000000000004263 0 0
9.4900000000000002132 0 0
9.5 0 0
9.5099999999999997868 0 0
9.5199999999999995737 0 0
9.5299999999999993605 0 0
9.5400000000000009237 0 0
9.5500000000000007105 0 0
9.5600000000000004974 0 0
9.5700000000000002842 0 0
9.5800000000000000711 0 0
9.5899999999999998579 0 0
9.5999999999999996447 0 0
9.6099999999999994316 0 0
9.6200000000000009948 0 0
9.6300000000000007816 0 0
9.6400000000000005684 0 0
9.6500000000000003553 0 0
9.6600000000000001421 0 0
9.6699999999999999289 0 0
9.6799999999999997158 0 0
9.6899999999999995026 0 0
9.7000000000000010658 0 0
9.7100000000000008527 0 0
9.7200000000000006395 0 0
9.7300000000000004263 0 0
9.7400000000000002132 0 0
9.75 0 0
9.7599999999999997868 0 0
9.7699999999999995737 0 0
9.7799999999999993605 0 0
9.7900000000000009237 0 0
9.8000000000000007105 0 0
9.8100000000000004974 0 0
9.8200000000000002842 0 0
9.8300000000000000711 0 0
9.8399999999999998579 0 0
9.8499999999999996447 0 0
9.8599999999999994316 0 0
9.8700000000000009948 0 0
9.8800000000000007816 0 0
9.8900000000000005684 0 0
9.9000000000000003553 0 0
9.9100000000000001421 0 0
9.9199999999999999289 0 0
9.9299999999999997158 0 0
9.9399999999999995026 0 0
9.9500000000000010658 0 0
9.9600000000000008527 0 0
9.9700000000000006395 0 0
9.9800000000000004263 0 0
9.9900000000000002132 0 0
10 0 0
10.009999999999999787 0 0
10.019999999999999574 0 0
10.029999999999999361 0 0
10.040000000000000924 0 0
10.050000000000000711 0 0
10.060000000000000497 0 0
10.070000000000000284 0 0
10.080000000000000071 0 0
10.089999999999999858 0 0
10.099999999999999645 0 0
10.109999999999999432 0 0
10.120000000000000995 0 0
10.130000000000000782 0 0
10.140000000000000568 0 0
10.150000000000000355 0 0
10.160000000000000142 0 0
10.169999999999999929 0 0
10.179999999999999716 0 0
10.189999999999999503 0 0
10.200000000000001066 0 0
10.210000000000000853 0 0
10.220000000000000639 0 0
10.230000000000000426 0 0
