0 0 0
0.010000000000000000208 0 0
0.020000000000000000416 0 0
0.02999999999999999889 0 0
0.040000000000000000833 0 0
0.050000000000000002776 0 0
0.05999999999999999778 0 0
0.070000000000000006661 0 0
0.080000000000000001665 0 0
0.089999999999999996669 0 0
0.10000000000000000555 0 0
0.11000000000000000056 0 0
0.11999999999999999556 0 0
0.13000000000000000444 0 0
0.14000000000000001332 0 0
0.14999999999999999445 0 5.1895895012421526689e-05
0.16000000000000000333 0 4.9899899750016629696e-05
0.17000000000000001221 0 4.3911913962801918387e-05
0.17999999999999999334 0 4.9899899750016629696e-05
0.19000000000000000222 0 3.7923924537608399987e-05
0.2000000000000000111 0 2.5947947506210770121e-05
0.20999999999999999223 0 3.7923924537608399987e-05
0.22000000000000000111 0 3.5927929275203502994e-05
0.23000000000000000999 0 1.995995990000664849e-05
0.23999999999999999112 0 2.9939939850009981206e-05
0.25 0 3.991991980001329698e-05
0.26000000000000000888 0 2.5947947506210770121e-05
0.27000000000000001776 0 2.5947947506210770121e-05
0.28000000000000002665 0 1.3971972293802540412e-05
0.28999999999999998002 0 4.1915915062418207526e-05
0.2999999999999999889 0 2.794394458760507066e-05
0.30999999999999999778 0 3.3931934012798592448e-05
0.32000000000000000666 0 3.7923924537608399987e-05
0.33000000000000001554 0 3.1935935112414881587e-05
0.34000000000000002442 0 3.991991980001329698e-05
0.35000000000000003331 0 2.3951952243805859575e-05
0.35999999999999998668 0 1.995995990000664849e-05
0.36999999999999999556 0 3.7923924537608399987e-05
0.38000000000000000444 0 3.7923924537608399987e-05
0.39000000000000001332 2.4209216646221080665e-322 3.991991980001329698e-05
0.4000000000000000222 6.5443935448131517242e-320 3.1935935112414881587e-05
0.41000000000000003109 1.7148475094939242177e-317 2.5947947506210770121e-05
0.41999999999999998446 4.3984468031011027982e-315 5.5887889175210148096e-05
0.42999999999999999334 1.1043065169024323135e-312 2.9939939850009981206e-05
0.44000000000000000222 2.7139160214900117208e-310 3.991991980001329698e-05
0.4500000000000000111 6.5285938744710602577e-308 3.3931934012798592448e-05
0.46000000000000001998 1.5373026651547024952e-305 4.1915915062418207526e-05
0.47000000000000002887 3.5433625074407528932e-303 4.1915915062418207526e-05
0.47999999999999998224 7.9944440901609302648e-301 3.5927929275203502994e-05
0.48999999999999999112 1.7655394747971560086e-298 3.1935935112414881587e-05
0.5 3.8166564844441290209e-296 2.9939939850009981206e-05
0.51000000000000000888 8.076165182932203817e-294 1.3971972293802540412e-05
0.52000000000000001776 1.6727991199493075599e-291 3.7923924537608399987e-05
0.53000000000000002665 3.3915550302379337575e-289 3.3931934012798592448e-05
0.54000000000000003553 6.7308579253514571877e-287 4.7903904487611732703e-05
0.55000000000000004441 1.307550459190833321e-284 2.3951952243805859575e-05
0.56000000000000005329 2.4863540445244621551e-282 9.9799799500033259392e-06
0.57000000000000006217 4.6278999476098709504e-280 2.794394458760507066e-05
0.57999999999999996003 8.4318220208356522962e-278 2.1955956981400959194e-05
0.58999999999999996891 1.5037490954027596438e-275 2.9939939850009981206e-05
0.5999999999999999778 2.6250997213987852613e-273 3.3931934012798592448e-05
0.60999999999999998668 4.4857256802452784354e-271 4.7903904487611732703e-05
0.61999999999999999556 7.5030198455861728493e-269 4.3911913962801918387e-05
0.63000000000000000444 1.228445680715274861e-266 3.7923924537608399987e-05
0.64000000000000001332 1.9687578314514827115e-264 4.9899899750016629696e-05
0.6500000000000000222 3.0884823111163039808e-262 3.5927929275203502994e-05
0.66000000000000003109 4.7425772807996786004e-260 1.995995990000664849e-05
0.67000000000000003997 7.1285334730282763472e-258 2.3951952243805859575e-05
0.68000000000000004885 1.0488235939969282992e-255 2.5947947506210770121e-05
0.69000000000000005773 1.5105015748666018118e-253 5.389189391280523755e-05
0.70000000000000006661 2.1293958083840271462e-251 2.794394458760507066e-05
0.70999999999999996447 2.9383808559307525543e-249 3.3931934012798592448e-05
0.71999999999999997335 3.96895573565603122e-247 2.3951952243805859575e-05
0.72999999999999998224 5.2476021765952081306e-245 2.794394458760507066e-05
0.73999999999999999112 6.7914425335413494685e-243 2.9939939850009981206e-05
0.75 8.6035886006087431543e-241 3.1935935112414881587e-05
0.76000000000000000888 1.0668754442242266639e-238 3.3931934012798592448e-05
0.77000000000000001776 1.2949836394631070797e-236 2.1955956981400959194e-05
0.78000000000000002665 1.5386198201387676193e-234 1.995995990000664849e-05
0.79000000000000003553 1.789430527654083966e-232 3.7923924537608399987e-05
0.80000000000000004441 2.0371116863029638688e-230 3.5927929275203502994e-05
0.81000000000000005329 2.2700285370247866401e-228 2.5947947506210770121e-05
0.82000000000000006217 2.4760777182307544137e-226 2.5947947506210770121e-05
0.83000000000000007105 2.6437093426988034802e-224 2.5947947506210770121e-05
0.83999999999999996891 2.7629919406959987053e-222 3.3931934012798592448e-05
0.8499999999999999778 2.8265847337811256466e-220 4.9899899750016629696e-05
0.85999999999999998668 2.8304851354312411116e-218 3.5927929275203502994e-05
0.86999999999999999556 2.774445681215574133e-216 2.794394458760507066e-05
0.88000000000000000444 2.6620000119864187779e-214 2.9939939850009981206e-05
0.89000000000000001332 2.5000941174728390163e-212 2.794394458760507066e-05
0.9000000000000000222 2.2983763382811891576e-210 3.5927929275203502994e-05
0.91000000000000003109 2.0682470056255481591e-208 2.794394458760507066e-05
0.92000000000000003997 1.8217976816673680879e-206 2.794394458760507066e-05
0.93000000000000004885 1.5707763886317874133e-204 2.794394458760507066e-05
0.94000000000000005773 1.325699408328392973e-202 1.7963964637601751497e-05
0.95000000000000006661 1.0951969835896446574e-200 3.3931934012798592448e-05
0.95999999999999996447 8.8563728947081157302e-199 3.5927929275203502994e-05
0.96999999999999997335 7.0102907040589866881e-197 1.7963964637601751497e-05
0.97999999999999998224 5.4316607870611685787e-195 3.5927929275203502994e-05
0.98999999999999999112 4.1195116061632795621e-193 3.991991980001329698e-05
1 3.0582663069880270481e-191 2.5947947506210770121e-05
1.0100000000000000089 2.2223954949638344637e-189 3.5927929275203502994e-05
1.0200000000000000178 1.5808252877570406863e-187 3.7923924537608399987e-05
1.0300000000000000266 1.1006845730918568298e-185 2.5947947506210770121e-05
1.0400000000000000355 7.5016770412300552904e-184 2.3951952243805859575e-05
1.0500000000000000444 5.004610990737846808e-182 2.3951952243805859575e-05
1.0600000000000000533 3.2681258044931981236e-180 2.5947947506210770121e-05
1.0700000000000000622 2.0890252310648347535e-178 3.3931934012798592448e-05
1.0800000000000000711 1.3070887695998372744e-176 3.3931934012798592448e-05
1.0900000000000000799 8.0053985770443963418e-175 2.3951952243805859575e-05
1.1000000000000000888 4.7992935521638160692e-173 1.995995990000664849e-05
1.1100000000000000977 2.8163598748867349799e-171 2.794394458760507066e-05
1.1200000000000001066 1.6177650932675547731e-169 2.9939939850009981206e-05
1.1300000000000001155 9.0961842983773168715e-168 3.3931934012798592448e-05
1.1400000000000001243 5.006330540381152643e-166 3.7923924537608399987e-05
1.1500000000000001332 2.6970951502152877245e-164 1.7963964637601751497e-05
1.1599999999999999201 1.4222943816088583748e-162 3.3931934012798592448e-05
1.1699999999999999289 7.3417433651449641033e-161 3.7923924537608399987e-05
1.1799999999999999378 3.7095854795171810082e-159 4.5907909225206822157e-05
1.1899999999999999467 1.8347126062566004867e-157 2.5947947506210770121e-05
1.1999999999999999556 8.8823357553634501449e-156 1.7963964637601751497e-05
1.2099999999999999645 4.2092314323852744108e-154 2.9939939850009981206e-05
1.2199999999999999734 1.9525173540335976203e-152 3.991991980001329698e-05
1.2299999999999999822 8.8655049967115707553e-151 4.3911913962801918387e-05
1.2399999999999999911 3.9402931511649857117e-149 4.3911913962801918387e-05
1.25 1.7142338525315843987e-147 3.3931934012798592448e-05
1.2600000000000000089 7.3000877286416612658e-146 4.7903904487611732703e-05
1.2700000000000000178 3.0430043266790972472e-144 3.5927929275203502994e-05
1.2800000000000000266 1.2416338356759918046e-142 1.7963964637601751497e-05
1.2900000000000000355 4.959078542020589164e-141 2.794394458760507066e-05
1.3000000000000000444 1.9387638485406839109e-139 3.5927929275203502994e-05
1.3100000000000000533 7.4193407556349828826e-138 3.991991980001329698e-05
1.3200000000000000622 2.7792153592605947289e-136 2.5947947506210770121e-05
1.3300000000000000711 1.0190501639502523569e-134 2.794394458760507066e-05
1.3400000000000000799 3.6575090021808936422e-133 2.1955956981400959194e-05
1.3500000000000000888 1.2849662555198541161e-131 1.995995990000664849e-05
1.3600000000000000977 4.4189035298061757131e-130 2.9939939850009981206e-05
1.3700000000000001066 1.4874891160971642623e-128 3.991991980001329698e-05
1.3800000000000001155 4.9012804278771997895e-127 2.794394458760507066e-05
1.3900000000000001243 1.5808176813606426101e-125 2.1955956981400959194e-05
1.4000000000000001332 4.9908037960949939046e-124 1.995995990000664849e-05
1.4099999999999999201 1.5423242505682668006e-122 4.1915915062418207526e-05
1.4199999999999999289 4.6654910029914679005e-121 2.3951952243805859575e-05
1.4299999999999999378 1.3814510596378744232e-119 3.991991980001329698e-05
1.4399999999999999467 4.0039636864996692509e-118 4.5907909225206822157e-05
1.4499999999999999556 1.1359552806735122358e-116 3.5927929275203502994e-05
1.4599999999999999645 3.1546328256365892345e-115 2.3951952243805859575e-05
1.4699999999999999734 8.5753702445616199129e-114 3.3931934012798592448e-05
1.4799999999999999822 2.2817781672824966835e-112 1.3971972293802540412e-05
1.4899999999999999911 5.9430644407860675871e-111 2.9939939850009981206e-05
1.5 1.5151789805118946483e-109 2.3951952243805859575e-05
1.5100000000000000089 3.7812371230953128029e-108 3.1935935112414881587e-05
1.5200000000000000178 9.2367750637117797673e-107 2.1955956981400959194e-05
1.5300000000000000266 2.2086316986820932029e-105 1.995995990000664849e-05
1.5400000000000000355 5.1694306415782713317e-104 3.1935935112414881587e-05
1.5500000000000000444 1.184346015070002993e-102 2.794394458760507066e-05
1.5600000000000000533 2.6560177438907410173e-101 2.794394458760507066e-05
1.5700000000000000622 5.830419716170209107e-100 1.995995990000664849e-05
1.5800000000000000711 1.252809810608900534e-98 2.5947947506210770121e-05
1.5900000000000000799 2.6350384107216310018e-97 4.3911913962801918387e-05
1.6000000000000000888 5.4250685906449499902e-96 3.5927929275203502994e-05
1.6100000000000000977 1.0933016290559549864e-94 2.3951952243805859575e-05
1.6200000000000001066 2.156707435131340158e-93 2.3951952243805859575e-05
1.6300000000000001155 4.1644624875996988633e-92 3.3931934012798592448e-05
1.6400000000000001243 7.8712399513183429863e-91 3.1935935112414881587e-05
1.6500000000000001332 1.4562764549008665388e-89 3.3931934012798592448e-05
1.6600000000000001421 2.6373087912909309075e-88 3.5927929275203502994e-05
1.6699999999999999289 4.6751399460332450834e-87 5.9879879700019962411e-05
1.6799999999999999378 8.1123135320799100671e-86 4.7903904487611732703e-05
1.6899999999999999467 1.3778797501306709936e-84 3.3931934012798592448e-05
1.6999999999999999556 2.2908380426717408625e-83 4.3911913962801918387e-05
1.7099999999999999645 3.7281547814047170343e-82 5.389189391280523755e-05
1.7199999999999999734 5.9389540269153016454e-81 5.389189391280523755e-05
1.7299999999999999822 9.2606715379538399731e-80 4.7903904487611732703e-05
1.7399999999999999911 1.4134860245796756742e-78 3.991991980001329698e-05
1.75 2.1118215271260000356e-77 4.7903904487611732703e-05
1.7600000000000000089 3.0884466557342560726e-76 4.9899899750016629696e-05
1.7700000000000000178 4.4212220116009535576e-75 4.7903904487611732703e-05
1.7800000000000000266 6.1954377246737224452e-74 3.3931934012798592448e-05
1.7900000000000000355 8.498833069233872946e-73 5.1895895012421526689e-05
1.8000000000000000444 1.1415980782613611016e-71 3.5927929275203502994e-05
1.8100000000000000533 1.5028522683121845031e-70 3.3931934012798592448e-05
1.8200000000000000622 1.944770731552520639e-69 2.9939939850009981206e-05
1.8300000000000000711 2.4980468833074081046e-68 2.3951952243805859575e-05
1.8400000000000000799 3.2797901785825732006e-67 4.7903904487611732703e-05
1.8500000000000000888 4.7381316443962281196e-66 4.1915915062418207526e-05
1.8600000000000000977 8.4914365124854168528e-65 3.7923924537608399987e-05
1.8700000000000001066 2.0047447986528156003e-63 3.991991980001329698e-05
1.8800000000000001155 5.7133265232636997013e-62 2.5947947506210770121e-05
1.8900000000000001243 1.7381041790782969376e-60 1.995995990000664849e-05
1.9000000000000001332 5.2637922581116592568e-59 3.7923924537608399987e-05
1.9100000000000001421 1.5431775861324691593e-57 3.1935935112414881587e-05
1.9199999999999999289 4.336322809166638702e-56 3.991991980001329698e-05
1.9299999999999999378 1.1639440988758467399e-54 3.3931934012798592448e-05
1.9399999999999999467 2.9808114865014389188e-53 3.7923924537608399987e-05
1.9499999999999999556 7.2803095473959520376e-52 3.3931934012798592448e-05
1.9599999999999999645 1.6955711675448926031e-50 2.5947947506210770121e-05
1.9699999999999999734 3.7654141019745653547e-49 2.5947947506210770121e-05
1.9799999999999999822 7.9732447402817855665e-48 4.1915915062418207526e-05
1.9899999999999999911 1.6098449032440603385e-46 2.3951952243805859575e-05
2 3.0992950231340603745e-45 1.7963964637601751497e-05
2.0100000000000002309 5.6895270466039810944e-44 2.5947947506210770121e-05
2.0200000000000000178 9.9592993542141675227e-43 3.991991980001329698e-05
2.0300000000000002487 1.6623642204112148158e-41 4.3911913962801918387e-05
2.0400000000000000355 2.6459040464223793375e-40 3.7923924537608399987e-05
2.0499999999999998224 4.0158599674708903867e-39 2.3951952243805859575e-05
2.0600000000000000533 5.8122724841676360208e-38 2.9939939850009981206e-05
2.0699999999999998401 8.0220066354445297457e-37 3.1935935112414881587e-05
2.0800000000000000711 1.0558367625930299119e-35 2.3951952243805859575e-05
2.0899999999999998579 1.3252405050387984013e-34 3.1935935112414881587e-05
2.1000000000000000888 1.586297492706062929e-33 3.1935935112414881587e-05
2.1099999999999998757 1.8108183252767513197e-32 3.7923924537608399987e-05
2.1200000000000001066 1.971397455779103687e-31 2.3951952243805859575e-05
2.1299999999999998934 2.0468774244869668052e-30 3.7923924537608399987e-05
2.1400000000000001243 2.0269247358447893392e-29 1.7963964637601751497e-05
2.1499999999999999112 1.9143526586724046107e-28 2.1955956981400959194e-05
2.1600000000000001421 1.7244707466942509799e-27 2.9939939850009981206e-05
2.1699999999999999289 1.4816682997886461082e-26 4.1915915062418207526e-05
2.1800000000000001599 1.2142828674779257128e-25 3.5927929275203502994e-05
2.1899999999999999467 9.4923931271637014064e-25 2.9939939850009981206e-05
2.2000000000000001776 7.0783601352357659145e-24 1.3971972293802540412e-05
2.2099999999999999645 5.0350727433588217272e-23 2.3951952243805859575e-05
2.2200000000000001954 3.4167334061036998518e-22 2.794394458760507066e-05
2.2299999999999999822 2.2119021268827635633e-21 2.7943944587605067272e-05
2.2400000000000002132 1.3661193105426348389e-20 1.9959959900006634938e-05
2.25 8.0500587850116282586e-20 1.5967967556207359478e-05
2.2600000000000002309 4.5260404115923871431e-19 3.1935935112414427577e-05
2.2700000000000000178 2.4281171053349422894e-18 2.9939939850007551915e-05
2.2800000000000002487 1.2430176730500620783e-17 5.1895895012409099022e-05
2.2900000000000000355 6.0725074852067098091e-17 4.3911913962741196289e-05
2.3000000000000002665 2.8312007441369470212e-16 3.7923924537325280919e-05
2.3100000000000000533 1.2598425748649587537e-15 2.7943944586345227735e-05
2.3199999999999998401 5.3510465106550407955e-15 2.7943944582254024719e-05
2.3300000000000000711 2.1695754820172696532e-14 3.1935935090719128754e-05
2.3399999999999998579 8.3977790854897366084e-14 2.7943944503627279983e-05
2.3500000000000000888 3.1034981116976198358e-13 3.7923924227258590984e-05
2.3599999999999998757 1.0951754495633015301e-12 2.3951951148630409139e-05
2.3700000000000001066 3.6907404355859472124e-12 3.5927925584463067828e-05
2.3799999999999998934 1.187950864421219561e-11 2.3951940364297215021e-05
2.3900000000000001243 3.6525992808817909258e-11 2.993990332401717279e-05
2.3999999999999999112 1.072986200645299092e-10 2.3951844945185793965e-05
2.4100000000000001421 3.0119809571922123495e-10 2.395165104571013879e-05
2.4199999999999999289 8.080944984348915997e-10 3.3931125918300157618e-05
2.4300000000000001599 2.0726185905675484181e-09 2.3949879625215291331e-05
2.4399999999999999467 5.0831198664922212498e-09 2.3946869123939366441e-05
2.4500000000000001776 1.1923779770789960339e-08 2.9928016070239189892e-05
2.4599999999999999645 2.6761064719488732234e-08 2.3925191179086371468e-05
2.4700000000000001954 5.7484172856885385354e-08 3.5870445102346616034e-05
2.4799999999999999822 1.1822710891672844454e-07 3.3813706903881862601e-05
2.4900000000000002132 2.3291625050670188489e-07 2.9707023599503280803e-05
2.5 4.3975558187188809609e-07 3.3492178430926701493e-05
2.5100000000000002309 7.9615067475992630432e-07 3.1139784437654956977e-05
2.5200000000000000178 1.3830179223312548243e-06 3.0552917190083629304e-05
2.5300000000000002487 2.3068687170477656845e-06 9.669107404855163256e-06
2.5400000000000000355 3.6977480893218700159e-06 1.8258208892079090448e-05
2.5500000000000002665 5.7013377163128609008e-06 1.8250614527492999521e-05
2.5600000000000000533 8.4645114855342508549e-06 1.7483436020676519266e-05
2.5699999999999998401 1.211531990989604225e-05 2.3812609365307462438e-05
2.5800000000000000711 1.6740393671109724086e-05 1.1203550916495346574e-05
2.5899999999999998579 2.2364414435753047518e-05 1.587537808052812057e-06
2.6000000000000000888 2.8936852671338106574e-05 6.9910766038653964199e-06
2.6099999999999998757 3.6330140629592680369e-05 -1.6370180729586031879e-05
2.6200000000000001066 4.4350920714522236031e-05 -1.4410980864512254826e-05
2.6299999999999998934 5.2762699746202354717e-05 -2.082676463378747313e-05
2.6400000000000001243 6.1315252400980763234e-05 -2.538732312577726024e-05
2.6499999999999999112 6.9774493365929612281e-05 -2.7858578303511404755e-05
2.6600000000000001421 7.7946807353982606906e-05 -5.1998859847771840173e-05
2.6699999999999999289 8.5693793669947303021e-05 -5.7749849082342228973e-05
2.6800000000000001599 9.2936250079233274327e-05 -5.9004316066434681879e-05
2.6899999999999999467 9.9648970873314148987e-05 -6.3721041598110652769e-05
2.7000000000000001776 0.00010584975784002959064 -7.5909817990019612822e-05
2.7099999999999999645 0.00011158661458040631306 -8.1646674730396335239e-05
2.7200000000000001954 0.00011692658850762128206 -8.099865923241777229e-05
2.7299999999999999822 0.00012194862324938832892 -0.00010797665095558579189
2.7400000000000002132 0.0001267416110856005361 -9.0813681810397039887e-05
2.75 0.00013140794893574234592 -8.3504044448130619995e-05
2.7600000000000002309 0.00013607241411362053208 -0.00011212046186981466911
2.7700000000000000178 0.00014089598791564342771 -9.4988078690436605553e-05
2.7800000000000002487 0.00014609415093440669751 -0.00010817022639679829753
2.7900000000000000355 0.00015195892333351451601 -0.00011203900353350121225
2.8000000000000002665 0.00015888335335419664115 -0.0001189634335541833374
2.8100000000000000533 0.00016738619493394512466 -0.00011748629518392849497
2.8199999999999998401 0.00017813320936696121059 -0.00013222530014175438843
2.8300000000000000711 0.00019195005950730108148 -0.00013406617506968602962
2.8399999999999998579 0.0002098204571050073762 -0.00013596860693017428709
2.8500000000000000888 0.00023286250971773215482 -0.00016699464059251868078
2.8599999999999998757 0.00026227658918047917899 -0.00017445276125487534221
2.8700000000000001066 0.00029925996512989827113 -0.00021343213610467814522
2.8799999999999998934 0.00034488719162686513929 -0.00023710340380125465064
2.8900000000000001243 0.00039996074631628360675 -0.0002742129902150926171
2.8999999999999999112 0.00046484318503973857169 -0.00029717952479006574159
2.9100000000000001421 0.00053928907317576046075 -0.00035366143737454946126
2.9199999999999999289 0.00062230075299597156693 -0.00041072517514551795713
2.9300000000000001599 0.00071203498474534966927 -0.00042660754944410535618
2.9399999999999999467 0.0008057862173170936412 -0.00051037881661776117632
2.9500000000000001776 0.00090006586121522860321 -0.00052881058961280660424
2.9599999999999999645 0.00099078557968462462394 -0.00056563842508333380191
2.9700000000000001954 0.0010735375738787768067 -0.00056455861098052241218
2.9799999999999999822 0.0011439484885630527445 -0.00060303354325865897619
2.9900000000000002132 0.0011980689771544168927 -0.00061923011095039353149
3 0.0012327512695909702365 -0.00071778430999156470939
3.0100000000000002309 0.0012459647276388285432 -0.00060924200973899939396
3.0200000000000000178 0.0012370054485816965335 -0.00066415457907882430484
3.0300000000000002487 0.0012065698668996969935 -0.00060777106989949743719
3.0400000000000000355 0.0011566816946484536743 -0.00069959861584868439192
3.0500000000000002665 0.0010904829008899134899 -0.00061543583198669080982
3.0600000000000000533 0.0010119187840620599578 -0.00059076362726153655754
3.0700000000000002842 0.00092536102243431566858 -0.00060600166403420923852
3.0800000000000000711 0.00083521861460352680214 -0.00052384322270112486722
3.0899999999999998579 0.00074558424689058217915 -0.00053001667123936120184
3.1000000000000000888 0.00065995395816022457171 -0.00045237037811053843785
3.1099999999999998757 0.00058104345192892944624 -0.00038942783397848254254
3.1200000000000001066 0.00051070813835110424449 -0.00038296439790144471815
3.1299999999999998934 0.00044995901693013149727 -0.000330199257530091586
3.1400000000000001243 0.00039905518583370681472 -0.00029326739690847998272
3.1499999999999999112 0.00035764736830787204752 -0.00027181953928265192161
3.1600000000000001421 0.00032494551738139004987 -0.00025308965883098305744
3.1699999999999999289 0.00029988647543893287399 -0.00023002661578890959242
3.1800000000000001599 0.00028128340616170535325 -0.00021541553703649187921
3.1899999999999999467 0.00026794567885103941132 -0.00019808581920101612974
3.2000000000000001776 0.00025876463939945127746 -0.00018890477974942799589
3.2099999999999999645 0.00025276622737527038465 -0.00017292638777524377714
3.2200000000000001954 0.00024913517144228722539 -0.00016530334131745081034
3.2299999999999999822 0.00024721744976843537406 -0.00020530153470601716654
3.2400000000000002132 0.00024650810641574420973 -0.0001986042019281324838
3.25 0.00024663081640964633692 -0.00017477495785923934449
3.2600000000000002309 0.00024731427571490462647 -0.00019142638653969447837
3.2700000000000000178 0.00024836897677558912763 -0.00018050510874999194273
3.2800000000000002487 0.00024966651564405502014 -0.0001897866359440350645
3.2900000000000000355 0.00025112243345445640864 -0.00018525456432924293461
3.3000000000000002665 0.00025268278283767842043 -0.00017084694433726810205
3.3100000000000000533 0.00025431411105204880085 -0.00020641020656443707492
3.3200000000000002842 0.00025599630561910720382 -0.00017815245764350669299
3.3300000000000000711 0.00025771768042515184969 -0.00018785782077512856812
3.3399999999999998579 0.00025947172076270082165 -0.00019559985053787105847
3.3500000000000000888 0.00026125499947888278446 -0.00019538713035366931043
3.3599999999999998757 0.00026306588542615485637 -0.0002111699904137333229
3.3700000000000001066 0.00026490376750784924839 -0.00021101187359504400406
3.3799999999999998934 0.00026676860233799308628 -0.00020888471790037803442
3.3900000000000001243 0.00026866065821485674361 -0.00021277276903964659552
3.3999999999999999112 0.00027058037438440745576 -0.00020471250525919398172
3.4100000000000001421 0.00027252828593854260897 -0.00022063239092612107551
3.4199999999999999289 0.00027450498497778765949 -0.00021662110054017260762
3.4300000000000001599 0.00027651110124114947932 -0.00020864723321555229442
3.4399999999999999467 0.00027854729290096593396 -0.00022465539898816068963
3.4500000000000001776 0.00028061424252886699171 -0.00021674237230403722854
3.4599999999999999645 0.00028271265563155616608 -0.00022682476645634601798
3.4700000000000001954 0.00028484326044090122311 -0.00022895537126569107502
3.4799999999999999822 0.0002870068083123204208 -0.00022513092971191675431
3.4900000000000002132 0.00028920407442360312198 -0.00024529216046080120359
3.5 0.00029143585863214849924 -0.00024153595888213186954
3.5100000000000002309 0.00029370298642766612699 -0.00024779507720245930484
3.5200000000000000178 0.00029600630995407176561 -0.00023612643025405180997
3.5300000000000002487 0.00029834670909093224511 -0.00023647083049052857861
3.5400000000000000355 0.00030072509259220799429 -0.00023685322236737823111
3.5500000000000002665 0.00030314239928330699841 -0.00023328253963328371683
3.5600000000000000533 0.00030559959931895593933 -0.00023773573129335875444
3.5700000000000002842 0.00030809769550514280517 -0.00024821781580512284953
3.5800000000000000711 0.00031063772468882511722 -0.00025474983551361496913
3.5899999999999998579 0.00031322075921945397416 -0.00023138492071904365579
3.6000000000000000888 0.00031584790848666476244 -0.00024998003936145128841
3.6099999999999998757 0.000318520320538813787 -0.00023668448203840346863
3.6200000000000001066 0.00032123918378737596193 -0.00026535129461216581384
3.6299999999999998934 0.0003240057288025722051 -0.00027011383488976696077
3.6400000000000001243 0.00032682123020599563061 -0.00026494535160559196411
3.6499999999999999112 0.00032968700866641361845 -0.00028178310417880189252
3.6600000000000001421 0.00033260443300539403472 -0.00027272455330537407909
3.6699999999999999289 0.00033557492241988184662 -0.00025174309229504543157
3.6800000000000001599 0.00033859994882940179549 -0.00027872006912938183986
3.6899999999999999467 0.00034168103935613600933 -0.00028379715491852095747
3.7000000000000001776 0.00034481977894676251297 -0.00027895190982154903893
3.7099999999999999645 0.00034801781314562309959 -0.0002801539451200259147
3.7200000000000001954 0.00035127685102954384891 -0.00029339296659192879704
3.7299999999999999822 0.00035459866831543404922 -0.00027276282981502373085
3.7400000000000002132 0.00035798511065269518613 -0.0002801412626770946753
3.75 0.00036143809711341356094 -0.00029357422908781637605
3.7600000000000002309 0.00036495962389439663524 -0.00026715581601878947253
3.7700000000000000178 0.00036855176824624304513 -0.00028072794032063920835
3.7800000000000002487 0.00037221669264591602079 -0.00029636884357069922082
3.7900000000000000355 0.000375956649230658373 -0.00029212481910582195795
3.8000000000000002665 0.00037977398451262146242 -0.00027797818611220443796
3.8100000000000000533 0.00038367114439521885156 -0.00029584731646961501478
3.8200000000000002842 0.00038765067951406504201 -0.00030980683153846453118
3.8300000000000000711 0.0003917152509273366342 -0.00028991945252691960974
3.8399999999999998579 0.00039586763618263364189 -0.0002960678366826003825
3.8500000000000000888 0.00040011073578981201605 -0.00028434296691458191232
3.8599999999999998757 0.00040444758013196389652 -0.00026073586303114991165
3.8700000000000001066 0.00040888133684967395854 -0.00026317362084847626281
3.8799999999999998934 0.00041341531873692393762 -0.00030563153091131344897
3.8900000000000001243 0.0004180529921906701472 -0.00030627721384024985101
3.8999999999999999112 0.00042279798626008953171 -0.0002631183070600363709
3.9100000000000001421 0.00042765410234593562253 -0.00028793438304588905938
3.9199999999999999289 0.00043262532460538511868 -0.00029689758855419069467
3.9300000000000001599 0.00043771583112321862073 -0.00031196807502202763109
3.9399999999999999467 0.00044293000591628603219 -0.00026728235006507835864
3.9500000000000001776 0.00044827245184499571158 -0.00031653671359456881772
3.9599999999999999645 0.0004537480045131593435 -0.00031402828521311272614
3.9700000000000001954 0.00045936174724600246965 -0.0003076660490955688697
3.9799999999999999822 0.0004651190272456331618 -0.00028348338924518952982
3.9900000000000002132 0.00047102547303391376727 -0.00030336181278424099138
4 0.00047708701330461078484 -0.00028347539645378022448
4.0099999999999997868 0.00048330989732014339099 -0.00025377035847006689439
4.0200000000000004619 0.00048970071700337120327 -0.00029808509905292429956
4.0300000000000002487 0.00049626643089192986561 -0.0002407789499926107587
4.0400000000000000355 0.00050301439014192102662 -0.00027547083564031301251
4.0499999999999998224 0.00050995236678958680721 -0.00027442483123835917803
4.0600000000000004974 0.00051708858450437845782 -0.00027357706790353126776
4.0700000000000002842 0.00052443175209496422241 -0.00026295627449449403713
4.0800000000000000711 0.00053199110006177407518 -0.00026053562795938538981
4.0899999999999998579 0.00053977642052621839768 -0.00032420884487499742038
4.0999999999999996447 0.00054779811090851517584 -0.00026436667450765468203
4.1100000000000003197 0.00055606722177392511192 -0.00027263578537306461811
4.1200000000000001066 0.00056459550932215529003 -0.00032507599052207546749
4.1299999999999998934 0.00057339549305793246266 -0.00026401610005591418439
4.1399999999999996803 0.0005824805192537127474 -0.00028108512185322925836
4.1500000000000003553 0.00059186483089981964823 -0.00030444139669819162428
4.1600000000000001421 0.00060156364493511448217 -0.00031813220853425398836
4.1699999999999999289 0.00061159323766495044764 -0.00028225388476292546328
4.1799999999999997158 0.00062197103940561106975 -0.0002646877601058750468
4.1900000000000003908 0.00063271573954928341486 -0.00024748850474800589659
4.2000000000000001776 0.00064384740342508729911 -0.0002366642098234194181
4.2099999999999999645 0.00065538760254515722025 -0.00025020040784387299589
4.2199999999999997513 0.00066735956007649068367 -0.00030408828407560347393
4.2300000000000004263 0.00067978831367737483672 -0.00032050903547725515712
4.2400000000000002132 0.00069270089819117560206 -0.0002875137034898913777
4.25 0.0007061265511123853908 -0.0002929553608095663772
4.2599999999999997868 0.00072009694424495266588 -0.0002929537907432781872
4.2700000000000004619 0.00073464644557998267337 -0.00030550729317792448382
4.2800000000000002487 0.00074981241615252203908 -0.00029871730495007343259
4.2900000000000000355 0.00076563554752522109542 -0.00030855246872545181308
4.2999999999999998224 0.00078216024662840916148 -0.00026719328702900363437
4.3100000000000004974 0.00079943507601024999323 -0.00032438800710702731314
4.3200000000000002842 0.00081751325918016112902 -0.0002546423841792074547
4.3300000000000000711 0.00083645326274532866371 -0.0002576143965413053025
4.3399999999999998579 0.00085631946955077892659 -0.00034734050665252453206
4.3500000000000005329 0.00087718296017948085147 -0.00033028007638159686404
4.3600000000000003197 0.00089912242413783501679 -0.0003621994766342086702
4.3700000000000001066 0.00092222522709654397664 -0.00032542242899672813115
4.3799999999999998934 0.00094658866701981063917 -0.00038970578872000809743
4.3899999999999996803 0.00097232146036857448283 -0.00032761474686721049013
4.4000000000000003553 0.00099954551046200134853 -0.0003947587167606506596
4.4100000000000001421 0.0010283980244540488411 -0.00047550714395501372106
4.4199999999999999289 0.0010590340645692693494 -0.00039835935986483566977
4.4299999999999997158 0.0010916296452391513819 -0.00043095494053471770229
4.4400000000000003908 0.0011263855237035917071 -0.00042778689809952843461
4.4500000000000001776 0.0011635318827461149042 -0.00050884517474283235718
4.4599999999999999645 0.0012033341803984202913 -0.00037299986019967575589
4.4699999999999997513 0.0012461005636588745518 -0.00047764209295670322607
4.4800000000000004263 0.0012921914606062452451 -0.00043191715690174504669
4.4900000000000002132 0.0013420323983374029403 -0.00045980216493634283592
4.5 0.0013961320395229539354 -0.00037817411372644492949
4.5099999999999997868 0.0014551095932960728639 -0.00043515561039151988421
4.5200000000000004619 0.0015197407181502028267 -0.00044190282534218292866
4.5300000000000002487 0.0015910420751109825149 -0.0002477367360055554666
4.5400000000000000355 0.0016704379681479997969 -0.00018940887953907878903
4.5499999999999998224 0.0017600981877401926205 -0.00011340148143772861219
4.5600000000000004974 0.0018636181070200376255 2.4594175190550396012e-05
4.5700000000000002842 0.0019873431998382500366 0.00023020849348202388276
4.5800000000000000711 0.0021428193497491092485 0.00049389129774449159679
4.5899999999999998579 0.0023510375149067208253 0.00099624780980090603746
4.6000000000000005329 0.0026492237346261255856 0.0013008524430901296023
4.6100000000000003197 0.003100692634723796904 0.0017156457851904487015
4.6200000000000001066 0.0038074470727836717127 0.0022903208949470888617
4.6299999999999998934 0.0049235183618212908022 0.0027231424243007928618
4.6399999999999996803 0.0066645211763895102763 0.0033493906967126795687
4.6500000000000003553 0.0093061342584958971907 0.0035820123058685326284
4.6600000000000001421 0.013162558127930421015 0.0030209783718082687531
4.6699999999999999289 0.018537352293879833659 0.0013707126824547347099
4.6799999999999997158 0.025645102281834485786 -0.0013737910434263971016
4.6900000000000003908 0.034513294026447698115 -0.0053398155422939470871
4.7000000000000001776 0.044887069414952296409 -0.011062919895747203025
4.7099999999999999645 0.056169841526431202317 -0.017557296989840619206
4.7199999999999997513 0.067433494878830532726 -0.024557504607262234386
4.7300000000000004263 0.077518603814808073604 -0.030999920381275365699
4.7400000000000002132 0.085218855573228113887 -0.036195197536042444941
4.75 0.089512723434775717801 -0.039279489714711554593
4.7599999999999997868 0.089782104680440080746 -0.039970026204487932309
4.7700000000000004619 0.085953771244745250102 -0.038572817217569346782
4.7800000000000002487 0.07851936527149826206 -0.033204267254044114721
4.7900000000000000355 0.068427039837914829801 -0.027584968662339566514
4.7999999999999998224 0.056878130779265956285 -0.020594913408755854967
4.8100000000000004974 0.045089421396695958388 -0.014991797109686719192
4.8200000000000002842 0.034085820634616501024 -0.009281578679336200538
4.8300000000000000711 0.024570267555647493096 -0.0047101079499059922417
4.8399999999999998579 0.016887185477231128616 -0.0013064400633317086592
4.8500000000000005329 0.011066119106086845167 0.00063840121629560493688
4.8600000000000003197 0.0069136513610090757562 0.0015174358870182489203
4.8700000000000001066 0.0041179410594528419176 0.0021894066181952246894
4.8799999999999998934 0.002338310214399463155 0.0018752375853367982128
4.8899999999999996803 0.0012657973801157055508 0.0013928694299050984207
4.9000000000000003553 0.00065321859254317533958 0.0010513620236627554787
4.9100000000000001421 0.00032135020529722727522 0.00078842355350161076599
4.9199999999999999289 0.00015070189814032241464 0.0005498927263641246229
4.9299999999999997158 6.7371180505741405805e-05 0.00038172793179632347627
4.9400000000000003908 2.8710499180402184594e-05 0.00021080901961967760745
4.9500000000000001776 1.1663123813990200221e-05 0.00012406461223720419498
4.9599999999999999645 4.5164109135009502776e-06 8.5303408636528985716e-05
4.9699999999999997513 1.6671461686075516055e-06 3.0268788943807329982e-05
4.9800000000000004263 5.8661498528715927087e-07 2.1369341996113799711e-05
4.9900000000000002132 1.9675678820715992471e-07 7.7872269898965599426e-06
5 6.2907363713740271236e-08 -6.2907363713740271236e-08
5.0099999999999997868 1.9171969608064238177e-08 1.9768239749178658709e-06
5.0200000000000004619 5.5695991285287206561e-09 1.9904263453974013818e-06
5.0300000000000002487 1.5423102031187933895e-09 1.9944536343228113194e-06
5.0400000000000000355 4.0710728609381732646e-10 -4.0710728609381732646e-10
5.0499999999999998224 1.0243166880547956346e-10 1.9958935128571244928e-06
5.0600000000000004974 2.4566700679784200927e-11 -2.4566700679784200927e-11
5.0700000000000002842 5.616240646753789745e-12 -5.616240646753789745e-12
5.0800000000000000711 1.2238551663437328455e-12 -1.2238551663437328455e-12
5.0899999999999998579 2.5421373609085861921e-13 1.9959956903121941779e-06
5.1000000000000005329 5.0332901128654416367e-14 -5.0332901128654416367e-14
5.1100000000000003197 9.4992260844670410885e-15 -9.4992260844670410885e-15
5.1200000000000001066 1.7088628000084640956e-15 1.9959959428170673861e-06
5.1299999999999998934 2.9302746260493374916e-16 -2.9302746260493374916e-16
5.1399999999999996803 4.7895101489329958578e-17 -4.7895101489329958578e-17
5.1500000000000003553 7.4619965060130785967e-18 1.9959959445184681624e-06
5.1600000000000001421 1.1081529687016905488e-18 -1.1081529687016905488e-18
5.1699999999999999289 1.5686451345495821693e-19 -1.5686451345495821693e-19
5.1799999999999997158 2.1165553845221772378e-20 -2.1165553845221772378e-20
5.1900000000000003908 2.7221631436348453073e-21 1.9959959445259275581e-06
5.2000000000000001776 3.3371667754917355825e-22 -3.3371667754917355825e-22
5.2099999999999999645 3.8996049280126717747e-23 -3.8996049280126717747e-23
5.2199999999999997513 4.3435213059401266843e-24 3.9919918890518601984e-06
5.2300000000000004263 4.6114942806783946905e-25 -4.6114942806783946905e-25
5.2400000000000002132 4.6668034260110188675e-26 -4.6668034260110188675e-26
5.25 4.5016861701869285284e-27 -4.5016861701869285284e-27
5.2599999999999997868 4.1391252536444959185e-28 3.9919918890518601984e-06
5.2700000000000004619 3.6275996674751052042e-29 -3.6275996674751052042e-29
5.2800000000000002487 3.0304517019685824631e-30 -3.0304517019685824631e-30
5.2900000000000000355 2.4130838745041759156e-31 -2.4130838745041759156e-31
5.2999999999999998224 1.8315312132585505799e-32 -1.8315312132585505799e-32
5.3100000000000004974 1.325051982223463416e-33 -1.325051982223463416e-33
5.3200000000000002842 9.1375134718985605998e-35 -9.1375134718985605998e-35
5.3300000000000000711 6.006196170796597152e-36 1.9959959445259300992e-06
5.3399999999999998579 3.7631126333916826786e-37 -3.7631126333916826786e-37
5.3500000000000005329 2.247351504700762112e-38 -2.247351504700762112e-38
5.3600000000000003197 1.2792951214242359934e-39 -1.2792951214242359934e-39
5.3700000000000001066 6.9413877906642288421e-41 -6.9413877906642288421e-41
5.3799999999999998934 3.59002585896660062e-42 -3.59002585896660062e-42
5.3899999999999996803 1.7698010044638064156e-43 -1.7698010044638064156e-43
5.4000000000000003553 8.3162355139320840379e-45 -8.3162355139320840379e-45
5.4100000000000001421 3.7248132278521993819e-46 -3.7248132278521993819e-46
5.4199999999999999289 1.5902210605516998194e-47 -1.5902210605516998194e-47
5.4299999999999997158 6.4712128498254280936e-49 -6.4712128498254280936e-49
5.4400000000000003908 2.5100880832001805253e-50 -2.5100880832001805253e-50
5.4500000000000001776 9.2804117483469248986e-52 -9.2804117483469248986e-52
5.4599999999999999645 3.270547428255607532e-53 -3.270547428255607532e-53
5.4699999999999997513 1.0986225297641658377e-54 -1.0986225297641658377e-54
5.4800000000000004263 3.5176394008800018094e-56 -3.5176394008800018094e-56
5.4900000000000002132 1.0735661921428468917e-57 -1.0735661921428468917e-57
5.5 3.1230645370528635234e-59 -3.1230645370528635234e-59
5.5099999999999997868 8.6597956984733628192e-61 -8.6597956984733628192e-61
5.5200000000000004619 2.2888051595036014721e-62 -2.2888051595036014721e-62
5.5300000000000002487 5.7661299915844381645e-64 -5.7661299915844381645e-64
5.5400000000000000355 1.3846321183203363114e-65 -1.3846321183203363114e-65
5.5499999999999998224 3.1692659410584161573e-67 -3.1692659410584161573e-67
5.5600000000000004974 6.9144432941674927172e-69 -6.9144432941674927172e-69
5.5700000000000002842 1.4379042098401896148e-70 -1.4379042098401896148e-70
5.5800000000000000711 2.8502098688219336858e-72 -2.8502098688219336858e-72
5.5899999999999998579 5.3851502155418771948e-74 -5.3851502155418771948e-74
5.6000000000000005329 9.6982383898415016001e-76 -9.6982383898415016001e-76
5.6100000000000003197 1.664799328542056457e-77 -1.664799328542056457e-77
5.6200000000000001066 2.7239861048787672495e-79 -2.7239861048787672495e-79
5.6299999999999998934 4.2483647768664017398e-81 -4.2483647768664017398e-81
5.6399999999999996803 6.315570461778046173e-83 -6.315570461778046173e-83
5.6500000000000003553 8.9490555447118040577e-85 -8.9490555447118040577e-85
5.6600000000000001421 1.2086919140166589075e-86 -1.2086919140166589075e-86
5.6699999999999999289 1.556065185965946419e-88 -1.556065185965946419e-88
5.6799999999999997158 1.909473676603661699e-90 -1.909473676603661699e-90
5.6900000000000003908 2.2334346496714390234e-92 -2.2334346496714390234e-92
5.7000000000000001776 2.4900408589354836933e-94 -2.4900408589354836933e-94
5.7099999999999999645 2.6461430250967695874e-96 -2.6461430250967695874e-96
5.7199999999999997513 2.680363774551222727e-98 -2.680363774551222727e-98
5.7300000000000004263 2.5879013592889230129e-100 -2.5879013592889230129e-100
5.7400000000000002132 2.3816350923951415724e-102 -2.3816350923951415724e-102
5.75 2.089181718227453185e-104 -2.089181718227453185e-104
5.7599999999999997868 1.7468301458929909012e-106 -1.7468301458929909012e-106
5.7700000000000004619 1.392190215663896529e-108 -1.392190215663896529e-108
5.7800000000000002487 1.0575962133100775113e-110 -1.0575962133100775113e-110
5.7900000000000000355 7.6579862454201423774e-113 -7.6579862454201423774e-113
5.7999999999999998224 5.28545812401034709e-115 -5.28545812401034709e-115
5.8100000000000004974 3.4771548006578657433e-117 -3.4771548006578657433e-117
5.8200000000000002842 2.1804128156527284139e-119 -2.1804128156527284139e-119
5.8300000000000000711 1.3032469408964386874e-121 -1.3032469408964386874e-121
5.8399999999999998579 7.4248548444000608087e-124 1.9959959445259300992e-06
5.8500000000000005329 4.0320180196763220987e-126 -4.0320180196763220987e-126
5.8600000000000003197 2.0870371657874086204e-128 1.9959959445259300992e-06
5.8700000000000001066 1.0297009247730925132e-130 -1.0297009247730925132e-130
5.8799999999999998934 4.8424506495427333214e-133 -4.8424506495427333214e-133
5.8899999999999996803 2.1706633083109145501e-135 -2.1706633083109145501e-135
5.9000000000000003553 9.2745504730839396875e-138 1.9959959445259300992e-06
5.9100000000000001421 3.7771688211863085061e-140 -3.7771688211863085061e-140
5.9199999999999999289 1.4662668916260838195e-142 -1.4662668916260838195e-142
5.9299999999999997158 5.4254123018768681173e-145 -5.4254123018768681173e-145
5.9400000000000003908 1.9134870939115527831e-147 -1.9134870939115527831e-147
5.9500000000000001776 6.4326715947873812258e-150 -6.4326715947873812258e-150
5.9599999999999999645 2.0612480581866073935e-152 -2.0612480581866073935e-152
5.9699999999999997513 6.2956729592875000029e-155 -6.2956729592875000029e-155
5.9800000000000004263 1.8328505952398008409e-157 -1.8328505952398008409e-157
5.9900000000000002132 5.0861007629388601964e-160 -5.0861007629388601964e-160
6 1.3452897394639234043e-162 -1.3452897394639234043e-162
6.0099999999999997868 3.3917174055936466e-165 1.9959959445259300992e-06
6.0200000000000004619 8.1507286783967950181e-168 -8.1507286783967950181e-168
6.0300000000000002487 1.8670078558373562241e-170 -1.8670078558373562241e-170
6.0400000000000000355 4.0763247225637959065e-173 -4.0763247225637959065e-173
6.0499999999999998224 8.4832898521050149628e-176 -8.4832898521050149628e-176
6.0600000000000004974 1.6828008848564840588e-178 -1.6828008848564840588e-178
6.0700000000000002842 3.1818084982338375119e-181 -3.1818084982338375119e-181
6.0800000000000000711 5.7344030003315377025e-184 -5.7344030003315377025e-184
6.0899999999999998579 9.8508847914381360076e-187 -9.8508847914381360076e-187
6.1000000000000005329 1.6130027684597162581e-189 -1.6130027684597162581e-189
6.1100000000000003197 2.5174903700343728378e-192 1.9959959445259300992e-06
6.1200000000000001066 3.7451855936740717758e-195 -3.7451855936740717758e-195
6.1299999999999998934 5.31069891658806387e-198 -5.31069891658806387e-198
6.1400000000000005684 7.1779894507517991885e-201 -7.1779894507517991885e-201
6.1500000000000003553 9.2475510991143828148e-204 -9.2475510991143828148e-204
6.1600000000000001421 1.1355949227586026097e-206 -1.1355949227586026097e-206
6.1699999999999999289 1.3292078966151539947e-209 -1.3292078966151539947e-209
6.1799999999999997158 1.4829794793870600546e-212 -1.4829794793870600546e-212
6.1900000000000003908 1.5770669083929659541e-215 -1.5770669083929659541e-215
6.2000000000000001776 1.5985927375437972949e-218 1.9959959445259300992e-06
6.2099999999999999645 1.5445368776108687735e-221 -1.5445368776108687735e-221
6.2199999999999997513 1.4224317879822021525e-224 -1.4224317879822021525e-224
6.2300000000000004263 1.2486402436718657202e-227 1.9959959445259300992e-06
6.2400000000000002132 1.0447584926663407379e-230 -1.0447584926663407379e-230
6.25 8.3323439077518688682e-234 -8.3323439077518688682e-234
6.2599999999999997868 6.334190918153657053e-237 -6.334190918153657053e-237
6.2700000000000004619 4.5897368873078913159e-240 -4.5897368873078913159e-240
6.2800000000000002487 3.1699842180386629542e-243 -3.1699842180386629542e-243
6.2900000000000000355 2.0868876660172321636e-246 -2.0868876660172321636e-246
6.2999999999999998224 1.3095247128152487079e-249 -1.3095247128152487079e-249
6.3100000000000004974 7.8325102448036763191e-253 -7.8325102448036763191e-253
6.3200000000000002842 4.4654053013845941455e-256 1.9959959445259300992e-06
6.3300000000000000711 2.4265733714800479403e-259 -2.4265733714800479403e-259
6.3399999999999998579 1.2568938345691577167e-262 -1.2568938345691577167e-262
6.3500000000000005329 6.2054943123392419915e-266 -6.2054943123392419915e-266
6.3600000000000003197 2.9202953609844151403e-269 1.9959959445259300992e-06
6.3700000000000001066 1.3099350993487850542e-272 -1.3099350993487850542e-272
6.3799999999999998934 5.6007395451564516955e-276 -5.6007395451564516955e-276
6.3900000000000005684 2.2825146060547268845e-279 -2.2825146060547268845e-279
6.4000000000000003553 8.8665432743671073043e-283 -8.8665432743671073043e-283
6.4100000000000001421 3.2829758555937543511e-286 -3.2829758555937543511e-286
6.4199999999999999289 1.1586535891014076057e-289 -1.1586535891014076057e-289
6.4299999999999997158 3.8977331207557850782e-293 -3.8977331207557850782e-293
6.4400000000000003908 1.2498075603707325561e-296 -1.2498075603707325561e-296
6.4500000000000001776 3.8198538722346716852e-300 1.9959959445259300992e-06
6.4599999999999999645 1.1128148165248884353e-303 1.9959959445259300992e-06
6.4699999999999997513 3.0900932968510396877e-307 -3.0900932968510396877e-307
6.4800000000000004263 8.1788608871475813234e-311 -8.1788608871475813234e-311
6.4900000000000002132 2.0634149960074340756e-314 -2.0634149960074340756e-314
6.5 4.9619556284046815803e-318 -4.9619556284046815803e-318
6.5099999999999997868 1.1363509854348670516e-321 -1.1363509854348670516e-321
6.5200000000000004619 0 0
6.5300000000000002487 0 0
6.5400000000000000355 0 0
6.5499999999999998224 0 0
6.5600000000000004974 0 0
6.5700000000000002842 0 0
6.5800000000000000711 0 0
6.5899999999999998579 0 0
6.6000000000000005329 0 0
6.6100000000000003197 0 0
6.6200000000000001066 0 0
6.6299999999999998934 0 0
6.6400000000000005684 0 1.9959959445259300992e-06
6.6500000000000003553 0 0
6.6600000000000001421 0 0
6.6699999999999999289 0 1.9959959445259300992e-06
6.6799999999999997158 0 0
6.6900000000000003908 0 0
6.7000000000000001776 0 0
6.7099999999999999645 0 0
6.7199999999999997513 0 0
6.7300000000000004263 0 0
6.7400000000000002132 0 0
6.75 0 0
6.7599999999999997868 0 0
6.7700000000000004619 0 0
6.7800000000000002487 0 0
6.7900000000000000355 0 0
6.7999999999999998224 0 0
6.8100000000000004974 0 0
6.8200000000000002842 0 0
6.8300000000000000711 0 0
6.8399999999999998579 0 0
6.8500000000000005329 0 0
6.8600000000000003197 0 1.9959959445259300992e-06
6.8700000000000001066 0 0
6.8799999999999998934 0 0
6.8900000000000005684 0 0
6.9000000000000003553 0 1.9959959445259300992e-06
6.9100000000000001421 0 0
6.9199999999999999289 0 0
6.9299999999999997158 0 0
6.9400000000000003908 0 0
6.9500000000000001776 0 0
6.9599999999999999645 0 0
6.9699999999999997513 0 0
6.9800000000000004263 0 0
6.9900000000000002132 0 0
7 0 0
7.0099999999999997868 0 0
7.0200000000000004619 0 0
7.0300000000000002487 0 0
7.0400000000000000355 0 0
7.0499999999999998224 0 0
7.0600000000000004974 0 0
7.0700000000000002842 0 0
7.0800000000000000711 0 0
7.0899999999999998579 0 0
7.1000000000000005329 0 0
7.1100000000000003197 0 0
7.1200000000000001066 0 0
7.1299999999999998934 0 0
7.1400000000000005684 0 0
7.1500000000000003553 0 0
7.1600000000000001421 0 0
7.1699999999999999289 0 0
7.1799999999999997158 0 0
7.1900000000000003908 0 1.9959959445259300992e-06
7.2000000000000001776 0 0
7.2099999999999999645 0 1.9959959445259300992e-06
7.2199999999999997513 0 0
7.2300000000000004263 0 0
7.2400000000000002132 0 0
7.25 0 0
7.2599999999999997868 0 0
7.2700000000000004619 0 0
7.2800000000000002487 0 0
7.2900000000000000355 0 0
7.2999999999999998224 0 0
7.3100000000000004974 0 0
7.3200000000000002842 0 0
7.3300000000000000711 0 0
7.3399999999999998579 0 1.9959959445259300992e-06
7.3500000000000005329 0 0
7.3600000000000003197 0 0
7.3700000000000001066 0 0
7.3799999999999998934 0 0
7.3900000000000005684 0 0
7.4000000000000003553 0 0
7.4100000000000001421 0 0
7.4199999999999999289 0 0
7.4299999999999997158 0 0
7.4400000000000003908 0 0
7.4500000000000001776 0 0
7.4599999999999999645 0 0
7.4699999999999997513 0 0
7.4800000000000004263 0 0
7.4900000000000002132 0 0
7.5 0 0
7.5099999999999997868 0 0
7.5200000000000004619 0 0
7.5300000000000002487 0 0
7.5400000000000000355 0 0
7.5499999999999998224 0 0
7.5600000000000004974 0 0
7.5700000000000002842 0 0
7.5800000000000000711 0 0
7.5899999999999998579 0 0
7.6000000000000005329 0 0
7.6100000000000003197 0 1.9959959445259300992e-06
7.6200000000000001066 0 0
7.6299999999999998934 0 0
7.6400000000000005684 0 0
7.6500000000000003553 0 0
7.6600000000000001421 0 0
7.6699999999999999289 0 0
7.6799999999999997158 0 0
7.6900000000000003908 0 0
7.7000000000000001776 0 1.9959959445259300992e-06
7.7099999999999999645 0 0
7.7199999999999997513 0 0
7.7300000000000004263 0 0
7.7400000000000002132 0 0
7.75 0 0
7.7599999999999997868 0 0
7.7700000000000004619 0 0
7.7800000000000002487 0 0
7.7900000000000000355 0 0
7.7999999999999998224 0 0
7.8100000000000004974 0 0
7.8200000000000002842 0 0
7.8300000000000000711 0 0
7.8399999999999998579 0 0
7.8500000000000005329 0 5.9879880609514657408e-06
7.8600000000000003197 0 0
7.8700000000000001066 0 0
7.8799999999999998934 0 0
7.8900000000000005684 0 0
7.9000000000000003553 0 0
7.9100000000000001421 0 1.9959959445259300992e-06
7.9199999999999999289 0 0
7.930000000000000604 0 0
7.9400000000000003908 0 0
7.9500000000000001776 0 0
7.9599999999999999645 0 0
7.9699999999999997513 0 0
7.9800000000000004263 0 0
7.9900000000000002132 0 0
8 0 0
8.0099999999999997868 0 0
8.0199999999999995737 0 0
8.0299999999999993605 0 0
8.0400000000000009237 0 0
8.0500000000000007105 0 0
8.0600000000000004974 0 0
8.0700000000000002842 0 0
8.0800000000000000711 0 0
8.0899999999999998579 0 0
8.0999999999999996447 0 0
8.1099999999999994316 0 1.9959959445259300992e-06
8.1200000000000009948 0 0
8.1300000000000007816 0 0
8.1400000000000005684 0 0
8.1500000000000003553 0 1.9959959445259300992e-06
8.1600000000000001421 0 1.9959959445259300992e-06
8.1699999999999999289 0 0
8.1799999999999997158 0 0
8.1899999999999995026 0 0
8.1999999999999992895 0 0
8.2100000000000008527 0 0
8.2200000000000006395 0 0
8.2300000000000004263 0 0
8.2400000000000002132 0 0
8.25 0 0
8.2599999999999997868 0 0
8.2699999999999995737 0 0
8.2799999999999993605 0 0
8.2900000000000009237 0 0
8.3000000000000007105 0 0
8.3100000000000004974 0 0
8.3200000000000002842 0 0
8.3300000000000000711 0 0
8.3399999999999998579 0 0
8.3499999999999996447 0 0
8.3599999999999994316 0 0
8.3700000000000009948 0 0
8.3800000000000007816 0 0
8.3900000000000005684 0 0
8.4000000000000003553 0 0
8.4100000000000001421 0 0
8.4199999999999999289 0 0
8.4299999999999997158 0 0
8.4399999999999995026 0 0
8.4499999999999992895 0 0
8.4600000000000008527 0 0
8.4700000000000006395 0 1.9959959445259300992e-06
8.4800000000000004263 0 0
8.4900000000000002132 0 0
8.5 0 1.9959959445259300992e-06
8.5099999999999997868 0 0
8.5199999999999995737 0 1.9959959445259300992e-06
8.5299999999999993605 0 0
8.5400000000000009237 0 0
8.5500000000000007105 0 0
8.5600000000000004974 0 0
8.5700000000000002842 0 0
8.5800000000000000711 0 0
8.5899999999999998579 0 0
8.5999999999999996447 0 0
8.6099999999999994316 0 0
8.6200000000000009948 0 1.9959959445259300992e-06
8.6300000000000007816 0 1.9959959445259300992e-06
8.6400000000000005684 0 1.9959959445259300992e-06
8.6500000000000003553 0 0
8.6600000000000001421 0 0
8.6699999999999999289 0 0
8.6799999999999997158 0 0
8.6899999999999995026 0 0
8.7000000000000010658 0 0
8.7100000000000008527 0 0
8.7200000000000006395 0 1.9959959445259300992e-06
8.7300000000000004263 0 0
8.7400000000000002132 0 0
8.75 0 1.9959959445259300992e-06
8.7599999999999997868 0 0
8.7699999999999995737 0 0
8.7799999999999993605 0 0
8.7900000000000009237 0 0
8.8000000000000007105 0 0
8.8100000000000004974 0 0
8.8200000000000002842 0 0
8.8300000000000000711 0 0
8.8399999999999998579 0 0
8.8499999999999996447 0 0
8.8599999999999994316 0 0
8.8700000000000009948 0 0
8.8800000000000007816 0 1.9959959445259300992e-06
8.8900000000000005684 0 0
8.9000000000000003553 0 1.9959959445259300992e-06
8.9100000000000001421 0 0
8.9199999999999999289 0 0
8.9299999999999997158 0 0
8.9399999999999995026 0 0
8.9500000000000010658 0 1.9959959445259300992e-06
8.9600000000000008527 0 0
8.9700000000000006395 0 0
8.9800000000000004263 0 0
8.9900000000000002132 0 0
9 0 1.9959959445259300992e-06
9.0099999999999997868 0 0
9.0199999999999995737 0 0
9.0299999999999993605 0 0
9.0400000000000009237 0 0
9.0500000000000007105 0 0
9.0600000000000004974 0 0
9.0700000000000002842 0 0
9.0800000000000000711 0 0
9.0899999999999998579 0 0
9.0999999999999996447 0 0
9.1099999999999994316 0 0
9.1200000000000009948 0 0
9.1300000000000007816 0 0
9.1400000000000005684 0 0
9.1500000000000003553 0 0
9.1600000000000001421 0 0
9.1699999999999999289 0 0
9.1799999999999997158 0 0
9.1899999999999995026 0 0
9.2000000000000010658 0 3.9919918890518601984e-06
9.2100000000000008527 0 0
9.2200000000000006395 0 0
9.2300000000000004263 0 1.9959959445259300992e-06
9.2400000000000002132 0 0
9.25 0 0
9.2599999999999997868 0 0
9.2699999999999995737 0 5.9879880609514657408e-06
9.2799999999999993605 0 0
9.2900000000000009237 0 0
9.3000000000000007105 0 1.9959959445259300992e-06
9.3100000000000004974 0 0
9.3200000000000002842 0 3.9919918890518601984e-06
9.3300000000000000711 0 5.9879880609514657408e-06
9.3399999999999998579 0 1.9959959445259300992e-06
9.3499999999999996447 0 1.9959959445259300992e-06
9.3599999999999994316 0 3.9919918890518601984e-06
9.3700000000000009948 0 3.9919918890518601984e-06
9.3800000000000007816 0 5.9879880609514657408e-06
9.3900000000000005684 0 5.9879880609514657408e-06
9.4000000000000003553 0 1.9959959445259300992e-06
9.4100000000000001421 0 9.9799799500033259392e-06
9.4199999999999999289 0 1.3971972293802540412e-05
9.4299999999999997158 0 1.1975976121902929788e-05
9.4399999999999995026 0 2.3951952243805859575e-05
9.4500000000000010658 0 1.1975976121902929788e-05
9.4600000000000008527 0 5.9879880609514657408e-06
9.4700000000000006395 0 1.5967967556207440794e-05
9.4800000000000004263 0 9.9799799500033259392e-06
9.4900000000000002132 0 1.995995990000664849e-05
9.5 0 1.5967967556207440794e-05
9.5099999999999997868 0 1.7963964637601751497e-05
9.5199999999999995737 0 9.9799799500033259392e-06
9.5299999999999993605 0 1.7963964637601751497e-05
9.5400000000000009237 0 1.1975976121902929788e-05
9.5500000000000007105 0 9.9799799500033259392e-06
9.5600000000000004974 0 9.9799799500033259392e-06
9.5700000000000002842 0 1.9959959445259300992e-06
9.5800000000000000711 0 5.9879880609514657408e-06
9.5899999999999998579 0 1.5967967556207440794e-05
9.5999999999999996447 0 3.9919918890518601984e-06
9.6099999999999994316 0 5.9879880609514657408e-06
9.6200000000000009948 0 3.9919918890518601984e-06
9.6300000000000007816 0 7.9839837781037203968e-06
9.6400000000000005684 0 1.9959959445259300992e-06
9.6500000000000003553 0 1.9959959445259300992e-06
9.6600000000000001421 0 3.9919918890518601984e-06
9.6699999999999999289 0 1.9959959445259300992e-06
9.6799999999999997158 0 3.9919918890518601984e-06
9.6899999999999995026 0 0
9.7000000000000010658 0 0
9.7100000000000008527 0 1.9959959445259300992e-06
9.7200000000000006395 0 0
9.7300000000000004263 0 0
9.7400000000000002132 0 0
9.75 0 0
9.7599999999999997868 0 0
9.7699999999999995737 0 0
9.7799999999999993605 0 0
9.7900000000000009237 0 0
9.8000000000000007105 0 0
9.8100000000000004974 0 0
9.8200000000000002842 0 0
9.8300000000000000711 0 0
9.8399999999999998579 0 0
9.8499999999999996447 0 0
9.8599999999999994316 0 0
9.8700000000000009948 0 0
9.8800000000000007816 0 0
9.8900000000000005684 0 0
9.9000000000000003553 0 0
9.9100000000000001421 0 0
9.9199999999999999289 0 0
9.9299999999999997158 0 0
9.9399999999999995026 0 0
9.9500000000000010658 0 0
9.9600000000000008527 0 0
9.9700000000000006395 0 0
9.9800000000000004263 0 0
9.9900000000000002132 0 0
10 0 0
10.009999999999999787 0 0
10.019999999999999574 0 0
10.029999999999999361 0 0
10.040000000000000924 0 0
10.050000000000000711 0 0
10.060000000000000497 0 0
10.070000000000000284 0 0
10.080000000000000071 0 0
10.089999999999999858 0 0
10.099999999999999645 0 0
10.109999999999999432 0 0
10.120000000000000995 0 0
10.130000000000000782 0 0
10.140000000000000568 0 0
10.150000000000000355 0 0
10.160000000000000142 0 0
10.169999999999999929 0 0
10.179999999999999716 0 0
10.189999999999999503 0 0
10.200000000000001066 0 0
10.210000000000000853 0 0
10.220000000000000639 0 0
10.230000000000000426 0 0
