0 2.3536927791178784562e-108 -2.3536927791178784562e-108
0.010000000000000000208 1.183113743096915059e-106 -1.183113743096915059e-106
0.020000000000000000416 5.7583882854470254313e-105 -5.7583882854470254313e-105
0.02999999999999999889 2.7137704856822708908e-103 -2.7137704856822708908e-103
0.040000000000000000833 1.238348853420423648e-101 -1.238348853420423648e-101
0.050000000000000002776 5.4715531254303837589e-100 -5.4715531254303837589e-100
0.05999999999999999778 2.3408627817688170563e-98 -2.3408627817688170563e-98
0.070000000000000006661 9.6970361690150250889e-97 -9.6970361690150250889e-97
0.080000000000000001665 3.8895539230316893591e-95 -3.8895539230316893591e-95
0.089999999999999996669 1.5106306789420988176e-93 -1.5106306789420988176e-93
0.10000000000000000555 5.6808657545520079124e-92 -5.6808657545520079124e-92
0.11000000000000000056 2.0685616796252030922e-90 -2.0685616796252030922e-90
0.11999999999999999556 7.2932339683949453008e-89 -7.2932339683949453008e-89
0.13000000000000000444 2.4898291056288328152e-87 -2.4898291056288328152e-87
0.14000000000000001332 8.2303187514984349372e-86 -8.2303187514984349372e-86
0.14999999999999999445 2.6342773247609721411e-84 8.6088155512697994709e-05
0.16000000000000000333 8.1640198934795310062e-83 6.8069704866502434015e-05
0.17000000000000001221 2.4498773214970334658e-81 7.0071750087663531303e-05
0.17999999999999999334 7.1183992564611299498e-80 7.8079952800180763006e-05
0.19000000000000000222 2.0027100216863653861e-78 9.0092253230977803469e-05
0.2000000000000000111 5.4557130691665521241e-77 7.0071750087663531303e-05
0.20999999999999999223 1.4390725672878397161e-75 0.00010210455366177480327
0.22000000000000000111 3.6754590609773386169e-74 5.6057404435705386777e-05
0.23000000000000000999 9.0894626100619276374e-73 7.8079952800180763006e-05
0.23999999999999999112 2.1765194259233490005e-71 8.8090200733859091997e-05
0.25 5.0464341467257763443e-70 7.0071750087663531303e-05
0.26000000000000000888 1.1329334390282798575e-68 6.4065599872265011072e-05
0.27000000000000001776 2.4627589321141091883e-67 9.60984034463763237e-05
0.28000000000000002665 5.1836674563110079559e-66 0.00010010250844061370599
0.28999999999999998002 1.0564527676000595366e-64 8.8090200733859091997e-05
0.2999999999999999889 2.0847825342301925043e-63 7.4075855081900954247e-05
0.30999999999999999778 3.9835397688494124822e-62 9.60984034463763237e-05
0.32000000000000000666 7.3701321813361970778e-61 9.209430572809651494e-05
0.33000000000000001554 1.3203197477640256401e-59 7.6077900303062051535e-05
0.34000000000000002442 2.2902383546493840616e-58 6.8069704866502434015e-05
0.35000000000000003331 3.846626068690610534e-57 7.6077900303062051535e-05
0.35999999999999998668 6.2557153622079433083e-56 8.0082005297299474478e-05
0.36999999999999999556 9.8508047642373063353e-55 6.6067652369383722544e-05
0.38000000000000000444 1.5019800563262826347e-53 8.2084050518460571766e-05
0.39000000000000001332 2.217452587592906806e-52 8.6088155512697994709e-05
0.4000000000000000222 3.1698757677747470807e-51 8.8090200733859091997e-05
0.41000000000000003109 4.3876084425811507918e-50 8.6088155512697994709e-05
0.41999999999999998446 5.8804587451724213733e-49 9.60984034463763237e-05
0.42999999999999999334 7.6311901277078733864e-48 5.6057404435705386777e-05
0.44000000000000000222 9.5889501932406168718e-47 7.8079952800180763006e-05
0.4500000000000000111 1.166668774158730654e-45 6.8069704866502434015e-05
0.46000000000000001998 1.3744274108239146687e-44 6.2063554651103913784e-05
0.47000000000000002887 1.5678112053932948668e-43 9.209430572809651494e-05
0.47999999999999998224 1.7316632596869439026e-42 9.60984034463763237e-05
0.48999999999999999112 1.8519567657106617125e-41 9.8100455943495035172e-05
0.5 1.9177675565717858891e-40 8.0082005297299474478e-05
0.51000000000000000888 1.9229093589991809767e-39 9.209430572809651494e-05
0.52000000000000001776 1.8668928033704308998e-38 0.00010210455366177480327
0.53000000000000002665 1.755002228849209495e-37 9.209430572809651494e-05
0.54000000000000003553 1.5974735848772665566e-36 8.0082005297299474478e-05
0.55000000000000004441 1.4079506130794901538e-35 8.4086103015579283237e-05
0.56000000000000005329 1.20154178737841798e-34 9.0092253230977803469e-05
0.57000000000000006217 9.928601041247394745e-34 7.4075855081900954247e-05
0.57999999999999996003 7.9439218465778872603e-33 6.6067652369383722544e-05
0.58999999999999996891 6.1543131156587390333e-32 7.4075855081900954247e-05
0.5999999999999999778 4.6165966926127409341e-31 8.2084050518460571766e-05
0.60999999999999998668 3.3532196800940522617e-30 8.4086103015579283237e-05
0.61999999999999999556 2.3583040622570117596e-29 7.6077900303062051535e-05
0.63000000000000000444 1.6059621825387415155e-28 6.4065599872265011072e-05
0.64000000000000001332 1.0589331686669867827e-27 8.0082005297299474478e-05
0.6500000000000000222 6.7608221541476647882e-27 7.8079952800180763006e-05
0.66000000000000003109 4.1795371926398279475e-26 8.4086103015579283237e-05
0.67000000000000003997 2.5018115843639305419e-25 6.6067652369383722544e-05
0.68000000000000004885 1.4500358059209160663e-24 9.0092253230977803469e-05
0.69000000000000005773 8.1376794045747246656e-24 6.6067652369383722544e-05
0.70000000000000006661 4.4220143582043675209e-23 8.0082005297299474478e-05
0.70999999999999996447 2.3266842126228346968e-22 7.6077900303062051535e-05
0.71999999999999997335 1.1853659833657499626e-21 9.0092253230977803469e-05
0.72999999999999998224 5.8474322621333134063e-21 8.0082005297299474478e-05
0.73999999999999999112 2.7930303921924946455e-20 6.0061502153985175207e-05
0.75 1.291765989138895236e-19 6.6067652369383587018e-05
0.76000000000000000888 5.7848187026325651067e-19 8.4086103015578700479e-05
0.77000000000000001776 2.5083803031349350694e-18 7.0071750087661024086e-05
0.78000000000000002665 1.0531609158617653993e-17 6.606765236937319223e-05
0.79000000000000003553 4.2814788954463853568e-17 8.6088155512655182276e-05
0.80000000000000004441 1.6853519355352593403e-16 0.00011011275637412356351
0.81000000000000005329 6.4236981186611521526e-16 6.6067652368741346309e-05
0.82000000000000006217 2.3707041748585415453e-15 7.4075855079530251329e-05
0.83000000000000007105 8.4716368022937230519e-15 7.8079952791709132491e-05
0.83999999999999996891 2.9312645420574786522e-14 8.8090200704546452984e-05
0.8499999999999999778 9.8206542940832658054e-14 6.6067652271177177651e-05
0.85999999999999998668 3.1858370193339196178e-13 8.8090200415275390911e-05
0.86999999999999999556 1.0007011710772476475e-12 9.0092252230276626815e-05
0.88000000000000000444 3.0435678229571454858e-12 0.00010811070083360557921
0.89000000000000001332 8.9631214774699680982e-12 9.0092244267856325807e-05
0.9000000000000000222 2.5558378848804917617e-11 9.2094280169717669541e-05
0.91000000000000003109 7.0567551140191691349e-11 9.8100385375943897231e-05
0.92000000000000003997 1.8865768997470835385e-10 8.8090012076169117326e-05
0.93000000000000004885 4.8836181663969073911e-10 6.8069216504685790218e-05
0.94000000000000005773 1.2240710061986663118e-09 7.0070526016657326942e-05
0.95000000000000006661 2.9707714683439800736e-09 0.00010610568788454395107
0.95999999999999996447 6.9811922795292417779e-09 6.8062723674222909268e-05
0.96999999999999997335 1.5885016769797463688e-08 7.8064067783410967614e-05
0.97999999999999998224 3.4998020242118743021e-08 9.806545792325292298e-05
0.98999999999999999112 7.4661549827756981049e-08 6.9997088537835768711e-05
1 1.5422268007675602917e-07 6.7915482186425678171e-05
1.0100000000000000089 3.0845883476843332184e-07 8.7781741899090656028e-05
1.0200000000000000178 5.973706812390657753e-07 9.750308526225597342e-05
1.0300000000000000266 1.1201812945404737223e-06 8.8972071936437331229e-05
1.0400000000000000355 2.0339040038184777032e-06 0.00012209320529838932996
1.0500000000000000444 3.5757760287791966188e-06 7.8508274489681378959e-05
1.0600000000000000533 6.0870642869823819992e-06 9.8019541871911217449e-05
1.0700000000000000622 1.0033285969823991496e-05 0.00011209177083526509241
1.0800000000000000711 1.6013129484463252335e-05 0.00010010577710522734014
1.0900000000000000799 2.4746111337235685284e-05 9.7378945467853410484e-05
1.1000000000000000888 3.7028441400619273912e-05 0.00013915196006709893719
1.1100000000000000977 5.3648999118626955539e-05 0.00011252115441541295367
1.1200000000000001066 7.5263695482885801039e-05 0.0001109269684704258861
1.1300000000000001155 0.00010223678299932389513 0.00017604819395804202956
1.1400000000000001243 0.00013447034984133434646 0.00020387611471810144375
1.1500000000000001332 0.00017125514053069207658 0.00030723482420407085755
1.1599999999999999201 0.00021118274015147103545 0.0003313728462834297523
1.1699999999999999289 0.00025215695261464094075 0.00037648677478104258624
1.1799999999999999378 0.00029152861966089485286 0.0003771560994695019901
1.1899999999999999467 0.00032635417114195439461 0.0005305232498869576728
1.1999999999999999556 0.00035374870747386364701 0.00055518202027247400519
1.2099999999999999645 0.00037127719819018837125 0.0006437621954881195957
1.2199999999999999734 0.00037731095671587211058 0.00063172233767873993068
1.2299999999999999822 0.00037127719819018679915 0.00059571299376493251805
1.2399999999999999911 0.00035374870747386061125 0.00063125995695532716341
1.25 0.00032635417114195016623 0.00056856224733221741915
1.2600000000000000089 0.00029152861966088986553 0.00042920940618693256222
1.2700000000000000178 0.00025215695261463573658 0.00034645604553192803181
1.2800000000000000266 0.00021118274015146656312 0.00026730722458329634391
1.2900000000000000355 0.00017125514053069156159 0.00020513029237016934406
1.3000000000000000444 0.00013447034984135684365 0.00016984125137089136248
1.3100000000000000533 0.00010223678299945519201 0.00015402561648960479807
1.3200000000000000622 7.5263695483513255941e-05 8.8904405553407833381e-05
1.3300000000000000711 5.3648999121421811899e-05 7.2480162677904700036e-05
1.3400000000000000799 3.7028441412453848844e-05 8.5096615392635233371e-05
1.3500000000000000888 2.4746111385038372521e-05 6.9350246840176857279e-05
1.3600000000000000977 1.6013129668775117828e-05 6.2066823131405645178e-05
1.3700000000000001066 1.0033286648317050351e-05 6.4042568433583902201e-05
1.3800000000000001155 6.0870666719627957082e-06 8.0001088840735205777e-05
1.3900000000000001243 3.5757840349666094654e-06 5.6485718119018594541e-05
1.4000000000000001332 2.0339296738543607159e-06 6.4033722695529358016e-05
1.4099999999999999201 1.1202599177762750613e-06 8.6969940816082822442e-05
1.4199999999999999289 5.9760075632169537802e-07 5.7461852538523600119e-05
1.4299999999999999378 3.0910220434677903032e-07 8.3777000811232504472e-05
1.4399999999999999467 1.5594221209674326831e-07 8.393016080348254034e-05
1.4499999999999999556 7.9055094726025012104e-08 5.5978349340979360362e-05
1.4599999999999999645 4.5732530170843321797e-08 6.6021919839212879076e-05
1.4699999999999999734 4.0971029972083309159e-08 8.2043079488488491395e-05
1.4799999999999999822 6.307277685556448126e-08 7.2010729807926680411e-05
1.4899999999999999911 1.2301225039874541554e-07 8.5965143262299248341e-05
1.5 2.4720558564551811836e-07 7.783274721453525087e-05
1.5100000000000000089 4.8332797738383747444e-07 7.3592527104517121007e-05
1.5200000000000000178 9.0853088950623600933e-07 9.118577483859027766e-05
1.5300000000000000266 1.6387275872893321534e-06 8.2447375428289955955e-05
1.5400000000000000355 2.8366213799063204078e-06 6.3231030989477400865e-05
1.5500000000000000444 4.7151485110714729288e-06 7.1362751791990584535e-05
1.5600000000000000533 7.5325098379209165479e-06 8.856589360845541054e-05
1.5700000000000000622 1.1575555836559938821e-05 8.2520802388655290979e-05
1.5800000000000000711 1.7130352947701871002e-05 5.2941397139961656913e-05
1.5900000000000000799 2.44421727229308243e-05 5.7641877795529744078e-05
1.6000000000000000888 3.3671099318021515984e-05 4.8412951200439055782e-05
1.6100000000000000977 4.4852574975917657051e-05 5.7251978685857146222e-05
1.6200000000000001066 5.7873044036771326604e-05 1.0196660829731107412e-05
1.6300000000000001155 7.2468554173374695048e-05 7.6134511239247794302e-06
1.6400000000000001243 8.8249007453882171836e-05 -1.5880672002307983856e-07
1.6500000000000001332 0.00010474421736547807318 7.370591505932727475e-06
1.6600000000000001421 0.00012146221532747626464 6.6689844170537303973e-06
1.6699999999999999289 0.00013794734874915406627 4.0235105215682829194e-05
1.6799999999999999378 0.00015382654638463073697 3.0362065071562265809e-05
1.6899999999999999467 0.00016883618895006201181 4.9387271301403400884e-05
1.6999999999999999556 0.00018282767205094358496 5.3650443994869220776e-06
1.7099999999999999645 0.00019575498190134519444 6.2509470084833615531e-05
1.7199999999999999734 0.00020765089327951205176 6.0623821192260261359e-05
1.7299999999999999822 0.00021859918626967677854 3.5661189826095011013e-05
1.7399999999999999911 0.00022870897291691347566 1.1537035699027333585e-05
1.75 0.00023809480736062700319 2.4173749619789175512e-05
1.7600000000000000089 0.00024686375948406623837 -1.2623893807566335164e-05
1.7700000000000000178 0.00025510877383759858472 -6.8545552331828753755e-06
1.7800000000000000266 0.00026290666905877130982 -7.4713952608340802788e-05
1.7900000000000000355 0.00027031894707245563867 -7.4118035185465541226e-05
1.8000000000000000444 0.00027739388455947858051 -5.5166319313775690663e-05
1.8100000000000000533 0.00028416887317251254613 -6.9949517915284556381e-05
1.8200000000000000622 0.00029067245277739523239 -6.8444887531692342542e-05
1.8300000000000000711 0.00029692584754742668484 -0.0001107351835941149977
1.8400000000000000799 0.00030294405326125410909 -8.6722645506907407873e-05
1.8500000000000000888 0.00030873665832274526863 -0.0001205439418723147616
1.8600000000000000977 0.00031430863678005919711 -0.00010209131946803469046
1.8700000000000001066 0.00031966134296908520771 -0.00014147888900424831224
1.8800000000000001155 0.00032479386852585424199 -0.0001065704082743888293
1.8900000000000001243 0.00032970479976244230656 -9.1460843643620208781e-05
1.9000000000000001332 0.00033439425761414611751 -9.0144144003967939527e-05
1.9100000000000001421 0.00033886595296194166023 -6.0580976004575735547e-05
1.9199999999999999289 0.00034312889674953936988 -0.0001489300373596679568
1.9299999999999999378 0.00034719840821931431413 -0.00013898519590152720333
1.9399999999999999467 0.00035109617852316544898 -0.0001308706657745812435
1.9499999999999999556 0.00035484934446744753047 -0.00012861768877942241895
1.9599999999999999645 0.00035848874882423749496 -0.00016428988943436608188
1.9699999999999999734 0.00036204673911979947222 -0.00015783763179624978436
1.9799999999999999822 0.00036555493261931421749 -0.00017135607322944280441
1.9899999999999999911 0.00036904233513671144077 -0.00020287218160267153156
2 0.00037253406980963105211 -0.00016031675249760654546
2.0100000000000002309 0.00037605080053741972608 -0.00018785808408698921905
2.0200000000000000178 0.00037960877889084193495 -0.00019141606244041142791
2.0300000000000002487 0.00038322034199346830105 -0.0001609927767477654112
2.0400000000000000355 0.00038689465486817752049 -0.00017667939005327172532
2.0499999999999998224 0.0003906385130244291546 -0.0001563986473479292514
2.0600000000000000533 0.00039445707554927502813 -0.00018424181073436923296
2.0699999999999998401 0.00039835446059524072786 -0.00020215354870825063042
2.0800000000000000711 0.00040233418619517832176 -0.00022014762723610403045
2.0899999999999998579 0.0004063994720455095023 -0.00019618420723060370713
2.1000000000000000888 0.0004105534327659015356 -0.00020033816795099574043
2.1099999999999998757 0.00041479919510288890648 -0.00022660647865245839945
2.1200000000000001066 0.00041913996648307755592 -0.00024295956501535934482
2.1299999999999998934 0.0004235790749340097262 -0.00023338432053837581738
2.1400000000000001243 0.00042811999348487685645 -0.0002058924282391739666
2.1499999999999999112 0.00043276635689692863297 -0.00024056955000417603978
2.1600000000000001421 0.00043752197507402170243 -0.00024332311568415028935
2.1699999999999999289 0.00044239084541203976949 -0.00026220633895008416256
2.1800000000000001599 0.00044737716520496819111 -0.00023515984789294368446
2.1899999999999999467 0.00045248534465319707005 -0.00025228032777196957677
2.2000000000000001776 0.00045772002075588805832 -0.0002675252663602541766
2.2099999999999999645 0.00046308607225927953758 -0.00030092000916756187715
2.2200000000000001954 0.00046858863579420410254 -0.00029641232476880811312
2.2299999999999999822 0.00047423312332878816543 -0.00029004451187259513555
2.2400000000000002132 0.00048002524106847987463 -0.00028382432918148980429
2.25 0.00048597100994785333164 -0.00028977009806086320709
2.2600000000000002309 0.00049207678787446882795 -0.00026384307968932505916
2.2700000000000000178 0.00049834929390359594074 -0.00031616273494452162233
2.2800000000000002487 0.00050479563454384373308 -0.00030859472265685366273
2.2900000000000000355 0.00051142333241793432388 -0.00029920601510590979014
2.3000000000000002665 0.00051824035753044426795 -0.00032804560313481033202
2.3100000000000000533 0.00052525516142583523506 -0.00032304810659940425867
2.3199999999999998401 0.00053247671455612297347 -0.00032626555473545457414
2.3300000000000000711 0.0005399145472188484219 -0.00033370338739818002256
2.3399999999999998579 0.00054757879447349378215 -0.00034136763465282538282
2.3500000000000000888 0.00055548024549916647473 -0.00032124037982266657153
2.3599999999999998757 0.00056363039791949701759 -0.00035741923809882861825
2.3700000000000001066 0.00057204151769380874072 -0.00037383855330969995891
2.3799999999999998934 0.00058072670525839448653 -0.00037651759793484479866
2.3900000000000001243 0.00058969996870046213679 -0.00038348880887979373746
2.3999999999999999112 0.00059897630486247053355 -0.00043881229426787163881
2.4100000000000001421 0.00060857178940939031173 -0.00041237087752240024138
2.4199999999999999289 0.00061850367704966823911 -0.00040628635973764370536
2.4300000000000001599 0.00062879051328707598507 -0.0004085650005384917796
2.4399999999999999467 0.00063945225930082461637 -0.00042523290404359659952
2.4500000000000001776 0.00065051043181252798595 -0.00041426851363890937127
2.4599999999999999645 0.00066198826010932184955 -0.00045177299529441602727
2.4700000000000001954 0.00067391086276378576493 -0.00045568740251232032513
2.4799999999999999822 0.00068630544703656782071 -0.00044205533342638964273
2.4900000000000002132 0.00069920153448403048278 -0.000460957578365208385
2.5 0.00071263121694210276522 -0.00050842210961855307735
2.5100000000000002309 0.00072662944784628231455 -0.00049639368716401983429
2.5200000000000000178 0.00074123437481112886861 -0.00050699450913462896541
2.5300000000000002487 0.0007564877205756374845 -0.00046218635274515237898
2.5400000000000000355 0.00077243522088150777267 -0.00048814411553661627872
2.5500000000000002665 0.00078912712966565639466 -0.00051084215270829052419
2.5600000000000000533 0.00080661880421597001705 -0.00053634203724707899246
2.5699999999999998401 0.00082497138579304732896 -0.00053467412295679964639
2.5800000000000000711 0.00084425259483804327657 -0.00059800042873074644133
2.5899999999999998579 0.00086453766450839554091 -0.00055421990580479130878
2.6000000000000000888 0.00088591044223864864882 -0.00059761523189951967772
2.6099999999999998757 0.0009084646967698686848 -0.00060815717144802744487
2.6200000000000001066 0.00093230567827171974011 -0.00059395921371228400411
2.6299999999999998934 0.00095755199271726923558 -0.00063321986653383391472
2.6400000000000001243 0.00098433786991027906986 -0.00063998524785948709102
2.6499999999999999112 0.0010128159295380409662 -0.0006444387066256549064
2.6600000000000001421 0.0010431605845120949828 -0.00069079978157665861485
2.6699999999999999289 0.0010755722709359762448 -0.00064913561291863892261
2.6800000000000001599 0.0011102827686714255347 -0.00070186455402432615901
2.6899999999999999467 0.0011475619936035632088 -0.00072913351647087027568
2.7000000000000001776 0.0011877268389020939014 -0.00070122866417885614844
2.7099999999999999645 0.0012311529949414661347 -0.00074865892521246580477
2.7200000000000001954 0.0012782913485443574142 -0.0006636619886285048675
2.7299999999999999822 0.0013296918829965970969 -0.00070505226059515099281
2.7400000000000002132 0.0013860406045908167053 -0.0007013394654834701706
2.75 0.0014482200127281560486 -0.00060135279597717662507
2.7600000000000002309 0.001517412679157709339 -0.00058045321645170972619
2.7700000000000000178 0.0015952825993103922787 -0.00049215301217418326758
2.7800000000000002487 0.0016842913440068487015 -0.00034091569004703775082
2.7900000000000000355 0.0017882335358501148977 -0.00025466318570233092457
2.8000000000000002665 0.0019130989232506974765 1.0871256381608622454e-05
2.8100000000000000533 0.002068363537159096429 0.00030406593616651373183
2.8199999999999998401 0.0022687420322650589215 0.0006382347010916548935
2.8300000000000000711 0.0025362510748708037844 0.0011955703559762454087
2.8399999999999998579 0.0029021089448318026713 0.0021210347750499703237
2.8500000000000000888 0.00340755674763857817 0.0034074218034809877938
2.8599999999999998757 0.0041022645788621704341 0.00504310051776649549
2.8700000000000001066 0.0050388386198858062248 0.00753603803873264394
2.8799999999999998934 0.0062623983370298985304 0.011057336802578480311
2.8900000000000001243 0.0077954851022339535088 0.015408275283279355625
2.8999999999999999112 0.0096206212178003343988 0.019515213207887453783
2.9100000000000001421 0.011665099772007475262 0.025957426516025054741
2.9199999999999999289 0.013794036220653838054 0.030699523527280503377
2.9300000000000001599 0.015817239764210747066 0.037028875318291624985
2.9399999999999999467 0.01751246201511144282 0.042388876055519580932
2.9500000000000001776 0.01866251913430286638 0.04528496476290630457
2.9599999999999999645 0.019098327805394027523 0.047375744829779770084
2.9700000000000001954 0.018736362398144138647 0.047275230347636809647
2.9799999999999999822 0.017599321181450123391 0.044338104104127640248
2.9900000000000002132 0.015813282529776269414 0.040113986630971258662
3 0.013581841361368033466 0.034969874549066692904
3.0100000000000002309 0.011144835084526348232 0.028974246651084611948
3.0200000000000000178 0.0087334977798679946231 0.023413421738841186381
3.0300000000000002487 0.0065337576865419598471 0.017552907675577711366
3.0400000000000000355 0.0046653931048637378026 0.012444127628492741497
3.0500000000000002665 0.0031788960785383529699 0.0090656423255091357627
3.0600000000000000533 0.002066601652485848279 0.0057353874409370418641
3.0700000000000002842 0.0012816581341323143861 0.003667409585148405371
3.0800000000000000711 0.00075818552490096555348 0.0023229694846667722427
3.0899999999999998579 0.00042778701563350154859 0.0014501360147727354252
3.1000000000000000888 0.00023019500820345537191 0.00082088133042298853416
3.1099999999999998757 0.00011812801941799400509 0.00049650134049785852805
3.1200000000000001066 5.7806323989246714932e-05 0.00021647454797388168517
3.1299999999999998934 2.6973871457804489345e-05 0.00016121884499262602785
3.1400000000000001243 1.2001612512445058287e-05 4.4055791923260330183e-05
3.1499999999999999112 5.0915440336444025906e-06 4.2957657689543758412e-05
3.1600000000000001421 2.0594920570268545689e-06 1.195485905189949509e-05
3.1699999999999999289 7.9425544225695041179e-07 5.2118947731415701371e-06
3.1800000000000001599 2.9203832634194871182e-07 3.7120616656746144802e-06
3.1899999999999999467 1.0237415941098910296e-07 3.9017258326055743008e-06
3.2000000000000001776 3.4214008292365816632e-08 -3.4214008292365816632e-08
3.2099999999999999645 1.0901186913912831639e-08 -1.0901186913912831639e-08
3.2200000000000001954 3.3112630594009574367e-09 -3.3112630594009574367e-09
3.2299999999999999822 9.5886646588297507063e-10 -9.5886646588297507063e-10
3.2400000000000002132 2.6470500795416599662e-10 -2.6470500795416599662e-10
3.25 6.9662856934684936495e-11 -6.9662856934684936495e-11
3.2600000000000002309 1.7477183224722211806e-11 -1.7477183224722211806e-11
3.2700000000000000178 4.1799293625985132301e-12 -4.1799293625985132301e-12
3.2800000000000002487 9.5299458174807559826e-13 2.0020490430137001028e-06
3.2900000000000000355 2.0712515084121140541e-13 -2.0712515084121140541e-13
3.3000000000000002665 4.2913442293143163226e-14 -4.2913442293143163226e-14
3.3100000000000000533 8.4755794558435294185e-15 -8.4755794558435294185e-15
3.3200000000000002842 1.595727054413275369e-15 -1.595727054413275369e-15
3.3300000000000000711 2.8639062327197606892e-16 -2.8639062327197606892e-16
3.3399999999999998579 4.8996825350542342218e-17 -4.8996825350542342218e-17
3.3500000000000000888 7.9906881759123640601e-18 -7.9906881759123640601e-18
3.3599999999999998757 1.2422408013544884067e-18 -1.2422408013544884067e-18
3.3700000000000001066 1.8409040527837324014e-19 -1.8409040527837324014e-19
3.3799999999999998934 2.6005115194667774287e-20 -2.6005115194667774287e-20
3.3900000000000001243 3.5017672885082752655e-21 -3.5017672885082752655e-21
3.3999999999999999112 4.4948515532883663946e-22 -4.4948515532883663946e-22
3.4100000000000001421 5.4997352453257735774e-23 -5.4997352453257735774e-23
3.4199999999999999289 6.4145387785666801595e-24 -6.4145387785666801595e-24
3.4300000000000001599 7.1315715453863383091e-25 -7.1315715453863383091e-25
3.4399999999999999467 7.5578837824615029066e-26 -7.5578837824615029066e-26
3.4500000000000001776 7.6350061981076950479e-27 -7.6350061981076950479e-27
3.4599999999999999645 7.3521086004098534895e-28 -7.3521086004098534895e-28
3.4700000000000001954 6.7484950897392728165e-29 -6.7484950897392728165e-29
3.4799999999999999822 5.9046434433755207061e-30 -5.9046434433755207061e-30
3.4900000000000002132 4.9246049453252436778e-31 -4.9246049453252436778e-31
3.5 3.9150687651580232343e-32 -3.9150687651580232343e-32
3.5100000000000002309 2.9668596936167362428e-33 -2.9668596936167362428e-33
3.5200000000000000178 2.1431058021355833494e-34 -2.1431058021355833494e-34
3.5300000000000002487 1.4756338575203275331e-35 -1.4756338575203275331e-35
3.5400000000000000355 9.6850405335270999022e-37 2.0020499960082820195e-06
3.5500000000000002665 6.0591481470259782474e-38 -6.0591481470259782474e-38
3.5600000000000000533 3.6133371691078830832e-39 -3.6133371691078830832e-39
3.5700000000000002842 2.0539587206397379814e-40 -2.0539587206397379814e-40
3.5800000000000000711 1.1129118811220846309e-41 -1.1129118811220846309e-41
3.5899999999999998579 5.7479800649920287899e-43 -5.7479800649920287899e-43
3.6000000000000000888 2.8297933162352630499e-44 -2.8297933162352630499e-44
3.6099999999999998757 1.3279409692520628085e-45 -1.3279409692520628085e-45
3.6200000000000001066 5.9400080388076596056e-47 -5.9400080388076596056e-47
3.6299999999999998934 2.5326731226078145648e-48 -2.5326731226078145648e-48
3.6400000000000001243 1.0293302800267262613e-49 -1.0293302800267262613e-49
3.6499999999999999112 3.9876177608331650072e-51 -3.9876177608331650072e-51
3.6600000000000001421 1.4724994532637926151e-52 -1.4724994532637926151e-52
3.6699999999999999289 5.1829772843326395189e-54 -5.1829772843326395189e-54
3.6800000000000001599 1.7389444916268099918e-55 -1.7389444916268099918e-55
3.6899999999999999467 5.5612715724653785629e-57 -5.5612715724653785629e-57
3.7000000000000001776 1.6952907375084536495e-58 -1.6952907375084536495e-58
3.7099999999999999645 4.9260148701143253787e-60 -4.9260148701143253787e-60
3.7200000000000001954 1.364358319673187124e-61 -1.364358319673187124e-61
3.7299999999999999822 3.6019868748206817601e-63 -3.6019868748206817601e-63
3.7400000000000002132 9.0643472944289447812e-65 -9.0643472944289447812e-65
3.75 2.1742598983478137813e-66 -2.1742598983478137813e-66
3.7600000000000002309 4.9712622128438912581e-68 4.004099992016563192e-06
3.7700000000000000178 1.0834327961284015462e-69 -1.0834327961284015462e-69
3.7800000000000002487 2.2506977655050923866e-71 -2.2506977655050923866e-71
3.7900000000000000355 4.4566865204022259291e-73 -4.4566865204022259291e-73
3.8000000000000002665 8.4117531103011455226e-75 2.0020499960082820195e-06
3.8100000000000000533 1.5133531807941284575e-76 -1.5133531807941284575e-76
3.8200000000000002842 2.595214425189330349e-78 -2.595214425189330349e-78
3.8300000000000000711 4.2421420887610849096e-80 2.0020499960082820195e-06
3.8399999999999998579 6.6096129489705684447e-82 -6.6096129489705684447e-82
3.8500000000000000888 9.8162485375749361702e-84 -9.8162485375749361702e-84
3.8599999999999998757 1.3896121881148193011e-85 -1.3896121881148193011e-85
3.8700000000000001066 1.8750812524895909135e-87 -1.8750812524895909135e-87
3.8799999999999998934 2.41170863474202952e-89 -2.41170863474202952e-89
3.8900000000000001243 2.956703125476269894e-91 -2.956703125476269894e-91
3.8999999999999999112 3.4551635383183129554e-93 2.0020499960082820195e-06
3.9100000000000001421 3.8486407640514487942e-95 -3.8486407640514487942e-95
3.9199999999999999289 4.0862402843867760858e-97 -4.0862402843867760858e-97
3.9300000000000001599 4.1354051709438381163e-99 -4.1354051709438381163e-99
3.9399999999999999467 3.9892362564671916185e-101 2.0020499960082820195e-06
3.9500000000000001776 3.6680805424610351723e-103 -3.6680805424610351723e-103
3.9599999999999999645 3.2148837681698474983e-105 -3.2148837681698474983e-105
3.9700000000000001954 2.6857704507881775362e-107 -2.6857704507881775362e-107
3.9799999999999999822 2.1386987131863821451e-109 -2.1386987131863821451e-109
3.9900000000000002132 1.6233319182733316803e-111 -1.6233319182733316803e-111
4 1.1744700739661895561e-113 -1.1744700739661895561e-113
4.0099999999999997868 8.0994102493740118988e-116 -8.0994102493740118988e-116
4.0200000000000004619 5.3240431173844235753e-118 -5.3240431173844235753e-118
4.0300000000000002487 3.3358488773442505604e-120 -3.3358488773442505604e-120
4.0400000000000000355 1.992267834985194963e-122 -1.992267834985194963e-122
4.0499999999999998224 1.1341370757693620452e-124 -1.1341370757693620452e-124
4.0600000000000004974 6.1540321582649637192e-127 -6.1540321582649637192e-127
4.0700000000000002842 3.1829534325985241324e-129 -3.1829534325985241324e-129
4.0800000000000000711 1.5691954575567857198e-131 -1.5691954575567857198e-131
4.0899999999999998579 7.3739461117560900186e-134 2.0020499960082820195e-06
4.0999999999999996447 3.3029269164748164277e-136 -3.3029269164748164277e-136
4.1100000000000003197 1.4101781657751620489e-138 -1.4101781657751620489e-138
4.1200000000000001066 5.738851098154392841e-141 -5.738851098154392841e-141
4.1299999999999998934 2.2261365946242427099e-143 -2.2261365946242427099e-143
4.1399999999999996803 8.2310355617390527968e-146 -8.2310355617390527968e-146
4.1500000000000003553 2.900900951873244714e-148 -2.900900951873244714e-148
4.1600000000000001421 9.7451160342106147572e-151 -9.7451160342106147572e-151
4.1699999999999999289 3.1204466357201128432e-153 2.0020499960082820195e-06
4.1799999999999997158 9.5240590119508834451e-156 2.0020499960082820195e-06
4.1900000000000003908 2.7707855275109007082e-158 2.0020499960082820195e-06
4.2000000000000001776 7.6835018921402068988e-161 -7.6835018921402068988e-161
4.2099999999999999645 2.0309110337954741998e-163 -2.0309110337954741998e-163
4.2199999999999997513 5.1167941652899596665e-166 4.004099992016563192e-06
4.2300000000000004263 1.2287974282304332688e-168 -1.2287974282304332688e-168
4.2400000000000002132 2.8127937538892965193e-171 -2.8127937538892965193e-171
4.25 6.1372057456346638642e-174 -6.1372057456346638642e-174
4.2599999999999997868 1.276375993169354901e-176 -1.276375993169354901e-176
4.2700000000000004619 2.5302397497298264673e-179 -2.5302397497298264673e-179
4.2800000000000002487 4.7810113835711206372e-182 -4.7810113835711206372e-182
4.2900000000000000355 8.6109861887247086427e-185 2.0020499960082820195e-06
4.2999999999999998224 1.4782945461424050557e-187 -1.4782945461424050557e-187
4.3100000000000004974 2.4190451848358415971e-190 -2.4190451848358415971e-190
4.3200000000000002842 3.7731308624575638309e-193 -3.7731308624575638309e-193
4.3300000000000000711 5.6096348908826889719e-196 -5.6096348908826889719e-196
4.3399999999999998579 7.9495422728574670295e-199 -7.9495422728574670295e-199
4.3500000000000005329 1.0738025000904406695e-201 -1.0738025000904406695e-201
4.3600000000000003197 1.3825518253664669411e-204 -1.3825518253664669411e-204
4.3700000000000001066 1.6967314611739272566e-207 -1.6967314611739272566e-207
4.3799999999999998934 1.9848123427497611229e-210 -1.9848123427497611229e-210
4.3899999999999996803 2.2130967553544424907e-213 -2.2130967553544424907e-213
4.4000000000000003553 2.3521007781510044906e-216 -2.3521007781510044906e-216
4.4100000000000001421 2.3827912113148669374e-219 -2.3827912113148669374e-219
4.4199999999999999289 2.3008619352622765086e-222 -2.3008619352622765086e-222
4.4299999999999997158 2.1177251847670437743e-225 -2.1177251847670437743e-225
4.4400000000000003908 1.8579032019495308049e-228 -1.8579032019495308049e-228
4.4500000000000001776 1.5536420696029211536e-231 -1.5536420696029211536e-231
4.4599999999999999645 1.2383780286525374305e-234 -1.2383780286525374305e-234
4.4699999999999997513 9.4087049397660067331e-238 -9.4087049397660067331e-238
4.4800000000000004263 6.8136649697603637835e-241 -6.8136649697603637835e-241
4.4900000000000002132 4.7033358048081480389e-244 -4.7033358048081480389e-244
4.5 3.0946066596476775688e-247 -3.0946066596476775688e-247
4.5099999999999997868 1.9407927117200675226e-250 2.0020499960082820195e-06
4.5200000000000004619 1.1601844752850466426e-253 -1.1601844752850466426e-253
4.5300000000000002487 6.6107254358425315396e-257 -6.6107254358425315396e-257
4.5400000000000000355 3.5904206764205985634e-260 -3.5904206764205985634e-260
4.5499999999999998224 1.8587272775608033298e-263 -1.8587272775608033298e-263
4.5600000000000004974 9.1719167180010084046e-267 -9.1719167180010084046e-267
4.5700000000000002842 4.3139847102011456566e-270 -4.3139847102011456566e-270
4.5800000000000000711 1.9340653495064467696e-273 -1.9340653495064467696e-273
4.5899999999999998579 8.2649019617724882716e-277 2.0020499960082820195e-06
4.6000000000000005329 3.3664972488213690313e-280 -3.3664972488213690313e-280
4.6100000000000003197 1.3070517814382302188e-283 -1.3070517814382302188e-283
4.6200000000000001066 4.837057740485152807e-287 -4.837057740485152807e-287
4.6299999999999998934 1.7062539746662266592e-290 -1.7062539746662266592e-290
4.6399999999999996803 5.7369357269564055981e-294 -5.7369357269564055981e-294
4.6500000000000003553 1.8386123570183047699e-297 2.0020499960082820195e-06
4.6600000000000001421 5.6166094376543039363e-301 2.0020499960082820195e-06
4.6699999999999999289 1.6354305852809528742e-304 -1.6354305852809528742e-304
4.6799999999999997158 4.5390380597724868563e-308 -4.5390380597724868563e-308
4.6900000000000003908 1.2007962732064180865e-311 -1.2007962732064180865e-311
4.7000000000000001776 3.0279494224280151202e-315 -3.0279494224280151202e-315
4.7099999999999999645 7.277833996064482219e-319 -7.277833996064482219e-319
4.7199999999999997513 1.6798231958602382502e-322 -1.6798231958602382502e-322
4.7300000000000004263 0 0
4.7400000000000002132 0 0
4.75 0 0
4.7599999999999997868 0 0
4.7700000000000004619 0 0
4.7800000000000002487 0 2.0020499960082820195e-06
4.7900000000000000355 0 0
4.7999999999999998224 0 0
4.8100000000000004974 0 0
4.8200000000000002842 0 0
4.8300000000000000711 0 2.0020499960082820195e-06
4.8399999999999998579 0 2.0020499960082820195e-06
4.8500000000000005329 0 0
4.8600000000000003197 0 2.0020499960082820195e-06
4.8700000000000001066 0 0
4.8799999999999998934 0 0
4.8899999999999996803 0 0
4.9000000000000003553 0 0
4.9100000000000001421 0 4.004099992016563192e-06
4.9199999999999999289 0 0
4.9299999999999997158 0 4.004099992016563192e-06
4.9400000000000003908 0 0
4.9500000000000001776 0 2.0020499960082820195e-06
4.9599999999999999645 0 0
4.9699999999999997513 0 2.0020499960082820195e-06
4.9800000000000004263 0 0
4.9900000000000002132 0 0
5 0 0
5.0099999999999997868 0 2.0020499960082820195e-06
5.0200000000000004619 0 0
5.0300000000000002487 0 0
5.0400000000000000355 0 0
5.0499999999999998224 0 0
5.0600000000000004974 0 0
5.0700000000000002842 0 0
5.0800000000000000711 0 0
5.0899999999999998579 0 0
5.1000000000000005329 0 0
5.1100000000000003197 0 0
5.1200000000000001066 0 0
5.1299999999999998934 0 0
5.1399999999999996803 0 0
5.1500000000000003553 0 2.0020499960082820195e-06
5.1600000000000001421 0 0
5.1699999999999999289 0 0
5.1799999999999997158 0 0
5.1900000000000003908 0 2.0020499960082820195e-06
5.2000000000000001776 0 0
5.2099999999999999645 0 0
5.2199999999999997513 0 0
5.2300000000000004263 0 0
5.2400000000000002132 0 0
5.25 0 0
5.2599999999999997868 0 0
5.2700000000000004619 0 0
5.2800000000000002487 0 0
5.2900000000000000355 0 0
5.2999999999999998224 0 0
5.3100000000000004974 0 4.004099992016563192e-06
5.3200000000000002842 0 2.0020499960082820195e-06
5.3300000000000000711 0 0
5.3399999999999998579 0 2.0020499960082820195e-06
5.3500000000000005329 0 0
5.3600000000000003197 0 2.0020499960082820195e-06
5.3700000000000001066 0 0
5.3799999999999998934 0 0
5.3899999999999996803 0 0
5.4000000000000003553 0 0
5.4100000000000001421 0 0
5.4199999999999999289 0 0
5.4299999999999997158 0 0
5.4400000000000003908 0 0
5.4500000000000001776 0 0
5.4599999999999999645 0 2.0020499960082820195e-06
5.4699999999999997513 0 0
5.4800000000000004263 0 4.004099992016563192e-06
5.4900000000000002132 0 2.0020499960082820195e-06
5.5 0 0
5.5099999999999997868 0 4.004099992016563192e-06
5.5200000000000004619 0 0
5.5300000000000002487 0 0
5.5400000000000000355 0 2.0020499960082820195e-06
5.5499999999999998224 0 0
5.5600000000000004974 0 0
5.5700000000000002842 0 0
5.5800000000000000711 0 2.0020499960082820195e-06
5.5899999999999998579 0 2.0020499960082820195e-06
5.6000000000000005329 0 0
5.6100000000000003197 0 2.0020499960082820195e-06
5.6200000000000001066 0 0
5.6299999999999998934 0 0
5.6399999999999996803 0 0
5.6500000000000003553 0 0
5.6600000000000001421 0 0
5.6699999999999999289 0 0
5.6799999999999997158 0 0
5.6900000000000003908 0 0
5.7000000000000001776 0 0
5.7099999999999999645 0 2.0020499960082820195e-06
5.7199999999999997513 0 2.0020499960082820195e-06
5.7300000000000004263 0 2.0020499960082820195e-06
5.7400000000000002132 0 2.0020499960082820195e-06
5.75 0 0
5.7599999999999997868 0 0
5.7700000000000004619 0 4.004099992016563192e-06
5.7800000000000002487 0 6.0061502153985202312e-06
5.7900000000000000355 0 8.008199984033126384e-06
5.7999999999999998224 0 6.0061502153985202312e-06
5.8100000000000004974 0 4.004099992016563192e-06
5.8200000000000002842 0 1.0010250662162429228e-05
5.8300000000000000711 0 8.008199984033126384e-06
5.8399999999999998579 0 1.601639996806624938e-05
5.8500000000000005329 0 1.4014351108926350082e-05
5.8600000000000003197 0 1.601639996806624938e-05
5.8700000000000001066 0 3.4034852433251217008e-05
5.8799999999999998934 0 1.601639996806624938e-05
5.8899999999999996803 0 2.6026651539723388851e-05
5.9000000000000003553 0 3.8038950151531032544e-05
5.9100000000000001421 0 2.8028702217852700165e-05
5.9199999999999999289 0 3.2032799936132512312e-05
5.9299999999999997158 0 1.2012300430797040462e-05
5.9400000000000003908 0 2.0020501324324868619e-05
5.9500000000000001776 0 2.0020501324324868619e-05
5.9599999999999999645 0 4.804920172318816185e-05
5.9699999999999997513 0 2.4024600861594080925e-05
5.9800000000000004263 0 2.0020501324324868619e-05
5.9900000000000002132 0 2.6026651539723388851e-05
6 0 1.601639996806624938e-05
6.0099999999999997868 0 1.2012300430797040462e-05
6.0200000000000004619 0 1.2012300430797040462e-05
6.0300000000000002487 0 1.4014351108926350082e-05
6.0400000000000000355 0 2.0020499960082820195e-06
6.0499999999999998224 0 1.0010250662162429228e-05
6.0600000000000004974 0 0
6.0700000000000002842 0 8.008199984033126384e-06
6.0800000000000000711 0 0
6.0899999999999998579 0 0
6.1000000000000005329 0 0
6.1100000000000003197 0 0
6.1200000000000001066 0 0
6.1299999999999998934 0 0
6.1400000000000005684 0 0
6.1500000000000003553 0 0
6.1600000000000001421 0 0
6.1699999999999999289 0 0
6.1799999999999997158 0 0
6.1900000000000003908 0 0
6.2000000000000001776 0 0
6.2099999999999999645 0 0
6.2199999999999997513 0 0
6.2300000000000004263 0 0
6.2400000000000002132 0 0
6.25 0 0
6.2599999999999997868 0 0
6.2700000000000004619 0 0
6.2800000000000002487 0 0
6.2900000000000000355 0 0
6.2999999999999998224 0 0
6.3100000000000004974 0 0
6.3200000000000002842 0 0
6.3300000000000000711 0 0
6.3399999999999998579 0 0
6.3500000000000005329 0 0
6.3600000000000003197 0 0
6.3700000000000001066 0 0
6.3799999999999998934 0 0
6.3900000000000005684 0 0
6.4000000000000003553 0 0
6.4100000000000001421 0 0
6.4199999999999999289 0 0
6.4299999999999997158 0 0
6.4400000000000003908 0 0
6.4500000000000001776 0 0
6.4599999999999999645 0 0
6.4699999999999997513 0 0
6.4800000000000004263 0 0
6.4900000000000002132 0 0
6.5 0 0
6.5099999999999997868 0 0
6.5200000000000004619 0 0
6.5300000000000002487 0 0
6.5400000000000000355 0 0
6.5499999999999998224 0 0
6.5600000000000004974 0 0
6.5700000000000002842 0 0
6.5800000000000000711 0 0
6.5899999999999998579 0 0
6.6000000000000005329 0 0
6.6100000000000003197 0 0
6.6200000000000001066 0 0
6.6299999999999998934 0 0
6.6400000000000005684 0 0
6.6500000000000003553 0 0
6.6600000000000001421 0 0
6.6699999999999999289 0 0
6.6799999999999997158 0 0
6.6900000000000003908 0 0
6.7000000000000001776 0 0
6.7099999999999999645 0 0
6.7199999999999997513 0 0
6.7300000000000004263 0 0
6.7400000000000002132 0 0
6.75 0 0
6.7599999999999997868 0 0
6.7700000000000004619 0 0
6.7800000000000002487 0 0
6.7900000000000000355 0 0
6.7999999999999998224 0 0
6.8100000000000004974 0 0
6.8200000000000002842 0 0
6.8300000000000000711 0 0
6.8399999999999998579 0 0
6.8500000000000005329 0 0
6.8600000000000003197 0 0
6.8700000000000001066 0 0
6.8799999999999998934 0 0
6.8900000000000005684 0 0
6.9000000000000003553 0 0
6.9100000000000001421 0 0
6.9199999999999999289 0 0
6.9299999999999997158 0 0
6.9400000000000003908 0 0
6.9500000000000001776 0 0
6.9599999999999999645 0 0
6.9699999999999997513 0 0
6.9800000000000004263 0 0
6.9900000000000002132 0 0
7 0 0
7.0099999999999997868 0 0
7.0200000000000004619 0 0
7.0300000000000002487 0 0
7.0400000000000000355 0 0
7.0499999999999998224 0 0
7.0600000000000004974 0 0
7.0700000000000002842 0 0
7.0800000000000000711 0 0
7.0899999999999998579 0 0
7.1000000000000005329 0 0
7.1100000000000003197 0 0
7.1200000000000001066 0 0
7.1299999999999998934 0 0
7.1400000000000005684 0 0
7.1500000000000003553 0 0
7.1600000000000001421 0 0
7.1699999999999999289 0 0
7.1799999999999997158 0 0
7.1900000000000003908 0 0
7.2000000000000001776 0 0
7.2099999999999999645 0 0
7.2199999999999997513 0 0
7.2300000000000004263 0 0
7.2400000000000002132 0 0
7.25 0 0
7.2599999999999997868 0 0
7.2700000000000004619 0 0
7.2800000000000002487 0 0
7.2900000000000000355 0 0
7.2999999999999998224 0 0
7.3100000000000004974 0 0
7.3200000000000002842 0 0
7.3300000000000000711 0 0
7.3399999999999998579 0 0
7.3500000000000005329 0 0
7.3600000000000003197 0 0
7.3700000000000001066 0 0
7.3799999999999998934 0 0
7.3900000000000005684 0 0
7.4000000000000003553 0 0
7.4100000000000001421 0 0
7.4199999999999999289 0 0
7.4299999999999997158 0 0
7.4400000000000003908 0 0
7.4500000000000001776 0 0
7.4599999999999999645 0 0
7.4699999999999997513 0 0
7.4800000000000004263 0 0
7.4900000000000002132 0 0
7.5 0 0
7.5099999999999997868 0 0
7.5200000000000004619 0 0
7.5300000000000002487 0 0
7.5400000000000000355 0 0
7.5499999999999998224 0 0
7.5600000000000004974 0 0
7.5700000000000002842 0 0
7.5800000000000000711 0 0
7.5899999999999998579 0 0
7.6000000000000005329 0 0
7.6100000000000003197 0 0
7.6200000000000001066 0 0
7.6299999999999998934 0 0
7.6400000000000005684 0 0
7.6500000000000003553 0 0
7.6600000000000001421 0 0
7.6699999999999999289 0 0
7.6799999999999997158 0 0
7.6900000000000003908 0 0
7.7000000000000001776 0 0
7.7099999999999999645 0 0
7.7199999999999997513 0 0
7.7300000000000004263 0 0
7.7400000000000002132 0 0
7.75 0 0
7.7599999999999997868 0 0
7.7700000000000004619 0 0
7.7800000000000002487 0 0
7.7900000000000000355 0 0
7.7999999999999998224 0 0
7.8100000000000004974 0 0
7.8200000000000002842 0 0
7.8300000000000000711 0 0
7.8399999999999998579 0 0
7.8500000000000005329 0 0
7.8600000000000003197 0 0
7.8700000000000001066 0 0
7.8799999999999998934 0 0
7.8900000000000005684 0 0
7.9000000000000003553 0 0
7.9100000000000001421 0 0
7.9199999999999999289 0 0
7.930000000000000604 0 0
7.9400000000000003908 0 0
7.9500000000000001776 0 0
7.9599999999999999645 0 0
7.9699999999999997513 0 0
7.9800000000000004263 0 0
7.9900000000000002132 0 0
8 0 0
8.0099999999999997868 0 0
8.0199999999999995737 0 0
8.0299999999999993605 0 0
8.0400000000000009237 0 0
8.0500000000000007105 0 0
8.0600000000000004974 0 0
8.0700000000000002842 0 0
8.0800000000000000711 0 0
8.0899999999999998579 0 0
8.0999999999999996447 0 0
8.1099999999999994316 0 0
8.1200000000000009948 0 0
8.1300000000000007816 0 0
8.1400000000000005684 0 0
8.1500000000000003553 0 0
8.1600000000000001421 0 0
8.1699999999999999289 0 0
8.1799999999999997158 0 0
8.1899999999999995026 0 0
8.1999999999999992895 0 0
8.2100000000000008527 0 0
8.2200000000000006395 0 0
8.2300000000000004263 0 0
8.2400000000000002132 0 0
8.25 0 0
8.2599999999999997868 0 0
8.2699999999999995737 0 0
8.2799999999999993605 0 0
8.2900000000000009237 0 0
8.3000000000000007105 0 0
8.3100000000000004974 0 0
8.3200000000000002842 0 0
8.3300000000000000711 0 0
8.3399999999999998579 0 0
8.3499999999999996447 0 0
8.3599999999999994316 0 0
8.3700000000000009948 0 0
8.3800000000000007816 0 0
8.3900000000000005684 0 0
8.4000000000000003553 0 0
8.4100000000000001421 0 0
8.4199999999999999289 0 0
8.4299999999999997158 0 0
8.4399999999999995026 0 0
8.4499999999999992895 0 0
8.4600000000000008527 0 0
8.4700000000000006395 0 0
8.4800000000000004263 0 0
8.4900000000000002132 0 0
8.5 0 0
8.5099999999999997868 0 0
8.5199999999999995737 0 0
8.5299999999999993605 0 0
8.5400000000000009237 0 0
8.5500000000000007105 0 0
8.5600000000000004974 0 0
8.5700000000000002842 0 0
8.5800000000000000711 0 0
8.5899999999999998579 0 0
8.5999999999999996447 0 0
8.6099999999999994316 0 0
8.6200000000000009948 0 0
8.6300000000000007816 0 0
8.6400000000000005684 0 0
8.6500000000000003553 0 0
8.6600000000000001421 0 0
8.6699999999999999289 0 0
8.6799999999999997158 0 0
8.6899999999999995026 0 0
8.7000000000000010658 0 0
8.7100000000000008527 0 0
8.7200000000000006395 0 0
8.7300000000000004263 0 0
8.7400000000000002132 0 0
8.75 0 0
8.7599999999999997868 0 0
8.7699999999999995737 0 0
8.7799999999999993605 0 0
8.7900000000000009237 0 0
8.8000000000000007105 0 0
8.8100000000000004974 0 0
8.8200000000000002842 0 0
8.8300000000000000711 0 0
8.8399999999999998579 0 0
8.8499999999999996447 0 0
8.8599999999999994316 0 0
8.8700000000000009948 0 0
8.8800000000000007816 0 0
8.8900000000000005684 0 0
8.9000000000000003553 0 0
8.9100000000000001421 0 0
8.9199999999999999289 0 0
8.9299999999999997158 0 0
8.9399999999999995026 0 0
8.9500000000000010658 0 0
8.9600000000000008527 0 0
8.9700000000000006395 0 0
8.9800000000000004263 0 0
8.9900000000000002132 0 0
9 0 0
9.0099999999999997868 0 0
9.0199999999999995737 0 0
9.0299999999999993605 0 0
9.0400000000000009237 0 0
9.0500000000000007105 0 0
9.0600000000000004974 0 0
9.0700000000000002842 0 0
9.0800000000000000711 0 0
9.0899999999999998579 0 0
9.0999999999999996447 0 0
9.1099999999999994316 0 0
9.1200000000000009948 0 0
9.1300000000000007816 0 0
9.1400000000000005684 0 0
9.1500000000000003553 0 0
9.1600000000000001421 0 0
9.1699999999999999289 0 0
9.1799999999999997158 0 0
9.1899999999999995026 0 0
9.2000000000000010658 0 0
9.2100000000000008527 0 0
9.2200000000000006395 0 0
9.2300000000000004263 0 0
9.2400000000000002132 0 0
9.25 0 0
9.2599999999999997868 0 0
9.2699999999999995737 0 0
9.2799999999999993605 0 0
9.2900000000000009237 0 0
9.3000000000000007105 0 0
9.3100000000000004974 0 0
9.3200000000000002842 0 0
9.3300000000000000711 0 0
9.3399999999999998579 0 0
9.3499999999999996447 0 0
9.3599999999999994316 0 0
9.3700000000000009948 0 0
9.3800000000000007816 0 0
9.3900000000000005684 0 0
9.4000000000000003553 0 0
9.4100000000000001421 0 0
9.4199999999999999289 0 0
9.4299999999999997158 0 0
9.4399999999999995026 0 0
9.4500000000000010658 0 0
9.4600000000000008527 0 0
9.4700000000000006395 0 0
9.4800000000000004263 0 0
9.4900000000000002132 0 0
9.5 0 0
9.5099999999999997868 0 0
9.5199999999999995737 0 0
9.5299999999999993605 0 0
9.5400000000000009237 0 0
9.5500000000000007105 0 0
9.5600000000000004974 0 0
9.5700000000000002842 0 0
9.5800000000000000711 0 0
9.5899999999999998579 0 0
9.5999999999999996447 0 0
9.6099999999999994316 0 0
9.6200000000000009948 0 0
9.6300000000000007816 0 0
9.6400000000000005684 0 0
9.6500000000000003553 0 0
9.6600000000000001421 0 0
9.6699999999999999289 0 0
9.6799999999999997158 0 0
9.6899999999999995026 0 0
9.7000000000000010658 0 0
9.7100000000000008527 0 0
9.7200000000000006395 0 0
9.7300000000000004263 0 0
9.7400000000000002132 0 0
9.75 0 0
9.7599999999999997868 0 0
9.7699999999999995737 0 0
9.7799999999999993605 0 0
9.7900000000000009237 0 0
9.8000000000000007105 0 0
9.8100000000000004974 0 0
9.8200000000000002842 0 0
9.8300000000000000711 0 0
9.8399999999999998579 0 0
9.8499999999999996447 0 0
9.8599999999999994316 0 0
9.8700000000000009948 0 0
9.8800000000000007816 0 0
9.8900000000000005684 0 0
9.9000000000000003553 0 0
9.9100000000000001421 0 0
9.9199999999999999289 0 0
9.9299999999999997158 0 0
9.9399999999999995026 0 0
9.9500000000000010658 0 0
9.9600000000000008527 0 0
9.9700000000000006395 0 0
9.9800000000000004263 0 0
9.9900000000000002132 0 0
10 0 0
10.009999999999999787 0 0
10.019999999999999574 0 0
10.029999999999999361 0 0
10.040000000000000924 0 0
10.050000000000000711 0 0
10.060000000000000497 0 0
10.070000000000000284 0 0
10.080000000000000071 0 0
10.089999999999999858 0 0
10.099999999999999645 0 0
10.109999999999999432 0 0
10.120000000000000995 0 0
10.130000000000000782 0 0
10.140000000000000568 0 0
10.150000000000000355 0 0
10.160000000000000142 0 0
10.169999999999999929 0 0
10.179999999999999716 0 0
10.189999999999999503 0 0
10.200000000000001066 0 0
10.210000000000000853 0 0
10.220000000000000639 0 0
10.230000000000000426 0 0
