0 1.2974415995759455145e-73 -1.2974415995759455145e-73
0.010000000000000000208 1.1132930797613177823e-71 -1.1132930797613177823e-71
0.020000000000000000416 8.8802782392892640933e-70 -8.8802782392892640933e-70
0.02999999999999999889 6.584745752837710987e-68 -6.584745752837710987e-68
0.040000000000000000833 4.538860368529787633e-66 -4.538860368529787633e-66
0.050000000000000002776 2.9083723652492103576e-64 -2.9083723652492103576e-64
0.05999999999999999778 1.7324015869926806608e-62 -1.7324015869926806608e-62
0.070000000000000006661 9.5927364912940036187e-61 -9.5927364912940036187e-61
0.080000000000000001665 4.9377811483434735929e-59 -4.9377811483434735929e-59
0.089999999999999996669 2.3627433183424774484e-57 -2.3627433183424774484e-57
0.10000000000000000555 1.0509852915160541583e-55 -1.0509852915160541583e-55
0.11000000000000000056 4.3458239221919780737e-54 -4.3458239221919780737e-54
0.11999999999999999556 1.6704866735592477435e-52 -1.6704866735592477435e-52
0.13000000000000000444 5.9691063335193093707e-51 -5.9691063335193093707e-51
0.14000000000000001332 1.9827640669745243079e-49 -1.9827640669745243079e-49
0.14999999999999999445 6.1224917088204166366e-48 0.00012201439676573500037
0.16000000000000000333 1.7574413346935253152e-46 0.00010801274765981359915
0.17000000000000001221 4.6895261722604946457e-45 0.00012601487105712289158
0.17999999999999999334 1.1632488424533946635e-43 0.00013801628665532919495
0.19000000000000000222 2.6823280248339016845e-42 0.00011201321467524390327
0.2000000000000000111 5.749721535007749637e-41 0.00014401698717847469179
0.20999999999999999223 1.14571738062535721e-39 0.00013201557158026838842
0.22000000000000000111 2.1222868666364423142e-38 9.8011565569322556257e-05
0.23000000000000000999 3.6544896932904506408e-37 0.00015601841732859608801
0.23999999999999999112 5.8498630384435909576e-36 0.00012401463754940780728
0.25 8.7048494873730538043e-35 0.0001280151045648381114
0.26000000000000000888 1.2041313351874038491e-33 0.00013601605314761400223
0.27000000000000001776 1.5484030706288338597e-32 0.00012401463754940780728
0.28000000000000002665 1.8509406637624252849e-31 0.00018602194904815411028
0.28999999999999998002 2.0568387924862430471e-30 0.00013001533807255330412
0.2999999999999999889 2.1247537421671738117e-29 0.00015601841732859608801
0.30999999999999999778 2.0404186428200015457e-28 0.00012201439676573500037
0.32000000000000000666 1.8215228364424001178e-27 0.00014401698717847469179
0.33000000000000001554 1.5116725299921105342e-26 0.00017002006643451750278
0.34000000000000002442 1.1662528989168709242e-25 0.00015601841732859608801
0.35000000000000003331 8.3646007430958454196e-25 0.00012601487105712289158
0.35999999999999998668 5.57728179579258648e-24 0.00014801746874582019718
0.36999999999999999556 3.4572819451037056611e-23 0.00016601958486717188898
0.38000000000000000444 1.9924855399028600513e-22 0.00016001888434402639213
0.39000000000000001332 1.0676320840974163584e-21 0.00015601841732859608801
0.4000000000000000222 5.3190998560879355339e-21 0.0001900224160635843873
0.41000000000000003109 2.4642064120830702735e-20 0.00016401935135945677757
0.41999999999999998446 1.0616515096571499448e-19 0.00016801983292680220164
0.42999999999999999334 4.2541382164873563834e-19 0.00020202383166179017568
0.44000000000000000222 1.5857888104017800615e-18 0.00016401935135945520548
0.4500000000000000111 5.5003559448873363461e-18 0.00020202383166178510703
0.46000000000000001998 1.7757991888669057163e-17 0.00019202266412319705458
0.47000000000000002887 5.3389129750334779943e-17 0.00019602313113859171556
0.47999999999999998224 1.4956765493654993133e-16 0.00018602194904800454459
0.48999999999999999112 3.9076538410881065158e-16 0.00019602313113825433895
0.5 9.5321061970041966672e-16 0.00018202148203177049429
0.51000000000000000888 2.1743876097106531699e-15 0.00019602313113647071795
0.52000000000000001776 4.6481707788165719837e-15 0.00018002124852036044899
0.53000000000000002665 9.3381665654645640003e-15 0.00021402526180257390779
0.54000000000000003553 1.7697580642477720408e-14 0.00021602549530192963071
0.55000000000000004441 3.1795163813565132847e-14 0.00019802336461456515495
0.56000000000000005329 5.448325092337474084e-14 0.00018002124847052536718
0.57000000000000006217 8.9701346394972364939e-14 0.00020602431313943483774
0.57999999999999996003 1.4306238034237570397e-13 0.00018602194890509173627
0.58999999999999996891 2.2288538979913017111e-13 0.0002540299608471603709
0.5999999999999999778 3.4180658828305113643e-13 0.00021802572848553581123
0.60999999999999998668 5.1905676105610147314e-13 0.00020202383114273386082
0.61999999999999999556 7.8350999900893489567e-13 0.00017402053266643780416
0.63000000000000000444 1.177746492736891865e-12 0.0002120250125745352075
0.64000000000000001332 1.763625090346474113e-12 0.00025402995930642066711
0.6500000000000000222 2.6301616829581349666e-12 0.0002420285573935931217
0.66000000000000003109 3.9047909868311793692e-12 0.00024202855611896382094
0.67000000000000003997 5.7693581558185605979e-12 0.00024002832074668153375
0.68000000000000004885 8.4825327636000861816e-12 0.00024202855154122204372
0.69000000000000005773 1.2410879189180568935e-11 0.00025603019671879704081
0.70000000000000006661 1.807163722118691017e-11 0.00026403112508889965389
0.70999999999999996447 2.6191400607300866932e-11 0.00028203326219431850428
0.71999999999999997335 3.7786360238148108018e-11 0.0002680316014934374237
0.72999999999999998224 5.4271678822142497468e-11 0.00029403463516033126945
0.73999999999999999112 7.761002588667666276e-11 0.00029403461182198422676
0.75 1.1051252082753031177e-10 0.00033803977429688376486
0.76000000000000000888 1.567095449427882177e-10 0.00035204137720578108179
0.77000000000000001776 2.2131437556923794324e-10 0.00038204485887242365131
0.78000000000000002665 3.1130971935632116243e-10 0.00032603817245339424121
0.79000000000000003553 4.3619642483832263896e-10 0.00038604511100580465388
0.80000000000000004441 6.0885550533404297178e-10 0.00041804873267782777062
0.81000000000000005329 8.4668981909694813149e-10 0.00037804376648154966976
0.82000000000000006217 1.1731312339433734253e-09 0.00039604555616148669032
0.83000000000000007105 1.6196239719489439615e-09 0.00046005266922712528734
0.83999999999999996891 2.2282264866456078174e-09 0.00045405134554954987769
0.8499999999999999778 3.0550144118374826548e-09 0.00042804746860941226367
0.85999999999999998668 4.1745179977650642336e-09 0.00042004538597113522808
0.86999999999999999556 5.6854916897797150405e-09 0.00043004505708793430794
0.88000000000000000444 7.7183944063765285635e-09 0.0003960390108983142545
0.89000000000000001332 1.0445060700564970696e-08 0.00043204054557855392288
0.9000000000000000222 1.4091170333296739365e-08 0.00045403948260570322444
0.91000000000000003109 1.8952282969650740795e-08 0.00047403698567404894525
0.92000000000000003997 2.5414403212767239549e-08 0.00045002769235739345554
0.93000000000000004885 3.3980288152345218079e-08 0.00044601865945702345081
0.94000000000000005773 4.5303016149170228428e-08 0.00056202102569565860497
0.95000000000000006661 6.0228715225032197338e-08 0.00045199312610501155875
0.95999999999999996447 7.9850818575669272954e-08 0.00052198174953126781021
0.96999999999999997335 1.0557879321839803428e-07 0.00050795434334687330786
0.97999999999999998224 1.392249995961688675e-07 0.00053392380550036882929
0.98999999999999999112 1.8311421398075860417e-07 0.00052587898225512350655
1 2.4022141651158822428e-07 0.00050381926281198015447
1.0100000000000000089 3.1434475741078640755e-07 0.00056175198395439689212
1.0200000000000000178 4.1032221234298186601e-07 0.00055565532052823443914
1.0300000000000000266 5.3430238484990426212e-07 0.00054753034811720602531
1.0400000000000000355 6.9408228066485812117e-07 0.00056737293240237309921
1.0500000000000000444 8.9952775050929772315e-07 0.00054916537081117701609
1.0600000000000000533 1.1630957757129257732e-06 0.00058890653114793752466
1.0700000000000000622 1.500481974451485833e-06 0.00054256373061600457475
1.0800000000000000711 1.9314217772193717463e-06 0.00061614150335827385339
1.0900000000000000799 2.4806798254431314302e-06 0.00056558633485759486105
1.1000000000000000888 3.1792694834224548671e-06 0.00062889533386182271124
1.1100000000000000977 4.0659531514334687976e-06 0.00060000535198196887961
1.1200000000000001066 5.1890845958808695055e-06 0.00054487581396580545955
1.1300000000000001155 6.6088670836348491542e-06 0.00053345484938756033283
1.1400000000000001243 8.4001160838898159986e-06 0.00067768083562541050428
1.1500000000000001332 1.0655633097732320318e-05 0.00063542059024960368101
1.1599999999999999201 1.3490318266999407626e-05 0.00064058683911119725617
1.1699999999999999289 1.7046174334743607491e-05 0.0006750354633457869135
1.1799999999999999378 2.1498383875336980964e-05 0.0006745837499244543246
1.1899999999999999467 2.7062676134759725162e-05 0.00063701566333392804081
1.1999999999999999556 3.4004240016906891011e-05 0.00070008237408521829716
1.2099999999999999645 4.2648486436710650001e-05 0.00060942848108951660612
1.2199999999999999734 5.339401713309642548e-05 0.00070069496115001089591
1.2299999999999999822 6.6728218707273498724e-05 0.00066935864345448207666
1.2399999999999999911 8.3245970551260406001e-05 0.00063683902354877387157
1.25 0.00010367203354392647246 0.00066841906086053250007
1.2600000000000000089 0.00012888777243388456983 0.00073521420884462430467
1.2700000000000000178 0.00015996295731438380894 0.00072014089202584639048
1.2800000000000000266 0.00019819348575979790967 0.00066790868537068049954
1.2900000000000000355 0.0002451459622277253397 0.00069096448353619043751
1.3000000000000000444 0.00030271015750917733885 0.00060139655213129578851
1.3100000000000000533 0.00037316043674177060878 0.0006409592758941044105
1.3200000000000000622 0.00045922727417168181718 0.00064490301907095103767
1.3300000000000000711 0.00056417995114039695952 0.00054395083822149695434
1.3400000000000000799 0.00069192146815876454016 0.00055222537435074337594
1.3500000000000000888 0.00084709670851614233059 0.00046305785429988171285
1.3600000000000000977 0.0010352154757039915261 0.0004469593725023495237
1.3700000000000001066 0.0012627948987391215616 0.00039740097903642854389
1.3800000000000001155 0.0015375358213026012622 0.00042869614695124967467
1.3900000000000001243 0.0018685777626597703614 0.00028767660710574973447
1.4000000000000001332 0.0022669544264592562076 0.000231340266027268808
1.4099999999999999201 0.0027465462836959195041 0.00018579967659332037935
1.4199999999999999289 0.003326164025593331651 2.4231218021580382127e-05
1.4299999999999999378 0.0040339271485561991118 -0.00023947939684042024097
1.4399999999999999467 0.0049156846969813632747 -0.00031714211473768232075
1.4499999999999999556 0.0060493251915749854039 -0.00059268108119338216294
1.4599999999999999645 0.0075653447980114831711 -0.00076454237346142758097
1.4699999999999999734 0.0096695967526894670979 -0.00073854295031844201247
1.4799999999999999822 0.012656207272014831713 -0.0010108333837010614192
1.4899999999999999911 0.016889584022299744537 -0.00049164961530397469081
1.5 0.022731076455747383641 -0.00012840842369725435912
1.5100000000000000089 0.030397802245282500716 1.7786744571358231726e-05
1.5200000000000000178 0.039774042011464207091 0.00043070277455987959758
1.5300000000000000266 0.05024131465919890599 0.00071269940368256373686
1.5400000000000000355 0.060625769239515854558 0.00065546106114904717499
1.5500000000000000444 0.06934775207365910521 0.000458488425360517593
1.5600000000000000533 0.074783368262599167475 0.00040950789754563843292
1.5700000000000000622 0.075737360658721580853 -0.00018644684799160038402
1.5800000000000000711 0.071843206442924537058 -0.00053479478511432587684
1.5900000000000000799 0.063711130763223378093 -0.0004796700131203812667
1.6000000000000000888 0.052749583631187077493 -0.00043941116276323410883
1.6100000000000000977 0.040736061607531272311 -0.00045130876176711215431
1.6200000000000001066 0.029321732113488572363 -9.0282524355313198416e-05
1.6300000000000001155 0.019661813349926192396 -0.00013550867279740405613
1.6400000000000001243 0.012277482953162735524 0.00027799891283934383135
1.6500000000000001332 0.0071369959915903577116 0.00064992290559139163225
1.6600000000000001421 0.0038613544561798031352 0.00052316274783664393211
1.6699999999999999289 0.0019440230280185378121 0.00051626718416565337173
1.6799999999999999378 0.00091061820286938370116 0.00022751607455632225172
1.6899999999999999467 0.00039681901140380918154 0.00021725347582008422247
1.6999999999999999556 0.00016085234401783658114 8.1176216005918226887e-05
1.7099999999999999645 6.0646547253490416514e-05 6.3368090295917397538e-05
1.7199999999999999734 2.1266663844839636395e-05 2.4738765040270086219e-05
1.7299999999999999822 6.9355794267807177248e-06 2.106772424203027334e-05
1.7399999999999999911 2.1034659140044249822e-06 9.8979505936964946129e-06
1.75 5.9325286867340476822e-07 3.4072191489777862131e-06
1.7600000000000000089 1.555896272782118121e-07 5.8451186265722501295e-06
1.7700000000000000178 3.7944139113885280575e-08 -3.7944139113885280575e-08
1.7800000000000000266 8.6044000417418388378e-09 -8.6044000417418388378e-09
1.7900000000000000355 1.8142548806693057897e-09 1.9984217539449256337e-06
1.8000000000000000444 3.5568784333187351208e-10 -3.5568784333187351208e-10
1.8100000000000000533 6.4837309451414519443e-11 2.0001711715161438235e-06
1.8200000000000000622 1.0989028190427428379e-11 2.000225019797404594e-06
1.8300000000000000711 1.7316725846222995472e-12 -1.7316725846222995472e-12
1.8400000000000000799 2.5371080573048821391e-13 -2.5371080573048821391e-13
1.8500000000000000888 3.4560012933171816376e-14 -3.4560012933171816376e-14
1.8600000000000000977 4.3768949627793383147e-15 2.0002360044487001194e-06
1.8700000000000001066 5.1536108730429993682e-16 -5.1536108730429993682e-16
1.8800000000000001155 5.6416578459967066685e-17 -5.6416578459967066685e-17
1.8900000000000001243 5.7418013607928435579e-18 -5.7418013607928435579e-18
1.9000000000000001332 5.4329143238188572993e-19 -5.4329143238188572993e-19
1.9100000000000001421 4.7792313264463677442e-20 -4.7792313264463677442e-20
1.9199999999999999289 3.9085998622827432455e-21 2.0002360088255912555e-06
1.9299999999999999378 2.9718029220978671084e-22 -2.9718029220978671084e-22
1.9399999999999999467 2.1006431549055572296e-23 -2.1006431549055572296e-23
1.9499999999999999556 1.380435324020915879e-24 -1.380435324020915879e-24
1.9599999999999999645 8.433532342995104812e-26 -8.433532342995104812e-26
1.9699999999999999734 4.7899495354570770577e-27 -4.7899495354570770577e-27
1.9799999999999999822 2.5291742840031646191e-28 2.0002360088255950671e-06
1.9899999999999999911 1.2415136758618098035e-29 4.0004720176511909813e-06
2 5.6656249874154760993e-31 -5.6656249874154760993e-31
2.0100000000000002309 2.4036234656414921148e-32 -2.4036234656414921148e-32
2.0200000000000000178 9.479952249759138406e-34 -9.479952249759138406e-34
2.0300000000000002487 3.4758886543939454083e-35 -3.4758886543939454083e-35
2.0400000000000000355 1.1847985419610160922e-36 -1.1847985419610160922e-36
2.0499999999999998224 3.7544051514951494146e-38 2.0002360088255950671e-06
2.0600000000000000533 1.1059992061862761506e-39 -1.1059992061862761506e-39
2.0699999999999998401 3.0288982290828502112e-41 2.0002360088255950671e-06
2.0800000000000000711 7.711341231778185077e-43 -7.711341231778185077e-43
2.0899999999999998579 1.8251130405454677696e-44 2.0002360088255950671e-06
2.1000000000000000888 4.0157206837350109707e-46 2.0002360088255950671e-06
2.1099999999999998757 8.2139191769197048359e-48 -8.2139191769197048359e-48
2.1200000000000001066 1.561888056462243472e-49 -1.561888056462243472e-49
2.1299999999999998934 2.7609676688416529202e-51 -2.7609676688416529202e-51
2.1400000000000001243 4.5371600124820593046e-53 -4.5371600124820593046e-53
2.1499999999999999112 6.9313475792935795044e-55 -6.9313475792935795044e-55
2.1600000000000001421 9.8437719331557709645e-57 -9.8437719331557709645e-57
2.1699999999999999289 1.2996164378500657006e-58 2.0002360088255950671e-06
2.1800000000000001599 1.5950641819882704843e-60 -1.5950641819882704843e-60
2.1899999999999999467 1.8199103485114179526e-62 -1.8199103485114179526e-62
2.2000000000000001776 1.9303242311654927752e-64 -1.9303242311654927752e-64
2.2099999999999999645 1.9033495681937733146e-66 -1.9033495681937733146e-66
2.2200000000000001954 1.7446748133160032993e-68 -1.7446748133160032993e-68
2.2299999999999999822 1.4866806577277422149e-70 2.0002360088255950671e-06
2.2400000000000002132 1.1776813605353986713e-72 2.0002360088255950671e-06
2.25 8.6725034767449979754e-75 -8.6725034767449979754e-75
2.2600000000000002309 5.937004932352606628e-77 -5.937004932352606628e-77
2.2700000000000000178 3.7782985503258536636e-79 2.0002360088255950671e-06
2.2800000000000002487 2.2352740196684520692e-81 -2.2352740196684520692e-81
2.2900000000000000355 1.2293360584533086236e-83 4.0004720176511909813e-06
2.3000000000000002665 6.2851485648244052095e-86 2.0002360088255950671e-06
2.3100000000000000533 2.9872068035201350425e-88 -2.9872068035201350425e-88
2.3199999999999998401 1.3198348573191711335e-90 -1.3198348573191711335e-90
2.3300000000000000711 5.4209851598575995312e-93 -5.4209851598575995312e-93
2.3399999999999998579 2.0698597996067034734e-95 -2.0698597996067034734e-95
2.3500000000000000888 7.3469571093285354233e-98 -7.3469571093285354233e-98
2.3599999999999998757 2.4242518008305889324e-100 -2.4242518008305889324e-100
2.3700000000000001066 7.4362056141902909435e-103 -7.4362056141902909435e-103
2.3799999999999998934 2.1204512543371170883e-105 2.0002360088255950671e-06
2.3900000000000001243 5.6209308825268872624e-108 4.0004720176511909813e-06
2.3999999999999999112 1.3851316719379058348e-110 -1.3851316719379058348e-110
2.4100000000000001421 3.173047392047807309e-113 -3.173047392047807309e-113
2.4199999999999999289 6.7571657050747685361e-116 2.0002360088255950671e-06
2.4300000000000001599 1.3376882886521715434e-118 -1.3376882886521715434e-118
2.4399999999999999467 2.4617699437072969288e-121 -2.4617699437072969288e-121
2.4500000000000001776 4.2115507102488444353e-124 -4.2115507102488444353e-124
2.4599999999999999645 6.6978972790954426401e-127 2.0002360088255950671e-06
2.4700000000000001954 9.9023133588999811999e-130 -9.9023133588999811999e-130
2.4799999999999999822 1.3609320508535034551e-132 -1.3609320508535034551e-132
2.4900000000000002132 1.7387521383157666669e-135 -1.7387521383157666669e-135
2.5 2.0650959697982623546e-138 2.0002360088255950671e-06
2.5100000000000002309 2.2800480588916896893e-141 2.0002360088255950671e-06
2.5200000000000000178 2.3401777192854765974e-144 -2.3401777192854765974e-144
2.5300000000000002487 2.232824746649239235e-147 -2.232824746649239235e-147
2.5400000000000000355 1.9804381137064454381e-150 -1.9804381137064454381e-150
2.5500000000000002665 1.632934049650912251e-153 -1.632934049650912251e-153
2.5600000000000000533 1.2516319359367669166e-156 4.0004720176511909813e-06
2.5699999999999998401 8.9183629548733307542e-160 -8.9183629548733307542e-160
2.5800000000000000711 5.9073685219237080083e-163 2.0002360088255950671e-06
2.5899999999999998579 3.6375025036981331088e-166 2.0002360088255950671e-06
2.6000000000000000888 2.0821535613180009216e-169 -2.0821535613180009216e-169
2.6099999999999998757 1.1079555479610569798e-172 -1.1079555479610569798e-172
2.6200000000000001066 5.4806485220333754307e-176 -5.4806485220333754307e-176
2.6299999999999998934 2.5202377493571177142e-179 -2.5202377493571177142e-179
2.6400000000000001243 1.0773354081171236655e-182 -1.0773354081171236655e-182
2.6499999999999999112 4.28114692038123775e-186 2.0002360088255950671e-06
2.6600000000000001421 1.5814993821460098567e-189 -1.5814993821460098567e-189
2.6699999999999999289 5.4309716784761240208e-193 -5.4309716784761240208e-193
2.6800000000000001599 1.7337464699373937083e-196 -1.7337464699373937083e-196
2.6899999999999999467 5.1450915549524609345e-200 4.0004720176511909813e-06
2.7000000000000001776 1.4193843672372704173e-203 2.0002360088255950671e-06
2.7099999999999999645 3.6400407899503683601e-207 -3.6400407899503683601e-207
2.7200000000000001954 8.6778419544456970275e-211 -8.6778419544456970275e-211
2.7299999999999999822 1.9231643877086350404e-214 -1.9231643877086350404e-214
2.7400000000000002132 3.962052273596501717e-218 -3.962052273596501717e-218
2.75 7.587925372391926068e-222 -7.587925372391926068e-222
2.7600000000000002309 1.3509052689999706085e-225 -1.3509052689999706085e-225
2.7700000000000000178 2.2357625359127559683e-229 -2.2357625359127559683e-229
2.7800000000000002487 3.4397377182379149889e-233 2.0002360088255950671e-06
2.7900000000000000355 4.9195321191612852702e-237 -4.9195321191612852702e-237
2.8000000000000002665 6.5406518596999694856e-241 2.0002360088255950671e-06
2.8100000000000000533 8.0838263002693719401e-245 4.0004720176511909813e-06
2.8199999999999998401 9.2877724305618096964e-249 4.0004720176511909813e-06
2.8300000000000000711 9.9198420967493191372e-253 -9.9198420967493191372e-253
2.8399999999999998579 9.8490989865962549182e-257 -9.8490989865962549182e-257
2.8500000000000000888 9.0904785276116034036e-261 -9.0904785276116034036e-261
2.8599999999999998757 7.7996558358592870114e-265 -7.7996558358592870114e-265
2.8700000000000001066 6.2210334666419405478e-269 2.0002360088255950671e-06
2.8799999999999998934 4.6126233486387843498e-273 -4.6126233486387843498e-273
2.8900000000000001243 3.1793018319160530209e-277 -3.1793018319160530209e-277
2.8999999999999999112 2.0371067841908839037e-281 -2.0371067841908839037e-281
2.9100000000000001421 1.213372238245703988e-285 2.0002360088255950671e-06
2.9199999999999999289 6.7185026835207674348e-290 4.0004720176511909813e-06
2.9300000000000001599 3.4581917958476179241e-294 -3.4581917958476179241e-294
2.9399999999999999467 1.6547171082468128903e-298 2.0002360088255950671e-06
2.9500000000000001776 7.3603166434858927352e-303 6.0007082538504619151e-06
2.9599999999999999645 3.0434576346626107584e-307 2.0002360088255950671e-06
2.9700000000000001954 1.1698656964519453715e-311 -1.1698656964519453715e-311
2.9799999999999999822 4.1802542025822385294e-316 -4.1802542025822385294e-316
2.9900000000000002132 1.3883244648139027891e-320 4.0004720176511909813e-06
3 0 4.0004720176511909813e-06
3.0100000000000002309 0 1.0001180271501649508e-05
3.0200000000000000178 0 8.0009440353023819625e-06
3.0300000000000002487 0 2.0002360088255950671e-06
3.0400000000000000355 0 1.2001416507700920442e-05
3.0500000000000002665 0 1.6001888070604760537e-05
3.0600000000000000533 0 2.0002360543003309181e-05
3.0700000000000002842 0 8.0009440353023819625e-06
3.0800000000000000711 0 2.0002360543003309181e-05
3.0899999999999998579 0 1.4001651834405489603e-05
3.1000000000000000888 0 2.4002833015401851049e-05
3.1099999999999998757 0 2.4002833015401851049e-05
3.1200000000000001066 0 3.4004013286903500557e-05
3.1299999999999998934 0 2.0002360543003309181e-05
3.1400000000000001243 0 2.600306834210642021e-05
3.1499999999999999112 0 3.0003540814504958689e-05
3.1600000000000001421 0 3.200377614120952785e-05
3.1699999999999999289 0 1.8002123397309329698e-05
3.1800000000000001599 0 2.0002360543003309181e-05
3.1899999999999999467 0 1.6001888070604760537e-05
3.2000000000000001776 0 1.4001651834405489603e-05
3.2099999999999999645 0 1.6001888070604760537e-05
3.2200000000000001954 0 1.0001180271501649508e-05
3.2299999999999999822 0 8.0009440353023819625e-06
3.2400000000000002132 0 1.0001180271501649508e-05
3.25 0 0
3.2600000000000002309 0 2.0002360088255950671e-06
3.2700000000000000178 0 0
3.2800000000000002487 0 4.0004720176511909813e-06
3.2900000000000000355 0 0
3.3000000000000002665 0 0
3.3100000000000000533 0 0
3.3200000000000002842 0 0
3.3300000000000000711 0 0
3.3399999999999998579 0 0
3.3500000000000000888 0 0
3.3599999999999998757 0 0
3.3700000000000001066 0 0
3.3799999999999998934 0 0
3.3900000000000001243 0 0
3.3999999999999999112 0 0
3.4100000000000001421 0 0
3.4199999999999999289 0 0
3.4300000000000001599 0 0
3.4399999999999999467 0 0
3.4500000000000001776 0 0
3.4599999999999999645 0 0
3.4700000000000001954 0 0
3.4799999999999999822 0 0
3.4900000000000002132 0 0
3.5 0 0
3.5100000000000002309 0 0
3.5200000000000000178 0 0
3.5300000000000002487 0 0
3.5400000000000000355 0 0
3.5500000000000002665 0 0
3.5600000000000000533 0 0
3.5700000000000002842 0 0
3.5800000000000000711 0 0
3.5899999999999998579 0 0
3.6000000000000000888 0 0
3.6099999999999998757 0 0
3.6200000000000001066 0 0
3.6299999999999998934 0 0
3.6400000000000001243 0 0
3.6499999999999999112 0 0
3.6600000000000001421 0 0
3.6699999999999999289 0 0
3.6800000000000001599 0 0
3.6899999999999999467 0 0
3.7000000000000001776 0 0
3.7099999999999999645 0 0
3.7200000000000001954 0 0
3.7299999999999999822 0 0
3.7400000000000002132 0 0
3.75 0 0
3.7600000000000002309 0 0
3.7700000000000000178 0 0
3.7800000000000002487 0 0
3.7900000000000000355 0 0
3.8000000000000002665 0 0
3.8100000000000000533 0 0
3.8200000000000002842 0 0
3.8300000000000000711 0 0
3.8399999999999998579 0 0
3.8500000000000000888 0 0
3.8599999999999998757 0 0
3.8700000000000001066 0 0
3.8799999999999998934 0 0
3.8900000000000001243 0 0
3.8999999999999999112 0 0
3.9100000000000001421 0 0
3.9199999999999999289 0 0
3.9300000000000001599 0 0
3.9399999999999999467 0 0
3.9500000000000001776 0 0
3.9599999999999999645 0 0
3.9700000000000001954 0 0
3.9799999999999999822 0 0
3.9900000000000002132 0 0
4 0 0
4.0099999999999997868 0 0
4.0200000000000004619 0 0
4.0300000000000002487 0 0
4.0400000000000000355 0 0
4.0499999999999998224 0 0
4.0600000000000004974 0 0
4.0700000000000002842 0 0
4.0800000000000000711 0 0
4.0899999999999998579 0 0
4.0999999999999996447 0 0
4.1100000000000003197 0 0
4.1200000000000001066 0 0
4.1299999999999998934 0 0
4.1399999999999996803 0 0
4.1500000000000003553 0 0
4.1600000000000001421 0 0
4.1699999999999999289 0 0
4.1799999999999997158 0 0
4.1900000000000003908 0 0
4.2000000000000001776 0 0
4.2099999999999999645 0 0
4.2199999999999997513 0 0
4.2300000000000004263 0 0
4.2400000000000002132 0 0
4.25 0 0
4.2599999999999997868 0 0
4.2700000000000004619 0 0
4.2800000000000002487 0 0
4.2900000000000000355 0 0
4.2999999999999998224 0 0
4.3100000000000004974 0 0
4.3200000000000002842 0 0
4.3300000000000000711 0 0
4.3399999999999998579 0 0
4.3500000000000005329 0 0
4.3600000000000003197 0 0
4.3700000000000001066 0 0
4.3799999999999998934 0 0
4.3899999999999996803 0 0
4.4000000000000003553 0 0
4.4100000000000001421 0 0
4.4199999999999999289 0 0
4.4299999999999997158 0 0
4.4400000000000003908 0 0
4.4500000000000001776 0 0
4.4599999999999999645 0 0
4.4699999999999997513 0 0
4.4800000000000004263 0 0
4.4900000000000002132 0 0
4.5 0 0
4.5099999999999997868 0 0
4.5200000000000004619 0 0
4.5300000000000002487 0 0
4.5400000000000000355 0 0
4.5499999999999998224 0 0
4.5600000000000004974 0 0
4.5700000000000002842 0 0
4.5800000000000000711 0 0
4.5899999999999998579 0 0
4.6000000000000005329 0 0
4.6100000000000003197 0 0
4.6200000000000001066 0 0
4.6299999999999998934 0 0
4.6399999999999996803 0 0
4.6500000000000003553 0 0
4.6600000000000001421 0 0
4.6699999999999999289 0 0
4.6799999999999997158 0 0
4.6900000000000003908 0 0
4.7000000000000001776 0 0
4.7099999999999999645 0 0
4.7199999999999997513 0 0
4.7300000000000004263 0 0
4.7400000000000002132 0 0
4.75 0 0
4.7599999999999997868 0 0
4.7700000000000004619 0 0
4.7800000000000002487 0 0
4.7900000000000000355 0 0
4.7999999999999998224 0 0
4.8100000000000004974 0 0
4.8200000000000002842 0 0
4.8300000000000000711 0 0
4.8399999999999998579 0 0
4.8500000000000005329 0 0
4.8600000000000003197 0 0
4.8700000000000001066 0 0
4.8799999999999998934 0 0
4.8899999999999996803 0 0
4.9000000000000003553 0 0
4.9100000000000001421 0 0
4.9199999999999999289 0 0
4.9299999999999997158 0 0
4.9400000000000003908 0 0
4.9500000000000001776 0 0
4.9599999999999999645 0 0
4.9699999999999997513 0 0
4.9800000000000004263 0 0
4.9900000000000002132 0 0
5 0 0
5.0099999999999997868 0 0
5.0200000000000004619 0 0
5.0300000000000002487 0 0
5.0400000000000000355 0 0
5.0499999999999998224 0 0
5.0600000000000004974 0 0
5.0700000000000002842 0 0
5.0800000000000000711 0 0
5.0899999999999998579 0 0
5.1000000000000005329 0 0
5.1100000000000003197 0 0
5.1200000000000001066 0 0
5.1299999999999998934 0 0
5.1399999999999996803 0 0
5.1500000000000003553 0 0
5.1600000000000001421 0 0
5.1699999999999999289 0 0
5.1799999999999997158 0 0
5.1900000000000003908 0 0
5.2000000000000001776 0 0
5.2099999999999999645 0 0
5.2199999999999997513 0 0
5.2300000000000004263 0 0
5.2400000000000002132 0 0
5.25 0 0
5.2599999999999997868 0 0
5.2700000000000004619 0 0
5.2800000000000002487 0 0
5.2900000000000000355 0 0
5.2999999999999998224 0 0
5.3100000000000004974 0 0
5.3200000000000002842 0 0
5.3300000000000000711 0 0
5.3399999999999998579 0 0
5.3500000000000005329 0 0
5.3600000000000003197 0 0
5.3700000000000001066 0 0
5.3799999999999998934 0 0
5.3899999999999996803 0 0
5.4000000000000003553 0 0
5.4100000000000001421 0 0
5.4199999999999999289 0 0
5.4299999999999997158 0 0
5.4400000000000003908 0 0
5.4500000000000001776 0 0
5.4599999999999999645 0 0
5.4699999999999997513 0 0
5.4800000000000004263 0 0
5.4900000000000002132 0 0
5.5 0 0
5.5099999999999997868 0 0
5.5200000000000004619 0 0
5.5300000000000002487 0 0
5.5400000000000000355 0 0
5.5499999999999998224 0 0
5.5600000000000004974 0 0
5.5700000000000002842 0 0
5.5800000000000000711 0 0
5.5899999999999998579 0 0
5.6000000000000005329 0 0
5.6100000000000003197 0 0
5.6200000000000001066 0 0
5.6299999999999998934 0 0
5.6399999999999996803 0 0
5.6500000000000003553 0 0
5.6600000000000001421 0 0
5.6699999999999999289 0 0
5.6799999999999997158 0 0
5.6900000000000003908 0 0
5.7000000000000001776 0 0
5.7099999999999999645 0 0
5.7199999999999997513 0 0
5.7300000000000004263 0 0
5.7400000000000002132 0 0
5.75 0 0
5.7599999999999997868 0 0
5.7700000000000004619 0 0
5.7800000000000002487 0 0
5.7900000000000000355 0 0
5.7999999999999998224 0 0
5.8100000000000004974 0 0
5.8200000000000002842 0 0
5.8300000000000000711 0 0
5.8399999999999998579 0 0
5.8500000000000005329 0 0
5.8600000000000003197 0 0
5.8700000000000001066 0 0
5.8799999999999998934 0 0
5.8899999999999996803 0 0
5.9000000000000003553 0 0
5.9100000000000001421 0 0
5.9199999999999999289 0 0
5.9299999999999997158 0 0
5.9400000000000003908 0 0
5.9500000000000001776 0 0
5.9599999999999999645 0 0
5.9699999999999997513 0 0
5.9800000000000004263 0 0
5.9900000000000002132 0 0
6 0 0
6.0099999999999997868 0 0
6.0200000000000004619 0 0
6.0300000000000002487 0 0
6.0400000000000000355 0 0
6.0499999999999998224 0 0
6.0600000000000004974 0 0
6.0700000000000002842 0 0
6.0800000000000000711 0 0
6.0899999999999998579 0 0
6.1000000000000005329 0 0
6.1100000000000003197 0 0
6.1200000000000001066 0 0
6.1299999999999998934 0 0
6.1400000000000005684 0 0
6.1500000000000003553 0 0
6.1600000000000001421 0 0
6.1699999999999999289 0 0
6.1799999999999997158 0 0
6.1900000000000003908 0 0
6.2000000000000001776 0 0
6.2099999999999999645 0 0
6.2199999999999997513 0 0
6.2300000000000004263 0 0
6.2400000000000002132 0 0
6.25 0 0
6.2599999999999997868 0 0
6.2700000000000004619 0 0
6.2800000000000002487 0 0
6.2900000000000000355 0 0
6.2999999999999998224 0 0
6.3100000000000004974 0 0
6.3200000000000002842 0 0
6.3300000000000000711 0 0
6.3399999999999998579 0 0
6.3500000000000005329 0 0
6.3600000000000003197 0 0
6.3700000000000001066 0 0
6.3799999999999998934 0 0
6.3900000000000005684 0 0
6.4000000000000003553 0 0
6.4100000000000001421 0 0
6.4199999999999999289 0 0
6.4299999999999997158 0 0
6.4400000000000003908 0 0
6.4500000000000001776 0 0
6.4599999999999999645 0 0
6.4699999999999997513 0 0
6.4800000000000004263 0 0
6.4900000000000002132 0 0
6.5 0 0
6.5099999999999997868 0 0
6.5200000000000004619 0 0
6.5300000000000002487 0 0
6.5400000000000000355 0 0
6.5499999999999998224 0 0
6.5600000000000004974 0 0
6.5700000000000002842 0 0
6.5800000000000000711 0 0
6.5899999999999998579 0 0
6.6000000000000005329 0 0
6.6100000000000003197 0 0
6.6200000000000001066 0 0
6.6299999999999998934 0 0
6.6400000000000005684 0 0
6.6500000000000003553 0 0
6.6600000000000001421 0 0
6.6699999999999999289 0 0
6.6799999999999997158 0 0
6.6900000000000003908 0 0
6.7000000000000001776 0 0
6.7099999999999999645 0 0
6.7199999999999997513 0 0
6.7300000000000004263 0 0
6.7400000000000002132 0 0
6.75 0 0
6.7599999999999997868 0 0
6.7700000000000004619 0 0
6.7800000000000002487 0 0
6.7900000000000000355 0 0
6.7999999999999998224 0 0
6.8100000000000004974 0 0
6.8200000000000002842 0 0
6.8300000000000000711 0 0
6.8399999999999998579 0 0
6.8500000000000005329 0 0
6.8600000000000003197 0 0
6.8700000000000001066 0 0
6.8799999999999998934 0 0
6.8900000000000005684 0 0
6.9000000000000003553 0 0
6.9100000000000001421 0 0
6.9199999999999999289 0 0
6.9299999999999997158 0 0
6.9400000000000003908 0 0
6.9500000000000001776 0 0
6.9599999999999999645 0 0
6.9699999999999997513 0 0
6.9800000000000004263 0 0
6.9900000000000002132 0 0
7 0 0
7.0099999999999997868 0 0
7.0200000000000004619 0 0
7.0300000000000002487 0 0
7.0400000000000000355 0 0
7.0499999999999998224 0 0
7.0600000000000004974 0 0
7.0700000000000002842 0 0
7.0800000000000000711 0 0
7.0899999999999998579 0 0
7.1000000000000005329 0 0
7.1100000000000003197 0 0
7.1200000000000001066 0 0
7.1299999999999998934 0 0
7.1400000000000005684 0 0
7.1500000000000003553 0 0
7.1600000000000001421 0 0
7.1699999999999999289 0 0
7.1799999999999997158 0 0
7.1900000000000003908 0 0
7.2000000000000001776 0 0
7.2099999999999999645 0 0
7.2199999999999997513 0 0
7.2300000000000004263 0 0
7.2400000000000002132 0 0
7.25 0 0
7.2599999999999997868 0 0
7.2700000000000004619 0 0
7.2800000000000002487 0 0
7.2900000000000000355 0 0
7.2999999999999998224 0 0
7.3100000000000004974 0 0
7.3200000000000002842 0 0
7.3300000000000000711 0 0
7.3399999999999998579 0 0
7.3500000000000005329 0 0
7.3600000000000003197 0 0
7.3700000000000001066 0 0
7.3799999999999998934 0 0
7.3900000000000005684 0 0
7.4000000000000003553 0 0
7.4100000000000001421 0 0
7.4199999999999999289 0 0
7.4299999999999997158 0 0
7.4400000000000003908 0 0
7.4500000000000001776 0 0
7.4599999999999999645 0 0
7.4699999999999997513 0 0
7.4800000000000004263 0 0
7.4900000000000002132 0 0
7.5 0 0
7.5099999999999997868 0 0
7.5200000000000004619 0 0
7.5300000000000002487 0 0
7.5400000000000000355 0 0
7.5499999999999998224 0 0
7.5600000000000004974 0 0
7.5700000000000002842 0 0
7.5800000000000000711 0 0
7.5899999999999998579 0 0
7.6000000000000005329 0 0
7.6100000000000003197 0 0
7.6200000000000001066 0 0
7.6299999999999998934 0 0
7.6400000000000005684 0 0
7.6500000000000003553 0 0
7.6600000000000001421 0 0
7.6699999999999999289 0 0
7.6799999999999997158 0 0
7.6900000000000003908 0 0
7.7000000000000001776 0 0
7.7099999999999999645 0 0
7.7199999999999997513 0 0
7.7300000000000004263 0 0
7.7400000000000002132 0 0
7.75 0 0
7.7599999999999997868 0 0
7.7700000000000004619 0 0
7.7800000000000002487 0 0
7.7900000000000000355 0 0
7.7999999999999998224 0 0
7.8100000000000004974 0 0
7.8200000000000002842 0 0
7.8300000000000000711 0 0
7.8399999999999998579 0 0
7.8500000000000005329 0 0
7.8600000000000003197 0 0
7.8700000000000001066 0 0
7.8799999999999998934 0 0
7.8900000000000005684 0 0
7.9000000000000003553 0 0
7.9100000000000001421 0 0
7.9199999999999999289 0 0
7.930000000000000604 0 0
7.9400000000000003908 0 0
7.9500000000000001776 0 0
7.9599999999999999645 0 0
7.9699999999999997513 0 0
7.9800000000000004263 0 0
7.9900000000000002132 0 0
8 0 0
8.0099999999999997868 0 0
8.0199999999999995737 0 0
8.0299999999999993605 0 0
8.0400000000000009237 0 0
8.0500000000000007105 0 0
8.0600000000000004974 0 0
8.0700000000000002842 0 0
8.0800000000000000711 0 0
8.0899999999999998579 0 0
8.0999999999999996447 0 0
8.1099999999999994316 0 0
8.1200000000000009948 0 0
8.1300000000000007816 0 0
8.1400000000000005684 0 0
8.1500000000000003553 0 0
8.1600000000000001421 0 0
8.1699999999999999289 0 0
8.1799999999999997158 0 0
8.1899999999999995026 0 0
8.1999999999999992895 0 0
8.2100000000000008527 0 0
8.2200000000000006395 0 0
8.2300000000000004263 0 0
8.2400000000000002132 0 0
8.25 0 0
8.2599999999999997868 0 0
8.2699999999999995737 0 0
8.2799999999999993605 0 0
8.2900000000000009237 0 0
8.3000000000000007105 0 0
8.3100000000000004974 0 0
8.3200000000000002842 0 0
8.3300000000000000711 0 0
8.3399999999999998579 0 0
8.3499999999999996447 0 0
8.3599999999999994316 0 0
8.3700000000000009948 0 0
8.3800000000000007816 0 0
8.3900000000000005684 0 0
8.4000000000000003553 0 0
8.4100000000000001421 0 0
8.4199999999999999289 0 0
8.4299999999999997158 0 0
8.4399999999999995026 0 0
8.4499999999999992895 0 0
8.4600000000000008527 0 0
8.4700000000000006395 0 0
8.4800000000000004263 0 0
8.4900000000000002132 0 0
8.5 0 0
8.5099999999999997868 0 0
8.5199999999999995737 0 0
8.5299999999999993605 0 0
8.5400000000000009237 0 0
8.5500000000000007105 0 0
8.5600000000000004974 0 0
8.5700000000000002842 0 0
8.5800000000000000711 0 0
8.5899999999999998579 0 0
8.5999999999999996447 0 0
8.6099999999999994316 0 0
8.6200000000000009948 0 0
8.6300000000000007816 0 0
8.6400000000000005684 0 0
8.6500000000000003553 0 0
8.6600000000000001421 0 0
8.6699999999999999289 0 0
8.6799999999999997158 0 0
8.6899999999999995026 0 0
8.7000000000000010658 0 0
8.7100000000000008527 0 0
8.7200000000000006395 0 0
8.7300000000000004263 0 0
8.7400000000000002132 0 0
8.75 0 0
8.7599999999999997868 0 0
8.7699999999999995737 0 0
8.7799999999999993605 0 0
8.7900000000000009237 0 0
8.8000000000000007105 0 0
8.8100000000000004974 0 0
8.8200000000000002842 0 0
8.8300000000000000711 0 0
8.8399999999999998579 0 0
8.8499999999999996447 0 0
8.8599999999999994316 0 0
8.8700000000000009948 0 0
8.8800000000000007816 0 0
8.8900000000000005684 0 0
8.9000000000000003553 0 0
8.9100000000000001421 0 0
8.9199999999999999289 0 0
8.9299999999999997158 0 0
8.9399999999999995026 0 0
8.9500000000000010658 0 0
8.9600000000000008527 0 0
8.9700000000000006395 0 0
8.9800000000000004263 0 0
8.9900000000000002132 0 0
9 0 0
9.0099999999999997868 0 0
9.0199999999999995737 0 0
9.0299999999999993605 0 0
9.0400000000000009237 0 0
9.0500000000000007105 0 0
9.0600000000000004974 0 0
9.0700000000000002842 0 0
9.0800000000000000711 0 0
9.0899999999999998579 0 0
9.0999999999999996447 0 0
9.1099999999999994316 0 0
9.1200000000000009948 0 0
9.1300000000000007816 0 0
9.1400000000000005684 0 0
9.1500000000000003553 0 0
9.1600000000000001421 0 0
9.1699999999999999289 0 0
9.1799999999999997158 0 0
9.1899999999999995026 0 0
9.2000000000000010658 0 0
9.2100000000000008527 0 0
9.2200000000000006395 0 0
9.2300000000000004263 0 0
9.2400000000000002132 0 0
9.25 0 0
9.2599999999999997868 0 0
9.2699999999999995737 0 0
9.2799999999999993605 0 0
9.2900000000000009237 0 0
9.3000000000000007105 0 0
9.3100000000000004974 0 0
9.3200000000000002842 0 0
9.3300000000000000711 0 0
9.3399999999999998579 0 0
9.3499999999999996447 0 0
9.3599999999999994316 0 0
9.3700000000000009948 0 0
9.3800000000000007816 0 0
9.3900000000000005684 0 0
9.4000000000000003553 0 0
9.4100000000000001421 0 0
9.4199999999999999289 0 0
9.4299999999999997158 0 0
9.4399999999999995026 0 0
9.4500000000000010658 0 0
9.4600000000000008527 0 0
9.4700000000000006395 0 0
9.4800000000000004263 0 0
9.4900000000000002132 0 0
9.5 0 0
9.5099999999999997868 0 0
9.5199999999999995737 0 0
9.5299999999999993605 0 0
9.5400000000000009237 0 0
9.5500000000000007105 0 0
9.5600000000000004974 0 0
9.5700000000000002842 0 0
9.5800000000000000711 0 0
9.5899999999999998579 0 0
9.5999999999999996447 0 0
9.6099999999999994316 0 0
9.6200000000000009948 0 0
9.6300000000000007816 0 0
9.6400000000000005684 0 0
9.6500000000000003553 0 0
9.6600000000000001421 0 0
9.6699999999999999289 0 0
9.6799999999999997158 0 0
9.6899999999999995026 0 0
9.7000000000000010658 0 0
9.7100000000000008527 0 0
9.7200000000000006395 0 0
9.7300000000000004263 0 0
9.7400000000000002132 0 0
9.75 0 0
9.7599999999999997868 0 0
9.7699999999999995737 0 0
9.7799999999999993605 0 0
9.7900000000000009237 0 0
9.8000000000000007105 0 0
9.8100000000000004974 0 0
9.8200000000000002842 0 0
9.8300000000000000711 0 0
9.8399999999999998579 0 0
9.8499999999999996447 0 0
9.8599999999999994316 0 0
9.8700000000000009948 0 0
9.8800000000000007816 0 0
9.8900000000000005684 0 0
9.9000000000000003553 0 0
9.9100000000000001421 0 0
9.9199999999999999289 0 0
9.9299999999999997158 0 0
9.9399999999999995026 0 0
9.9500000000000010658 0 0
9.9600000000000008527 0 0
9.9700000000000006395 0 0
9.9800000000000004263 0 0
9.9900000000000002132 0 0
10 0 0
10.009999999999999787 0 0
10.019999999999999574 0 0
10.029999999999999361 0 0
10.040000000000000924 0 0
10.050000000000000711 0 0
10.060000000000000497 0 0
10.070000000000000284 0 0
10.080000000000000071 0 0
10.089999999999999858 0 0
10.099999999999999645 0 0
10.109999999999999432 0 0
10.120000000000000995 0 0
10.130000000000000782 0 0
10.140000000000000568 0 0
10.150000000000000355 0 0
10.160000000000000142 0 0
10.169999999999999929 0 0
10.179999999999999716 0 0
10.189999999999999503 0 0
10.200000000000001066 0 0
10.210000000000000853 0 0
10.220000000000000639 0 0
10.230000000000000426 0 0
